k:
2solution:
1 2 3 10 11 14 15 16 21 29 35 38 39 41 42 44 46 51 53 55 60 62 63 71 72 74 83 87 90 97 104 105 106 113 115 116 128 130 132 136 141 143 144 148 151 152 156 158 159 161 164 165 166 172 182 190 196 

 solution cost:
0

 num nodes in solution: 
57

 time:
2004.835038k:
3solution:
1 2 3 10 11 14 15 16 21 23 29 35 39 41 42 51 56 60 62 63 71 72 83 87 90 94 96 97 99 104 106 113 115 116 136 141 143 144 145 148 152 156 158 159 161 164 165 166 172 177 178 182 184 188 189 190 191 

 solution cost:
0

 num nodes in solution: 
57

 time:
1698.98067