k:
2solution:
0 2 6 11 12 15 17 18 27 35 37 39 40 46 52 53 54 55 60 63 69 72 73 76 80 83 88 92 93 94 96 97 98 99 104 108 111 116 120 137 139 143 146 151 152 153 154 165 166 167 168 171 172 173 175 180 182 192 195 198 

 solution cost:
0

 num nodes in solution: 
60

 time:
1901.198345k:
3solution:
2 11 12 15 17 25 27 29 35 37 38 39 40 46 52 53 54 55 60 66 69 72 73 75 76 88 92 93 94 96 97 98 99 104 107 108 111 116 120 123 125 134 137 140 143 146 151 154 167 168 170 171 173 175 180 185 189 192 195 198 

 solution cost:
0

 num nodes in solution: 
60

 time:
2088.431248