k:
2solution:
1 2 6 8 13 14 18 19 20 21 23 27 28 30 32 33 42 44 46 47 48 50 55 59 60 63 65 66 67 69 73 77 80 82 83 86 90 92 93 96 98 

 solution cost:
0

 num nodes in solution: 
41

 time:
84.418868k:
3solution:
1 2 6 8 13 14 15 18 19 20 21 23 27 28 29 30 32 33 42 44 47 48 50 53 55 59 60 63 65 66 67 68 69 80 82 83 86 92 93 96 98 

 solution cost:
0

 num nodes in solution: 
41

 time:
81.365038k:
5solution:
1 2 6 8 13 14 18 19 21 23 27 28 30 32 33 38 42 44 46 47 48 50 55 59 63 65 66 67 69 71 73 76 77 80 82 83 86 90 93 96 98 

 solution cost:
0

 num nodes in solution: 
41

 time:
106.853118k:
7solution:
1 2 6 8 13 14 18 19 21 23 27 28 30 32 33 42 44 47 48 50 55 59 63 65 66 67 68 69 71 73 76 77 80 82 83 86 90 92 93 97 98 

 solution cost:
0

 num nodes in solution: 
41

 time:
62.161685k:
10solution:
1 2 6 8 13 14 15 19 20 21 23 27 28 29 30 32 33 38 42 44 46 47 48 50 53 55 59 61 63 65 66 67 69 76 80 82 83 86 93 96 98 

 solution cost:
0

 num nodes in solution: 
41

 time:
51.627319