k:
2solution:
1 2 4 11 12 14 19 20 22 24 28 29 30 31 32 35 38 39 42 44 48 51 56 58 60 61 63 64 66 67 76 77 81 84 86 88 91 92 96 98 

 solution cost:
0

 num nodes in solution: 
40

 time:
71.519842k:
3solution:
1 2 4 11 14 20 22 24 27 28 29 30 31 32 34 35 37 38 39 41 42 44 46 48 51 56 60 61 63 66 67 76 77 82 84 86 88 91 92 96 

 solution cost:
0

 num nodes in solution: 
40

 time:
76.717201k:
5solution:
1 2 4 11 14 20 22 24 28 29 30 31 35 37 38 39 42 44 48 51 53 56 58 60 61 64 66 67 76 78 81 82 84 85 86 88 91 92 96 98 

 solution cost:
0

 num nodes in solution: 
40

 time:
97.804973k:
7solution:
1 2 4 11 12 14 19 20 22 24 28 29 30 31 32 35 38 39 42 44 46 48 51 53 56 58 60 61 63 64 66 67 76 81 84 86 88 91 92 96 

 solution cost:
0

 num nodes in solution: 
40

 time:
59.906931k:
10solution:
1 2 4 11 12 14 19 20 24 28 29 30 31 35 38 39 42 44 46 48 51 56 58 60 61 64 66 67 76 77 78 81 84 85 86 88 91 92 95 96 

 solution cost:
0

 num nodes in solution: 
40

 time:
46.380196