k:
2solution:
4 5 15 19 20 21 29 31 39 40 42 43 44 45 49 50 54 55 59 63 71 72 76 77 80 83 95 97 103 104 105 106 111 116 119 127 132 134 136 141 158 159 160 163 166 173 174 180 185 187 190 194 195 199 

 solution cost:
0

 num nodes in solution: 
54

 time:
1968.070042k:
3solution:
5 8 12 15 19 20 21 25 28 29 31 38 39 42 43 44 45 49 50 54 55 58 63 66 71 72 74 76 82 83 91 97 100 103 104 105 106 115 119 127 132 136 141 158 159 160 166 173 174 180 185 187 195 197 

 solution cost:
0

 num nodes in solution: 
54

 time:
2115.579928