k:
2solution:
1 4 5 8 9 12 13 17 18 21 23 26 32 37 49 53 57 58 60 64 65 70 77 83 90 92 94 96 99 100 106 109 112 114 120 122 124 129 135 140 143 144 145 146 154 157 158 159 162 163 166 167 170 173 178 181 182 188 192 198 199 

 solution cost:
0

 num nodes in solution: 
61

 time:
2036.429779k:
3solution:
1 4 5 12 14 17 18 21 23 26 37 38 41 43 49 53 54 57 58 60 64 65 70 77 80 83 91 92 94 96 99 100 106 109 114 120 122 124 140 144 145 146 149 154 157 158 159 160 162 163 166 167 170 173 178 181 183 188 192 198 199 

 solution cost:
0

 num nodes in solution: 
61

 time:
1557.963587