250 6268
0 1 2 3 4 5 6 7 8 9 10 11 12 13 14 15 16 17 18 19 20 21 22 23 24 25 26 27 28 29 30 31 32 33 34 35 36 37 38 39 40 41 42 43 44 45 46 47 48 49 50 51 52 53 54 55 56 57 58 59 60 61 62 63 64 65 66 67 68 69 70 71 72 73 74 75 76 77 78 79 80 81 82 83 84 85 86 87 88 89 90 91 92 93 94 95 96 97 98 99 100 101 102 103 104 105 106 107 108 109 110 111 112 113 114 115 116 117 118 119 120 121 122 123 124 125 126 127 128 129 130 131 132 133 134 135 136 137 138 139 140 141 142 143 144 145 146 147 148 149 150 151 152 153 154 155 156 157 158 159 160 161 162 163 164 165 166 167 168 169 170 171 172 173 174 175 176 177 178 179 180 181 182 183 184 185 186 187 188 189 190 191 192 193 194 195 196 197 198 199 200 201 202 203 204 205 206 207 208 209 210 211 212 213 214 215 216 217 218 219 220 221 222 223 224 225 226 227 228 229 230 231 232 233 234 235 236 237 238 239 240 241 242 243 244 245 246 247 248 249
0 2
0 4
0 7
0 8
0 23
0 27
0 35
0 38
0 46
0 60
0 63
0 69
0 74
0 75
0 81
0 89
0 91
0 100
0 104
0 109
0 111
0 114
0 115
0 116
0 117
0 127
0 133
0 134
0 137
0 145
0 153
0 167
0 191
0 192
0 194
0 195
0 196
0 197
0 198
0 214
0 221
0 232
0 235
0 240
1 2
1 14
1 17
1 18
1 25
1 29
1 32
1 47
1 54
1 60
1 63
1 65
1 67
1 71
1 74
1 78
1 80
1 85
1 90
1 92
1 93
1 94
1 96
1 101
1 102
1 104
1 105
1 111
1 112
1 119
1 143
1 145
1 147
1 149
1 176
1 177
1 186
1 193
1 206
1 211
1 222
1 223
1 228
1 231
1 232
1 234
1 246
1 247
1 249
2 5
2 16
2 18
2 19
2 20
2 22
2 25
2 26
2 28
2 29
2 35
2 41
2 45
2 46
2 51
2 52
2 53
2 57
2 60
2 61
2 66
2 67
2 70
2 74
2 82
2 91
2 95
2 97
2 101
2 110
2 120
2 126
2 129
2 135
2 140
2 142
2 147
2 153
2 154
2 155
2 157
2 158
2 166
2 171
2 178
2 179
2 183
2 194
2 201
2 204
2 208
2 219
2 224
2 225
2 226
2 227
2 229
2 238
2 243
2 245
2 247
3 12
3 14
3 15
3 16
3 18
3 22
3 23
3 25
3 34
3 35
3 38
3 41
3 44
3 46
3 54
3 55
3 56
3 61
3 62
3 72
3 73
3 82
3 83
3 84
3 87
3 92
3 98
3 103
3 107
3 111
3 113
3 121
3 133
3 134
3 147
3 150
3 156
3 162
3 168
3 170
3 174
3 180
3 181
3 184
3 190
3 201
3 204
3 206
3 212
3 215
3 226
3 233
3 235
3 237
3 240
3 242
3 246
3 248
3 249
4 5
4 10
4 15
4 16
4 21
4 29
4 35
4 37
4 41
4 42
4 45
4 51
4 60
4 62
4 68
4 77
4 80
4 99
4 102
4 110
4 115
4 117
4 119
4 125
4 128
4 130
4 131
4 139
4 144
4 146
4 149
4 153
4 159
4 163
4 173
4 181
4 183
4 187
4 196
4 203
4 208
4 209
4 230
4 236
4 237
5 21
5 28
5 38
5 41
5 46
5 49
5 69
5 73
5 84
5 92
5 94
5 96
5 97
5 98
5 100
5 101
5 106
5 107
5 109
5 114
5 117
5 119
5 128
5 130
5 135
5 144
5 148
5 171
5 172
5 182
5 197
5 199
5 205
5 206
5 208
5 210
5 211
5 231
5 232
5 236
5 237
5 245
5 246
6 7
6 13
6 21
6 23
6 25
6 27
6 33
6 36
6 39
6 40
6 48
6 59
6 74
6 78
6 79
6 83
6 87
6 89
6 90
6 108
6 109
6 110
6 111
6 116
6 117
6 118
6 121
6 127
6 128
6 131
6 132
6 141
6 142
6 154
6 155
6 159
6 163
6 164
6 175
6 176
6 179
6 186
6 194
6 200
6 208
6 223
6 230
6 231
6 247
7 31
7 33
7 37
7 38
7 39
7 41
7 45
7 47
7 49
7 54
7 57
7 58
7 61
7 74
7 76
7 83
7 93
7 98
7 99
7 105
7 114
7 117
7 121
7 123
7 124
7 127
7 137
7 139
7 146
7 149
7 150
7 154
7 157
7 161
7 165
7 174
7 182
7 185
7 192
7 193
7 205
7 206
7 211
7 215
7 219
7 222
7 226
7 227
7 239
7 243
7 246
8 10
8 17
8 21
8 24
8 25
8 27
8 29
8 31
8 40
8 44
8 59
8 61
8 64
8 66
8 69
8 86
8 95
8 104
8 105
8 115
8 133
8 142
8 152
8 153
8 161
8 166
8 168
8 183
8 186
8 190
8 193
8 196
8 197
8 200
8 202
8 204
8 212
8 214
8 225
8 226
8 236
8 245
9 11
9 15
9 20
9 26
9 29
9 31
9 38
9 39
9 42
9 51
9 55
9 67
9 68
9 69
9 73
9 76
9 84
9 85
9 86
9 87
9 92
9 95
9 96
9 99
9 100
9 101
9 103
9 107
9 109
9 114
9 118
9 126
9 131
9 136
9 139
9 144
9 145
9 147
9 149
9 152
9 155
9 160
9 165
9 167
9 170
9 172
9 177
9 182
9 209
9 211
9 214
9 215
9 221
9 222
9 228
9 234
9 247
10 14
10 18
10 19
10 22
10 23
10 26
10 46
10 50
10 54
10 57
10 59
10 60
10 64
10 67
10 70
10 72
10 74
10 76
10 82
10 86
10 91
10 98
10 100
10 102
10 108
10 111
10 113
10 114
10 124
10 126
10 130
10 134
10 140
10 143
10 148
10 149
10 152
10 155
10 157
10 171
10 173
10 188
10 201
10 204
10 214
10 218
10 222
10 233
10 245
11 15
11 22
11 26
11 29
11 31
11 41
11 44
11 46
11 48
11 49
11 53
11 56
11 57
11 58
11 63
11 66
11 81
11 90
11 91
11 104
11 107
11 108
11 117
11 129
11 131
11 132
11 134
11 144
11 145
11 158
11 159
11 179
11 180
11 183
11 195
11 196
11 197
11 198
11 211
11 219
11 221
11 240
12 17
12 25
12 29
12 37
12 39
12 45
12 46
12 48
12 53
12 57
12 61
12 64
12 82
12 86
12 93
12 97
12 101
12 103
12 107
12 113
12 114
12 117
12 119
12 120
12 122
12 124
12 133
12 134
12 136
12 138
12 140
12 142
12 145
12 150
12 153
12 156
12 159
12 169
12 173
12 180
12 188
12 190
12 192
12 196
12 197
12 199
12 203
12 206
12 209
12 212
12 216
12 217
12 220
12 223
12 237
12 244
12 245
12 247
13 19
13 20
13 24
13 35
13 36
13 47
13 48
13 57
13 58
13 62
13 65
13 66
13 69
13 70
13 71
13 78
13 83
13 88
13 95
13 103
13 110
13 116
13 122
13 138
13 144
13 154
13 155
13 159
13 181
13 189
13 193
13 196
13 201
13 202
13 210
13 211
13 221
13 222
13 223
13 225
13 230
13 234
13 235
13 242
13 247
14 16
14 24
14 25
14 30
14 35
14 36
14 43
14 52
14 54
14 59
14 60
14 62
14 70
14 77
14 84
14 86
14 87
14 113
14 114
14 123
14 126
14 146
14 147
14 149
14 151
14 157
14 158
14 178
14 186
14 193
14 197
14 199
14 201
14 207
14 208
14 209
14 215
14 216
14 217
14 230
14 233
14 235
15 25
15 30
15 31
15 34
15 36
15 38
15 55
15 68
15 69
15 73
15 79
15 80
15 82
15 84
15 94
15 103
15 115
15 116
15 121
15 122
15 134
15 138
15 139
15 142
15 144
15 150
15 152
15 153
15 155
15 158
15 171
15 181
15 182
15 187
15 188
15 190
15 215
15 223
15 240
15 249
16 17
16 28
16 29
16 30
16 35
16 42
16 43
16 51
16 55
16 72
16 73
16 75
16 82
16 84
16 87
16 89
16 91
16 93
16 99
16 100
16 101
16 103
16 108
16 109
16 115
16 116
16 117
16 122
16 125
16 126
16 132
16 143
16 158
16 160
16 162
16 163
16 170
16 174
16 175
16 180
16 188
16 190
16 205
16 206
16 211
16 214
16 218
16 219
16 227
16 228
16 232
16 233
16 234
16 235
16 239
16 241
16 245
16 246
17 19
17 22
17 24
17 33
17 36
17 47
17 54
17 60
17 69
17 71
17 80
17 82
17 86
17 93
17 97
17 102
17 103
17 105
17 106
17 107
17 113
17 117
17 127
17 130
17 135
17 136
17 140
17 148
17 152
17 156
17 157
17 172
17 178
17 179
17 187
17 189
17 200
17 201
17 206
17 209
17 210
17 228
17 232
17 237
17 241
17 242
17 243
17 248
18 21
18 23
18 40
18 44
18 50
18 53
18 54
18 55
18 63
18 67
18 76
18 89
18 90
18 94
18 98
18 104
18 106
18 116
18 117
18 125
18 127
18 133
18 136
18 139
18 142
18 146
18 149
18 150
18 152
18 154
18 164
18 175
18 180
18 190
18 194
18 195
18 201
18 205
18 209
18 222
18 226
18 229
18 244
18 249
19 24
19 25
19 26
19 36
19 37
19 43
19 48
19 55
19 59
19 63
19 65
19 71
19 74
19 81
19 82
19 89
19 101
19 109
19 110
19 111
19 112
19 119
19 125
19 127
19 128
19 136
19 142
19 152
19 157
19 159
19 161
19 162
19 164
19 169
19 174
19 183
19 187
19 195
19 197
19 199
19 203
19 206
19 215
19 218
19 228
19 234
19 244
20 25
20 33
20 35
20 36
20 40
20 43
20 44
20 45
20 54
20 55
20 60
20 69
20 70
20 72
20 73
20 76
20 81
20 93
20 94
20 105
20 114
20 115
20 118
20 119
20 123
20 126
20 127
20 133
20 159
20 160
20 166
20 176
20 178
20 186
20 189
20 197
20 198
20 201
20 205
20 214
20 222
20 225
20 230
20 234
20 239
20 248
21 28
21 30
21 34
21 47
21 49
21 50
21 54
21 55
21 57
21 61
21 68
21 78
21 79
21 87
21 92
21 95
21 98
21 102
21 108
21 115
21 117
21 119
21 127
21 134
21 139
21 159
21 161
21 168
21 173
21 186
21 188
21 206
21 219
21 229
21 230
21 236
21 247
21 248
22 27
22 33
22 41
22 49
22 66
22 72
22 75
22 81
22 84
22 85
22 99
22 103
22 107
22 108
22 119
22 123
22 126
22 130
22 133
22 142
22 153
22 156
22 162
22 166
22 167
22 181
22 183
22 185
22 201
22 206
22 212
22 224
22 227
22 229
22 234
22 237
22 242
23 24
23 27
23 29
23 34
23 37
23 45
23 51
23 59
23 63
23 64
23 72
23 73
23 76
23 78
23 87
23 101
23 103
23 104
23 112
23 118
23 123
23 126
23 138
23 148
23 164
23 166
23 173
23 175
23 179
23 183
23 190
23 200
23 207
23 208
23 211
23 213
23 223
23 227
23 228
23 230
23 233
23 243
23 244
23 245
23 249
24 26
24 27
24 30
24 31
24 37
24 39
24 45
24 56
24 62
24 63
24 66
24 70
24 90
24 93
24 94
24 101
24 105
24 112
24 120
24 122
24 123
24 132
24 136
24 146
24 152
24 155
24 157
24 161
24 177
24 186
24 196
24 197
24 198
24 202
24 203
24 205
24 209
24 213
24 219
24 220
24 221
24 223
24 230
24 234
24 242
24 243
25 28
25 42
25 43
25 46
25 48
25 59
25 60
25 63
25 66
25 67
25 70
25 71
25 73
25 76
25 86
25 87
25 89
25 92
25 97
25 103
25 109
25 115
25 124
25 125
25 136
25 137
25 138
25 169
25 175
25 190
25 191
25 195
25 199
25 203
25 206
25 213
25 215
25 219
25 233
25 234
25 238
25 241
25 247
25 249
26 27
26 28
26 30
26 32
26 33
26 35
26 36
26 44
26 47
26 64
26 71
26 75
26 77
26 81
26 82
26 84
26 93
26 99
26 113
26 117
26 122
26 125
26 130
26 139
26 144
26 149
26 162
26 164
26 166
26 168
26 170
26 172
26 176
26 177
26 179
26 182
26 188
26 200
26 203
26 209
26 218
26 223
26 224
26 225
26 226
26 229
26 246
27 28
27 40
27 46
27 50
27 53
27 57
27 59
27 62
27 66
27 72
27 76
27 81
27 84
27 97
27 100
27 101
27 109
27 113
27 117
27 123
27 128
27 129
27 133
27 134
27 135
27 148
27 150
27 154
27 172
27 174
27 175
27 176
27 195
27 202
27 203
27 206
27 212
27 215
27 220
27 227
27 232
27 233
27 234
27 246
28 30
28 32
28 34
28 48
28 55
28 66
28 74
28 75
28 77
28 78
28 94
28 97
28 100
28 102
28 110
28 112
28 114
28 116
28 117
28 118
28 120
28 132
28 137
28 139
28 140
28 150
28 157
28 162
28 168
28 176
28 177
28 181
28 185
28 190
28 193
28 195
28 196
28 205
28 206
28 207
28 211
28 217
28 218
28 224
28 244
28 245
28 246
29 34
29 37
29 38
29 41
29 45
29 48
29 52
29 53
29 56
29 57
29 59
29 65
29 79
29 80
29 81
29 92
29 98
29 100
29 105
29 108
29 114
29 123
29 126
29 134
29 135
29 147
29 161
29 163
29 167
29 177
29 178
29 188
29 191
29 215
29 216
29 229
29 238
29 240
29 244
29 249
30 41
30 42
30 45
30 84
30 107
30 108
30 123
30 125
30 135
30 140
30 144
30 156
30 163
30 169
30 170
30 179
30 183
30 190
30 205
30 211
30 217
30 218
30 223
30 225
30 226
30 235
30 239
30 240
30 248
30 249
31 34
31 35
31 40
31 44
31 45
31 46
31 54
31 55
31 57
31 65
31 79
31 80
31 81
31 90
31 98
31 99
31 101
31 105
31 115
31 131
31 132
31 136
31 139
31 144
31 151
31 157
31 162
31 175
31 179
31 185
31 187
31 188
31 202
31 205
31 209
31 216
31 226
31 228
31 230
31 232
31 234
31 243
31 246
31 247
31 248
31 249
32 35
32 41
32 51
32 59
32 61
32 62
32 73
32 80
32 84
32 86
32 87
32 88
32 91
32 93
32 96
32 102
32 105
32 108
32 117
32 119
32 122
32 130
32 144
32 152
32 153
32 154
32 156
32 162
32 172
32 175
32 178
32 185
32 195
32 207
32 208
32 213
32 215
32 217
32 229
32 233
32 239
32 242
32 246
32 247
33 39
33 40
33 44
33 52
33 53
33 54
33 55
33 59
33 63
33 64
33 69
33 73
33 79
33 85
33 86
33 87
33 89
33 101
33 119
33 130
33 135
33 137
33 143
33 144
33 150
33 161
33 164
33 166
33 169
33 181
33 182
33 190
33 197
33 199
33 200
33 202
33 208
33 219
33 228
33 230
33 234
33 235
33 241
33 243
34 35
34 40
34 50
34 52
34 59
34 60
34 61
34 62
34 64
34 66
34 72
34 74
34 75
34 79
34 86
34 87
34 89
34 91
34 95
34 96
34 100
34 105
34 106
34 127
34 129
34 135
34 137
34 139
34 140
34 149
34 155
34 156
34 168
34 171
34 180
34 189
34 201
34 203
34 207
34 217
34 225
34 227
34 228
34 230
34 231
34 236
34 237
34 239
34 241
34 243
34 244
34 248
35 39
35 40
35 44
35 45
35 46
35 51
35 69
35 73
35 86
35 101
35 102
35 105
35 107
35 115
35 120
35 131
35 136
35 137
35 141
35 144
35 145
35 164
35 168
35 186
35 188
35 200
35 216
35 219
35 220
35 224
35 228
35 234
35 237
35 239
35 243
36 45
36 46
36 47
36 53
36 54
36 57
36 59
36 64
36 67
36 70
36 92
36 96
36 103
36 109
36 119
36 120
36 123
36 125
36 128
36 144
36 145
36 151
36 157
36 160
36 162
36 173
36 177
36 179
36 187
36 196
36 206
36 209
36 210
36 217
36 220
36 226
36 231
36 233
36 238
36 239
36 240
36 243
36 245
36 248
37 40
37 50
37 53
37 56
37 58
37 66
37 70
37 74
37 80
37 93
37 94
37 96
37 99
37 117
37 122
37 126
37 128
37 133
37 137
37 140
37 153
37 155
37 162
37 177
37 189
37 191
37 199
37 201
37 214
37 220
37 227
37 232
37 235
37 240
37 245
37 248
38 44
38 52
38 55
38 56
38 57
38 59
38 60
38 66
38 70
38 74
38 77
38 78
38 81
38 90
38 91
38 105
38 108
38 123
38 129
38 135
38 141
38 143
38 148
38 149
38 154
38 158
38 159
38 160
38 165
38 166
38 167
38 172
38 175
38 181
38 187
38 188
38 192
38 198
38 202
38 211
38 218
38 219
38 221
38 225
38 232
38 245
39 43
39 44
39 48
39 51
39 57
39 58
39 61
39 68
39 70
39 73
39 82
39 84
39 85
39 89
39 96
39 100
39 102
39 106
39 108
39 111
39 122
39 129
39 131
39 143
39 148
39 153
39 173
39 180
39 189
39 192
39 204
39 210
39 222
39 227
39 229
39 235
39 245
39 247
40 41
40 45
40 49
40 51
40 52
40 53
40 56
40 63
40 64
40 65
40 66
40 69
40 82
40 85
40 90
40 93
40 96
40 102
40 103
40 105
40 111
40 112
40 120
40 129
40 131
40 137
40 140
40 147
40 148
40 151
40 152
40 158
40 165
40 172
40 182
40 183
40 190
40 192
40 205
40 218
40 222
40 227
40 233
40 235
40 236
40 239
40 240
40 242
40 248
41 47
41 51
41 52
41 55
41 60
41 62
41 69
41 70
41 79
41 83
41 87
41 97
41 108
41 109
41 110
41 122
41 129
41 131
41 133
41 138
41 141
41 147
41 150
41 162
41 179
41 182
41 189
41 191
41 192
41 193
41 197
41 202
41 204
41 208
41 211
41 216
41 217
41 221
41 227
41 229
41 239
41 240
41 244
41 246
41 249
42 47
42 61
42 66
42 68
42 74
42 78
42 85
42 102
42 103
42 109
42 114
42 128
42 129
42 131
42 134
42 137
42 139
42 142
42 145
42 150
42 158
42 162
42 165
42 168
42 173
42 177
42 179
42 183
42 186
42 195
42 196
42 197
42 201
42 210
42 213
42 214
42 216
42 218
42 219
42 221
42 224
42 229
42 233
42 237
42 239
42 242
42 244
43 47
43 48
43 53
43 54
43 55
43 58
43 77
43 79
43 84
43 90
43 95
43 102
43 103
43 110
43 117
43 118
43 122
43 126
43 136
43 138
43 149
43 153
43 159
43 162
43 169
43 189
43 190
43 202
43 211
43 215
43 225
43 229
43 230
43 232
43 235
43 242
43 243
43 244
43 247
44 45
44 55
44 60
44 64
44 72
44 75
44 77
44 80
44 84
44 87
44 90
44 91
44 93
44 95
44 101
44 109
44 111
44 122
44 125
44 129
44 137
44 147
44 151
44 165
44 173
44 175
44 178
44 179
44 183
44 194
44 202
44 207
44 215
44 221
44 225
44 232
44 240
44 244
44 248
45 48
45 59
45 60
45 63
45 67
45 74
45 79
45 88
45 89
45 94
45 103
45 106
45 112
45 113
45 115
45 119
45 124
45 131
45 138
45 150
45 158
45 160
45 161
45 179
45 180
45 185
45 195
45 199
45 200
45 203
45 208
45 211
45 217
45 219
45 223
45 226
45 230
45 232
45 238
45 245
45 246
46 48
46 50
46 55
46 56
46 59
46 60
46 64
46 71
46 82
46 86
46 87
46 88
46 90
46 101
46 111
46 116
46 117
46 122
46 124
46 130
46 132
46 150
46 155
46 164
46 173
46 177
46 186
46 189
46 203
46 205
46 211
46 218
46 247
47 51
47 65
47 68
47 80
47 83
47 97
47 98
47 112
47 115
47 120
47 121
47 123
47 127
47 131
47 133
47 134
47 135
47 136
47 138
47 148
47 153
47 154
47 165
47 172
47 173
47 181
47 184
47 196
47 201
47 211
47 214
47 215
47 216
47 228
47 230
47 235
47 241
47 249
48 49
48 57
48 60
48 64
48 65
48 70
48 77
48 82
48 91
48 92
48 102
48 106
48 112
48 119
48 128
48 129
48 137
48 139
48 143
48 145
48 153
48 154
48 159
48 169
48 174
48 175
48 176
48 180
48 183
48 184
48 185
48 186
48 189
48 194
48 196
48 198
48 218
48 220
48 223
48 225
48 229
48 232
48 247
48 248
48 249
49 53
49 58
49 64
49 70
49 73
49 74
49 77
49 78
49 84
49 90
49 98
49 100
49 101
49 103
49 107
49 108
49 112
49 114
49 120
49 124
49 126
49 127
49 129
49 134
49 135
49 139
49 141
49 142
49 147
49 153
49 165
49 172
49 173
49 177
49 179
49 208
49 212
49 214
49 216
49 217
49 219
49 221
49 227
49 229
49 239
49 240
49 245
49 249
50 54
50 62
50 63
50 69
50 74
50 77
50 99
50 100
50 101
50 114
50 115
50 118
50 120
50 122
50 126
50 128
50 134
50 137
50 146
50 153
50 155
50 157
50 165
50 169
50 180
50 181
50 184
50 190
50 192
50 198
50 199
50 202
50 213
50 221
50 227
50 231
50 236
50 238
50 240
50 241
50 244
50 245
50 247
51 57
51 75
51 78
51 79
51 84
51 87
51 102
51 114
51 115
51 118
51 119
51 120
51 132
51 133
51 139
51 140
51 142
51 143
51 146
51 149
51 168
51 174
51 177
51 178
51 182
51 188
51 196
51 207
51 210
51 214
51 221
51 229
51 232
51 246
51 248
52 55
52 62
52 75
52 78
52 92
52 93
52 96
52 110
52 116
52 120
52 122
52 126
52 129
52 132
52 135
52 142
52 154
52 160
52 164
52 179
52 180
52 181
52 184
52 191
52 202
52 203
52 219
52 220
52 227
52 229
52 234
52 240
52 244
52 246
52 248
53 62
53 64
53 68
53 71
53 73
53 75
53 79
53 85
53 87
53 91
53 92
53 95
53 97
53 100
53 103
53 105
53 116
53 119
53 125
53 128
53 131
53 136
53 140
53 146
53 147
53 149
53 152
53 153
53 155
53 156
53 165
53 181
53 182
53 183
53 190
53 191
53 201
53 202
53 204
53 207
53 214
53 223
53 237
53 244
53 245
53 246
53 249
54 56
54 57
54 60
54 69
54 77
54 80
54 87
54 88
54 92
54 97
54 99
54 100
54 101
54 103
54 106
54 116
54 118
54 119
54 121
54 123
54 126
54 130
54 136
54 138
54 139
54 142
54 144
54 146
54 158
54 159
54 160
54 166
54 169
54 176
54 177
54 178
54 181
54 184
54 194
54 200
54 213
54 215
54 220
54 222
54 225
54 240
54 241
54 244
55 59
55 63
55 65
55 67
55 69
55 80
55 81
55 87
55 90
55 98
55 104
55 108
55 109
55 113
55 117
55 123
55 125
55 132
55 135
55 136
55 140
55 146
55 147
55 148
55 149
55 150
55 155
55 161
55 167
55 176
55 180
55 183
55 189
55 190
55 192
55 199
55 200
55 201
55 205
55 206
55 212
55 218
55 225
55 227
55 234
55 235
55 244
55 248
56 61
56 67
56 72
56 75
56 77
56 78
56 96
56 98
56 102
56 111
56 113
56 119
56 123
56 124
56 125
56 129
56 130
56 132
56 134
56 137
56 141
56 142
56 172
56 185
56 190
56 191
56 198
56 203
56 214
56 220
56 224
56 229
56 230
56 237
56 238
56 248
57 62
57 64
57 70
57 78
57 81
57 84
57 86
57 94
57 101
57 115
57 116
57 118
57 125
57 126
57 133
57 134
57 135
57 145
57 148
57 150
57 154
57 159
57 161
57 163
57 167
57 184
57 188
57 196
57 205
57 209
57 211
57 215
57 219
57 221
57 224
57 225
57 233
57 242
57 246
57 249
58 73
58 78
58 86
58 93
58 94
58 99
58 100
58 103
58 107
58 108
58 111
58 113
58 129
58 138
58 153
58 157
58 165
58 166
58 168
58 172
58 184
58 185
58 187
58 194
58 195
58 199
58 210
58 211
58 212
58 219
58 221
58 230
58 233
58 234
58 235
58 247
58 249
59 64
59 68
59 72
59 74
59 75
59 86
59 92
59 93
59 96
59 101
59 109
59 110
59 114
59 121
59 126
59 127
59 133
59 151
59 157
59 159
59 167
59 177
59 180
59 182
59 183
59 186
59 197
59 201
59 206
59 209
59 212
59 216
59 220
59 222
59 223
59 227
59 232
59 235
59 236
59 245
60 63
60 72
60 80
60 83
60 88
60 92
60 96
60 97
60 106
60 108
60 110
60 113
60 119
60 128
60 129
60 149
60 151
60 156
60 160
60 162
60 164
60 166
60 172
60 175
60 177
60 178
60 179
60 180
60 185
60 187
60 189
60 196
60 198
60 204
60 206
60 209
60 211
60 213
60 220
60 221
60 230
60 236
60 239
60 240
60 241
60 242
60 248
61 63
61 67
61 69
61 71
61 74
61 75
61 82
61 84
61 102
61 109
61 111
61 125
61 130
61 133
61 143
61 144
61 146
61 149
61 150
61 152
61 153
61 154
61 155
61 156
61 161
61 166
61 167
61 169
61 176
61 182
61 184
61 185
61 197
61 203
61 214
61 220
61 224
61 229
61 233
61 241
61 249
62 68
62 71
62 73
62 79
62 80
62 81
62 82
62 93
62 98
62 106
62 114
62 116
62 117
62 119
62 128
62 132
62 137
62 141
62 142
62 151
62 155
62 159
62 161
62 163
62 180
62 188
62 203
62 205
62 208
62 210
62 214
62 216
62 223
62 226
62 227
62 235
62 237
62 238
62 242
62 245
62 247
62 248
63 75
63 77
63 80
63 81
63 86
63 88
63 90
63 109
63 111
63 115
63 119
63 121
63 123
63 125
63 127
63 139
63 142
63 145
63 147
63 151
63 152
63 154
63 160
63 164
63 167
63 169
63 175
63 177
63 178
63 180
63 183
63 185
63 186
63 189
63 195
63 197
63 202
63 206
63 213
63 217
63 220
63 222
63 223
63 225
63 226
63 231
63 245
64 65
64 75
64 81
64 84
64 85
64 86
64 92
64 93
64 95
64 98
64 102
64 103
64 106
64 110
64 121
64 126
64 131
64 136
64 139
64 143
64 150
64 151
64 158
64 159
64 168
64 173
64 177
64 181
64 189
64 191
64 192
64 193
64 205
64 209
64 218
64 225
64 229
64 234
64 242
64 243
64 247
65 67
65 73
65 75
65 78
65 82
65 94
65 95
65 97
65 104
65 115
65 117
65 122
65 131
65 132
65 136
65 139
65 141
65 142
65 166
65 169
65 180
65 181
65 184
65 185
65 187
65 190
65 198
65 201
65 202
65 203
65 213
65 222
65 225
65 226
65 231
65 235
65 236
65 242
65 245
66 67
66 69
66 79
66 81
66 87
66 96
66 106
66 115
66 121
66 124
66 128
66 131
66 132
66 151
66 157
66 159
66 162
66 163
66 172
66 176
66 179
66 182
66 183
66 186
66 201
66 206
66 215
66 216
66 223
66 224
66 227
66 238
66 249
67 70
67 75
67 80
67 83
67 86
67 88
67 95
67 97
67 99
67 111
67 112
67 115
67 123
67 124
67 127
67 153
67 156
67 157
67 162
67 163
67 169
67 171
67 174
67 180
67 181
67 182
67 183
67 201
67 210
67 211
67 212
67 216
67 217
67 218
67 222
68 81
68 85
68 89
68 91
68 98
68 99
68 100
68 101
68 115
68 121
68 123
68 133
68 141
68 149
68 152
68 155
68 170
68 175
68 176
68 179
68 180
68 184
68 187
68 192
68 193
68 201
68 205
68 209
68 210
68 214
68 219
68 220
68 228
68 229
68 245
69 79
69 80
69 82
69 92
69 97
69 125
69 131
69 134
69 138
69 141
69 145
69 150
69 152
69 154
69 156
69 158
69 160
69 163
69 169
69 173
69 176
69 187
69 196
69 197
69 209
69 225
69 228
69 237
69 238
69 246
70 76
70 88
70 91
70 94
70 96
70 99
70 102
70 110
70 120
70 122
70 126
70 139
70 144
70 168
70 172
70 174
70 179
70 181
70 186
70 192
70 194
70 198
70 212
70 214
70 215
70 221
70 225
70 228
70 231
70 235
70 244
71 73
71 75
71 81
71 98
71 101
71 109
71 113
71 119
71 120
71 129
71 131
71 133
71 140
71 146
71 152
71 156
71 163
71 168
71 172
71 174
71 175
71 181
71 196
71 197
71 200
71 205
71 208
71 217
71 220
71 222
71 223
71 236
71 237
71 241
71 242
71 244
71 247
72 73
72 78
72 83
72 87
72 91
72 96
72 99
72 104
72 106
72 111
72 124
72 137
72 140
72 143
72 152
72 156
72 157
72 162
72 166
72 170
72 171
72 172
72 183
72 188
72 197
72 198
72 204
72 210
72 213
72 222
72 228
72 234
72 246
72 247
73 77
73 78
73 79
73 91
73 93
73 99
73 100
73 101
73 104
73 106
73 107
73 108
73 111
73 123
73 157
73 166
73 170
73 177
73 183
73 187
73 200
73 203
73 205
73 231
73 232
73 235
73 237
73 238
73 246
74 75
74 76
74 80
74 82
74 90
74 96
74 111
74 117
74 127
74 140
74 144
74 147
74 154
74 158
74 172
74 176
74 179
74 191
74 193
74 206
74 207
74 210
74 216
74 223
74 229
75 76
75 79
75 83
75 85
75 93
75 95
75 102
75 109
75 110
75 113
75 114
75 121
75 129
75 133
75 136
75 137
75 140
75 145
75 150
75 173
75 179
75 181
75 182
75 198
75 207
75 211
75 212
75 219
75 220
75 223
75 225
75 231
75 249
76 77
76 79
76 92
76 93
76 103
76 113
76 121
76 127
76 133
76 134
76 138
76 139
76 156
76 164
76 168
76 169
76 170
76 172
76 175
76 176
76 180
76 184
76 188
76 193
76 195
76 201
76 207
76 218
76 221
76 223
76 229
76 239
76 244
76 246
76 247
77 82
77 93
77 94
77 97
77 104
77 106
77 107
77 113
77 129
77 133
77 146
77 153
77 155
77 160
77 161
77 164
77 179
77 181
77 186
77 201
77 203
77 205
77 219
77 232
77 240
77 245
78 86
78 87
78 89
78 96
78 100
78 103
78 109
78 110
78 121
78 142
78 146
78 157
78 159
78 161
78 162
78 170
78 175
78 179
78 182
78 186
78 188
78 192
78 195
78 201
78 202
78 205
78 209
78 219
78 220
78 223
78 227
78 236
78 240
79 81
79 82
79 88
79 90
79 95
79 96
79 100
79 105
79 110
79 116
79 118
79 123
79 125
79 127
79 130
79 136
79 138
79 139
79 140
79 143
79 148
79 168
79 172
79 175
79 176
79 179
79 184
79 185
79 192
79 218
79 220
79 222
79 230
79 236
79 241
79 242
80 84
80 87
80 90
80 94
80 97
80 99
80 103
80 111
80 113
80 115
80 116
80 119
80 121
80 123
80 125
80 131
80 134
80 135
80 136
80 139
80 141
80 142
80 143
80 153
80 154
80 158
80 163
80 173
80 175
80 176
80 187
80 188
80 198
80 199
80 201
80 209
80 225
80 227
80 230
80 240
80 242
81 92
81 94
81 101
81 117
81 125
81 127
81 128
81 134
81 135
81 143
81 146
81 155
81 159
81 163
81 179
81 183
81 185
81 194
81 216
81 219
81 223
81 232
81 234
81 236
81 237
81 241
82 84
82 88
82 92
82 94
82 95
82 98
82 99
82 109
82 112
82 118
82 127
82 135
82 136
82 137
82 139
82 141
82 142
82 145
82 148
82 153
82 156
82 158
82 163
82 166
82 175
82 178
82 180
82 189
82 193
82 196
82 197
82 201
82 205
82 206
82 207
82 210
82 213
82 217
82 220
82 232
82 235
82 236
82 242
82 247
83 85
83 91
83 104
83 107
83 114
83 115
83 119
83 121
83 124
83 127
83 128
83 131
83 133
83 134
83 169
83 173
83 175
83 176
83 180
83 183
83 184
83 187
83 197
83 198
83 209
83 212
83 214
83 220
83 221
83 228
83 229
83 234
83 239
83 244
83 249
84 85
84 86
84 87
84 96
84 97
84 105
84 108
84 111
84 123
84 128
84 137
84 138
84 140
84 158
84 164
84 166
84 169
84 170
84 173
84 174
84 175
84 176
84 192
84 204
84 209
84 215
84 216
84 218
84 219
84 221
84 222
84 225
84 227
84 231
84 234
84 236
84 237
84 239
85 89
85 90
85 99
85 106
85 107
85 111
85 115
85 116
85 117
85 122
85 124
85 130
85 132
85 137
85 143
85 152
85 155
85 159
85 166
85 167
85 170
85 174
85 177
85 179
85 180
85 184
85 192
85 194
85 195
85 197
85 201
85 207
85 208
85 217
85 220
85 231
85 233
85 235
85 236
85 238
85 240
85 243
85 244
86 100
86 101
86 107
86 116
86 118
86 119
86 120
86 122
86 136
86 137
86 146
86 148
86 160
86 193
86 201
86 213
86 219
86 221
86 225
86 226
86 236
86 238
86 241
86 245
86 246
87 90
87 93
87 95
87 98
87 104
87 124
87 128
87 132
87 133
87 136
87 139
87 140
87 141
87 144
87 145
87 148
87 153
87 158
87 167
87 169
87 181
87 190
87 192
87 194
87 198
87 199
87 202
87 204
87 206
87 213
87 214
87 216
87 221
87 223
87 226
87 232
87 239
87 242
87 245
88 90
88 92
88 97
88 99
88 107
88 117
88 118
88 134
88 141
88 161
88 162
88 174
88 176
88 180
88 187
88 202
88 203
88 204
88 209
88 211
88 221
88 230
88 231
88 236
88 239
88 241
88 246
88 247
89 97
89 104
89 113
89 125
89 126
89 130
89 140
89 143
89 148
89 151
89 154
89 156
89 158
89 159
89 161
89 163
89 165
89 169
89 170
89 172
89 174
89 177
89 179
89 184
89 194
89 195
89 197
89 198
89 216
89 219
89 227
89 235
89 240
89 245
89 249
90 91
90 93
90 102
90 106
90 107
90 108
90 114
90 119
90 131
90 135
90 141
90 142
90 145
90 168
90 170
90 173
90 176
90 178
90 180
90 198
90 206
90 210
90 216
90 217
90 223
90 229
90 231
90 233
90 244
91 93
91 94
91 99
91 104
91 113
91 115
91 125
91 130
91 133
91 139
91 145
91 152
91 156
91 157
91 164
91 170
91 172
91 176
91 178
91 181
91 182
91 185
91 190
91 196
91 198
91 212
91 214
91 233
91 239
91 244
91 247
92 93
92 105
92 109
92 113
92 116
92 118
92 120
92 127
92 129
92 131
92 134
92 135
92 136
92 140
92 141
92 151
92 152
92 153
92 156
92 163
92 164
92 168
92 174
92 177
92 181
92 184
92 187
92 189
92 195
92 208
92 210
92 218
92 221
92 224
92 229
92 230
92 231
92 235
93 98
93 102
93 106
93 116
93 119
93 121
93 131
93 141
93 145
93 157
93 159
93 163
93 171
93 175
93 176
93 178
93 180
93 182
93 184
93 189
93 194
93 197
93 205
93 207
93 213
93 216
93 229
93 233
93 235
93 236
94 98
94 99
94 103
94 106
94 107
94 111
94 112
94 114
94 116
94 118
94 126
94 138
94 146
94 148
94 158
94 166
94 179
94 183
94 187
94 193
94 197
94 200
94 201
94 211
94 214
94 223
94 224
94 227
94 229
94 234
94 244
94 245
95 110
95 111
95 115
95 118
95 127
95 128
95 139
95 147
95 151
95 172
95 182
95 185
95 186
95 190
95 194
95 195
95 201
95 205
95 213
95 217
95 220
95 227
95 230
95 231
95 234
95 249
96 97
96 101
96 103
96 104
96 110
96 113
96 126
96 131
96 153
96 158
96 161
96 165
96 166
96 178
96 185
96 186
96 190
96 194
96 203
96 206
96 222
96 225
96 231
96 246
96 248
97 101
97 105
97 106
97 108
97 109
97 114
97 124
97 131
97 139
97 143
97 152
97 153
97 156
97 158
97 166
97 168
97 171
97 172
97 175
97 194
97 207
97 215
97 219
97 232
97 234
97 236
97 239
97 240
97 247
98 120
98 134
98 137
98 148
98 153
98 155
98 159
98 160
98 177
98 178
98 179
98 181
98 193
98 195
98 203
98 205
98 215
98 217
98 221
98 223
98 232
98 243
98 247
99 102
99 119
99 121
99 123
99 125
99 130
99 134
99 140
99 143
99 145
99 147
99 152
99 154
99 160
99 163
99 168
99 174
99 185
99 194
99 198
99 201
99 220
99 223
99 226
99 230
99 233
99 248
100 102
100 119
100 128
100 131
100 149
100 151
100 158
100 165
100 166
100 176
100 182
100 185
100 191
100 195
100 200
100 202
100 203
100 207
100 208
100 210
100 212
100 213
100 217
100 232
100 242
100 248
101 112
101 114
101 115
101 125
101 135
101 137
101 144
101 145
101 151
101 155
101 159
101 162
101 164
101 179
101 184
101 187
101 204
101 213
101 218
101 220
101 226
101 245
101 247
102 106
102 108
102 124
102 132
102 134
102 138
102 139
102 147
102 158
102 159
102 160
102 162
102 163
102 164
102 168
102 177
102 184
102 188
102 190
102 194
102 196
102 203
102 204
102 207
102 215
102 219
102 221
102 227
102 235
102 237
102 245
103 133
103 135
103 137
103 140
103 142
103 149
103 158
103 169
103 173
103 176
103 183
103 186
103 191
103 194
103 195
103 196
103 197
103 206
103 212
103 214
103 215
103 219
103 221
103 222
103 223
103 225
103 227
103 233
103 237
103 238
103 241
103 245
104 105
104 113
104 114
104 118
104 125
104 128
104 130
104 134
104 135
104 145
104 146
104 149
104 153
104 158
104 159
104 163
104 168
104 170
104 174
104 189
104 191
104 193
104 197
104 202
104 208
104 211
104 215
104 219
104 223
104 232
104 237
104 238
104 239
104 244
104 249
105 113
105 128
105 129
105 130
105 131
105 139
105 141
105 146
105 147
105 151
105 160
105 161
105 170
105 172
105 187
105 190
105 193
105 194
105 214
105 217
105 223
105 224
105 232
105 233
105 243
105 246
106 108
106 113
106 115
106 119
106 125
106 129
106 133
106 137
106 139
106 141
106 158
106 164
106 169
106 173
106 175
106 177
106 180
106 183
106 184
106 192
106 196
106 199
106 201
106 203
106 206
106 216
106 221
106 223
106 225
106 236
106 238
106 244
106 246
106 248
107 108
107 111
107 112
107 119
107 135
107 140
107 158
107 175
107 178
107 184
107 187
107 188
107 190
107 191
107 193
107 196
107 197
107 203
107 205
107 206
107 225
107 230
107 234
107 235
107 237
107 239
107 247
108 112
108 115
108 117
108 119
108 125
108 146
108 148
108 164
108 166
108 169
108 174
108 181
108 182
108 184
108 185
108 189
108 193
108 194
108 200
108 201
108 208
108 211
108 217
108 218
108 219
108 228
108 234
108 236
108 237
108 239
108 243
108 244
108 246
109 111
109 121
109 122
109 128
109 136
109 144
109 150
109 154
109 159
109 160
109 162
109 169
109 172
109 184
109 192
109 193
109 195
109 197
109 204
109 206
109 226
109 227
109 229
109 231
109 236
109 247
109 249
110 118
110 121
110 123
110 134
110 137
110 139
110 140
110 144
110 149
110 150
110 152
110 157
110 160
110 168
110 170
110 173
110 174
110 179
110 186
110 192
110 193
110 196
110 197
110 199
110 213
110 216
110 217
110 228
110 236
110 238
111 116
111 127
111 128
111 129
111 133
111 138
111 143
111 149
111 161
111 171
111 179
111 187
111 188
111 190
111 209
111 210
111 212
111 214
111 231
111 233
111 242
111 243
111 248
112 113
112 117
112 123
112 126
112 128
112 129
112 136
112 141
112 147
112 152
112 155
112 164
112 167
112 170
112 174
112 180
112 181
112 182
112 184
112 185
112 189
112 199
112 200
112 203
112 206
112 210
112 216
112 226
112 227
112 229
112 237
112 238
112 243
112 249
113 117
113 133
113 134
113 137
113 140
113 156
113 160
113 162
113 177
113 178
113 182
113 191
113 196
113 201
113 209
113 212
113 217
113 225
113 226
113 231
113 235
113 244
113 247
114 115
114 116
114 123
114 129
114 130
114 133
114 143
114 145
114 157
114 160
114 162
114 170
114 176
114 181
114 185
114 187
114 200
114 203
114 207
114 209
114 213
114 220
114 226
115 125
115 127
115 131
115 139
115 144
115 162
115 166
115 174
115 179
115 180
115 184
115 192
115 193
115 194
115 199
115 201
115 211
115 215
115 236
115 239
115 244
115 246
116 121
116 124
116 127
116 129
116 135
116 140
116 145
116 148
116 161
116 163
116 172
116 179
116 185
116 186
116 188
116 193
116 195
116 201
116 210
116 214
116 217
116 223
116 224
116 226
116 230
116 233
116 234
116 236
116 239
116 241
117 118
117 125
117 130
117 131
117 133
117 134
117 135
117 136
117 146
117 150
117 155
117 159
117 160
117 178
117 182
117 184
117 186
117 187
117 190
117 191
117 198
117 200
117 203
117 206
117 212
117 216
117 218
117 219
117 228
117 230
117 236
117 238
117 239
117 246
118 120
118 122
118 127
118 134
118 139
118 163
118 172
118 175
118 177
118 185
118 186
118 187
118 190
118 193
118 200
118 203
118 211
118 215
118 217
118 219
118 230
118 238
118 240
118 247
119 125
119 134
119 136
119 138
119 140
119 142
119 154
119 160
119 161
119 162
119 171
119 176
119 182
119 207
119 210
119 214
119 219
119 226
119 233
119 237
119 241
119 249
120 139
120 156
120 157
120 160
120 162
120 179
120 188
120 189
120 192
120 198
120 204
120 205
120 212
120 214
120 228
120 237
120 245
120 249
121 123
121 124
121 127
121 130
121 131
121 133
121 135
121 136
121 138
121 153
121 156
121 157
121 163
121 168
121 171
121 176
121 181
121 185
121 191
121 192
121 194
121 196
121 203
121 214
121 215
121 217
121 218
121 222
121 224
121 227
121 233
121 234
121 235
121 242
121 243
122 131
122 133
122 136
122 141
122 142
122 144
122 156
122 160
122 168
122 172
122 177
122 183
122 185
122 187
122 195
122 204
122 206
122 214
122 216
122 218
122 220
122 232
122 235
122 238
122 239
122 244
122 246
122 248
123 133
123 136
123 141
123 143
123 146
123 149
123 152
123 153
123 158
123 162
123 166
123 169
123 170
123 171
123 178
123 183
123 185
123 186
123 189
123 190
123 192
123 197
123 200
123 202
123 216
123 221
123 224
123 231
123 236
123 240
123 242
123 246
124 125
124 130
124 133
124 134
124 136
124 142
124 148
124 154
124 156
124 157
124 159
124 161
124 180
124 189
124 191
124 198
124 207
124 208
124 214
124 215
124 229
124 230
124 233
124 235
124 238
124 239
124 249
125 129
125 132
125 133
125 134
125 138
125 140
125 143
125 149
125 157
125 159
125 173
125 177
125 184
125 186
125 187
125 190
125 197
125 210
125 212
125 218
125 224
125 230
125 231
125 235
125 236
125 240
125 241
125 242
125 249
126 130
126 135
126 140
126 147
126 153
126 156
126 188
126 190
126 193
126 195
126 197
126 202
126 205
126 206
126 210
126 213
126 214
126 230
126 232
126 234
126 236
126 238
126 239
126 243
127 134
127 142
127 143
127 158
127 160
127 161
127 167
127 174
127 175
127 180
127 183
127 189
127 193
127 199
127 205
127 209
127 219
127 220
127 232
127 246
128 131
128 138
128 150
128 153
128 159
128 160
128 161
128 168
128 188
128 189
128 194
128 197
128 202
128 203
128 208
128 214
128 230
128 236
128 245
129 134
129 137
129 138
129 140
129 144
129 146
129 149
129 150
129 156
129 161
129 165
129 167
129 169
129 173
129 180
129 183
129 184
129 190
129 192
129 197
129 201
129 205
129 206
129 212
129 223
129 225
129 227
129 228
129 234
129 246
129 248
130 136
130 140
130 142
130 147
130 149
130 156
130 160
130 166
130 176
130 178
130 184
130 186
130 198
130 202
130 206
130 207
130 208
130 221
130 222
130 232
130 240
130 242
130 245
131 135
131 143
131 150
131 156
131 160
131 173
131 190
131 192
131 194
131 206
131 208
131 213
131 220
131 225
131 226
131 227
131 236
131 240
131 246
132 134
132 136
132 144
132 150
132 153
132 155
132 163
132 167
132 171
132 175
132 176
132 182
132 188
132 194
132 196
132 197
132 198
132 206
132 209
132 212
132 214
132 215
132 219
132 227
132 235
132 237
132 241
132 247
133 135
133 136
133 137
133 145
133 147
133 148
133 151
133 153
133 157
133 162
133 172
133 177
133 181
133 182
133 190
133 195
133 199
133 210
133 211
133 212
133 213
133 215
133 218
133 220
133 221
133 225
133 226
133 227
133 229
133 232
133 240
134 136
134 140
134 141
134 142
134 159
134 164
134 186
134 189
134 195
134 198
134 199
134 203
134 206
134 211
134 215
134 220
134 230
134 242
134 245
134 246
134 247
134 249
135 139
135 149
135 153
135 174
135 181
135 185
135 191
135 194
135 195
135 197
135 200
135 201
135 209
135 211
135 215
135 229
135 235
135 236
135 237
135 241
135 245
135 249
136 139
136 142
136 143
136 147
136 149
136 150
136 151
136 153
136 163
136 168
136 170
136 171
136 172
136 178
136 185
136 197
136 220
136 224
136 231
136 235
136 244
137 144
137 152
137 156
137 163
137 168
137 196
137 201
137 206
137 212
137 219
137 224
137 231
137 232
137 233
137 235
137 238
137 240
137 241
137 242
137 249
138 141
138 144
138 148
138 152
138 155
138 160
138 161
138 163
138 167
138 168
138 169
138 170
138 182
138 185
138 190
138 191
138 193
138 200
138 202
138 203
138 208
138 214
138 221
138 225
138 227
138 237
138 241
138 243
139 143
139 144
139 146
139 150
139 154
139 158
139 164
139 165
139 169
139 175
139 178
139 179
139 190
139 195
139 199
139 204
139 210
139 212
139 214
139 219
139 235
139 241
139 243
139 246
139 249
140 144
140 147
140 158
140 160
140 166
140 169
140 178
140 180
140 183
140 185
140 192
140 193
140 196
140 202
140 203
140 212
140 215
140 222
140 226
140 227
140 228
140 229
140 234
140 240
140 245
140 248
141 145
141 148
141 149
141 150
141 153
141 157
141 165
141 166
141 173
141 175
141 176
141 186
141 189
141 190
141 201
141 204
141 211
141 213
141 217
141 219
141 220
141 227
141 228
141 230
141 235
141 240
141 241
141 242
141 246
141 247
142 143
142 149
142 150
142 151
142 160
142 169
142 174
142 177
142 187
142 189
142 191
142 194
142 196
142 203
142 206
142 213
142 218
142 226
142 228
142 231
142 232
142 234
142 235
142 243
142 247
142 248
143 144
143 155
143 160
143 162
143 177
143 190
143 195
143 199
143 210
143 216
143 226
143 227
143 231
143 232
143 235
143 239
143 246
143 249
144 149
144 152
144 153
144 163
144 169
144 171
144 184
144 193
144 202
144 209
144 213
144 219
144 231
144 232
144 233
144 239
144 248
145 156
145 159
145 161
145 167
145 170
145 172
145 178
145 179
145 187
145 189
145 193
145 194
145 198
145 202
145 212
145 216
145 218
145 222
145 226
145 230
145 231
145 240
145 242
145 248
145 249
146 151
146 153
146 160
146 166
146 168
146 171
146 175
146 177
146 181
146 183
146 194
146 196
146 206
146 207
146 211
146 212
146 213
146 215
146 225
146 232
146 238
146 240
146 242
146 243
147 153
147 160
147 164
147 169
147 178
147 181
147 186
147 189
147 190
147 193
147 200
147 201
147 202
147 208
147 210
147 213
147 216
147 218
147 221
147 224
147 229
147 230
147 231
147 236
147 246
148 156
148 157
148 158
148 160
148 164
148 170
148 171
148 178
148 179
148 187
148 188
148 195
148 196
148 209
148 210
148 224
148 225
148 234
148 240
149 153
149 156
149 159
149 180
149 191
149 196
149 197
149 207
149 209
149 215
149 219
149 230
149 232
149 235
149 239
149 240
149 245
149 246
149 247
150 151
150 159
150 161
150 170
150 174
150 183
150 184
150 199
150 205
150 207
150 212
150 213
150 224
150 226
150 237
151 164
151 166
151 182
151 192
151 193
151 196
151 202
151 203
151 207
151 213
151 214
151 215
151 218
151 219
151 221
151 222
151 237
151 238
151 240
151 248
152 153
152 157
152 164
152 166
152 171
152 174
152 177
152 178
152 182
152 184
152 188
152 192
152 195
152 197
152 199
152 202
152 218
152 220
152 225
152 226
152 234
152 241
152 246
152 249
153 159
153 160
153 161
153 162
153 164
153 167
153 178
153 189
153 198
153 200
153 201
153 208
153 214
153 220
153 223
153 225
153 237
153 241
153 244
153 246
153 248
153 249
154 160
154 168
154 171
154 172
154 176
154 184
154 190
154 206
154 212
154 221
154 228
154 237
154 238
154 240
154 241
154 245
155 156
155 159
155 160
155 165
155 171
155 177
155 179
155 181
155 182
155 185
155 199
155 201
155 206
155 212
155 214
155 216
155 218
155 219
155 220
155 224
155 230
155 232
155 235
155 242
155 244
155 245
155 248
155 249
156 160
156 163
156 175
156 178
156 180
156 203
156 208
156 212
156 214
156 224
156 225
156 234
156 239
156 246
156 247
157 162
157 167
157 187
157 189
157 193
157 203
157 205
157 210
157 215
157 222
157 224
157 231
157 240
157 247
157 248
158 164
158 166
158 169
158 172
158 176
158 186
158 193
158 199
158 203
158 206
158 210
158 212
158 216
158 223
158 225
158 245
159 160
159 163
159 175
159 177
159 194
159 198
159 202
159 205
159 226
159 231
159 235
159 238
159 239
159 240
159 242
159 244
159 245
160 163
160 169
160 175
160 187
160 195
160 202
160 205
160 214
160 216
160 223
160 230
160 245
160 247
160 248
161 168
161 173
161 184
161 187
161 199
161 210
161 220
161 224
161 229
161 234
161 236
161 244
161 245
162 169
162 180
162 187
162 200
162 204
162 209
162 214
162 218
162 220
162 224
162 232
162 233
162 247
162 248
163 165
163 168
163 171
163 174
163 177
163 178
163 186
163 190
163 192
163 194
163 197
163 199
163 202
163 208
163 226
163 228
163 231
163 244
164 168
164 169
164 172
164 173
164 180
164 182
164 186
164 196
164 206
164 208
164 212
164 220
164 225
164 226
164 228
164 229
164 232
164 237
164 246
165 167
165 169
165 174
165 175
165 178
165 183
165 188
165 212
165 214
165 215
165 226
165 240
165 242
165 249
166 176
166 192
166 202
166 210
166 228
166 230
166 232
166 235
166 241
166 243
167 168
167 180
167 182
167 196
167 201
167 220
167 230
167 237
167 240
168 173
168 179
168 195
168 198
168 205
168 207
168 212
168 213
168 215
168 219
168 226
168 229
168 230
168 231
168 234
168 237
168 244
168 245
169 177
169 179
169 180
169 181
169 183
169 184
169 185
169 192
169 197
169 200
169 213
169 218
169 228
169 242
169 243
169 248
170 182
170 183
170 184
170 185
170 190
170 194
170 196
170 201
170 203
170 204
170 218
170 228
170 233
170 238
171 177
171 182
171 183
171 185
171 186
171 204
171 205
171 207
171 213
171 215
171 221
171 232
171 238
171 242
172 173
172 174
172 176
172 181
172 188
172 197
172 198
172 203
172 205
172 218
172 235
172 237
172 239
172 241
172 243
173 180
173 181
173 183
173 184
173 193
173 195
173 204
173 206
173 207
173 208
173 215
173 218
173 219
173 220
173 225
173 229
173 233
173 240
173 241
173 245
173 246
174 175
174 176
174 181
174 188
174 192
174 195
174 206
174 212
174 221
174 223
174 225
174 231
174 234
174 236
174 244
174 246
175 180
175 186
175 187
175 198
175 199
175 206
175 213
175 224
175 226
175 234
175 238
175 239
175 249
176 190
176 191
176 192
176 193
176 199
176 211
176 213
176 226
176 227
176 232
176 235
176 237
176 245
176 248
177 184
177 189
177 204
177 206
177 213
177 214
177 222
177 223
177 231
177 234
177 239
178 185
178 188
178 191
178 192
178 199
178 201
178 202
178 208
178 211
178 221
178 223
178 224
178 228
179 181
179 184
179 185
179 189
179 190
179 191
179 201
179 213
179 219
179 229
179 242
179 247
180 187
180 189
180 195
180 196
180 200
180 208
180 209
180 216
180 217
180 218
180 219
180 226
180 241
180 244
180 245
181 185
181 195
181 203
181 205
181 214
181 218
181 219
181 227
181 228
181 230
181 232
181 236
181 239
181 242
181 243
181 244
181 248
182 186
182 189
182 190
182 192
182 194
182 199
182 209
182 217
182 222
182 234
182 245
182 249
183 190
183 196
183 199
183 206
183 211
183 224
183 231
183 246
183 249
184 187
184 189
184 193
184 202
184 204
184 208
184 210
184 213
184 249
185 186
185 187
185 189
185 192
185 202
185 203
185 206
185 208
185 210
185 216
185 224
185 226
185 230
185 236
185 246
186 190
186 197
186 198
186 202
186 206
186 207
186 209
186 223
186 225
186 228
186 230
186 235
186 241
186 245
186 247
186 248
187 191
187 195
187 196
187 204
187 220
187 223
187 225
187 226
187 236
187 240
187 241
187 242
187 244
188 189
188 190
188 202
188 214
188 216
188 225
188 231
188 234
188 235
188 242
188 243
188 246
188 249
189 193
189 195
189 216
189 226
189 227
189 230
189 231
189 239
189 240
189 245
189 247
190 191
190 193
190 194
190 195
190 202
190 207
190 215
190 216
190 220
190 225
190 229
190 238
191 194
191 208
191 209
191 215
191 218
191 223
191 232
191 234
191 240
191 244
191 245
192 198
192 199
192 213
192 215
192 220
192 228
192 232
192 238
192 247
193 199
193 200
193 201
193 209
193 228
193 239
193 241
193 242
193 243
194 195
194 198
194 200
194 202
194 204
194 213
194 233
194 234
194 235
194 238
194 239
194 242
194 245
194 246
194 247
194 248
195 196
195 197
195 206
195 213
195 215
195 223
195 225
195 230
195 233
196 200
196 201
196 205
196 208
196 210
196 216
196 219
196 234
196 244
197 215
197 220
197 233
197 246
197 247
198 199
198 207
198 216
198 222
198 228
198 230
198 231
198 235
198 242
198 243
198 245
198 247
199 209
199 214
199 223
199 227
199 229
199 236
199 244
199 245
199 249
200 206
200 208
200 218
200 222
200 232
200 237
200 245
201 202
201 215
201 216
201 223
201 224
201 226
201 227
201 229
201 230
201 232
201 234
201 236
201 238
201 239
201 247
202 215
202 217
202 221
202 224
202 233
202 235
202 241
202 244
203 205
203 206
203 210
203 212
203 216
203 217
203 226
203 227
203 230
203 231
203 232
203 235
203 236
203 248
204 205
204 209
204 212
204 216
204 226
204 227
204 230
204 234
204 242
205 209
205 210
205 211
205 214
205 215
205 220
205 223
205 224
205 243
206 211
206 226
206 237
206 243
206 246
206 247
207 210
207 216
207 219
207 222
207 223
207 231
207 240
207 241
207 247
207 249
208 209
208 210
208 221
208 230
208 236
208 243
208 245
209 210
209 212
209 215
209 216
209 218
209 220
209 223
209 227
209 231
209 235
209 237
209 242
209 243
210 221
210 231
210 236
210 239
210 243
210 247
211 216
211 218
211 219
211 233
211 238
211 241
211 243
211 246
212 218
212 220
212 222
212 224
212 226
212 228
212 229
212 230
212 234
212 236
212 238
212 240
213 215
213 217
213 229
213 237
214 220
214 221
214 239
214 241
214 244
214 245
214 246
215 218
215 227
215 242
215 244
215 246
216 219
216 229
216 237
216 239
217 224
217 225
217 228
217 234
217 235
217 239
217 241
217 244
218 219
218 225
218 228
218 230
218 238
218 243
218 248
219 220
219 226
219 232
219 234
220 227
220 229
220 230
220 235
220 238
221 222
221 223
221 226
221 230
221 249
222 223
222 234
222 235
222 240
222 241
222 242
222 249
223 225
223 231
223 232
223 235
223 238
223 241
223 248
223 249
224 225
224 235
224 236
224 248
225 226
225 227
225 229
225 235
225 242
225 244
225 245
226 227
226 228
226 246
226 249
227 232
227 236
227 246
228 231
228 239
228 242
228 244
228 246
228 247
229 234
229 238
229 239
229 244
229 245
230 231
230 247
231 241
231 244
231 249
232 233
232 237
233 234
233 240
233 245
233 246
234 235
234 249
235 236
235 240
235 243
235 245
235 248
236 244
236 246
236 249
237 238
237 243
237 247
237 248
237 249
238 247
238 249
239 242
240 245
240 246
240 248
240 249
241 243
241 244
241 247
241 248
241 249
242 243
242 247
243 245
243 246
243 247
243 248
244 245
247 248

1 1 1 0 1 0 1 0 0 1 1 1 1 1 1 1 0 0 1 1 0 0 0 1 0 1 1 1 1 1 0 1 1 1 0 1 0 1 0 1 1 1 0 1 0 0 0 0 0 1 0 0 1 1 1 0 1 0 1 0 1 0 0 1 1 1 0 1 0 1 0 0 0 0 0 1 0 1 1 0 0 1 1 1 0 0 1 0 1 1 0 0 0 1 1 0 0 0 0 1 1 1 1 1 1 0 1 0 1 1 0 0 0 0 1 0 1 1 0 1 1 1 1 0 0 0 0 1 1 0 1 1 1 1 1 0 0 1 0 1 0 1 1 0 1 1 0 0 0 1 0 0 0 0 1 0 1 0 0 1 1 0 0 1 1 1 0 1 1 0 1 0 0 0 1 1 0 0 0 0 0 1 1 0 1 0 0 1 0 0 0 1 1 0 0 0 1 0 1 0 1 0 1 0 1 0 1 0 0 1 1 0 1 0 0 1 0 0 1 0 1 1 1 1 0 1 0 1 0 0 0 1 0 0 0 0 1 0 0 0 1 1 0 1 1 1 0 1 0 0