100 256
0 1 2 3 4 5 6 7 8 9 10 11 12 13 14 15 16 17 18 19 20 21 22 23 24 25 26 27 28 29 30 31 32 33 34 35 36 37 38 39 40 41 42 43 44 45 46 47 48 49 50 51 52 53 54 55 56 57 58 59 60 61 62 63 64 65 66 67 68 69 70 71 72 73 74 75 76 77 78 79 80 81 82 83 84 85 86 87 88 89 90 91 92 93 94 95 96 97 98 99
0 23
0 28
0 34
0 70
0 84
1 8
1 9
1 19
1 43
1 45
1 67
1 68
2 15
2 28
2 30
2 92
3 23
3 50
3 62
3 77
3 94
4 30
4 48
4 94
5 33
5 35
5 50
5 60
5 70
5 86
5 96
5 98
6 20
6 27
6 85
6 89
7 18
7 22
7 25
7 46
7 48
7 50
7 61
7 78
7 83
8 23
8 24
8 50
9 42
9 50
9 53
9 71
9 81
9 82
10 16
10 23
10 61
11 64
11 70
12 58
12 61
12 76
13 32
13 39
13 43
13 68
13 69
13 80
13 85
14 20
14 40
14 60
14 62
14 64
14 79
14 86
14 96
15 25
15 28
15 31
15 35
15 83
16 37
16 42
16 56
16 68
16 97
17 49
17 63
17 68
18 50
18 92
19 33
19 71
19 81
19 88
20 44
20 46
20 72
20 78
21 34
21 69
21 78
22 47
22 53
22 94
23 35
23 53
23 55
23 70
24 40
24 60
25 79
25 82
26 36
26 52
26 54
26 57
26 65
26 71
26 74
27 31
27 80
27 97
28 57
28 80
29 33
29 67
30 33
30 65
30 74
30 87
31 39
31 74
31 85
32 59
32 63
33 41
33 92
33 97
34 54
34 87
36 43
36 48
36 65
36 79
36 98
37 82
37 86
37 98
38 75
38 78
39 88
39 96
40 52
40 58
40 97
41 45
41 93
42 51
42 55
42 63
42 76
42 84
42 85
43 84
43 86
43 97
44 58
44 82
45 68
45 99
46 53
46 60
46 75
47 97
47 99
48 51
48 76
48 96
49 50
49 74
49 76
50 74
50 86
51 60
51 85
51 96
51 97
52 58
52 73
52 93
53 98
54 67
54 82
54 83
54 84
54 88
55 67
55 73
55 74
55 85
55 96
56 57
56 63
56 69
56 77
57 73
57 88
58 72
58 89
58 93
59 62
59 69
59 74
59 82
60 67
60 81
60 86
60 90
60 91
61 65
61 76
62 67
62 70
62 77
62 78
63 65
63 74
63 90
63 92
63 94
64 70
64 76
64 99
65 85
66 95
68 90
68 94
69 79
70 72
70 77
71 81
72 84
74 83
76 96
77 87
79 80
79 83
81 85
82 83
82 94
83 90
87 93
92 99
95 96

1 1 1 0 0 0 1 1 0 0 0 0 0 0 0 1 1 0 0 0 1 1 1 0 1 1 0 0 1 0 1 0 1 0 1 0 1 1 0 0 0 0 1 1 1 0 1 1 0 0 1 0 0 0 0 0 0 0 0 1 1 1 1 1 1 1 1 0 1 0 1 0 0 1 0 1 1 0 1 1 0 1 0 1 1 1 0 0 0 0 1 1 1 1 1 0 0 1 0 1