250 6129
0 1 2 3 4 5 6 7 8 9 10 11 12 13 14 15 16 17 18 19 20 21 22 23 24 25 26 27 28 29 30 31 32 33 34 35 36 37 38 39 40 41 42 43 44 45 46 47 48 49 50 51 52 53 54 55 56 57 58 59 60 61 62 63 64 65 66 67 68 69 70 71 72 73 74 75 76 77 78 79 80 81 82 83 84 85 86 87 88 89 90 91 92 93 94 95 96 97 98 99 100 101 102 103 104 105 106 107 108 109 110 111 112 113 114 115 116 117 118 119 120 121 122 123 124 125 126 127 128 129 130 131 132 133 134 135 136 137 138 139 140 141 142 143 144 145 146 147 148 149 150 151 152 153 154 155 156 157 158 159 160 161 162 163 164 165 166 167 168 169 170 171 172 173 174 175 176 177 178 179 180 181 182 183 184 185 186 187 188 189 190 191 192 193 194 195 196 197 198 199 200 201 202 203 204 205 206 207 208 209 210 211 212 213 214 215 216 217 218 219 220 221 222 223 224 225 226 227 228 229 230 231 232 233 234 235 236 237 238 239 240 241 242 243 244 245 246 247 248 249
0 1
0 7
0 9
0 15
0 17
0 19
0 25
0 32
0 37
0 42
0 43
0 48
0 50
0 51
0 53
0 55
0 58
0 63
0 83
0 97
0 99
0 105
0 112
0 113
0 116
0 119
0 121
0 124
0 127
0 132
0 138
0 141
0 149
0 155
0 179
0 196
0 198
0 202
0 212
0 213
0 216
0 219
0 225
0 228
0 243
0 244
0 245
1 6
1 7
1 8
1 11
1 17
1 20
1 23
1 30
1 31
1 35
1 39
1 47
1 50
1 57
1 59
1 62
1 63
1 69
1 72
1 85
1 86
1 95
1 103
1 106
1 114
1 115
1 118
1 119
1 121
1 128
1 143
1 146
1 156
1 157
1 161
1 171
1 172
1 174
1 179
1 181
1 182
1 189
1 190
1 194
1 200
1 201
1 202
1 206
1 207
1 226
1 233
1 235
1 237
1 242
1 243
1 245
2 9
2 12
2 15
2 17
2 18
2 20
2 23
2 32
2 42
2 43
2 46
2 47
2 48
2 51
2 56
2 57
2 61
2 65
2 69
2 70
2 76
2 78
2 80
2 84
2 108
2 121
2 122
2 127
2 131
2 132
2 134
2 137
2 140
2 146
2 147
2 158
2 163
2 170
2 171
2 175
2 178
2 183
2 186
2 194
2 200
2 202
2 204
2 206
2 207
2 221
2 233
2 237
2 242
2 245
2 246
2 248
3 4
3 9
3 14
3 20
3 21
3 29
3 30
3 37
3 38
3 39
3 44
3 48
3 53
3 54
3 67
3 69
3 70
3 73
3 80
3 82
3 83
3 87
3 88
3 92
3 98
3 101
3 103
3 105
3 120
3 123
3 128
3 134
3 137
3 139
3 140
3 147
3 149
3 158
3 159
3 162
3 181
3 183
3 186
3 188
3 191
3 194
3 198
3 204
3 206
3 215
3 217
3 223
3 232
3 237
3 239
3 245
4 13
4 30
4 35
4 37
4 46
4 48
4 49
4 51
4 64
4 70
4 76
4 92
4 98
4 99
4 101
4 111
4 123
4 129
4 131
4 137
4 156
4 157
4 162
4 165
4 168
4 171
4 176
4 186
4 190
4 191
4 199
4 201
4 203
4 206
4 207
4 210
4 212
4 214
4 215
4 217
4 223
4 238
4 242
4 245
4 246
4 248
5 23
5 28
5 32
5 33
5 36
5 45
5 56
5 61
5 75
5 80
5 96
5 97
5 99
5 104
5 108
5 116
5 119
5 128
5 131
5 140
5 144
5 158
5 166
5 167
5 170
5 182
5 183
5 186
5 187
5 192
5 194
5 195
5 199
5 207
5 214
5 220
5 223
5 225
5 226
5 229
5 236
5 238
5 242
5 243
5 247
6 10
6 11
6 19
6 36
6 40
6 48
6 49
6 51
6 57
6 60
6 61
6 63
6 70
6 71
6 73
6 74
6 80
6 92
6 113
6 117
6 121
6 137
6 138
6 142
6 146
6 152
6 156
6 159
6 167
6 168
6 173
6 184
6 189
6 193
6 195
6 201
6 222
6 225
6 226
6 229
6 230
6 233
6 237
6 238
6 242
7 9
7 18
7 19
7 27
7 29
7 33
7 39
7 53
7 59
7 64
7 75
7 76
7 85
7 88
7 90
7 94
7 95
7 101
7 104
7 111
7 115
7 120
7 121
7 125
7 127
7 129
7 134
7 143
7 144
7 156
7 166
7 168
7 170
7 171
7 172
7 178
7 181
7 184
7 185
7 192
7 198
7 212
7 214
7 215
7 219
7 242
8 15
8 28
8 32
8 41
8 44
8 51
8 55
8 63
8 71
8 74
8 78
8 79
8 86
8 94
8 100
8 103
8 122
8 127
8 130
8 138
8 139
8 140
8 158
8 162
8 167
8 172
8 174
8 175
8 184
8 185
8 190
8 194
8 199
8 204
8 206
8 210
8 221
8 225
8 227
8 237
8 238
8 241
8 246
8 247
8 248
9 13
9 17
9 24
9 49
9 51
9 60
9 72
9 81
9 88
9 94
9 96
9 97
9 114
9 116
9 117
9 118
9 121
9 128
9 139
9 153
9 169
9 172
9 179
9 181
9 187
9 195
9 198
9 210
9 213
9 214
9 223
9 226
9 235
9 238
10 17
10 18
10 26
10 27
10 33
10 36
10 46
10 68
10 69
10 79
10 88
10 91
10 99
10 109
10 115
10 116
10 117
10 118
10 119
10 129
10 131
10 135
10 138
10 142
10 143
10 147
10 164
10 177
10 186
10 205
10 213
10 222
10 226
10 234
10 239
10 243
11 12
11 13
11 22
11 35
11 38
11 45
11 46
11 47
11 54
11 55
11 57
11 65
11 67
11 81
11 86
11 97
11 105
11 108
11 118
11 120
11 130
11 131
11 135
11 139
11 156
11 159
11 161
11 162
11 184
11 187
11 211
11 212
11 221
11 224
11 231
11 236
11 238
11 239
11 246
11 247
12 13
12 18
12 19
12 20
12 21
12 26
12 33
12 59
12 72
12 73
12 82
12 86
12 89
12 91
12 94
12 104
12 110
12 115
12 127
12 143
12 145
12 147
12 159
12 168
12 198
12 220
12 221
12 225
12 238
12 243
12 247
12 248
13 17
13 24
13 27
13 33
13 43
13 57
13 58
13 68
13 72
13 77
13 78
13 80
13 85
13 87
13 92
13 93
13 94
13 109
13 114
13 115
13 122
13 125
13 128
13 129
13 131
13 139
13 140
13 142
13 145
13 146
13 151
13 152
13 157
13 158
13 160
13 166
13 175
13 177
13 188
13 195
13 197
13 216
13 217
13 222
13 229
13 232
13 247
14 15
14 17
14 18
14 22
14 25
14 28
14 36
14 41
14 45
14 47
14 57
14 59
14 67
14 73
14 93
14 96
14 108
14 112
14 114
14 136
14 141
14 146
14 159
14 165
14 173
14 180
14 186
14 190
14 192
14 194
14 205
14 213
14 214
14 216
14 217
14 222
14 223
14 225
14 232
15 18
15 34
15 38
15 39
15 50
15 52
15 53
15 54
15 56
15 61
15 64
15 75
15 82
15 87
15 88
15 89
15 93
15 106
15 107
15 116
15 121
15 123
15 127
15 129
15 133
15 142
15 143
15 150
15 154
15 157
15 168
15 172
15 173
15 176
15 181
15 184
15 185
15 198
15 201
15 202
15 203
15 205
15 206
15 207
15 213
15 214
15 228
15 229
15 236
15 241
15 242
15 243
15 245
16 19
16 27
16 28
16 29
16 52
16 63
16 65
16 68
16 70
16 82
16 105
16 106
16 116
16 118
16 121
16 125
16 127
16 132
16 133
16 137
16 139
16 140
16 143
16 144
16 156
16 158
16 170
16 176
16 184
16 191
16 196
16 206
16 207
16 208
16 210
16 211
16 212
16 224
16 226
16 230
16 231
16 233
16 238
16 241
16 244
17 18
17 20
17 30
17 31
17 35
17 37
17 39
17 56
17 63
17 100
17 102
17 105
17 108
17 117
17 126
17 127
17 128
17 131
17 134
17 135
17 136
17 140
17 154
17 157
17 161
17 169
17 174
17 176
17 181
17 185
17 190
17 192
17 196
17 198
17 199
17 203
17 213
17 215
17 221
17 227
17 228
17 232
17 241
17 248
18 23
18 25
18 27
18 38
18 44
18 48
18 53
18 57
18 72
18 76
18 82
18 86
18 87
18 90
18 92
18 93
18 95
18 98
18 102
18 107
18 108
18 111
18 114
18 123
18 132
18 137
18 149
18 151
18 160
18 162
18 163
18 168
18 169
18 173
18 185
18 189
18 200
18 205
18 206
18 210
18 215
18 217
18 222
18 224
18 229
18 233
18 236
18 243
18 248
19 21
19 24
19 27
19 31
19 34
19 50
19 52
19 60
19 67
19 77
19 80
19 91
19 99
19 100
19 102
19 111
19 125
19 132
19 135
19 138
19 140
19 141
19 144
19 165
19 170
19 177
19 178
19 180
19 187
19 196
19 207
19 214
19 217
19 218
19 219
19 224
19 232
19 237
19 239
19 244
20 27
20 28
20 31
20 46
20 48
20 70
20 76
20 83
20 85
20 88
20 90
20 99
20 100
20 110
20 114
20 118
20 124
20 137
20 141
20 142
20 145
20 150
20 164
20 165
20 172
20 186
20 188
20 191
20 194
20 199
20 203
20 208
20 215
20 222
20 224
20 226
20 228
20 234
20 237
20 238
20 244
21 28
21 37
21 39
21 43
21 44
21 45
21 49
21 50
21 51
21 63
21 69
21 72
21 84
21 96
21 110
21 111
21 113
21 117
21 129
21 131
21 133
21 145
21 155
21 158
21 159
21 165
21 166
21 168
21 169
21 172
21 173
21 174
21 175
21 176
21 180
21 188
21 191
21 198
21 199
21 203
21 206
21 207
21 216
21 217
21 218
21 220
21 224
21 231
21 235
21 237
21 240
21 242
22 27
22 41
22 73
22 78
22 84
22 87
22 88
22 93
22 101
22 103
22 104
22 107
22 113
22 118
22 119
22 125
22 131
22 135
22 139
22 141
22 146
22 149
22 151
22 172
22 175
22 186
22 195
22 198
22 211
22 222
22 226
22 227
22 243
22 244
23 25
23 26
23 31
23 32
23 34
23 35
23 39
23 44
23 46
23 47
23 49
23 56
23 57
23 64
23 73
23 75
23 82
23 83
23 84
23 89
23 96
23 101
23 109
23 129
23 130
23 140
23 141
23 143
23 144
23 148
23 152
23 155
23 157
23 165
23 171
23 174
23 183
23 192
23 195
23 198
23 202
23 218
23 219
23 245
24 26
24 31
24 39
24 41
24 43
24 50
24 54
24 65
24 77
24 83
24 89
24 95
24 107
24 109
24 111
24 121
24 128
24 137
24 150
24 155
24 159
24 162
24 170
24 175
24 176
24 178
24 191
24 196
24 202
24 204
24 209
24 210
24 214
24 215
24 223
24 233
24 238
24 239
24 247
25 35
25 36
25 37
25 38
25 43
25 48
25 53
25 58
25 59
25 81
25 82
25 83
25 85
25 88
25 96
25 129
25 133
25 147
25 157
25 161
25 167
25 190
25 193
25 194
25 206
25 215
25 216
25 217
25 218
25 220
25 231
25 241
25 242
25 246
26 28
26 31
26 32
26 37
26 43
26 46
26 57
26 66
26 74
26 90
26 92
26 93
26 96
26 105
26 106
26 107
26 112
26 118
26 119
26 146
26 150
26 154
26 158
26 164
26 167
26 169
26 173
26 180
26 183
26 217
26 218
26 222
26 229
26 244
26 246
27 31
27 34
27 38
27 43
27 48
27 53
27 57
27 66
27 73
27 75
27 88
27 91
27 96
27 108
27 109
27 113
27 128
27 135
27 142
27 144
27 147
27 148
27 157
27 164
27 170
27 182
27 188
27 192
27 203
27 204
27 205
27 219
27 220
27 223
27 224
27 230
27 234
28 32
28 34
28 35
28 49
28 65
28 68
28 71
28 73
28 77
28 80
28 83
28 85
28 97
28 110
28 112
28 113
28 115
28 124
28 126
28 131
28 132
28 149
28 158
28 160
28 162
28 164
28 177
28 182
28 183
28 191
28 198
28 203
28 204
28 213
28 218
28 219
28 220
28 229
28 231
28 233
28 234
28 237
28 239
28 242
28 245
28 247
29 31
29 50
29 59
29 60
29 66
29 70
29 71
29 73
29 74
29 87
29 88
29 94
29 97
29 101
29 104
29 118
29 132
29 137
29 142
29 149
29 151
29 157
29 167
29 168
29 170
29 171
29 176
29 183
29 187
29 191
29 193
29 200
29 205
29 206
29 209
29 216
29 217
29 231
29 233
29 237
29 247
30 35
30 38
30 41
30 47
30 48
30 52
30 54
30 61
30 69
30 83
30 89
30 94
30 103
30 112
30 119
30 132
30 138
30 147
30 148
30 158
30 164
30 167
30 170
30 175
30 176
30 189
30 200
30 206
30 211
30 222
30 223
30 231
30 236
30 240
30 247
30 248
31 35
31 37
31 39
31 42
31 50
31 51
31 56
31 61
31 66
31 75
31 81
31 84
31 87
31 89
31 90
31 93
31 101
31 103
31 106
31 109
31 111
31 113
31 115
31 118
31 121
31 122
31 125
31 127
31 135
31 136
31 138
31 146
31 157
31 158
31 167
31 178
31 181
31 183
31 185
31 186
31 197
31 205
31 214
31 218
31 219
31 220
31 222
31 223
31 225
31 226
31 240
31 244
32 34
32 36
32 42
32 48
32 51
32 57
32 60
32 69
32 85
32 86
32 90
32 104
32 124
32 125
32 163
32 179
32 183
32 188
32 194
32 200
32 210
32 222
32 223
32 227
32 228
32 249
33 36
33 38
33 47
33 50
33 53
33 57
33 59
33 68
33 70
33 72
33 75
33 87
33 90
33 97
33 100
33 102
33 103
33 106
33 109
33 111
33 115
33 117
33 122
33 126
33 127
33 135
33 149
33 153
33 158
33 162
33 165
33 170
33 181
33 182
33 203
33 209
33 210
33 214
33 215
33 217
33 232
33 240
33 242
33 244
34 38
34 45
34 46
34 50
34 54
34 56
34 58
34 66
34 67
34 69
34 75
34 83
34 92
34 94
34 98
34 105
34 113
34 120
34 122
34 129
34 147
34 149
34 157
34 161
34 176
34 177
34 183
34 192
34 193
34 202
34 205
34 210
34 211
34 214
34 218
34 222
34 227
34 228
34 229
34 230
34 242
34 244
34 249
35 37
35 45
35 47
35 51
35 52
35 57
35 59
35 70
35 96
35 101
35 112
35 118
35 119
35 128
35 129
35 142
35 144
35 146
35 149
35 158
35 164
35 168
35 170
35 176
35 184
35 186
35 194
35 197
35 201
35 203
35 213
35 218
35 221
35 227
35 228
35 233
35 238
35 240
35 241
35 242
35 244
35 248
36 37
36 38
36 40
36 42
36 54
36 55
36 60
36 63
36 69
36 73
36 75
36 79
36 85
36 88
36 96
36 97
36 101
36 120
36 123
36 126
36 140
36 146
36 148
36 171
36 172
36 178
36 183
36 184
36 194
36 197
36 198
36 199
36 201
36 203
36 204
36 208
36 211
36 213
36 216
36 227
36 231
36 233
36 236
36 237
36 239
37 45
37 49
37 53
37 57
37 60
37 63
37 64
37 72
37 77
37 81
37 90
37 99
37 100
37 102
37 105
37 111
37 118
37 139
37 140
37 146
37 155
37 159
37 161
37 165
37 167
37 182
37 190
37 193
37 194
37 196
37 204
37 207
37 208
37 210
37 211
37 214
37 218
37 227
37 232
37 240
37 241
37 244
37 246
37 248
38 48
38 56
38 69
38 73
38 80
38 81
38 88
38 92
38 95
38 96
38 97
38 99
38 101
38 102
38 106
38 108
38 110
38 116
38 117
38 133
38 134
38 136
38 140
38 146
38 147
38 149
38 153
38 154
38 155
38 162
38 166
38 172
38 173
38 177
38 178
38 179
38 185
38 190
38 193
38 206
38 209
38 232
38 234
38 240
38 241
38 247
39 40
39 44
39 46
39 56
39 60
39 61
39 67
39 75
39 77
39 78
39 79
39 89
39 93
39 103
39 114
39 116
39 118
39 123
39 124
39 132
39 135
39 136
39 139
39 140
39 150
39 151
39 156
39 157
39 161
39 165
39 178
39 182
39 186
39 188
39 193
39 200
39 201
39 203
39 204
39 206
39 209
39 210
39 220
39 230
39 239
39 240
40 42
40 45
40 46
40 52
40 59
40 61
40 71
40 74
40 75
40 76
40 77
40 80
40 84
40 99
40 100
40 104
40 122
40 125
40 140
40 145
40 149
40 151
40 156
40 167
40 174
40 179
40 183
40 191
40 193
40 201
40 202
40 204
40 208
40 209
40 225
40 227
40 239
40 242
40 249
41 43
41 67
41 68
41 71
41 72
41 74
41 75
41 78
41 84
41 96
41 98
41 101
41 106
41 110
41 112
41 114
41 116
41 118
41 136
41 139
41 143
41 146
41 147
41 149
41 158
41 164
41 166
41 175
41 177
41 178
41 181
41 185
41 186
41 188
41 207
41 222
41 242
41 243
41 246
41 247
42 46
42 50
42 55
42 56
42 70
42 77
42 81
42 84
42 85
42 87
42 98
42 101
42 107
42 127
42 135
42 143
42 145
42 163
42 165
42 172
42 177
42 179
42 200
42 214
42 215
42 217
42 221
42 225
42 227
42 229
42 234
42 239
42 248
42 249
43 44
43 45
43 46
43 54
43 56
43 62
43 63
43 69
43 83
43 85
43 95
43 101
43 102
43 111
43 115
43 122
43 124
43 128
43 139
43 140
43 141
43 142
43 143
43 144
43 150
43 153
43 154
43 166
43 176
43 183
43 185
43 186
43 189
43 191
43 192
43 204
43 229
43 230
43 235
43 237
43 238
43 240
43 249
44 48
44 49
44 54
44 59
44 60
44 62
44 72
44 74
44 76
44 77
44 79
44 84
44 87
44 90
44 99
44 108
44 111
44 113
44 114
44 120
44 124
44 130
44 132
44 134
44 135
44 137
44 149
44 150
44 161
44 167
44 172
44 186
44 188
44 192
44 195
44 205
44 206
44 207
44 215
44 218
44 227
44 228
44 233
44 237
44 238
44 241
44 244
44 248
45 47
45 52
45 57
45 62
45 63
45 70
45 84
45 87
45 92
45 99
45 103
45 107
45 108
45 112
45 120
45 126
45 127
45 131
45 134
45 146
45 147
45 148
45 158
45 162
45 165
45 169
45 171
45 172
45 173
45 178
45 179
45 185
45 186
45 198
45 204
45 206
45 214
45 215
45 216
45 222
45 229
45 231
45 232
45 234
45 237
45 239
45 240
45 244
45 246
45 248
46 47
46 49
46 50
46 58
46 61
46 62
46 66
46 67
46 68
46 75
46 77
46 91
46 93
46 95
46 100
46 103
46 106
46 113
46 121
46 135
46 139
46 140
46 146
46 147
46 150
46 153
46 160
46 169
46 176
46 177
46 183
46 192
46 193
46 194
46 195
46 201
46 212
46 216
46 220
46 225
46 227
46 236
46 237
46 239
46 241
46 244
46 248
47 52
47 57
47 64
47 68
47 69
47 72
47 79
47 81
47 90
47 91
47 94
47 97
47 100
47 107
47 112
47 114
47 121
47 123
47 135
47 143
47 145
47 148
47 149
47 154
47 160
47 161
47 175
47 176
47 178
47 184
47 189
47 195
47 203
47 211
47 217
47 219
47 221
48 59
48 61
48 70
48 71
48 72
48 92
48 98
48 99
48 100
48 119
48 124
48 131
48 136
48 137
48 138
48 140
48 148
48 157
48 163
48 166
48 179
48 181
48 187
48 189
48 215
48 219
48 224
48 225
48 231
48 237
49 52
49 62
49 63
49 66
49 68
49 69
49 74
49 79
49 100
49 105
49 108
49 110
49 130
49 131
49 135
49 139
49 142
49 147
49 148
49 152
49 157
49 164
49 166
49 167
49 168
49 171
49 173
49 175
49 189
49 194
49 198
49 202
49 211
49 212
49 213
49 216
49 222
49 226
49 232
50 56
50 60
50 63
50 65
50 69
50 76
50 83
50 84
50 86
50 91
50 94
50 96
50 99
50 115
50 117
50 120
50 122
50 124
50 128
50 130
50 139
50 140
50 141
50 143
50 147
50 148
50 152
50 153
50 157
50 160
50 162
50 175
50 182
50 211
50 217
50 229
50 232
50 246
51 53
51 56
51 58
51 69
51 79
51 82
51 90
51 92
51 97
51 112
51 115
51 122
51 128
51 130
51 135
51 138
51 146
51 150
51 169
51 173
51 176
51 182
51 186
51 187
51 192
51 193
51 194
51 199
51 206
51 209
51 211
51 212
51 223
51 225
51 230
51 232
51 236
51 239
51 244
51 247
51 249
52 54
52 61
52 82
52 89
52 96
52 104
52 105
52 109
52 110
52 121
52 122
52 123
52 131
52 133
52 137
52 144
52 150
52 159
52 164
52 179
52 182
52 191
52 197
52 201
52 204
52 205
52 207
52 209
52 212
52 227
52 230
52 239
52 246
52 248
53 54
53 56
53 57
53 60
53 61
53 70
53 71
53 73
53 113
53 114
53 124
53 126
53 129
53 135
53 136
53 146
53 157
53 161
53 163
53 165
53 169
53 170
53 171
53 175
53 181
53 191
53 197
53 199
53 203
53 209
53 214
53 218
53 223
53 229
53 231
53 240
53 247
54 57
54 67
54 69
54 74
54 79
54 88
54 97
54 98
54 100
54 105
54 112
54 117
54 119
54 121
54 124
54 131
54 134
54 143
54 145
54 150
54 154
54 159
54 163
54 164
54 168
54 176
54 179
54 180
54 182
54 186
54 187
54 195
54 208
54 209
54 220
54 228
54 229
54 237
54 245
55 60
55 62
55 66
55 68
55 73
55 89
55 91
55 106
55 121
55 127
55 138
55 140
55 141
55 146
55 151
55 161
55 163
55 184
55 186
55 188
55 190
55 196
55 202
55 205
55 207
55 208
55 216
55 218
55 220
55 228
55 234
56 63
56 66
56 76
56 83
56 87
56 94
56 103
56 122
56 124
56 130
56 138
56 142
56 143
56 145
56 147
56 148
56 149
56 153
56 155
56 161
56 170
56 171
56 176
56 178
56 180
56 186
56 194
56 201
56 206
56 211
56 212
56 214
56 215
56 225
56 228
56 239
57 61
57 65
57 68
57 83
57 97
57 107
57 112
57 116
57 119
57 126
57 128
57 129
57 130
57 131
57 138
57 140
57 141
57 143
57 146
57 147
57 150
57 151
57 152
57 155
57 158
57 165
57 171
57 173
57 175
57 176
57 179
57 182
57 189
57 190
57 194
57 202
57 209
57 222
57 223
57 229
57 247
58 64
58 71
58 76
58 77
58 80
58 83
58 86
58 90
58 91
58 101
58 105
58 111
58 113
58 114
58 131
58 140
58 145
58 147
58 148
58 151
58 152
58 163
58 164
58 168
58 170
58 171
58 175
58 179
58 185
58 199
58 206
58 211
58 214
58 217
58 221
58 223
58 232
58 236
58 241
58 244
59 61
59 71
59 76
59 79
59 83
59 84
59 88
59 94
59 111
59 113
59 115
59 116
59 118
59 122
59 123
59 134
59 136
59 137
59 140
59 143
59 144
59 151
59 153
59 165
59 175
59 178
59 195
59 202
59 203
59 211
59 218
59 223
59 230
59 235
59 241
59 243
59 245
59 248
60 61
60 63
60 69
60 76
60 80
60 105
60 106
60 109
60 110
60 113
60 114
60 119
60 120
60 127
60 135
60 144
60 146
60 153
60 160
60 161
60 162
60 165
60 171
60 182
60 183
60 184
60 186
60 188
60 213
60 216
60 233
60 235
60 236
60 241
60 246
61 62
61 63
61 64
61 65
61 78
61 81
61 99
61 103
61 108
61 109
61 111
61 116
61 118
61 119
61 122
61 127
61 131
61 133
61 146
61 150
61 153
61 159
61 168
61 172
61 178
61 180
61 187
61 188
61 190
61 192
61 193
61 196
61 199
61 204
61 209
61 212
61 214
61 215
61 219
61 232
61 237
61 239
62 66
62 71
62 73
62 74
62 75
62 76
62 78
62 82
62 83
62 95
62 101
62 103
62 108
62 109
62 115
62 130
62 139
62 142
62 143
62 145
62 156
62 172
62 174
62 175
62 177
62 179
62 190
62 194
62 196
62 201
62 220
62 227
62 229
62 237
62 244
62 245
63 64
63 78
63 81
63 96
63 98
63 106
63 110
63 113
63 116
63 117
63 120
63 122
63 126
63 131
63 132
63 134
63 136
63 137
63 139
63 145
63 148
63 149
63 151
63 152
63 159
63 163
63 188
63 200
63 202
63 213
63 219
63 229
63 230
63 231
63 245
63 246
64 67
64 72
64 86
64 87
64 91
64 92
64 95
64 104
64 107
64 113
64 115
64 116
64 121
64 124
64 127
64 131
64 132
64 133
64 138
64 141
64 147
64 159
64 166
64 175
64 177
64 181
64 182
64 183
64 201
64 206
64 210
64 214
64 215
64 230
64 236
64 241
64 245
64 246
65 66
65 68
65 76
65 79
65 86
65 88
65 93
65 96
65 106
65 107
65 112
65 117
65 119
65 120
65 122
65 123
65 124
65 144
65 145
65 148
65 154
65 157
65 158
65 161
65 163
65 164
65 166
65 169
65 171
65 180
65 184
65 185
65 190
65 193
65 196
65 205
65 215
65 219
65 223
65 225
65 229
65 238
65 247
66 67
66 68
66 71
66 72
66 74
66 80
66 81
66 84
66 92
66 93
66 100
66 103
66 108
66 113
66 119
66 122
66 137
66 141
66 146
66 149
66 154
66 155
66 156
66 157
66 165
66 178
66 184
66 196
66 207
66 226
66 231
66 233
67 68
67 69
67 75
67 83
67 85
67 86
67 89
67 93
67 103
67 106
67 121
67 129
67 138
67 139
67 140
67 141
67 148
67 170
67 174
67 175
67 176
67 181
67 186
67 190
67 200
67 220
67 221
67 222
67 226
67 230
67 239
67 245
68 69
68 70
68 73
68 76
68 79
68 82
68 88
68 89
68 94
68 98
68 110
68 112
68 119
68 120
68 121
68 125
68 128
68 137
68 145
68 156
68 165
68 180
68 181
68 182
68 186
68 187
68 188
68 191
68 201
68 208
68 219
68 241
68 249
69 70
69 74
69 76
69 77
69 80
69 89
69 97
69 101
69 104
69 106
69 109
69 117
69 118
69 120
69 121
69 122
69 123
69 129
69 143
69 145
69 149
69 153
69 162
69 172
69 182
69 197
69 211
69 217
69 226
69 239
69 240
69 247
70 71
70 77
70 78
70 80
70 81
70 98
70 102
70 106
70 112
70 119
70 125
70 129
70 140
70 141
70 143
70 160
70 161
70 162
70 164
70 177
70 179
70 182
70 194
70 199
70 204
70 216
70 218
70 221
70 222
70 226
70 227
70 228
70 231
70 239
70 240
70 245
70 248
70 249
71 74
71 77
71 81
71 86
71 98
71 99
71 107
71 110
71 112
71 115
71 116
71 121
71 126
71 127
71 131
71 152
71 153
71 175
71 190
71 197
71 198
71 200
71 209
71 210
71 212
71 218
71 220
71 222
71 232
71 233
71 240
72 75
72 77
72 85
72 92
72 96
72 103
72 109
72 112
72 113
72 116
72 128
72 137
72 142
72 143
72 148
72 150
72 155
72 158
72 159
72 164
72 167
72 171
72 174
72 175
72 176
72 182
72 184
72 186
72 189
72 196
72 209
72 213
72 216
72 229
72 238
72 240
72 243
73 83
73 86
73 94
73 96
73 97
73 98
73 99
73 115
73 117
73 118
73 121
73 125
73 126
73 135
73 147
73 153
73 154
73 155
73 156
73 168
73 173
73 177
73 178
73 190
73 192
73 195
73 209
73 210
73 215
73 217
73 219
73 222
73 224
73 225
73 232
73 234
73 236
73 240
74 86
74 87
74 101
74 108
74 114
74 116
74 118
74 119
74 121
74 123
74 137
74 142
74 145
74 149
74 159
74 160
74 161
74 164
74 165
74 173
74 178
74 179
74 183
74 184
74 187
74 188
74 195
74 198
74 201
74 203
74 206
74 219
74 233
74 236
74 240
74 245
74 248
75 76
75 77
75 84
75 86
75 94
75 96
75 98
75 120
75 128
75 129
75 130
75 142
75 148
75 153
75 169
75 171
75 173
75 178
75 191
75 193
75 197
75 211
75 213
75 214
75 219
75 221
75 228
75 232
75 239
76 77
76 82
76 87
76 89
76 100
76 101
76 105
76 108
76 124
76 133
76 141
76 143
76 145
76 147
76 148
76 149
76 151
76 155
76 156
76 160
76 178
76 180
76 194
76 195
76 197
76 200
76 204
76 212
76 213
76 217
76 229
76 238
76 247
76 249
77 81
77 85
77 89
77 90
77 92
77 93
77 97
77 98
77 100
77 114
77 115
77 116
77 117
77 120
77 130
77 137
77 140
77 143
77 146
77 156
77 160
77 161
77 164
77 167
77 171
77 175
77 176
77 191
77 193
77 195
77 197
77 198
77 201
77 202
77 203
77 205
77 211
77 212
77 213
77 228
77 235
77 248
78 79
78 84
78 86
78 101
78 104
78 111
78 113
78 116
78 119
78 124
78 125
78 127
78 130
78 140
78 141
78 142
78 144
78 146
78 152
78 160
78 162
78 172
78 177
78 182
78 184
78 188
78 199
78 203
78 205
78 230
78 241
78 247
79 80
79 92
79 94
79 109
79 114
79 128
79 129
79 130
79 131
79 132
79 141
79 143
79 145
79 146
79 153
79 154
79 156
79 157
79 165
79 167
79 168
79 174
79 178
79 179
79 192
79 193
79 194
79 195
79 196
79 206
79 211
79 216
79 217
79 220
79 230
79 234
79 240
80 86
80 87
80 91
80 104
80 107
80 109
80 112
80 114
80 124
80 125
80 134
80 138
80 141
80 142
80 153
80 158
80 163
80 167
80 172
80 173
80 174
80 196
80 201
80 208
80 212
80 214
80 215
80 218
80 220
80 230
80 232
80 243
80 245
81 85
81 86
81 87
81 92
81 99
81 105
81 109
81 114
81 122
81 124
81 125
81 130
81 132
81 142
81 147
81 159
81 163
81 164
81 166
81 170
81 187
81 189
81 193
81 198
81 209
81 222
81 227
81 228
81 232
81 238
81 243
81 245
82 87
82 95
82 98
82 100
82 109
82 110
82 119
82 122
82 142
82 145
82 150
82 163
82 167
82 168
82 169
82 171
82 177
82 187
82 190
82 192
82 201
82 209
82 217
82 219
82 222
82 223
82 224
82 231
82 240
82 242
82 245
83 112
83 115
83 117
83 119
83 122
83 127
83 130
83 136
83 140
83 142
83 152
83 156
83 159
83 163
83 168
83 171
83 173
83 178
83 181
83 184
83 186
83 187
83 189
83 192
83 196
83 201
83 212
83 213
83 218
83 229
83 233
83 235
83 236
83 238
83 245
84 93
84 94
84 104
84 106
84 107
84 109
84 111
84 113
84 115
84 116
84 128
84 131
84 133
84 137
84 143
84 147
84 160
84 168
84 184
84 185
84 200
84 202
84 214
84 215
84 221
84 225
84 228
84 231
84 232
84 233
84 238
84 240
84 248
85 94
85 99
85 110
85 114
85 117
85 122
85 136
85 137
85 139
85 161
85 174
85 175
85 177
85 184
85 187
85 191
85 200
85 201
85 202
85 203
85 206
85 219
85 221
85 222
85 224
85 229
85 231
85 232
85 236
85 237
85 241
86 87
86 88
86 89
86 97
86 105
86 108
86 112
86 128
86 132
86 136
86 149
86 154
86 167
86 168
86 169
86 171
86 189
86 190
86 192
86 198
86 211
86 221
86 223
86 224
86 225
86 237
86 239
86 241
86 249
87 90
87 95
87 101
87 106
87 115
87 117
87 121
87 124
87 126
87 128
87 138
87 139
87 143
87 146
87 149
87 156
87 162
87 169
87 171
87 175
87 181
87 186
87 193
87 194
87 203
87 207
87 208
87 217
87 220
87 222
87 223
87 224
87 229
87 231
87 236
87 241
87 242
88 93
88 96
88 100
88 106
88 109
88 114
88 125
88 129
88 132
88 135
88 136
88 141
88 146
88 147
88 154
88 170
88 175
88 177
88 183
88 188
88 197
88 206
88 207
88 211
88 214
88 216
88 220
88 225
88 232
88 239
88 241
88 245
89 92
89 96
89 97
89 99
89 106
89 119
89 126
89 132
89 145
89 166
89 167
89 170
89 171
89 173
89 182
89 183
89 187
89 188
89 191
89 193
89 208
89 215
89 224
89 226
89 232
89 241
89 242
89 246
89 249
90 101
90 110
90 121
90 123
90 124
90 133
90 141
90 142
90 144
90 149
90 156
90 157
90 160
90 163
90 171
90 180
90 187
90 194
90 198
90 203
90 204
90 206
90 209
90 214
90 220
90 222
90 229
90 236
90 239
91 100
91 104
91 105
91 109
91 119
91 123
91 126
91 128
91 130
91 131
91 132
91 133
91 138
91 143
91 145
91 148
91 149
91 151
91 153
91 160
91 161
91 162
91 167
91 168
91 171
91 177
91 185
91 188
91 192
91 194
91 198
91 199
91 201
91 204
91 212
91 214
91 218
91 219
91 233
91 236
91 244
91 246
92 99
92 103
92 114
92 131
92 132
92 138
92 141
92 142
92 147
92 148
92 150
92 151
92 152
92 161
92 174
92 175
92 179
92 184
92 192
92 195
92 201
92 202
92 204
92 215
92 218
92 230
92 232
92 236
92 244
93 96
93 109
93 114
93 117
93 118
93 119
93 125
93 136
93 141
93 149
93 150
93 157
93 168
93 171
93 177
93 180
93 184
93 187
93 193
93 196
93 208
93 213
93 228
93 237
93 239
93 242
94 113
94 114
94 115
94 118
94 120
94 129
94 130
94 132
94 133
94 149
94 150
94 151
94 152
94 154
94 161
94 178
94 188
94 192
94 200
94 202
94 208
94 222
94 229
94 249
95 96
95 98
95 100
95 103
95 120
95 121
95 147
95 149
95 150
95 151
95 156
95 158
95 170
95 172
95 177
95 180
95 186
95 196
95 200
95 202
95 208
95 228
95 231
95 235
95 236
95 237
95 244
96 97
96 102
96 103
96 104
96 107
96 115
96 116
96 124
96 127
96 131
96 134
96 135
96 136
96 152
96 157
96 161
96 168
96 172
96 174
96 180
96 181
96 184
96 185
96 188
96 189
96 193
96 196
96 197
96 198
96 212
96 213
96 214
96 223
96 224
96 225
96 235
96 237
96 240
97 100
97 107
97 111
97 112
97 115
97 118
97 122
97 123
97 128
97 131
97 132
97 134
97 145
97 146
97 155
97 158
97 161
97 164
97 166
97 173
97 179
97 185
97 186
97 188
97 191
97 194
97 197
97 198
97 205
97 213
97 220
97 237
97 242
97 243
97 246
97 247
98 99
98 134
98 137
98 141
98 151
98 156
98 157
98 162
98 168
98 170
98 174
98 182
98 187
98 204
98 211
98 217
98 221
98 222
98 229
98 232
98 236
98 242
99 101
99 102
99 103
99 104
99 105
99 106
99 107
99 108
99 109
99 111
99 112
99 114
99 115
99 128
99 139
99 144
99 154
99 158
99 165
99 178
99 179
99 186
99 188
99 195
99 205
99 210
99 211
99 218
99 228
99 230
99 233
99 242
99 244
99 245
99 247
100 104
100 105
100 111
100 114
100 116
100 118
100 125
100 131
100 139
100 144
100 147
100 154
100 155
100 159
100 166
100 167
100 171
100 174
100 175
100 176
100 189
100 195
100 196
100 198
100 200
100 201
100 203
100 204
100 212
100 222
100 228
100 232
100 243
100 245
100 247
100 249
101 111
101 116
101 126
101 127
101 134
101 136
101 139
101 146
101 149
101 152
101 153
101 160
101 172
101 175
101 179
101 191
101 202
101 216
101 217
101 219
101 225
101 233
101 243
101 245
101 247
101 248
102 117
102 133
102 134
102 136
102 137
102 138
102 144
102 146
102 148
102 154
102 157
102 159
102 160
102 161
102 163
102 170
102 172
102 173
102 174
102 175
102 180
102 181
102 186
102 188
102 191
102 194
102 196
102 207
102 209
102 217
102 226
102 230
102 237
102 239
102 241
102 242
102 243
102 246
103 105
103 107
103 111
103 113
103 122
103 131
103 134
103 143
103 154
103 158
103 179
103 180
103 182
103 189
103 190
103 192
103 196
103 197
103 199
103 204
103 206
103 207
103 213
103 221
103 225
103 227
103 230
103 231
103 235
104 107
104 113
104 123
104 124
104 131
104 137
104 139
104 140
104 150
104 153
104 168
104 170
104 179
104 184
104 185
104 188
104 200
104 205
104 208
104 211
104 216
104 217
104 222
104 235
104 237
104 247
104 248
105 107
105 110
105 113
105 114
105 115
105 119
105 121
105 126
105 128
105 132
105 145
105 163
105 166
105 172
105 184
105 186
105 190
105 205
105 209
105 216
105 224
105 240
106 111
106 112
106 121
106 128
106 144
106 145
106 149
106 151
106 152
106 160
106 163
106 165
106 169
106 174
106 177
106 180
106 181
106 205
106 215
106 219
106 222
106 224
106 226
106 231
106 234
106 242
107 131
107 135
107 154
107 157
107 162
107 163
107 169
107 170
107 172
107 189
107 190
107 192
107 195
107 198
107 201
107 204
107 224
107 225
107 239
107 246
108 109
108 116
108 122
108 123
108 124
108 127
108 130
108 141
108 151
108 153
108 154
108 164
108 165
108 189
108 205
108 209
108 212
108 217
108 222
108 228
108 237
108 241
108 242
108 245
109 115
109 116
109 126
109 131
109 138
109 139
109 140
109 146
109 150
109 151
109 153
109 158
109 162
109 163
109 165
109 168
109 170
109 179
109 181
109 183
109 185
109 194
109 205
109 206
109 208
109 218
109 219
109 222
109 224
109 226
109 228
110 112
110 117
110 121
110 136
110 137
110 155
110 158
110 164
110 169
110 171
110 179
110 184
110 185
110 189
110 194
110 199
110 201
110 202
110 212
110 221
110 224
110 232
110 240
110 241
110 243
111 112
111 120
111 126
111 132
111 133
111 137
111 141
111 142
111 146
111 150
111 157
111 171
111 174
111 186
111 198
111 201
111 203
111 216
111 218
111 223
111 224
111 228
111 239
111 241
112 113
112 114
112 115
112 123
112 140
112 153
112 157
112 161
112 164
112 166
112 169
112 170
112 171
112 173
112 181
112 185
112 187
112 194
112 195
112 198
112 199
112 203
112 207
112 212
112 215
112 224
112 225
112 236
112 237
112 238
112 239
112 249
113 116
113 119
113 128
113 133
113 135
113 141
113 144
113 145
113 148
113 154
113 161
113 165
113 171
113 183
113 188
113 195
113 230
113 238
114 122
114 124
114 151
114 154
114 155
114 159
114 160
114 165
114 167
114 168
114 180
114 181
114 184
114 200
114 204
114 215
114 218
114 221
114 225
114 229
114 232
114 233
114 240
115 119
115 120
115 130
115 131
115 137
115 141
115 142
115 143
115 145
115 152
115 154
115 155
115 157
115 160
115 161
115 163
115 166
115 173
115 178
115 181
115 182
115 184
115 187
115 191
115 194
115 195
115 198
115 208
115 210
115 211
115 220
115 228
115 233
115 237
115 238
115 245
115 249
116 119
116 120
116 125
116 127
116 129
116 130
116 147
116 156
116 162
116 163
116 164
116 167
116 180
116 187
116 189
116 190
116 195
116 207
116 208
116 212
116 214
116 220
116 232
116 235
116 239
116 249
117 121
117 124
117 132
117 135
117 136
117 139
117 151
117 160
117 164
117 165
117 167
117 169
117 177
117 179
117 184
117 192
117 193
117 200
117 209
117 213
117 216
117 218
117 220
117 222
117 223
117 224
117 232
117 233
117 240
117 244
118 119
118 120
118 121
118 122
118 124
118 129
118 130
118 133
118 149
118 150
118 154
118 157
118 167
118 174
118 175
118 181
118 185
118 187
118 199
118 207
118 208
118 210
119 125
119 126
119 136
119 143
119 147
119 162
119 167
119 168
119 172
119 177
119 178
119 183
119 186
119 189
119 191
119 201
119 203
119 204
119 208
119 209
119 212
119 217
119 224
119 232
119 233
119 235
119 236
119 239
119 243
119 246
119 248
120 121
120 124
120 125
120 139
120 146
120 151
120 153
120 164
120 166
120 173
120 175
120 186
120 187
120 191
120 198
120 199
120 201
120 202
120 203
120 206
120 212
120 214
120 216
120 217
120 223
120 226
120 230
120 232
121 124
121 133
121 135
121 146
121 159
121 163
121 167
121 185
121 189
121 197
121 198
121 200
121 202
121 207
121 209
121 211
121 225
121 237
121 243
122 127
122 128
122 129
122 136
122 139
122 152
122 172
122 183
122 188
122 211
122 212
122 218
122 224
122 235
122 238
122 239
123 127
123 142
123 147
123 150
123 154
123 157
123 163
123 182
123 183
123 185
123 198
123 201
123 212
123 223
123 224
123 228
123 238
123 247
123 248
124 126
124 130
124 133
124 137
124 142
124 144
124 167
124 168
124 170
124 174
124 175
124 179
124 180
124 188
124 194
124 196
124 200
124 203
124 204
124 207
124 209
124 211
124 213
124 214
124 215
124 219
124 237
124 241
124 244
124 247
124 249
125 130
125 140
125 145
125 146
125 152
125 153
125 154
125 156
125 159
125 161
125 162
125 169
125 180
125 186
125 191
125 198
125 200
125 207
125 212
125 221
125 222
125 223
125 237
125 240
125 243
125 247
125 249
126 127
126 129
126 131
126 142
126 151
126 152
126 153
126 156
126 157
126 158
126 159
126 165
126 167
126 168
126 175
126 177
126 178
126 180
126 183
126 186
126 192
126 203
126 206
126 207
126 212
126 215
126 216
126 217
126 221
126 223
126 227
126 228
126 230
126 241
126 243
126 248
127 128
127 132
127 144
127 145
127 149
127 158
127 160
127 163
127 164
127 172
127 176
127 179
127 180
127 182
127 183
127 198
127 207
127 214
127 215
127 224
127 225
127 226
127 240
127 245
127 246
128 138
128 139
128 140
128 148
128 150
128 156
128 161
128 164
128 171
128 179
128 180
128 181
128 183
128 184
128 188
128 190
128 197
128 204
128 210
128 217
128 218
128 226
128 229
128 237
128 240
128 245
128 249
129 134
129 135
129 142
129 143
129 150
129 151
129 156
129 165
129 173
129 175
129 181
129 184
129 192
129 195
129 199
129 200
129 201
129 208
129 214
129 222
129 223
129 231
129 247
129 248
130 131
130 140
130 145
130 152
130 156
130 158
130 161
130 162
130 163
130 168
130 171
130 172
130 182
130 185
130 187
130 191
130 193
130 200
130 201
130 209
130 215
130 228
130 232
130 233
130 242
130 245
131 144
131 145
131 153
131 154
131 155
131 159
131 160
131 165
131 170
131 171
131 187
131 189
131 190
131 194
131 199
131 206
131 211
131 219
131 221
131 227
131 234
131 243
131 244
132 133
132 139
132 146
132 147
132 151
132 153
132 158
132 162
132 163
132 176
132 184
132 185
132 186
132 189
132 190
132 198
132 201
132 204
132 211
132 216
132 221
132 222
132 223
132 227
132 233
132 234
132 239
132 240
132 243
132 245
132 246
133 159
133 164
133 168
133 176
133 182
133 183
133 185
133 188
133 193
133 196
133 207
133 210
133 221
133 222
133 225
133 231
133 232
133 240
133 243
133 248
133 249
134 144
134 150
134 155
134 156
134 157
134 159
134 165
134 168
134 170
134 172
134 173
134 186
134 189
134 205
134 206
134 211
134 223
134 225
134 236
134 239
134 243
135 144
135 151
135 152
135 154
135 157
135 174
135 176
135 180
135 185
135 193
135 198
135 199
135 210
135 215
135 220
135 222
135 224
135 228
135 232
135 240
135 244
135 245
136 140
136 142
136 145
136 173
136 177
136 179
136 182
136 193
136 199
136 200
136 206
136 209
136 211
136 219
136 221
136 227
136 228
136 231
136 233
136 235
136 239
137 138
137 139
137 145
137 153
137 154
137 162
137 163
137 166
137 172
137 185
137 188
137 191
137 193
137 196
137 197
137 199
137 209
137 213
137 227
137 233
137 235
137 242
138 139
138 142
138 148
138 157
138 158
138 161
138 163
138 172
138 179
138 187
138 191
138 193
138 194
138 198
138 200
138 204
138 208
138 213
138 221
138 222
138 223
138 225
138 229
138 230
138 243
138 248
139 140
139 144
139 149
139 150
139 156
139 163
139 175
139 180
139 181
139 183
139 188
139 190
139 195
139 196
139 197
139 198
139 202
139 208
139 210
139 216
139 218
139 222
139 228
139 231
139 235
139 238
139 248
140 143
140 144
140 145
140 149
140 152
140 153
140 155
140 156
140 159
140 165
140 178
140 185
140 194
140 195
140 199
140 217
140 220
140 228
140 229
140 249
141 151
141 154
141 156
141 157
141 158
141 162
141 168
141 170
141 192
141 195
141 197
141 199
141 201
141 203
141 209
141 210
141 212
141 218
141 223
141 228
141 244
141 245
141 248
142 150
142 152
142 153
142 158
142 159
142 163
142 168
142 169
142 173
142 175
142 180
142 181
142 182
142 187
142 192
142 197
142 204
142 206
142 223
142 238
142 248
142 249
143 145
143 147
143 149
143 151
143 154
143 156
143 158
143 166
143 167
143 177
143 192
143 198
143 204
143 214
143 222
143 223
143 230
143 244
143 246
144 159
144 165
144 167
144 168
144 169
144 170
144 172
144 178
144 179
144 183
144 185
144 187
144 192
144 212
144 217
144 222
144 223
144 227
144 234
144 238
144 242
144 243
144 247
145 147
145 150
145 151
145 153
145 157
145 159
145 165
145 167
145 170
145 177
145 182
145 183
145 186
145 188
145 196
145 197
145 198
145 200
145 203
145 206
145 221
145 223
145 228
145 241
145 242
145 243
145 245
146 153
146 154
146 163
146 164
146 166
146 168
146 169
146 175
146 195
146 196
146 203
146 212
146 215
146 220
146 221
146 227
146 230
146 235
146 238
146 239
146 241
147 153
147 155
147 158
147 163
147 165
147 173
147 176
147 179
147 185
147 188
147 196
147 199
147 204
147 209
147 215
147 221
147 226
147 244
148 154
148 160
148 161
148 166
148 167
148 170
148 181
148 187
148 190
148 194
148 197
148 205
148 214
148 221
148 224
148 234
148 235
148 238
148 243
149 151
149 154
149 163
149 175
149 179
149 181
149 184
149 196
149 197
149 199
149 202
149 204
149 206
149 218
149 229
149 234
150 153
150 157
150 164
150 167
150 172
150 173
150 179
150 182
150 186
150 191
150 198
150 203
150 205
150 212
150 220
150 229
150 236
150 239
150 242
150 247
151 156
151 160
151 168
151 170
151 172
151 176
151 181
151 190
151 191
151 195
151 200
151 211
151 214
151 215
151 230
151 233
151 234
151 239
151 240
152 153
152 154
152 160
152 167
152 168
152 169
152 170
152 178
152 186
152 189
152 190
152 191
152 201
152 203
152 205
152 211
152 215
152 216
152 225
152 232
152 237
152 238
152 241
152 244
152 246
152 247
152 248
153 156
153 158
153 160
153 161
153 166
153 167
153 175
153 180
153 192
153 231
153 234
153 239
153 241
153 243
153 246
154 159
154 161
154 164
154 165
154 169
154 171
154 172
154 182
154 184
154 193
154 204
154 208
154 216
154 217
154 218
154 221
154 224
154 243
154 248
154 249
155 156
155 158
155 162
155 163
155 165
155 166
155 167
155 172
155 174
155 176
155 196
155 197
155 199
155 202
155 205
155 207
155 218
155 220
155 227
155 230
155 232
155 240
155 249
156 157
156 158
156 161
156 163
156 164
156 170
156 180
156 182
156 183
156 185
156 190
156 197
156 216
156 217
156 222
156 239
157 162
157 163
157 164
157 172
157 175
157 177
157 178
157 179
157 184
157 186
157 190
157 195
157 196
157 197
157 202
157 208
157 211
157 213
157 216
157 218
157 230
157 232
157 235
157 236
157 240
157 241
157 248
158 170
158 178
158 180
158 183
158 188
158 193
158 196
158 197
158 198
158 207
158 211
158 214
158 215
158 217
158 229
158 235
158 239
158 249
159 164
159 168
159 173
159 182
159 183
159 191
159 192
159 194
159 195
159 197
159 199
159 202
159 206
159 208
159 213
159 217
159 221
159 223
159 229
159 234
159 236
159 237
159 245
160 162
160 169
160 173
160 181
160 186
160 187
160 188
160 192
160 194
160 196
160 199
160 208
160 217
160 218
160 219
160 222
160 223
160 227
160 228
160 229
160 233
160 242
160 247
161 164
161 179
161 181
161 184
161 195
161 196
161 202
161 206
161 208
161 209
161 210
161 218
161 219
161 223
161 232
161 235
161 238
162 164
162 166
162 174
162 175
162 178
162 179
162 185
162 195
162 198
162 200
162 201
162 209
162 211
162 212
162 216
162 218
162 219
162 232
162 242
162 246
163 164
163 165
163 168
163 171
163 173
163 174
163 182
163 183
163 187
163 188
163 193
163 198
163 203
163 204
163 207
163 215
163 218
163 219
163 222
163 224
163 227
163 234
163 237
164 165
164 173
164 175
164 180
164 181
164 186
164 187
164 195
164 202
164 206
164 212
164 222
164 224
164 230
164 236
165 169
165 181
165 188
165 200
165 207
165 211
165 212
165 215
165 217
165 223
165 228
165 233
165 248
165 249
166 168
166 177
166 180
166 182
166 197
166 201
166 204
166 205
166 206
166 207
166 210
166 218
166 225
166 227
166 233
166 234
166 235
166 237
166 241
166 242
167 169
167 171
167 176
167 179
167 189
167 190
167 198
167 204
167 205
167 206
167 212
167 215
167 230
167 232
167 233
167 248
168 169
168 175
168 176
168 180
168 184
168 185
168 189
168 195
168 197
168 205
168 206
168 208
168 210
168 219
168 221
168 228
168 229
168 237
168 238
168 239
169 177
169 178
169 181
169 183
169 187
169 199
169 210
169 212
169 222
169 228
169 241
169 242
169 247
170 172
170 175
170 178
170 184
170 187
170 190
170 201
170 208
170 217
170 218
170 234
170 236
170 243
170 246
171 180
171 185
171 192
171 200
171 201
171 209
171 214
171 226
171 231
171 233
171 234
171 237
171 241
171 245
172 178
172 185
172 189
172 196
172 197
172 206
172 219
172 220
172 229
172 230
172 233
172 234
172 237
172 238
172 242
172 243
173 175
173 176
173 179
173 181
173 182
173 183
173 207
173 209
173 214
173 219
173 221
173 223
173 228
173 237
173 243
173 245
174 179
174 181
174 188
174 191
174 192
174 193
174 195
174 196
174 201
174 203
174 212
174 221
174 226
174 227
174 228
174 229
174 232
174 237
174 239
174 240
175 193
175 202
175 210
175 213
175 216
175 221
175 222
175 229
175 234
175 241
175 246
175 248
176 180
176 185
176 189
176 192
176 200
176 204
176 218
176 220
176 221
176 224
176 225
176 231
176 234
176 235
176 236
176 243
176 244
176 248
177 178
177 180
177 183
177 187
177 192
177 197
177 201
177 215
177 220
177 229
177 231
177 234
177 236
177 238
177 245
177 248
178 185
178 197
178 217
178 227
178 228
178 231
178 232
178 233
178 234
179 187
179 194
179 198
179 200
179 201
179 203
179 205
179 208
179 210
179 213
179 219
179 221
179 227
179 235
179 241
180 195
180 200
180 206
180 207
180 211
180 219
180 220
180 221
180 222
180 241
181 184
181 185
181 189
181 193
181 202
181 207
181 214
181 217
181 223
181 225
181 227
181 237
181 240
181 243
181 247
182 185
182 198
182 199
182 205
182 208
182 212
182 213
182 214
182 223
182 225
182 228
182 231
182 236
183 186
183 192
183 194
183 196
183 200
183 202
183 205
183 207
183 209
183 221
183 224
183 227
183 229
183 231
183 234
183 239
183 249
184 186
184 187
184 189
184 192
184 197
184 203
184 209
184 213
184 214
184 220
184 226
184 227
184 231
184 232
184 235
184 238
184 242
185 195
185 196
185 197
185 199
185 200
185 205
185 214
185 219
185 223
185 231
185 236
185 237
185 240
186 187
186 189
186 190
186 192
186 195
186 203
186 212
186 217
186 218
186 227
186 236
186 237
186 247
186 249
187 194
187 199
187 203
187 212
187 220
187 226
187 227
187 228
187 230
187 234
187 239
187 240
187 245
188 196
188 202
188 206
188 208
188 210
188 212
188 213
188 215
188 222
188 229
188 242
188 245
189 200
189 217
189 222
189 223
189 232
189 235
189 249
190 200
190 201
190 205
190 206
190 209
190 211
190 214
190 222
190 224
190 229
190 233
190 245
190 249
191 194
191 196
191 201
191 207
191 212
191 214
191 236
191 239
191 243
191 249
192 196
192 207
192 218
192 223
192 228
192 247
192 248
193 199
193 206
193 208
193 210
193 211
193 229
193 232
193 233
193 238
193 249
194 197
194 200
194 201
194 208
194 215
194 223
194 234
194 237
194 239
194 240
194 242
194 248
194 249
195 206
195 209
195 224
195 227
195 232
195 236
195 247
196 202
196 204
196 206
196 210
196 212
196 214
196 215
196 217
196 219
196 234
196 235
196 236
196 239
196 243
196 244
196 245
197 201
197 203
197 205
197 210
197 212
197 216
197 224
197 225
197 227
197 228
197 229
197 232
197 242
198 199
198 207
198 217
198 230
198 237
198 239
198 240
198 249
199 201
199 208
199 209
199 210
199 216
199 237
199 239
199 247
200 207
200 208
200 217
200 220
200 223
200 225
200 228
200 230
200 241
200 242
200 248
201 202
201 203
201 204
201 212
201 213
201 219
201 223
201 229
201 236
201 245
202 203
202 204
202 208
202 209
202 210
202 212
202 217
202 234
202 238
202 239
202 245
202 249
203 213
203 214
203 216
203 226
203 228
203 229
203 232
203 235
203 238
204 222
204 223
204 235
204 238
204 247
205 206
205 209
205 215
205 217
205 222
205 224
205 228
205 235
205 239
205 246
205 247
205 248
206 209
206 210
206 225
206 231
206 232
206 233
206 235
206 243
206 244
206 247
207 209
207 215
207 216
207 221
207 222
207 228
207 235
208 209
208 214
208 216
208 217
208 222
208 224
208 226
208 231
208 239
208 245
208 248
208 249
209 214
209 215
209 219
209 225
209 228
209 229
209 234
209 235
209 238
209 247
209 248
210 216
210 220
210 222
210 235
210 239
210 244
210 245
210 247
211 219
211 227
211 229
211 234
211 235
211 240
211 242
212 213
212 214
212 215
212 243
212 244
213 216
213 221
213 224
213 226
213 245
214 216
214 228
214 230
214 234
214 242
214 245
214 248
215 220
215 226
215 227
215 228
215 231
215 245
215 246
216 224
216 242
217 226
217 231
217 233
217 243
218 222
218 224
218 227
218 234
218 237
218 243
218 247
219 229
219 233
219 240
219 243
219 245
219 246
219 247
220 224
220 225
220 229
220 230
220 238
220 239
220 242
220 248
221 225
221 226
221 227
221 238
221 239
221 243
221 245
222 224
222 228
222 229
222 231
222 242
222 248
222 249
223 232
223 234
223 236
223 239
223 242
223 244
224 227
224 229
224 230
224 233
224 234
224 240
224 243
224 246
224 249
225 226
225 227
225 235
225 236
225 237
226 237
226 238
226 240
227 237
227 239
227 244
227 249
228 237
228 240
228 244
228 249
229 232
229 233
229 243
229 249
230 231
230 239
230 247
231 234
231 237
231 238
231 239
231 247
232 233
232 237
232 238
232 246
232 247
233 237
233 242
234 236
234 239
234 240
235 246
235 247
236 237
236 243
237 239
238 242
239 242
239 244
240 244
241 243
241 245
241 246
241 247
242 244
242 247
242 249
243 247
244 246
245 249
247 249

1 0 0 0 1 0 1 1 0 0 0 0 0 1 1 0 1 0 1 0 1 1 1 1 0 0 0 1 0 0 1 1 0 1 1 1 1 1 1 1 1 0 1 0 1 1 1 0 1 1 0 1 0 1 1 0 0 1 0 1 0 1 0 1 1 1 0 0 1 0 1 0 0 1 0 1 1 1 0 0 0 0 1 1 0 0 0 1 1 1 0 1 1 1 0 1 0 1 1 0 1 1 1 1 0 0 1 0 0 0 1 0 0 1 0 1 0 1 0 1 1 1 1 0 1 0 0 0 0 0 0 1 0 0 1 0 0 0 0 1 1 0 0 1 1 1 0 1 0 0 1 0 0 1 1 0 0 0 0 1 0 1 1 1 1 1 0 1 0 0 0 1 0 0 0 1 0 0 0 1 0 1 0 1 0 1 0 1 0 1 1 1 0 1 0 1 0 0 1 0 1 1 0 1 0 0 0 1 0 1 0 0 0 1 1 0 0 1 0 1 1 0 0 1 0 0 0 0 1 1 1 1 0 0 1 1 0 0 0 1 1 0 1 1 1 1 1 0 0 1