30 82
0 1 2 3 4 5 6 7 8 9 10 11 12 13 14 15 16 17 18 19 20 21 22 23 24 25 26 27 28 29
0 5
0 8
0 12
0 13
0 16
0 17
0 21
0 26
0 27
1 3
1 5
1 6
1 8
1 22
1 28
2 3
2 5
2 6
2 9
2 23
2 26
3 8
3 12
3 13
3 19
3 21
3 22
3 24
4 9
4 27
4 28
5 6
5 8
5 13
5 22
5 23
6 16
6 20
6 21
6 27
6 29
7 16
7 21
7 25
8 10
8 15
9 12
10 16
10 17
10 18
10 19
10 23
11 23
11 27
11 29
12 14
12 20
13 14
13 21
13 23
13 29
14 26
14 27
14 28
15 23
15 27
15 28
16 17
17 19
17 26
18 20
18 24
19 25
19 28
20 21
20 23
20 26
21 25
21 28
22 28
23 26
27 29

1 0 0 1 1 0 1 1 1 1 1 0 1 0 1 0 0 1 0 0 0 1 1 0 0 1 0 1 0 0