250 1593
0 1 2 3 4 5 6 7 8 9 10 11 12 13 14 15 16 17 18 19 20 21 22 23 24 25 26 27 28 29 30 31 32 33 34 35 36 37 38 39 40 41 42 43 44 45 46 47 48 49 50 51 52 53 54 55 56 57 58 59 60 61 62 63 64 65 66 67 68 69 70 71 72 73 74 75 76 77 78 79 80 81 82 83 84 85 86 87 88 89 90 91 92 93 94 95 96 97 98 99 100 101 102 103 104 105 106 107 108 109 110 111 112 113 114 115 116 117 118 119 120 121 122 123 124 125 126 127 128 129 130 131 132 133 134 135 136 137 138 139 140 141 142 143 144 145 146 147 148 149 150 151 152 153 154 155 156 157 158 159 160 161 162 163 164 165 166 167 168 169 170 171 172 173 174 175 176 177 178 179 180 181 182 183 184 185 186 187 188 189 190 191 192 193 194 195 196 197 198 199 200 201 202 203 204 205 206 207 208 209 210 211 212 213 214 215 216 217 218 219 220 221 222 223 224 225 226 227 228 229 230 231 232 233 234 235 236 237 238 239 240 241 242 243 244 245 246 247 248 249
0 21
0 72
0 144
0 148
0 155
0 160
0 166
0 198
0 199
0 231
1 48
1 49
1 54
1 63
1 65
1 104
1 161
1 167
1 233
1 237
1 242
2 5
2 19
2 23
2 31
2 66
2 121
2 154
2 173
2 177
2 181
3 63
3 67
3 91
3 99
3 110
3 134
3 149
3 163
3 194
3 216
3 225
3 235
4 14
4 25
4 29
4 32
4 52
4 58
4 69
4 72
4 112
4 115
4 132
4 135
4 198
4 204
4 211
4 229
5 13
5 15
5 17
5 28
5 42
5 67
5 70
5 86
5 120
5 130
5 154
5 156
5 160
5 174
5 229
5 241
5 246
6 11
6 20
6 66
6 88
6 89
6 107
6 142
6 162
6 177
6 183
6 208
6 212
6 232
6 236
6 245
6 249
7 8
7 15
7 31
7 35
7 39
7 89
7 107
7 110
7 115
7 124
7 136
7 137
7 142
7 148
7 162
7 196
7 199
7 201
7 215
8 52
8 90
8 98
8 169
8 190
8 194
8 214
8 215
8 218
8 238
8 245
9 17
9 27
9 40
9 96
9 124
9 142
9 172
9 192
9 209
9 222
10 13
10 41
10 52
10 77
10 78
10 82
10 98
10 105
10 129
10 202
10 224
10 230
11 37
11 42
11 43
11 67
11 77
11 98
11 99
11 115
11 120
11 122
11 126
11 138
11 154
11 219
11 228
12 18
12 44
12 49
12 56
12 58
12 60
12 64
12 67
12 70
12 74
12 91
12 102
12 110
12 113
12 134
12 172
12 197
12 208
12 234
12 243
13 17
13 81
13 86
13 94
13 111
13 113
13 140
13 156
13 220
13 221
14 42
14 63
14 144
14 169
14 189
14 191
14 212
14 237
14 242
14 246
15 29
15 32
15 48
15 51
15 60
15 118
15 121
15 141
15 226
16 35
16 51
16 69
16 71
16 83
16 107
16 111
16 138
16 162
16 176
16 230
16 236
17 18
17 60
17 96
17 104
17 166
18 58
18 59
18 72
18 75
18 82
18 91
18 95
18 110
18 162
18 175
18 176
18 179
18 189
19 28
19 40
19 42
19 57
19 65
19 79
19 86
19 95
19 104
19 136
19 168
19 184
19 225
19 230
20 33
20 68
20 93
20 95
20 119
20 138
20 149
20 156
20 159
20 239
20 245
21 25
21 36
21 81
21 125
21 128
21 131
21 137
21 148
21 150
21 198
21 220
21 230
21 231
21 233
21 241
22 105
22 108
22 135
22 143
22 167
22 208
22 232
23 37
23 68
23 86
23 130
23 155
23 163
23 200
23 205
23 228
23 237
24 56
24 86
24 104
24 105
24 108
24 133
24 148
24 168
24 215
24 242
25 47
25 72
25 79
25 80
25 94
25 137
25 162
25 190
25 204
25 244
26 41
26 61
26 89
26 121
26 123
26 136
26 153
26 154
26 165
26 185
27 36
27 121
27 166
27 167
27 172
27 182
27 187
27 188
27 192
27 194
27 208
27 225
27 237
28 38
28 44
28 79
28 138
28 147
28 169
28 180
28 228
28 232
29 32
29 65
29 76
29 82
29 175
29 203
29 230
29 243
30 49
30 80
30 111
30 134
30 167
30 208
30 227
31 61
31 63
31 71
31 72
31 85
31 112
31 117
31 122
31 147
31 149
31 157
31 161
31 165
31 207
31 225
31 242
31 246
32 84
32 150
32 155
32 175
32 203
32 211
32 212
32 236
33 69
33 74
33 106
33 109
33 112
33 122
33 131
33 138
33 140
33 178
33 217
33 225
33 245
34 37
34 44
34 65
34 119
34 124
34 125
34 196
34 209
34 238
35 84
35 114
35 118
35 146
35 154
35 168
35 175
35 199
35 202
35 205
35 209
36 65
36 67
36 88
36 95
36 114
36 118
36 141
36 142
36 146
36 176
36 194
36 213
36 245
36 249
37 52
37 68
37 104
37 124
37 161
37 171
37 174
37 201
37 219
37 225
38 42
38 47
38 84
38 86
38 96
38 112
38 114
38 124
38 126
38 146
38 176
38 204
38 210
38 240
39 58
39 59
39 91
39 198
39 222
39 234
39 241
39 244
40 43
40 49
40 61
40 73
40 189
40 191
40 198
40 204
40 209
40 210
40 217
40 223
40 239
40 249
41 48
41 66
41 73
41 94
41 112
41 116
41 120
41 129
41 132
41 140
41 154
41 157
41 161
41 182
41 203
41 213
42 52
42 94
42 112
42 115
42 125
42 145
42 168
42 192
42 214
43 51
43 73
43 94
43 113
43 143
43 172
43 183
43 197
43 219
43 234
43 249
44 113
44 135
44 140
44 181
44 224
44 244
45 53
45 58
45 75
45 99
45 107
45 108
45 130
45 136
45 140
45 142
45 154
45 159
45 164
45 201
45 222
46 68
46 69
46 96
46 155
46 188
46 190
46 202
46 210
46 230
47 64
47 72
47 86
47 96
47 97
47 108
47 122
47 129
47 138
47 149
47 170
47 179
47 182
47 185
47 207
47 249
48 88
48 120
48 124
48 147
48 149
48 155
48 180
48 193
48 212
48 227
48 233
49 52
49 53
49 85
49 91
49 92
49 142
49 143
49 148
49 170
49 176
49 177
49 228
49 245
50 55
50 75
50 80
50 95
50 116
50 117
50 140
50 153
50 155
50 173
50 180
50 184
50 236
51 92
51 97
51 103
51 116
51 129
51 162
51 173
51 178
51 183
51 198
51 203
51 210
51 245
52 61
52 70
52 95
52 100
52 106
52 107
52 116
52 136
52 139
52 206
52 216
52 217
52 225
52 246
53 56
53 71
53 78
53 110
53 112
53 114
53 117
53 135
53 136
53 178
53 210
53 238
54 57
54 83
54 128
54 133
54 142
54 144
54 145
54 146
54 148
54 176
54 178
54 185
54 193
54 214
55 60
55 65
55 90
55 91
55 94
55 140
55 154
55 164
55 183
55 194
56 82
56 85
56 100
56 108
56 158
56 166
56 192
56 216
56 230
56 238
56 244
57 99
57 103
57 112
57 150
57 154
57 186
57 197
57 206
57 223
58 69
58 79
58 94
58 103
58 108
58 199
58 204
58 208
58 240
59 113
59 129
59 130
59 179
59 182
59 186
59 190
59 194
59 227
59 237
59 238
60 64
60 96
60 97
60 116
60 175
60 221
61 107
61 191
61 193
61 196
61 210
61 245
62 127
62 165
62 169
62 187
62 223
63 103
63 119
63 159
63 204
63 222
63 226
63 239
64 65
64 68
64 97
64 99
64 162
64 174
64 224
64 236
64 240
64 242
65 90
65 106
65 115
65 127
65 156
65 162
65 165
65 170
65 203
65 219
65 224
65 226
66 97
66 102
66 133
66 158
66 167
66 175
66 231
66 246
67 97
67 149
67 156
67 174
67 206
67 236
68 86
68 94
68 102
68 105
68 129
68 156
68 158
68 225
68 239
69 75
69 90
69 109
69 139
69 169
69 185
69 189
69 221
69 229
70 74
70 76
70 140
70 154
70 200
71 86
71 98
71 119
71 122
71 138
71 142
71 180
71 216
71 227
71 242
72 89
72 116
72 125
72 169
72 234
72 245
72 247
73 191
73 211
73 227
73 228
73 235
73 237
73 246
74 95
74 104
74 112
74 119
74 137
74 141
74 166
74 176
74 223
74 224
74 235
75 122
75 130
75 150
75 165
75 197
75 198
75 222
76 106
76 120
76 138
76 140
76 193
76 207
76 223
76 240
77 85
77 102
77 126
77 134
77 159
77 178
77 199
77 222
77 239
78 83
78 85
78 96
78 123
78 127
78 157
78 164
78 192
78 213
78 221
78 232
79 108
79 112
79 131
79 161
79 163
79 176
79 180
79 185
79 200
79 213
79 217
79 224
80 87
80 130
80 174
80 185
81 107
81 109
81 114
81 128
81 134
81 144
81 147
81 172
81 195
81 227
81 241
81 243
82 108
82 110
82 146
82 154
82 178
82 192
82 209
82 225
82 227
83 149
83 175
83 198
83 214
83 243
83 249
84 89
84 101
84 106
84 132
84 134
84 137
84 146
84 149
84 156
84 170
84 179
84 228
84 242
84 246
85 88
85 101
85 154
85 174
85 175
85 178
85 195
85 219
85 227
86 115
86 147
86 163
86 173
86 240
87 108
87 144
87 177
87 180
87 183
87 210
87 221
87 236
87 248
88 109
88 123
88 125
88 137
88 148
88 151
88 192
88 196
88 240
88 241
89 110
89 162
89 165
89 187
89 219
89 228
89 243
89 249
90 93
90 104
90 119
90 121
90 134
90 158
90 189
90 211
90 232
91 100
91 118
91 122
91 144
91 155
91 168
91 234
92 97
92 113
92 126
92 134
92 149
92 181
92 237
92 243
93 94
93 108
93 113
93 210
93 221
94 100
94 101
94 112
94 124
94 137
94 147
94 192
94 207
94 222
94 243
95 124
95 143
95 151
95 160
95 182
95 200
95 243
96 107
96 135
96 177
96 193
96 200
96 207
96 215
96 218
96 228
96 242
97 108
97 113
97 114
97 124
97 144
97 202
97 203
97 213
97 240
98 121
98 146
98 164
98 205
98 209
98 212
98 222
98 224
98 244
99 112
99 117
99 119
99 132
99 161
99 162
99 165
99 167
99 203
99 217
99 232
100 109
100 127
100 149
100 167
100 180
100 186
101 116
101 150
101 161
101 189
101 207
101 214
101 233
101 237
101 240
101 241
102 109
102 123
102 126
102 127
102 171
102 217
102 222
102 230
102 237
102 247
103 118
103 122
103 124
103 131
103 133
103 134
103 164
103 167
103 184
103 211
103 212
103 241
103 247
104 107
104 118
104 131
104 133
104 148
104 153
104 175
104 177
104 187
104 202
104 207
105 106
105 118
105 130
105 133
105 183
105 191
105 202
106 150
106 158
106 170
106 178
106 190
106 209
106 212
107 132
107 137
107 154
107 212
107 216
107 229
108 133
108 179
108 211
108 220
108 225
109 121
109 123
109 130
109 154
109 169
109 194
109 212
109 224
109 232
110 114
110 117
110 149
110 153
110 157
110 243
111 118
111 143
111 171
111 180
111 188
112 139
112 167
112 174
112 176
112 183
112 197
112 220
112 248
113 123
113 137
113 163
113 165
113 169
113 175
113 222
113 223
113 232
113 237
113 238
114 119
114 149
114 156
114 181
114 203
114 236
115 122
115 171
115 191
116 128
116 204
116 213
116 216
116 217
117 126
117 140
117 143
117 158
117 169
117 186
117 208
117 234
117 238
117 245
118 164
118 183
118 189
118 203
118 245
119 125
119 147
119 158
119 206
119 207
119 215
119 224
120 128
120 156
120 180
120 213
120 215
120 246
120 247
121 165
121 169
121 175
122 129
122 136
122 162
122 190
122 195
122 229
122 235
123 147
123 152
123 154
123 159
123 164
123 188
123 204
123 233
124 137
124 155
124 168
124 176
124 189
124 220
124 249
125 182
125 210
125 226
125 240
126 128
126 142
126 156
126 163
126 166
126 168
126 240
127 133
127 138
127 139
127 162
127 192
127 206
127 213
127 215
128 141
128 145
128 150
128 230
129 144
129 153
129 191
129 200
129 217
129 222
129 227
130 142
130 157
130 194
130 212
130 244
131 143
131 144
131 184
131 227
131 237
132 138
132 161
132 180
132 196
133 141
133 145
133 152
133 161
133 163
133 184
133 199
133 200
133 208
133 222
133 238
133 241
134 155
134 164
134 174
134 194
134 195
135 137
135 166
135 184
135 185
135 187
135 220
135 237
136 156
136 159
136 172
136 180
136 191
136 208
136 219
137 157
137 168
137 174
137 176
138 155
138 180
138 181
138 186
138 199
138 205
138 219
138 224
138 243
139 144
139 157
139 162
139 170
139 179
139 186
139 187
139 210
139 230
139 237
140 155
140 216
140 223
141 155
141 214
141 218
141 231
141 232
142 148
142 154
142 165
142 167
142 216
142 241
143 180
143 203
143 204
143 218
143 238
143 241
144 165
145 166
145 167
145 198
145 208
145 231
145 234
146 155
146 172
146 177
146 182
146 212
146 241
146 249
147 155
147 164
147 174
147 197
147 204
148 154
148 167
148 174
148 175
148 217
149 160
149 163
149 165
149 205
149 227
149 237
149 243
150 184
150 231
150 235
150 236
151 155
151 161
151 163
151 172
151 189
151 207
151 213
151 222
151 233
151 243
152 190
152 199
152 201
152 225
153 216
153 242
154 164
154 174
154 182
154 184
154 185
154 190
155 225
155 249
156 206
156 219
157 173
157 186
157 202
157 210
157 226
158 179
158 181
158 214
158 222
158 237
159 192
159 197
159 203
159 226
160 174
160 191
160 245
161 182
161 193
162 172
162 191
162 214
163 172
163 176
165 217
165 226
165 231
165 244
166 168
166 188
166 204
166 237
167 172
167 177
167 187
167 228
167 247
168 173
168 175
168 179
168 185
168 205
168 207
168 235
169 179
169 217
169 227
169 229
169 246
170 209
170 222
171 192
172 180
172 181
172 214
172 249
173 225
173 236
173 237
173 238
173 241
174 178
174 179
174 194
174 206
175 191
175 196
175 197
176 190
176 192
176 202
176 224
176 226
176 228
176 234
176 237
176 240
176 247
177 187
177 211
177 214
177 229
178 207
178 239
178 248
179 184
179 186
179 194
179 223
179 241
180 195
180 200
180 245
180 247
181 187
181 218
181 226
181 232
181 247
182 206
182 208
182 224
182 225
182 232
183 216
184 196
184 236
184 239
185 225
185 229
186 201
186 237
187 227
188 193
189 214
189 219
189 220
190 199
190 206
190 207
190 220
191 194
191 213
191 249
192 196
192 220
193 195
194 233
194 237
194 245
195 198
195 239
195 241
196 220
196 224
196 240
196 249
197 221
198 231
198 239
199 200
199 205
200 213
200 225
200 236
201 214
201 223
201 239
202 204
202 246
203 233
204 206
204 209
204 211
205 244
206 211
206 219
206 235
207 218
207 244
208 240
209 249
211 231
212 245
213 234
214 216
214 233
214 248
214 249
215 229
216 241
217 230
219 240
219 245
221 246
222 243
224 246
225 239
228 232
228 249
229 234
230 235
230 245
231 232
233 248
234 241
235 238
235 243
236 248
237 240
237 242
241 243
242 244
242 245

1 1 1 0 1 0 1 1 0 1 1 0 1 0 1 0 0 1 0 1 0 0 0 0 0 1 0 0 0 0 1 1 1 1 1 1 0 1 0 0 0 0 0 0 0 1 1 1 1 1 0 0 0 1 1 1 0 0 1 1 1 1 1 0 1 0 0 1 0 0 1 0 0 1 1 1 0 0 1 1 0 0 0 0 0 1 0 1 0 1 0 1 1 0 1 1 0 0 1 0 1 1 1 0 1 0 0 0 0 1 1 1 1 0 1 1 1 0 1 0 0 1 0 0 0 0 1 1 1 1 0 1 1 0 1 0 0 0 1 0 0 1 1 1 0 0 0 1 0 0 0 1 1 0 1 0 0 0 1 1 1 0 1 0 1 1 1 1 1 1 0 0 0 0 0 1 0 0 1 1 0 0 0 1 0 1 0 0 0 1 1 0 0 0 1 0 1 0 0 1 0 1 1 1 1 1 1 1 1 1 1 1 1 0 1 0 0 0 1 1 0 1 0 0 1 1 0 1 0 0 0 0 1 1 0 1 1 0 0 0 1 1 0 1 0 1 0 0 0 1