50 60
0 1 2 3 4 5 6 7 8 9 10 11 12 13 14 15 16 17 18 19 20 21 22 23 24 25 26 27 28 29 30 31 32 33 34 35 36 37 38 39 40 41 42 43 44 45 46 47 48 49
0 13
0 45
1 16
1 27
1 39
1 45
1 48
2 10
2 23
3 9
3 19
4 23
5 25
5 32
5 35
6 23
6 32
6 46
7 14
7 35
7 40
8 9
8 13
8 37
8 39
10 20
11 14
11 24
11 43
11 46
12 30
12 40
13 42
14 19
15 35
15 39
16 48
17 25
17 43
18 23
18 29
18 36
20 47
22 33
22 40
24 47
25 38
26 47
28 37
29 38
29 49
30 32
31 43
31 49
34 48
35 39
42 49
44 46
44 48
45 46

0 1 1 1 1 1 1 0 0 1 0 0 0 0 0 1 1 1 0 1 1 1 1 1 1 0 0 0 0 0 0 1 1 0 1 0 0 1 0 0 1 0 1 0 1 0 1 0 1 0