30 218
0 1 2 3 4 5 6 7 8 9 10 11 12 13 14 15 16 17 18 19 20 21 22 23 24 25 26 27 28 29
0 2
0 5
0 6
0 10
0 11
0 14
0 18
0 22
0 23
0 24
0 25
0 26
0 27
1 2
1 3
1 5
1 10
1 11
1 12
1 15
1 19
1 20
1 21
1 22
1 25
1 26
1 27
1 29
2 4
2 6
2 8
2 9
2 10
2 11
2 12
2 13
2 14
2 17
2 19
2 21
2 22
2 24
2 26
3 4
3 6
3 7
3 9
3 14
3 15
3 16
3 17
3 20
3 22
3 23
3 24
3 25
3 26
4 5
4 7
4 8
4 9
4 11
4 12
4 13
4 14
4 15
4 16
4 20
4 21
4 26
4 27
4 28
4 29
5 6
5 11
5 13
5 14
5 15
5 18
5 19
5 20
5 22
5 23
5 24
5 25
5 28
5 29
6 8
6 13
6 20
6 22
6 23
6 24
6 25
6 27
6 28
7 8
7 14
7 16
7 21
7 23
7 24
7 27
7 28
8 10
8 11
8 12
8 13
8 15
8 20
8 24
8 25
8 26
8 29
9 11
9 12
9 13
9 14
9 15
9 24
9 26
10 12
10 13
10 16
10 18
10 19
10 22
10 24
10 25
10 28
10 29
11 13
11 14
11 17
11 19
11 20
11 24
11 25
11 26
12 13
12 14
12 16
12 18
12 19
12 21
12 24
12 25
13 14
13 15
13 18
13 22
13 23
13 24
13 25
13 27
14 20
14 21
14 22
14 23
14 25
14 26
14 27
14 28
14 29
15 16
15 17
15 20
15 22
15 23
15 27
16 17
16 18
16 19
16 23
16 24
16 28
17 18
17 19
17 20
17 21
17 24
17 27
18 19
18 23
18 25
18 26
18 27
19 21
19 24
19 26
19 27
19 28
20 21
20 22
20 23
20 25
20 27
20 28
20 29
21 22
21 23
21 26
22 23
22 24
22 25
22 26
23 24
23 27
23 28
23 29
24 25
25 26
25 27
26 27
26 28
26 29
27 29
28 29

0 1 1 1 0 1 0 0 0 0 0 1 0 1 0 1 0 1 1 0 1 0 1 1 0 1 0 1 1 0