250 3247
0 1 2 3 4 5 6 7 8 9 10 11 12 13 14 15 16 17 18 19 20 21 22 23 24 25 26 27 28 29 30 31 32 33 34 35 36 37 38 39 40 41 42 43 44 45 46 47 48 49 50 51 52 53 54 55 56 57 58 59 60 61 62 63 64 65 66 67 68 69 70 71 72 73 74 75 76 77 78 79 80 81 82 83 84 85 86 87 88 89 90 91 92 93 94 95 96 97 98 99 100 101 102 103 104 105 106 107 108 109 110 111 112 113 114 115 116 117 118 119 120 121 122 123 124 125 126 127 128 129 130 131 132 133 134 135 136 137 138 139 140 141 142 143 144 145 146 147 148 149 150 151 152 153 154 155 156 157 158 159 160 161 162 163 164 165 166 167 168 169 170 171 172 173 174 175 176 177 178 179 180 181 182 183 184 185 186 187 188 189 190 191 192 193 194 195 196 197 198 199 200 201 202 203 204 205 206 207 208 209 210 211 212 213 214 215 216 217 218 219 220 221 222 223 224 225 226 227 228 229 230 231 232 233 234 235 236 237 238 239 240 241 242 243 244 245 246 247 248 249
0 1
0 7
0 9
0 12
0 21
0 44
0 87
0 101
0 106
0 110
0 116
0 118
0 119
0 124
0 127
0 131
0 150
0 156
0 167
0 193
0 195
0 196
0 205
0 210
0 211
0 213
0 217
0 230
0 233
0 239
0 248
1 12
1 13
1 33
1 41
1 42
1 61
1 65
1 77
1 85
1 89
1 92
1 96
1 109
1 138
1 149
1 165
1 175
1 186
1 187
1 216
1 221
1 224
1 233
1 236
2 23
2 35
2 41
2 48
2 58
2 61
2 63
2 64
2 67
2 87
2 97
2 99
2 101
2 109
2 123
2 125
2 130
2 145
2 148
2 159
2 160
2 166
2 183
2 185
2 198
2 211
2 213
2 214
2 221
3 6
3 65
3 69
3 73
3 75
3 85
3 102
3 103
3 122
3 145
3 147
3 155
3 158
3 173
3 174
3 189
3 193
3 209
3 225
3 228
3 248
4 7
4 10
4 16
4 30
4 44
4 55
4 62
4 69
4 73
4 74
4 77
4 78
4 83
4 104
4 105
4 124
4 128
4 130
4 136
4 145
4 150
4 171
4 181
4 192
4 195
4 207
4 224
4 235
4 244
4 245
4 249
5 26
5 44
5 46
5 87
5 93
5 96
5 135
5 140
5 147
5 160
5 207
6 18
6 24
6 29
6 31
6 55
6 61
6 74
6 75
6 88
6 108
6 110
6 113
6 122
6 145
6 148
6 150
6 164
6 184
6 186
6 193
6 198
6 199
6 209
6 215
6 219
6 225
6 231
6 239
6 244
7 10
7 38
7 49
7 61
7 62
7 65
7 78
7 85
7 92
7 94
7 99
7 100
7 113
7 120
7 126
7 137
7 147
7 148
7 156
7 192
7 195
7 198
7 220
7 232
7 233
8 11
8 13
8 86
8 112
8 121
8 125
8 133
8 165
8 168
8 200
8 215
8 218
8 237
8 239
8 243
8 246
9 16
9 25
9 34
9 42
9 46
9 53
9 66
9 69
9 71
9 82
9 111
9 117
9 134
9 141
9 142
9 147
9 153
9 164
9 167
9 176
9 192
9 196
9 207
9 243
10 20
10 33
10 48
10 50
10 53
10 59
10 74
10 89
10 91
10 99
10 106
10 118
10 119
10 126
10 129
10 133
10 135
10 136
10 144
10 153
10 155
10 160
10 162
10 170
10 205
10 212
10 241
11 21
11 22
11 39
11 42
11 52
11 55
11 74
11 82
11 92
11 104
11 106
11 111
11 121
11 127
11 137
11 143
11 144
11 157
11 165
11 168
11 170
11 173
11 179
11 197
11 208
11 214
11 219
11 220
11 236
11 242
11 243
11 245
12 21
12 29
12 33
12 42
12 43
12 61
12 79
12 83
12 85
12 88
12 89
12 90
12 105
12 107
12 110
12 116
12 138
12 140
12 143
12 151
12 155
12 180
12 183
12 194
12 207
12 212
12 214
12 224
12 240
12 242
12 243
12 248
13 14
13 17
13 19
13 35
13 38
13 42
13 53
13 71
13 78
13 103
13 106
13 119
13 151
13 152
13 154
13 164
13 170
13 175
13 188
13 195
13 204
13 226
13 228
13 242
14 42
14 45
14 49
14 55
14 62
14 72
14 85
14 87
14 119
14 120
14 132
14 137
14 138
14 153
14 154
14 160
14 192
14 200
14 205
14 212
14 225
14 238
14 243
15 18
15 21
15 25
15 36
15 38
15 87
15 97
15 102
15 109
15 110
15 114
15 128
15 146
15 151
15 164
15 166
15 168
15 174
15 175
15 177
15 178
15 181
15 192
15 194
15 199
15 207
15 214
15 217
15 220
15 226
15 227
15 244
16 40
16 43
16 47
16 62
16 65
16 76
16 79
16 80
16 86
16 119
16 120
16 162
16 169
16 175
16 176
16 195
16 209
16 218
16 219
16 227
16 234
16 236
16 242
17 38
17 52
17 55
17 75
17 79
17 83
17 102
17 120
17 121
17 123
17 127
17 133
17 141
17 156
17 164
17 193
17 200
17 205
17 221
17 227
17 237
17 243
18 23
18 30
18 32
18 39
18 52
18 67
18 71
18 75
18 84
18 86
18 91
18 101
18 133
18 136
18 149
18 156
18 195
18 204
18 209
18 230
18 234
18 237
18 245
19 36
19 63
19 77
19 87
19 89
19 101
19 120
19 141
19 146
19 153
19 163
19 171
19 178
19 195
19 204
19 206
19 225
19 235
20 52
20 68
20 74
20 83
20 85
20 87
20 95
20 96
20 107
20 129
20 136
20 141
20 148
20 157
20 160
20 161
20 163
20 169
20 209
20 213
20 239
20 241
21 30
21 49
21 59
21 63
21 68
21 84
21 87
21 101
21 135
21 142
21 160
21 164
21 166
21 171
21 172
21 176
21 189
21 211
21 247
22 30
22 40
22 50
22 57
22 69
22 78
22 81
22 82
22 85
22 109
22 118
22 167
22 190
22 195
22 209
22 219
22 233
22 241
23 39
23 47
23 50
23 52
23 56
23 58
23 60
23 61
23 66
23 69
23 78
23 88
23 99
23 101
23 105
23 106
23 117
23 124
23 134
23 147
23 152
23 156
23 159
23 180
23 186
23 198
23 205
23 212
23 213
23 234
23 241
24 27
24 37
24 38
24 41
24 43
24 46
24 55
24 60
24 71
24 72
24 81
24 93
24 105
24 126
24 160
24 162
24 172
24 179
24 183
24 186
24 209
24 215
24 218
24 220
24 242
25 37
25 44
25 55
25 59
25 64
25 86
25 89
25 122
25 137
25 157
25 181
25 182
25 187
25 192
25 204
25 207
25 213
25 215
25 217
25 225
25 234
25 243
26 27
26 31
26 61
26 69
26 81
26 89
26 100
26 106
26 119
26 127
26 129
26 134
26 154
26 155
26 167
26 181
26 184
26 190
26 191
26 205
26 209
26 219
26 228
26 241
27 45
27 50
27 55
27 56
27 76
27 84
27 86
27 97
27 103
27 122
27 123
27 127
27 136
27 161
27 166
27 179
27 185
27 187
27 194
27 206
27 213
27 217
27 221
27 235
27 238
28 30
28 37
28 73
28 74
28 78
28 106
28 121
28 138
28 153
28 164
28 168
28 169
28 177
28 178
28 185
28 207
28 214
28 221
28 227
28 235
28 236
28 240
28 244
28 246
28 249
29 40
29 53
29 65
29 68
29 84
29 85
29 93
29 94
29 116
29 122
29 127
29 152
29 153
29 158
29 162
29 164
29 168
29 176
29 188
29 190
29 206
29 209
29 232
29 237
30 46
30 61
30 72
30 74
30 78
30 89
30 90
30 99
30 125
30 141
30 145
30 155
30 156
30 165
30 166
30 169
30 173
30 192
30 193
30 200
30 218
30 228
30 242
30 245
31 40
31 41
31 60
31 69
31 77
31 100
31 114
31 121
31 137
31 157
31 187
31 203
31 209
31 237
31 239
31 247
32 35
32 53
32 56
32 60
32 64
32 82
32 94
32 108
32 136
32 147
32 150
32 160
32 167
32 171
32 185
32 202
32 229
32 237
32 239
32 246
33 37
33 55
33 57
33 62
33 66
33 74
33 85
33 94
33 108
33 119
33 142
33 185
33 191
33 193
33 194
33 203
33 222
33 236
33 245
34 41
34 45
34 57
34 69
34 78
34 80
34 81
34 91
34 117
34 161
34 170
34 174
34 175
34 176
34 178
34 183
34 200
34 201
34 212
34 231
34 242
35 38
35 42
35 53
35 56
35 68
35 69
35 85
35 120
35 138
35 144
35 155
35 158
35 169
35 175
35 202
35 214
35 241
35 247
36 66
36 70
36 87
36 97
36 98
36 125
36 126
36 132
36 138
36 140
36 145
36 150
36 167
36 175
36 195
36 197
36 242
36 243
37 52
37 56
37 58
37 62
37 97
37 98
37 109
37 121
37 142
37 153
37 154
37 162
37 173
37 175
37 178
37 180
37 186
37 194
37 197
37 198
37 233
37 242
37 244
38 43
38 47
38 48
38 54
38 59
38 62
38 71
38 75
38 84
38 85
38 87
38 90
38 91
38 103
38 105
38 125
38 129
38 151
38 171
38 173
38 189
38 194
38 203
38 210
38 240
39 43
39 65
39 74
39 77
39 102
39 111
39 119
39 131
39 133
39 145
39 167
39 179
39 243
40 41
40 63
40 75
40 80
40 82
40 111
40 113
40 120
40 121
40 133
40 135
40 163
40 169
40 171
40 186
40 198
40 201
40 209
40 220
40 227
40 228
40 233
40 235
40 237
40 239
40 243
40 249
41 74
41 80
41 86
41 102
41 106
41 107
41 111
41 116
41 127
41 146
41 147
41 150
41 153
41 161
41 173
41 180
41 182
41 184
41 203
41 207
41 238
41 242
41 245
41 249
42 63
42 75
42 76
42 86
42 97
42 98
42 106
42 118
42 120
42 165
42 166
42 167
42 170
42 175
42 176
42 177
42 189
42 195
42 205
42 219
42 220
42 223
42 236
43 46
43 47
43 50
43 54
43 61
43 65
43 67
43 72
43 74
43 79
43 82
43 109
43 111
43 119
43 120
43 122
43 131
43 132
43 135
43 137
43 143
43 150
43 162
43 163
43 168
43 197
43 221
43 225
43 236
43 241
44 46
44 52
44 71
44 74
44 85
44 95
44 118
44 137
44 155
44 157
44 166
44 169
44 185
44 189
44 204
44 205
44 215
44 225
44 236
44 240
44 245
44 246
45 55
45 62
45 65
45 68
45 76
45 89
45 91
45 94
45 96
45 107
45 136
45 140
45 147
45 167
45 176
45 177
45 181
45 188
45 191
45 193
45 213
45 240
45 241
46 60
46 74
46 79
46 84
46 86
46 91
46 129
46 144
46 149
46 150
46 153
46 166
46 175
46 178
46 183
46 193
46 204
46 215
46 216
46 223
46 228
46 235
47 73
47 82
47 92
47 115
47 116
47 121
47 125
47 141
47 149
47 165
47 175
47 203
47 206
47 207
47 220
47 222
47 223
47 232
47 239
47 241
48 75
48 84
48 102
48 106
48 120
48 127
48 149
48 156
48 162
48 170
48 173
48 175
48 185
48 197
48 248
49 53
49 55
49 58
49 70
49 74
49 97
49 101
49 113
49 114
49 117
49 127
49 133
49 150
49 157
49 163
49 164
49 177
49 184
49 205
49 242
49 245
49 248
50 53
50 57
50 71
50 73
50 76
50 79
50 81
50 95
50 122
50 125
50 143
50 149
50 153
50 157
50 164
50 171
50 173
50 199
50 200
50 204
50 221
50 231
50 234
50 237
50 239
51 56
51 67
51 99
51 100
51 124
51 127
51 130
51 165
51 167
51 170
51 173
51 189
51 193
51 200
51 214
51 217
51 229
51 241
51 244
52 66
52 68
52 97
52 139
52 140
52 149
52 151
52 152
52 170
52 176
52 177
52 178
52 181
52 196
52 201
52 210
52 235
52 247
53 55
53 85
53 90
53 93
53 96
53 108
53 116
53 119
53 123
53 126
53 129
53 162
53 163
53 168
53 181
53 182
53 188
53 198
53 200
53 203
53 238
53 248
54 56
54 58
54 64
54 71
54 77
54 78
54 88
54 92
54 95
54 97
54 101
54 106
54 140
54 141
54 146
54 173
54 182
54 183
54 186
54 190
54 215
54 216
54 226
54 240
55 64
55 65
55 96
55 117
55 127
55 160
55 161
55 168
55 180
55 181
55 183
55 197
55 212
55 215
55 228
55 231
55 239
55 242
56 64
56 78
56 88
56 92
56 103
56 139
56 147
56 155
56 158
56 171
56 176
56 190
56 211
56 215
56 224
56 229
56 232
56 245
56 247
57 61
57 64
57 70
57 84
57 86
57 96
57 116
57 118
57 119
57 125
57 143
57 151
57 163
57 167
57 172
57 175
57 186
57 194
57 196
57 199
57 218
57 219
57 226
57 228
57 229
57 244
58 69
58 75
58 79
58 98
58 101
58 113
58 124
58 128
58 134
58 136
58 138
58 147
58 163
58 176
58 177
58 179
58 180
58 218
58 221
58 233
58 246
59 65
59 66
59 75
59 81
59 82
59 102
59 104
59 109
59 114
59 140
59 143
59 150
59 165
59 180
59 181
59 191
59 196
59 200
59 201
59 211
59 220
59 222
59 227
59 231
59 243
60 62
60 66
60 71
60 86
60 93
60 116
60 122
60 141
60 159
60 205
60 211
60 215
60 239
60 249
61 66
61 69
61 77
61 81
61 104
61 105
61 106
61 123
61 137
61 155
61 156
61 165
61 180
61 182
61 186
61 203
61 206
61 209
61 215
61 216
61 219
61 222
61 229
61 244
62 63
62 66
62 70
62 75
62 83
62 100
62 118
62 121
62 134
62 147
62 176
62 183
62 193
62 194
62 198
62 203
62 213
62 217
62 219
62 226
62 230
63 75
63 104
63 108
63 109
63 115
63 118
63 131
63 137
63 166
63 171
63 178
63 203
63 207
63 226
63 235
64 71
64 99
64 100
64 101
64 108
64 117
64 126
64 128
64 147
64 159
64 161
64 170
64 183
64 193
64 199
64 214
64 215
64 231
64 232
64 235
64 245
65 69
65 77
65 88
65 93
65 99
65 100
65 104
65 116
65 119
65 139
65 146
65 167
65 183
65 194
65 205
65 209
65 227
65 244
65 245
65 248
66 103
66 112
66 124
66 143
66 166
66 169
66 181
66 193
66 197
66 199
66 211
66 220
66 223
66 229
67 69
67 88
67 91
67 93
67 95
67 102
67 115
67 135
67 136
67 145
67 148
67 156
67 169
67 177
67 183
67 186
67 198
67 212
67 213
67 222
67 228
67 239
67 241
68 70
68 72
68 74
68 89
68 113
68 122
68 126
68 132
68 135
68 136
68 138
68 143
68 149
68 156
68 161
68 162
68 167
68 188
68 191
68 198
68 207
68 214
68 234
68 244
68 245
69 73
69 74
69 76
69 79
69 81
69 83
69 86
69 104
69 105
69 113
69 118
69 135
69 150
69 168
69 169
69 183
69 185
69 190
69 198
69 202
69 221
69 224
70 93
70 108
70 110
70 119
70 120
70 142
70 150
70 162
70 170
70 171
70 187
70 205
70 210
70 215
70 224
70 234
70 240
70 247
71 95
71 116
71 120
71 129
71 135
71 146
71 148
71 159
71 164
71 180
71 192
71 195
71 198
71 201
71 207
71 222
71 245
72 78
72 85
72 91
72 92
72 93
72 97
72 103
72 105
72 123
72 135
72 139
72 154
72 178
72 191
72 245
73 91
73 106
73 122
73 134
73 139
73 148
73 158
73 159
73 168
73 169
73 172
73 199
73 220
73 227
73 236
73 247
74 77
74 92
74 96
74 100
74 107
74 108
74 112
74 117
74 127
74 135
74 138
74 141
74 145
74 165
74 174
74 188
74 190
74 193
74 203
74 210
74 230
74 246
74 247
75 79
75 90
75 93
75 136
75 138
75 141
75 142
75 152
75 162
75 163
75 165
75 175
75 189
75 197
75 199
75 223
75 243
75 245
76 79
76 80
76 93
76 96
76 102
76 106
76 113
76 119
76 121
76 133
76 138
76 141
76 142
76 148
76 154
76 164
76 170
76 172
76 194
76 206
76 212
76 217
76 218
76 221
76 222
76 223
76 239
77 90
77 110
77 119
77 122
77 138
77 139
77 142
77 144
77 151
77 152
77 153
77 156
77 176
77 182
77 186
77 190
77 198
77 206
77 211
77 240
77 243
78 96
78 122
78 128
78 132
78 134
78 135
78 148
78 171
78 172
78 190
78 193
78 195
78 215
78 224
78 232
78 241
78 242
78 243
79 81
79 94
79 104
79 110
79 147
79 149
79 154
79 167
79 168
79 172
79 224
79 232
80 99
80 103
80 109
80 116
80 128
80 136
80 142
80 146
80 155
80 174
80 205
80 207
80 213
80 243
81 86
81 106
81 117
81 122
81 144
81 145
81 150
81 153
81 168
81 173
81 175
81 201
81 247
82 83
82 103
82 104
82 107
82 113
82 115
82 121
82 125
82 135
82 139
82 167
82 168
82 172
82 181
82 183
82 186
82 187
82 208
82 224
82 231
82 234
82 240
82 243
83 86
83 104
83 114
83 116
83 119
83 133
83 135
83 149
83 156
83 167
83 170
83 185
83 189
83 191
83 218
83 230
83 232
84 90
84 91
84 96
84 106
84 121
84 126
84 151
84 154
84 159
84 168
84 173
84 189
84 211
84 218
84 226
84 228
84 233
84 240
84 246
85 92
85 108
85 138
85 162
85 176
85 177
85 178
85 180
85 187
85 205
85 208
85 210
85 220
85 221
85 224
85 229
85 230
85 236
85 241
85 249
86 89
86 91
86 109
86 116
86 158
86 159
86 174
86 196
86 201
86 205
86 206
86 209
86 211
86 213
86 221
86 244
86 246
87 93
87 94
87 97
87 103
87 106
87 127
87 139
87 140
87 145
87 147
87 159
87 165
87 166
87 171
87 212
87 226
87 238
87 242
88 93
88 96
88 125
88 129
88 156
88 160
88 187
88 190
88 191
88 193
88 197
88 202
88 203
88 220
88 230
89 98
89 100
89 105
89 130
89 139
89 141
89 151
89 152
89 154
89 155
89 171
89 175
89 206
89 219
89 235
89 238
89 247
90 103
90 115
90 116
90 125
90 133
90 135
90 136
90 139
90 152
90 190
90 197
90 213
90 217
90 234
90 236
90 238
91 105
91 107
91 113
91 114
91 115
91 117
91 121
91 132
91 139
91 145
91 150
91 182
91 193
91 206
91 219
91 242
92 106
92 108
92 109
92 119
92 138
92 139
92 161
92 169
92 179
92 188
92 197
92 210
92 244
92 246
92 247
93 109
93 131
93 136
93 151
93 154
93 158
93 161
93 163
93 167
93 171
93 175
93 188
93 211
93 224
93 227
93 239
93 242
93 245
94 98
94 99
94 103
94 107
94 119
94 134
94 140
94 144
94 185
94 200
94 207
94 218
94 219
94 226
94 244
94 249
95 105
95 106
95 110
95 117
95 144
95 150
95 155
95 156
95 162
95 169
95 179
95 194
95 214
95 215
95 216
95 221
95 229
95 230
95 231
95 238
95 241
96 99
96 103
96 105
96 120
96 135
96 147
96 149
96 150
96 155
96 157
96 166
96 175
96 178
96 188
96 194
96 199
96 218
96 228
97 108
97 110
97 111
97 135
97 148
97 149
97 154
97 170
97 171
97 186
97 193
97 200
97 203
97 245
98 102
98 105
98 122
98 132
98 138
98 151
98 152
98 170
98 182
98 188
98 191
98 213
98 221
98 240
98 246
99 105
99 107
99 127
99 138
99 148
99 153
99 154
99 173
99 183
99 187
99 191
99 196
99 216
99 227
99 228
99 234
100 101
100 102
100 103
100 128
100 132
100 133
100 152
100 155
100 158
100 163
100 168
100 170
100 175
100 200
100 208
100 225
100 234
100 236
100 249
101 106
101 113
101 133
101 135
101 137
101 161
101 165
101 167
101 181
101 183
101 186
101 189
101 195
101 197
101 208
101 241
102 114
102 126
102 142
102 145
102 174
102 176
102 179
102 203
102 214
102 216
102 220
102 223
102 237
103 111
103 144
103 153
103 154
103 157
103 175
103 181
103 186
103 187
103 240
104 106
104 109
104 114
104 127
104 152
104 157
104 158
104 189
104 208
104 210
104 224
104 225
104 227
105 122
105 128
105 131
105 135
105 140
105 145
105 159
105 162
105 165
105 172
105 178
105 181
105 183
105 189
105 236
105 237
105 240
106 113
106 123
106 124
106 128
106 142
106 143
106 149
106 156
106 160
106 175
106 204
106 205
106 218
106 228
106 231
106 235
107 111
107 125
107 131
107 134
107 146
107 166
107 182
107 197
107 199
107 206
107 221
107 226
107 231
107 232
108 111
108 112
108 120
108 126
108 132
108 138
108 146
108 147
108 152
108 157
108 160
108 172
108 178
108 185
108 207
108 216
108 232
108 243
108 245
108 247
109 114
109 116
109 131
109 132
109 140
109 143
109 162
109 164
109 185
109 191
109 198
109 201
109 216
109 226
109 230
110 113
110 128
110 148
110 150
110 165
110 183
110 215
110 235
111 112
111 122
111 125
111 134
111 153
111 155
111 160
111 173
111 174
111 188
111 199
111 201
111 203
111 209
111 212
111 224
111 234
111 241
111 243
111 245
111 246
111 248
112 133
112 145
112 148
112 149
112 172
112 174
112 183
112 204
112 206
112 208
112 211
112 218
112 222
113 119
113 120
113 124
113 153
113 154
113 155
113 169
113 171
113 173
113 178
113 218
113 219
113 221
113 230
113 231
113 235
113 236
114 115
114 130
114 136
114 145
114 156
114 178
114 214
114 225
115 121
115 129
115 135
115 138
115 148
115 165
115 168
115 204
115 209
115 229
115 240
116 149
116 161
116 174
116 177
116 178
116 191
116 201
116 203
116 218
116 235
116 237
116 241
116 242
116 243
117 125
117 135
117 140
117 144
117 158
117 181
117 182
117 184
117 210
117 224
117 233
117 237
117 243
117 247
118 137
118 143
118 144
118 146
118 167
118 187
118 195
118 209
118 213
118 216
118 219
118 239
118 246
119 133
119 158
119 178
119 188
119 189
119 190
119 229
119 237
119 239
120 130
120 131
120 141
120 150
120 190
120 191
120 195
120 200
120 210
120 218
120 226
120 231
120 234
120 236
121 122
121 133
121 136
121 161
121 162
121 194
121 202
121 247
121 249
122 123
122 125
122 130
122 132
122 143
122 144
122 148
122 153
122 155
122 175
122 185
122 186
122 191
122 196
122 208
122 209
122 210
122 222
122 227
122 246
122 249
123 136
123 142
123 161
123 162
123 165
123 174
123 175
123 184
123 188
123 190
123 194
123 197
123 203
123 212
123 216
123 218
123 236
123 242
123 247
124 129
124 146
124 171
124 181
124 185
124 217
124 227
124 231
124 238
124 247
125 157
125 161
125 166
125 179
125 201
125 212
125 219
125 224
125 231
125 242
126 135
126 143
126 145
126 146
126 158
126 163
126 184
126 202
126 203
126 223
126 225
126 236
126 242
126 243
126 245
127 135
127 167
127 169
127 172
127 175
127 176
127 183
127 190
127 200
127 208
127 213
127 215
127 217
127 221
127 229
127 230
127 235
127 239
127 242
127 243
128 158
128 212
128 222
128 246
129 141
129 146
129 150
129 163
129 171
129 176
129 177
129 179
129 186
129 208
129 212
129 219
129 228
129 231
129 234
129 240
129 244
129 246
130 135
130 138
130 140
130 141
130 143
130 150
130 151
130 160
130 174
130 185
130 192
130 207
131 135
131 152
131 186
131 219
131 233
132 140
132 144
132 146
132 150
132 158
132 168
132 173
132 175
132 179
132 198
132 206
132 208
132 235
132 238
132 241
133 153
133 162
133 194
133 195
133 198
133 209
133 232
133 238
133 243
133 249
134 135
134 148
134 156
134 171
134 175
134 183
134 200
134 203
134 215
134 216
134 227
134 229
134 245
135 140
135 141
135 148
135 152
135 172
135 173
135 175
135 201
135 202
135 205
135 219
135 229
135 230
135 235
135 238
136 141
136 150
136 155
136 158
136 162
136 165
136 171
136 182
136 204
136 206
136 208
136 210
136 230
136 232
136 238
137 147
137 149
137 152
137 163
137 174
137 182
137 183
137 203
137 224
137 239
138 152
138 181
138 189
138 191
138 193
138 202
138 205
138 217
138 218
138 221
138 225
138 227
138 230
138 245
139 150
139 163
139 169
139 178
139 193
139 202
139 209
139 217
139 233
139 244
139 245
139 249
140 142
140 146
140 159
140 164
140 173
140 177
140 199
140 205
140 208
140 219
140 224
140 241
140 246
141 156
141 157
141 181
141 185
141 214
141 224
141 233
141 237
141 245
141 246
141 249
142 162
142 171
142 203
142 210
142 245
142 247
142 249
143 147
143 159
143 165
143 168
143 193
143 197
143 204
143 211
143 226
144 150
144 152
144 156
144 159
144 172
144 187
144 193
144 215
144 218
144 220
144 248
145 174
145 183
145 190
145 210
145 213
145 232
145 233
145 234
145 236
145 244
145 247
146 147
146 164
146 170
146 175
146 177
146 187
146 191
146 203
146 205
146 207
146 208
146 215
146 243
147 149
147 160
147 162
147 192
147 203
147 205
147 245
147 249
148 151
148 155
148 159
148 178
148 202
148 208
148 214
148 227
148 249
149 156
149 160
149 162
149 170
149 177
149 195
149 208
149 233
150 155
150 156
150 162
150 163
150 165
150 170
150 171
150 172
150 184
150 199
150 210
150 211
150 214
151 152
151 176
151 184
151 185
151 187
151 210
151 212
151 220
151 231
151 236
152 193
152 198
152 227
153 176
153 181
153 183
153 214
153 219
153 233
153 234
154 163
154 170
154 173
154 189
154 191
154 211
154 213
154 228
154 229
154 236
155 165
155 170
155 235
155 236
155 248
156 160
156 173
156 180
156 192
156 210
156 222
156 233
156 234
156 243
156 249
157 178
157 192
157 193
157 203
157 204
157 206
157 223
157 233
157 249
158 160
158 162
158 173
158 190
158 191
158 202
158 203
158 219
158 237
158 242
159 166
159 183
159 191
159 204
159 222
159 223
159 230
159 235
159 244
160 162
160 167
160 175
160 194
160 227
160 233
160 238
161 166
161 171
161 180
161 181
161 189
161 190
161 191
161 195
161 210
161 233
161 242
162 197
162 200
162 222
162 227
162 237
162 247
163 164
163 165
163 177
163 182
163 185
163 192
163 194
163 201
163 208
163 212
163 222
163 228
163 229
163 230
164 197
164 207
164 209
164 222
164 227
164 241
165 174
165 204
165 227
165 232
165 245
166 178
166 188
166 244
166 245
167 171
167 178
167 189
167 196
167 205
167 206
167 207
167 214
167 216
167 226
167 231
167 243
167 245
168 178
168 183
168 185
168 203
168 205
168 210
168 212
168 220
168 239
168 243
169 171
169 175
169 188
169 208
169 210
169 215
169 249
170 173
170 182
170 192
170 199
170 221
170 228
170 229
170 237
170 241
171 175
171 180
171 182
171 195
171 201
171 217
171 220
171 224
171 236
171 247
172 177
172 180
172 184
172 190
172 196
172 198
172 209
172 215
172 229
172 241
173 176
173 178
173 192
173 210
173 211
173 225
173 227
173 231
173 239
173 247
174 181
174 182
174 216
174 227
174 234
174 244
175 178
175 199
175 203
175 214
175 216
175 237
176 188
176 196
176 198
176 200
176 206
176 210
176 216
176 249
177 182
177 186
177 198
177 200
178 193
178 210
178 217
178 226
178 232
179 180
179 181
179 185
179 189
179 195
179 203
179 208
179 210
179 224
179 240
179 245
179 249
180 182
180 188
180 215
180 218
180 222
180 249
181 218
181 221
181 230
182 197
182 200
182 212
182 238
182 242
183 186
183 200
183 203
183 224
183 228
183 235
183 247
184 205
184 210
184 221
184 225
184 249
185 189
185 200
185 202
185 225
185 231
185 240
185 241
186 198
186 199
186 208
186 209
186 212
186 215
186 220
186 229
186 233
186 236
187 188
187 196
187 198
187 209
187 210
187 219
187 232
187 244
187 245
188 197
188 205
188 213
188 228
188 243
189 196
189 200
189 203
189 207
189 213
190 193
190 198
190 201
190 212
190 218
190 226
190 230
191 199
191 210
191 215
192 197
192 205
192 238
192 246
192 247
193 196
193 203
193 219
193 222
193 233
194 196
194 200
194 214
194 215
194 221
194 226
194 229
194 232
194 247
195 204
195 208
195 220
195 235
195 236
195 240
195 241
195 245
195 249
196 209
196 225
196 227
196 228
196 229
196 231
196 237
196 238
196 246
197 219
197 225
197 228
197 232
197 239
198 214
198 215
198 220
198 223
198 225
199 212
199 215
199 218
199 226
199 245
200 203
200 205
200 211
200 221
200 227
200 231
200 241
200 245
201 202
201 208
201 212
201 218
201 230
201 232
202 206
202 207
202 224
202 228
202 229
202 230
202 236
202 241
202 243
203 206
203 216
203 220
203 221
203 247
204 243
205 207
205 212
205 220
205 224
205 227
205 229
205 232
205 238
206 237
207 211
207 222
207 223
207 227
207 235
208 210
208 213
208 219
208 222
208 224
208 226
208 232
209 215
209 221
209 229
209 233
210 213
210 216
210 238
211 215
211 231
211 241
211 243
211 249
212 213
212 221
212 224
212 230
212 234
212 235
212 238
212 239
212 246
212 247
213 219
213 220
213 244
214 225
215 216
215 221
215 224
215 245
216 223
216 235
216 237
217 219
217 227
217 248
218 232
218 234
219 221
219 227
219 239
219 249
220 226
220 234
220 240
220 246
221 227
221 234
221 239
221 247
222 233
222 241
222 242
222 249
224 237
224 242
225 245
225 249
226 233
226 236
226 245
228 229
228 230
228 241
228 242
228 249
230 237
230 241
231 246
231 247
232 248
233 242
236 239
236 240
239 243
239 246
239 248
240 246
241 245
242 244
243 244
243 245
243 246
243 248
243 249

1 0 1 1 0 1 0 1 1 1 1 1 1 0 1 1 1 0 1 1 0 1 0 0 0 0 0 1 1 1 1 1 0 0 1 1 0 0 0 1 0 1 1 1 0 1 0 0 0 0 0 0 1 0 0 0 0 0 0 1 0 1 0 1 1 1 0 0 1 1 0 1 1 0 1 0 0 1 0 1 0 0 0 0 1 1 1 1 0 0 0 0 1 1 0 1 1 0 0 0 1 1 0 1 0 1 1 1 0 0 1 1 0 0 0 1 1 1 1 1 1 0 1 0 0 0 1 0 0 0 0 1 0 0 0 0 1 1 0 0 1 1 1 1 0 1 0 0 1 0 0 0 1 0 0 0 1 1 0 1 1 0 1 0 1 0 0 1 0 0 0 0 1 0 1 1 0 1 1 1 0 1 0 0 1 1 1 0 1 1 1 0 1 1 1 0 0 1 1 1 0 0 0 1 1 1 1 0 1 0 0 1 1 1 0 0 0 0 0 0 1 1 0 1 1 0 1 1 1 1 0 1 0 1 0 0 0 1 0 1 0 0 1 0 1 1 0 0 0 1