150 2181
0 1 2 3 4 5 6 7 8 9 10 11 12 13 14 15 16 17 18 19 20 21 22 23 24 25 26 27 28 29 30 31 32 33 34 35 36 37 38 39 40 41 42 43 44 45 46 47 48 49 50 51 52 53 54 55 56 57 58 59 60 61 62 63 64 65 66 67 68 69 70 71 72 73 74 75 76 77 78 79 80 81 82 83 84 85 86 87 88 89 90 91 92 93 94 95 96 97 98 99 100 101 102 103 104 105 106 107 108 109 110 111 112 113 114 115 116 117 118 119 120 121 122 123 124 125 126 127 128 129 130 131 132 133 134 135 136 137 138 139 140 141 142 143 144 145 146 147 148 149
0 2
0 4
0 7
0 13
0 15
0 16
0 23
0 34
0 36
0 37
0 44
0 46
0 47
0 49
0 52
0 64
0 68
0 69
0 70
0 73
0 76
0 77
0 79
0 81
0 83
0 93
0 97
0 101
0 104
0 105
0 108
0 110
0 121
0 124
0 126
0 129
0 140
0 141
0 149
1 17
1 19
1 21
1 24
1 29
1 45
1 47
1 49
1 51
1 56
1 57
1 59
1 63
1 70
1 81
1 83
1 84
1 97
1 103
1 106
1 111
1 113
1 114
1 118
1 119
1 121
1 122
1 138
1 146
2 4
2 6
2 9
2 15
2 16
2 19
2 22
2 26
2 29
2 30
2 31
2 33
2 45
2 52
2 55
2 56
2 60
2 73
2 80
2 82
2 85
2 93
2 95
2 103
2 120
2 123
2 131
2 133
2 137
2 139
2 142
3 5
3 15
3 32
3 33
3 42
3 46
3 47
3 49
3 52
3 53
3 59
3 63
3 68
3 72
3 74
3 79
3 81
3 82
3 84
3 91
3 96
3 104
3 105
3 106
3 114
3 120
3 125
3 126
3 127
3 131
3 132
3 136
3 137
3 140
3 144
3 147
4 12
4 13
4 32
4 37
4 49
4 55
4 69
4 70
4 74
4 77
4 79
4 81
4 87
4 91
4 93
4 96
4 109
4 112
4 117
4 124
4 130
5 7
5 19
5 22
5 38
5 48
5 50
5 57
5 59
5 61
5 62
5 71
5 87
5 89
5 90
5 93
5 99
5 105
5 106
5 107
5 115
5 116
5 120
5 129
5 130
5 133
5 140
5 148
6 7
6 15
6 17
6 21
6 30
6 36
6 51
6 56
6 58
6 60
6 71
6 75
6 88
6 90
6 93
6 95
6 97
6 98
6 109
6 114
6 115
6 122
6 138
6 145
7 23
7 31
7 34
7 43
7 44
7 50
7 51
7 67
7 73
7 76
7 82
7 83
7 88
7 96
7 99
7 106
7 115
7 118
7 120
7 121
7 125
7 127
7 128
8 9
8 13
8 15
8 21
8 32
8 35
8 47
8 58
8 60
8 62
8 63
8 68
8 86
8 97
8 108
8 113
8 116
8 119
8 130
8 138
8 140
8 141
9 12
9 18
9 21
9 26
9 29
9 32
9 39
9 44
9 51
9 60
9 66
9 77
9 84
9 89
9 91
9 102
9 104
9 110
9 121
9 126
9 129
9 130
9 131
9 133
9 135
9 136
9 139
9 145
9 146
9 147
10 11
10 19
10 20
10 27
10 40
10 41
10 50
10 55
10 56
10 58
10 73
10 74
10 81
10 91
10 101
10 103
10 110
10 112
10 113
10 120
10 125
10 128
10 145
11 13
11 28
11 30
11 41
11 50
11 51
11 52
11 57
11 60
11 63
11 67
11 82
11 85
11 88
11 89
11 93
11 94
11 99
11 103
11 108
11 118
11 124
11 126
11 147
12 17
12 23
12 24
12 26
12 32
12 35
12 39
12 43
12 44
12 45
12 52
12 54
12 57
12 61
12 66
12 74
12 80
12 81
12 82
12 85
12 90
12 92
12 93
12 98
12 103
12 106
12 110
12 125
12 127
12 129
12 132
12 133
12 141
12 144
13 25
13 35
13 49
13 50
13 53
13 57
13 59
13 68
13 74
13 83
13 85
13 92
13 93
13 94
13 95
13 99
13 104
13 105
13 108
13 110
13 113
13 114
13 119
13 121
13 123
13 131
13 132
13 148
14 15
14 25
14 29
14 33
14 36
14 43
14 50
14 51
14 56
14 78
14 85
14 97
14 100
14 108
14 111
14 116
14 124
14 130
14 141
14 143
14 147
15 23
15 37
15 40
15 45
15 51
15 54
15 67
15 73
15 75
15 88
15 91
15 92
15 93
15 116
15 120
15 126
15 128
15 133
15 134
15 139
15 142
15 146
15 147
16 21
16 25
16 26
16 34
16 35
16 40
16 41
16 46
16 49
16 50
16 56
16 58
16 63
16 64
16 70
16 72
16 74
16 76
16 79
16 85
16 87
16 102
16 103
16 104
16 112
16 116
16 128
16 135
16 137
16 138
16 139
16 145
16 148
17 22
17 24
17 25
17 26
17 28
17 29
17 34
17 39
17 46
17 49
17 68
17 88
17 98
17 109
17 112
17 116
17 126
17 128
17 129
17 130
17 131
17 138
17 140
17 141
17 144
17 146
18 23
18 29
18 30
18 33
18 34
18 35
18 36
18 45
18 50
18 52
18 68
18 70
18 71
18 89
18 90
18 93
18 99
18 106
18 110
18 115
18 116
18 121
18 125
18 129
18 132
18 136
18 142
18 143
19 20
19 32
19 46
19 53
19 56
19 60
19 66
19 67
19 69
19 73
19 78
19 86
19 91
19 92
19 101
19 110
19 113
19 118
19 119
19 132
19 134
19 140
19 147
20 21
20 23
20 30
20 33
20 43
20 44
20 48
20 51
20 54
20 72
20 73
20 90
20 91
20 106
20 107
20 112
20 128
20 134
20 135
20 140
20 144
21 28
21 31
21 40
21 43
21 44
21 59
21 60
21 79
21 80
21 82
21 86
21 90
21 94
21 100
21 101
21 114
21 122
21 123
21 131
21 132
21 135
21 137
21 139
21 144
21 148
22 30
22 38
22 42
22 43
22 53
22 54
22 55
22 58
22 61
22 62
22 63
22 65
22 77
22 80
22 88
22 91
22 102
22 103
22 106
22 107
22 108
22 112
22 116
22 117
22 123
22 132
22 135
22 140
22 144
22 145
22 146
22 147
23 25
23 26
23 32
23 35
23 36
23 38
23 61
23 66
23 70
23 76
23 88
23 95
23 98
23 100
23 103
23 105
23 111
23 134
23 135
23 136
23 140
23 145
24 25
24 30
24 34
24 36
24 38
24 39
24 49
24 50
24 54
24 55
24 56
24 66
24 67
24 70
24 83
24 87
24 99
24 100
24 103
24 116
24 117
24 120
24 122
24 137
24 144
24 147
24 149
25 26
25 33
25 36
25 37
25 38
25 40
25 52
25 54
25 79
25 93
25 94
25 96
25 98
25 101
25 103
25 111
25 117
25 125
25 128
25 130
25 146
26 28
26 31
26 33
26 43
26 69
26 80
26 83
26 86
26 91
26 92
26 93
26 94
26 95
26 96
26 105
26 109
26 110
26 111
26 118
26 134
26 145
27 28
27 29
27 30
27 31
27 40
27 43
27 48
27 52
27 53
27 75
27 78
27 79
27 85
27 92
27 96
27 104
27 106
27 111
27 120
27 129
27 132
27 134
27 136
27 141
27 144
28 30
28 32
28 36
28 40
28 46
28 47
28 48
28 49
28 60
28 62
28 65
28 70
28 76
28 77
28 78
28 86
28 93
28 102
28 106
28 107
28 109
28 113
28 114
28 117
28 118
28 124
28 139
28 143
29 45
29 49
29 61
29 69
29 72
29 73
29 77
29 82
29 87
29 97
29 98
29 106
29 130
29 131
29 133
29 139
29 147
30 32
30 33
30 45
30 48
30 51
30 55
30 60
30 66
30 75
30 92
30 99
30 101
30 104
30 121
30 124
30 131
30 133
30 148
31 32
31 34
31 48
31 50
31 54
31 67
31 68
31 69
31 70
31 76
31 77
31 84
31 91
31 93
31 96
31 102
31 103
31 108
31 113
31 115
31 126
31 127
31 129
31 130
31 132
31 136
31 137
31 139
31 143
31 144
32 38
32 39
32 46
32 59
32 60
32 66
32 70
32 71
32 78
32 81
32 86
32 91
32 98
32 104
32 109
32 122
32 134
32 135
32 138
32 141
32 142
32 146
32 149
33 35
33 40
33 41
33 43
33 48
33 49
33 59
33 68
33 69
33 73
33 85
33 93
33 97
33 105
33 107
33 110
33 113
33 117
33 129
33 131
33 133
33 134
33 136
33 144
34 43
34 48
34 52
34 55
34 56
34 71
34 76
34 80
34 82
34 98
34 100
34 101
34 103
34 115
34 116
34 123
34 142
34 144
35 36
35 51
35 56
35 59
35 61
35 67
35 72
35 78
35 81
35 87
35 94
35 95
35 96
35 104
35 107
35 109
35 116
35 121
35 124
35 128
35 140
35 147
35 148
36 43
36 49
36 70
36 71
36 74
36 90
36 94
36 108
36 113
36 122
36 123
36 137
36 145
36 146
36 149
37 48
37 53
37 54
37 55
37 63
37 66
37 80
37 82
37 84
37 90
37 91
37 92
37 95
37 98
37 111
37 112
37 113
37 122
37 124
37 128
37 136
37 137
37 146
37 149
38 48
38 52
38 54
38 56
38 57
38 70
38 72
38 76
38 78
38 81
38 82
38 87
38 88
38 91
38 92
38 99
38 104
38 105
38 108
38 109
38 118
38 121
38 122
38 123
38 126
38 127
38 128
38 133
38 135
38 139
39 40
39 44
39 45
39 50
39 52
39 59
39 72
39 77
39 78
39 85
39 95
39 100
39 105
39 106
39 121
39 123
39 128
39 131
40 61
40 65
40 71
40 73
40 81
40 82
40 86
40 90
40 92
40 93
40 96
40 105
40 138
40 142
40 143
40 148
40 149
41 47
41 53
41 61
41 62
41 70
41 82
41 83
41 99
41 100
41 111
41 112
41 119
41 123
41 124
41 126
41 133
41 135
41 138
41 139
41 143
41 144
41 145
41 146
42 44
42 47
42 53
42 60
42 64
42 65
42 70
42 72
42 77
42 87
42 88
42 96
42 97
42 114
42 129
42 137
42 139
42 141
42 145
42 148
43 45
43 54
43 57
43 62
43 69
43 70
43 71
43 72
43 73
43 81
43 83
43 87
43 94
43 96
43 98
43 100
43 106
43 111
43 116
43 130
43 131
43 132
43 136
43 144
43 147
43 148
43 149
44 45
44 46
44 48
44 54
44 57
44 58
44 64
44 68
44 74
44 77
44 102
44 105
44 107
44 112
44 113
44 119
44 128
44 129
44 137
44 139
44 143
45 58
45 59
45 61
45 62
45 63
45 73
45 87
45 90
45 103
45 104
45 108
45 111
45 126
45 129
45 136
45 144
45 149
46 50
46 53
46 75
46 78
46 83
46 85
46 87
46 92
46 94
46 98
46 111
46 119
46 122
46 124
46 125
46 130
46 132
46 144
46 147
47 50
47 51
47 67
47 73
47 78
47 89
47 94
47 96
47 98
47 104
47 110
47 111
47 116
47 123
47 127
47 130
47 137
47 139
48 56
48 57
48 58
48 60
48 72
48 73
48 83
48 89
48 92
48 93
48 97
48 98
48 106
48 108
48 120
48 137
48 146
49 51
49 56
49 64
49 65
49 71
49 72
49 73
49 75
49 76
49 78
49 87
49 90
49 95
49 102
49 115
49 117
49 119
49 127
49 141
49 143
50 51
50 53
50 56
50 57
50 58
50 61
50 66
50 73
50 81
50 83
50 84
50 87
50 93
50 96
50 117
50 119
50 121
50 125
50 128
50 131
50 135
50 136
50 139
50 144
51 55
51 58
51 59
51 60
51 68
51 69
51 89
51 99
51 100
51 105
51 114
51 124
51 139
51 140
51 141
51 145
51 146
52 55
52 69
52 71
52 72
52 78
52 80
52 92
52 97
52 99
52 101
52 104
52 109
52 112
52 113
52 120
52 133
52 141
52 145
53 56
53 59
53 63
53 68
53 71
53 74
53 76
53 78
53 80
53 85
53 89
53 96
53 104
53 106
53 113
53 114
53 124
53 128
53 143
53 149
54 58
54 65
54 73
54 84
54 86
54 90
54 93
54 99
54 101
54 106
54 130
54 131
54 135
54 148
54 149
55 64
55 66
55 67
55 68
55 74
55 76
55 78
55 92
55 95
55 98
55 100
55 103
55 106
55 107
55 108
55 116
55 132
55 147
55 148
56 67
56 72
56 76
56 78
56 80
56 84
56 88
56 96
56 98
56 101
56 102
56 120
56 123
56 131
56 132
56 142
56 147
56 148
57 59
57 64
57 65
57 71
57 77
57 79
57 86
57 90
57 93
57 98
57 102
57 103
57 105
57 106
57 114
57 115
57 118
57 121
57 131
57 135
57 141
57 143
57 147
58 61
58 63
58 67
58 68
58 71
58 85
58 95
58 96
58 99
58 100
58 105
58 107
58 109
58 110
58 114
58 117
58 118
58 134
58 137
58 139
58 140
58 143
58 149
59 66
59 77
59 82
59 91
59 95
59 96
59 97
59 102
59 103
59 110
59 111
59 114
59 117
59 118
59 121
59 126
59 129
59 131
59 136
59 144
60 64
60 68
60 70
60 75
60 76
60 86
60 88
60 89
60 90
60 94
60 97
60 112
60 120
60 123
60 127
60 128
60 145
61 67
61 69
61 77
61 78
61 84
61 87
61 92
61 95
61 96
61 100
61 102
61 107
61 111
61 112
61 113
61 118
61 121
61 123
61 124
61 126
61 130
61 142
61 148
62 65
62 71
62 73
62 74
62 86
62 91
62 99
62 100
62 107
62 111
62 118
62 119
62 122
62 127
62 135
62 136
62 137
62 139
62 140
63 68
63 72
63 73
63 83
63 86
63 88
63 112
63 118
63 124
63 136
63 137
63 138
63 142
63 143
63 147
64 67
64 76
64 81
64 90
64 97
64 102
64 104
64 115
64 117
64 124
64 131
64 134
64 145
65 86
65 97
65 105
65 109
65 114
65 115
65 116
65 120
65 124
65 129
65 130
65 141
65 144
65 149
66 67
66 68
66 77
66 78
66 79
66 89
66 91
66 100
66 107
66 113
66 120
66 132
66 133
66 139
66 140
66 149
67 72
67 74
67 77
67 91
67 100
67 109
67 110
67 112
67 114
67 116
67 117
67 118
67 124
67 125
67 129
67 130
67 134
67 143
68 71
68 74
68 78
68 89
68 91
68 93
68 96
68 101
68 104
68 105
68 113
68 118
68 121
68 122
68 130
68 136
68 142
69 73
69 74
69 77
69 79
69 81
69 85
69 92
69 98
69 103
69 110
69 115
69 120
69 123
69 126
69 135
69 148
70 71
70 72
70 73
70 75
70 76
70 80
70 86
70 88
70 89
70 93
70 96
70 99
70 102
70 111
70 113
70 122
70 126
70 129
70 137
70 142
70 145
70 146
70 148
71 72
71 79
71 80
71 83
71 92
71 99
71 101
71 109
71 110
71 112
71 115
71 126
71 129
71 131
71 133
71 145
71 147
71 148
72 74
72 75
72 87
72 88
72 91
72 92
72 97
72 105
72 106
72 107
72 109
72 111
72 120
72 124
72 128
72 136
72 141
72 143
72 149
73 77
73 81
73 83
73 94
73 96
73 102
73 104
73 112
73 114
73 117
73 121
73 123
73 132
73 134
73 137
73 145
73 147
73 148
74 75
74 78
74 82
74 83
74 85
74 89
74 101
74 103
74 112
74 114
74 119
74 121
74 125
74 127
74 133
74 134
74 147
75 79
75 81
75 85
75 90
75 96
75 104
75 107
75 120
75 122
75 127
75 139
75 143
75 144
75 146
76 77
76 81
76 82
76 103
76 104
76 107
76 115
76 123
76 125
77 80
77 87
77 88
77 97
77 98
77 104
77 106
77 109
77 113
77 116
77 117
77 124
77 129
77 142
78 85
78 88
78 93
78 94
78 99
78 102
78 106
78 108
78 111
78 117
78 122
78 124
78 128
78 132
78 138
78 144
78 147
79 82
79 87
79 100
79 107
79 110
79 112
79 117
79 121
79 129
79 130
79 148
80 82
80 90
80 91
80 112
80 118
80 149
81 86
81 90
81 93
81 98
81 100
81 101
81 110
81 121
81 125
81 126
81 132
81 135
81 141
81 143
81 148
82 83
82 84
82 86
82 92
82 93
82 97
82 107
82 108
82 111
82 120
82 121
82 124
82 137
82 147
83 84
83 106
83 107
83 122
83 144
83 149
84 87
84 90
84 92
84 99
84 100
84 124
84 125
84 134
84 135
84 141
84 144
84 148
85 91
85 92
85 94
85 115
85 116
85 119
85 120
85 121
85 127
85 130
85 131
85 135
85 138
86 87
86 91
86 105
86 107
86 125
86 130
87 90
87 91
87 98
87 99
87 105
87 107
87 108
87 112
87 127
87 132
87 149
88 89
88 100
88 101
88 105
88 109
88 117
88 122
88 129
88 136
88 140
88 141
88 147
89 109
89 111
89 117
89 120
89 122
89 127
89 135
89 140
90 108
90 114
90 120
90 122
90 137
91 93
91 94
91 96
91 102
91 110
91 111
91 112
91 114
91 118
91 127
91 137
91 149
92 93
92 97
92 101
92 103
92 105
92 106
92 112
92 115
92 123
92 128
92 130
92 135
92 138
92 140
92 145
93 99
93 103
93 111
93 117
93 118
93 125
93 127
93 130
93 138
93 139
93 148
93 149
94 96
94 102
94 106
94 111
94 119
94 122
94 133
94 139
94 148
95 97
95 98
95 121
95 127
95 129
95 131
95 136
95 139
95 140
95 141
95 149
96 98
96 99
96 103
96 104
96 105
96 108
96 109
96 120
96 124
96 126
96 142
97 98
97 105
97 108
97 111
97 114
97 119
97 122
97 123
97 124
97 126
97 127
97 128
97 131
97 132
97 139
97 140
98 113
98 132
98 134
98 139
99 101
99 104
99 112
99 122
99 123
99 129
100 101
100 108
100 110
100 115
100 121
100 125
100 128
100 136
100 139
100 140
101 111
101 115
101 117
101 119
101 126
101 138
101 141
101 145
102 112
102 117
102 118
102 147
102 148
103 111
103 118
103 125
103 126
103 137
103 138
103 148
104 105
104 106
104 108
104 109
104 113
104 116
104 119
104 124
104 135
104 140
104 142
105 106
105 107
105 110
105 113
105 116
105 122
105 127
105 128
105 130
105 131
105 137
105 145
105 146
105 148
106 107
106 110
106 115
106 116
106 117
106 121
106 122
106 124
106 135
106 138
106 140
106 145
106 147
107 109
107 114
107 115
107 120
107 124
107 130
107 135
107 137
107 138
107 146
107 148
108 112
108 114
108 116
108 126
108 128
108 133
108 137
108 141
108 143
109 112
109 123
109 125
109 127
109 133
109 142
109 143
109 145
109 146
110 115
110 117
110 118
110 123
110 126
110 131
110 141
110 142
111 112
111 116
111 117
111 119
111 121
111 142
112 122
112 127
112 131
112 136
112 139
112 148
113 115
113 116
113 121
113 129
113 130
113 137
113 138
114 117
114 121
114 122
114 124
114 133
114 135
114 139
114 146
115 120
115 122
115 132
115 139
115 149
116 118
116 123
116 128
116 132
117 124
117 129
117 132
117 134
117 144
118 120
118 140
118 146
118 148
118 149
119 129
119 144
119 145
120 122
120 124
120 129
120 133
120 136
120 144
121 131
121 137
121 138
121 140
121 148
122 129
122 136
122 144
122 148
123 125
123 138
123 145
123 148
124 127
124 130
124 132
124 134
124 138
124 139
124 148
125 127
125 128
125 134
125 143
125 147
125 148
126 129
126 139
126 141
126 143
127 129
127 132
127 144
127 146
128 132
128 135
128 141
128 142
128 147
128 148
129 130
129 131
129 135
129 136
129 139
129 140
129 145
130 132
130 135
130 143
130 147
131 135
131 136
131 139
131 144
132 133
132 147
132 148
132 149
133 134
133 144
134 135
134 136
134 137
134 138
135 139
135 140
135 144
136 143
136 146
136 149
138 139
138 140
138 149
139 144
139 149
140 143
140 146
140 148
142 145
142 147
143 144
143 146
143 148
144 149
146 149

0 0 1 1 0 0 0 0 1 1 1 1 1 1 0 1 1 1 0 1 0 1 0 1 0 0 1 0 1 0 0 1 1 0 0 1 0 0 1 1 0 0 1 0 1 1 0 1 0 0 0 0 0 0 1 0 1 1 0 0 0 0 0 1 0 0 1 0 1 0 1 1 1 1 1 1 1 1 1 1 0 0 1 0 1 1 0 0 1 1 0 1 0 0 1 1 0 0 0 0 0 1 1 0 1 1 1 1 0 1 0 0 1 1 1 1 0 1 1 0 0 1 0 1 1 1 0 1 0 0 0 0 0 0 0 0 0 0 1 0 1 1 0 1 1 1 1 0 1 0