100 238
0 1 2 3 4 5 6 7 8 9 10 11 12 13 14 15 16 17 18 19 20 21 22 23 24 25 26 27 28 29 30 31 32 33 34 35 36 37 38 39 40 41 42 43 44 45 46 47 48 49 50 51 52 53 54 55 56 57 58 59 60 61 62 63 64 65 66 67 68 69 70 71 72 73 74 75 76 77 78 79 80 81 82 83 84 85 86 87 88 89 90 91 92 93 94 95 96 97 98 99
0 12
0 28
0 34
0 57
0 64
1 9
1 11
1 14
1 28
1 59
1 75
2 6
2 16
2 42
2 43
2 88
2 95
2 99
3 41
3 56
3 85
4 22
4 66
5 10
5 12
5 37
5 51
5 73
5 83
6 20
6 41
6 57
6 69
6 93
6 96
6 99
7 28
7 33
7 51
7 53
7 54
7 61
7 80
7 97
7 99
8 11
8 36
8 49
8 56
8 94
9 45
9 47
9 50
9 58
9 63
10 43
10 44
10 66
11 39
11 53
11 68
12 31
12 40
12 43
12 46
12 51
13 25
13 48
13 74
13 75
13 97
14 26
14 63
14 84
14 89
15 18
15 43
15 47
15 51
15 52
15 85
16 24
16 25
16 34
16 64
16 77
17 52
17 57
17 76
18 40
18 88
19 53
19 76
19 77
19 88
20 42
20 54
20 65
20 72
21 23
21 34
22 41
22 52
22 65
22 88
23 68
23 81
23 86
23 90
24 53
24 92
25 31
25 84
25 85
25 86
25 87
25 88
25 92
26 46
26 54
26 59
26 71
27 95
27 99
28 90
28 91
29 36
29 38
29 54
29 86
30 41
30 68
30 70
31 69
32 68
32 81
32 93
33 87
33 89
34 43
34 61
34 66
35 43
35 53
35 73
35 80
36 44
36 62
36 69
36 77
36 85
36 91
37 67
37 86
38 56
38 57
38 66
38 74
38 89
39 57
39 97
40 46
40 87
41 44
41 47
41 49
41 50
41 96
42 50
42 58
42 68
43 55
43 56
43 70
44 75
44 76
44 88
45 64
45 66
45 71
45 76
46 75
46 89
47 54
47 67
47 71
47 88
48 51
48 77
48 93
49 73
49 74
49 84
50 52
50 80
51 86
52 62
52 66
53 79
54 69
54 72
55 63
55 88
56 73
56 93
57 74
57 83
57 85
58 92
58 94
59 89
60 72
61 71
62 73
62 78
63 86
63 92
63 98
64 94
65 85
65 98
66 72
67 72
67 95
68 93
69 75
69 78
69 98
71 72
72 78
74 93
75 80
77 85
78 81
90 93
90 94
93 96
96 97

0 1 0 1 0 1 0 1 0 0 0 0 0 0 1 0 1 1 1 0 0 1 0 0 1 0 1 0 1 0 0 1 1 1 1 1 1 0 1 1 1 0 0 0 0 0 0 1 1 1 0 0 1 1 0 1 0 0 1 0 1 0 1 0 1 0 0 0 1 1 1 1 0 1 1 1 1 1 1 0 0 0 1 0 1 1 0 0 1 1 0 1 0 0 0 1 1 1 0 0