150 540
0 1 2 3 4 5 6 7 8 9 10 11 12 13 14 15 16 17 18 19 20 21 22 23 24 25 26 27 28 29 30 31 32 33 34 35 36 37 38 39 40 41 42 43 44 45 46 47 48 49 50 51 52 53 54 55 56 57 58 59 60 61 62 63 64 65 66 67 68 69 70 71 72 73 74 75 76 77 78 79 80 81 82 83 84 85 86 87 88 89 90 91 92 93 94 95 96 97 98 99 100 101 102 103 104 105 106 107 108 109 110 111 112 113 114 115 116 117 118 119 120 121 122 123 124 125 126 127 128 129 130 131 132 133 134 135 136 137 138 139 140 141 142 143 144 145 146 147 148 149
0 21
0 49
0 52
0 65
0 85
0 94
0 132
0 137
1 8
1 17
1 45
1 97
1 106
1 128
1 137
2 9
2 45
2 49
2 79
2 101
2 144
2 148
3 58
3 61
3 71
3 85
3 88
3 91
3 131
4 39
4 47
4 98
4 112
4 146
5 31
5 59
5 68
5 71
5 76
5 78
5 87
5 92
5 99
5 101
5 114
5 120
6 31
6 104
6 123
6 124
6 141
6 143
7 21
7 38
7 39
7 52
7 84
7 132
8 33
8 83
8 86
8 106
8 113
8 115
8 123
8 135
9 63
9 64
9 73
9 76
9 87
9 89
9 95
9 103
9 106
9 141
10 16
10 69
10 80
10 83
10 120
10 141
11 33
11 34
11 89
11 100
11 112
11 119
12 13
12 44
12 63
12 65
12 77
12 120
13 103
13 112
13 117
13 125
13 141
14 53
14 57
14 64
14 69
14 76
14 96
14 118
14 125
14 148
15 73
15 75
15 103
15 125
15 131
15 142
16 20
16 47
16 102
16 103
16 117
16 119
16 134
16 139
16 144
17 21
17 47
17 62
17 112
18 27
18 54
18 116
18 126
18 127
19 98
19 119
20 38
20 56
20 92
20 95
20 98
20 129
20 135
21 49
21 51
21 83
21 104
22 31
22 97
22 109
23 86
23 106
23 130
23 147
24 26
24 32
24 37
24 67
24 73
24 86
24 105
24 126
25 60
25 93
25 102
25 112
26 37
26 54
26 62
26 71
26 79
26 93
26 115
26 131
26 132
27 38
27 42
27 47
27 60
27 87
27 100
28 43
28 45
28 61
28 66
28 112
29 52
29 74
29 89
29 99
29 102
29 112
29 118
29 134
29 142
30 35
30 53
30 64
30 72
31 51
31 56
31 59
31 69
31 83
31 110
32 47
32 54
32 68
32 87
32 113
32 125
32 130
32 140
32 146
33 53
33 76
33 78
33 114
34 46
34 64
34 70
34 101
34 132
34 145
35 41
35 68
35 93
35 99
36 46
36 62
36 103
37 50
37 54
37 57
37 67
37 75
37 87
37 110
37 119
37 124
38 78
38 84
38 99
38 129
39 70
39 76
39 116
39 147
40 61
40 94
40 111
40 127
41 65
41 103
41 118
41 149
42 66
42 108
42 121
43 128
43 129
43 132
44 62
44 78
44 87
44 103
45 66
45 67
45 137
46 64
46 76
46 83
46 96
46 120
47 70
47 74
47 85
47 88
47 89
47 103
47 111
48 65
48 139
49 53
49 82
49 104
49 106
49 122
49 123
49 125
49 131
49 146
50 52
50 54
50 121
50 131
50 135
51 57
51 87
51 117
51 140
51 145
52 57
52 85
53 87
53 98
53 101
53 127
53 137
54 75
54 84
54 87
54 100
54 132
54 145
55 56
55 62
55 67
55 99
55 142
56 65
56 67
56 89
56 94
56 107
56 113
57 91
57 96
57 131
58 60
58 69
58 86
58 87
58 110
58 126
58 132
59 66
59 125
59 126
60 65
60 77
60 78
60 96
61 88
61 97
61 99
61 110
61 119
61 149
62 79
62 123
62 149
63 84
63 86
63 99
63 115
64 75
64 82
64 89
65 66
65 82
65 89
65 90
65 99
65 100
66 88
66 106
66 108
66 110
66 139
66 143
67 87
67 95
67 100
67 129
68 70
68 72
68 82
68 96
68 99
69 81
70 75
70 82
70 132
70 133
70 135
71 93
71 103
72 106
72 111
72 114
72 125
72 136
73 95
73 103
73 107
73 146
73 149
74 78
74 93
74 102
74 147
75 89
75 92
75 102
75 114
75 125
75 127
76 106
76 124
76 133
77 120
78 94
78 101
78 141
78 145
79 83
79 87
79 94
80 82
80 93
80 94
80 95
80 107
80 145
80 149
81 110
81 118
81 131
82 93
82 105
82 126
82 130
82 135
83 91
83 115
84 103
84 122
85 99
85 124
85 128
86 88
86 94
86 103
86 117
86 120
86 122
86 124
86 127
86 132
87 88
87 108
87 119
88 90
88 91
88 103
88 123
89 127
90 111
91 99
91 109
91 120
92 96
92 134
92 136
93 112
94 102
94 129
94 146
95 119
95 120
96 110
98 118
98 142
98 144
99 145
100 117
100 132
100 148
101 127
101 134
102 132
103 118
104 119
104 121
104 125
104 137
104 143
105 115
105 119
105 142
107 121
108 121
108 126
108 128
110 121
111 114
111 127
112 114
112 118
114 117
114 119
114 127
114 141
115 131
115 136
116 118
116 127
116 131
116 136
116 142
118 137
118 138
118 149
119 140
120 126
120 142
121 136
122 127
123 124
123 132
125 135
125 145
126 128
126 130
126 133
126 148
127 142
129 133
129 137
129 141
130 136
130 142
133 141
135 144
136 148
137 139
137 143
139 147
140 144
140 149
146 149

0 0 1 1 1 1 0 1 0 0 0 0 1 0 1 0 1 0 0 1 1 0 1 1 0 0 0 1 0 1 1 1 1 0 0 0 0 1 0 0 0 0 1 1 1 0 0 0 1 1 1 0 0 1 1 0 1 0 1 1 0 1 1 1 1 1 0 1 1 1 1 0 1 0 0 0 0 0 1 0 0 0 1 0 1 0 0 1 0 0 1 1 1 1 0 1 0 1 1 1 0 1 0 1 1 0 0 0 0 0 1 1 1 0 1 1 0 1 1 1 0 0 0 1 0 1 0 0 1 0 1 0 1 0 1 0 0 1 1 0 0 1 0 0 0 1 0 1 1 1