200 1071
0 1 2 3 4 5 6 7 8 9 10 11 12 13 14 15 16 17 18 19 20 21 22 23 24 25 26 27 28 29 30 31 32 33 34 35 36 37 38 39 40 41 42 43 44 45 46 47 48 49 50 51 52 53 54 55 56 57 58 59 60 61 62 63 64 65 66 67 68 69 70 71 72 73 74 75 76 77 78 79 80 81 82 83 84 85 86 87 88 89 90 91 92 93 94 95 96 97 98 99 100 101 102 103 104 105 106 107 108 109 110 111 112 113 114 115 116 117 118 119 120 121 122 123 124 125 126 127 128 129 130 131 132 133 134 135 136 137 138 139 140 141 142 143 144 145 146 147 148 149 150 151 152 153 154 155 156 157 158 159 160 161 162 163 164 165 166 167 168 169 170 171 172 173 174 175 176 177 178 179 180 181 182 183 184 185 186 187 188 189 190 191 192 193 194 195 196 197 198 199
0 125
0 133
0 158
0 173
0 183
0 188
1 21
1 83
1 97
1 118
1 155
1 163
1 167
1 180
2 73
2 83
2 121
2 135
2 141
2 145
2 164
2 165
2 170
3 19
3 25
3 38
3 72
3 85
3 138
3 139
3 163
3 193
3 195
3 197
3 199
4 7
4 13
4 14
4 104
4 119
4 121
4 125
4 144
4 180
5 26
5 32
5 78
5 88
5 122
5 184
6 17
6 34
6 49
6 54
6 70
6 79
6 82
6 93
6 118
6 161
6 164
6 196
7 20
7 38
7 59
7 72
7 105
7 106
7 134
7 141
7 151
7 170
7 171
7 182
8 9
8 12
8 15
8 59
8 65
8 99
8 132
8 141
8 159
8 166
9 10
9 28
9 48
9 103
9 123
9 172
10 18
10 24
10 31
10 75
10 133
10 135
10 138
10 140
10 178
11 46
11 50
11 100
11 143
11 150
11 158
11 166
11 172
11 174
11 178
11 195
12 22
12 30
12 39
12 45
12 54
12 71
12 95
12 132
12 134
12 137
12 144
12 179
12 196
13 18
13 24
13 31
13 76
13 93
13 97
13 100
13 149
13 184
13 186
14 26
14 48
14 68
14 103
14 115
14 159
14 191
14 198
15 31
15 37
15 59
15 93
15 131
15 143
15 145
15 156
15 161
15 167
16 27
16 35
16 45
16 46
16 162
16 169
17 50
17 75
17 84
17 91
17 95
17 126
17 127
17 129
17 151
17 152
17 161
17 167
17 170
17 181
18 28
18 64
18 73
18 147
18 155
18 161
19 23
19 34
19 56
19 60
19 61
19 128
19 164
19 175
19 186
20 37
20 39
20 41
20 42
20 60
20 72
20 100
20 136
20 153
20 194
20 196
21 35
21 66
21 71
21 154
21 156
21 187
22 60
22 67
22 68
22 79
22 139
22 170
22 182
22 191
22 193
23 56
23 64
23 98
23 129
23 131
23 168
23 179
23 184
23 187
23 193
24 54
24 100
24 117
24 127
24 145
24 152
24 188
24 194
25 37
25 92
25 96
25 98
25 99
25 102
25 125
25 131
25 135
25 156
26 28
26 30
26 78
26 99
26 116
26 126
26 131
26 162
26 163
26 164
27 31
27 39
27 40
27 75
27 99
27 113
27 122
27 169
27 188
27 194
28 61
28 90
28 122
28 124
28 129
28 138
28 148
28 152
28 157
28 159
28 181
28 183
29 46
29 77
29 81
29 94
29 97
29 114
29 134
29 137
29 155
29 167
29 192
30 47
30 62
30 63
30 70
30 98
30 131
30 162
31 41
31 53
31 84
31 93
31 152
31 156
31 159
31 165
31 182
32 40
32 58
32 61
32 93
32 95
32 149
32 170
32 185
32 197
33 52
33 61
33 76
33 108
33 124
33 125
33 184
33 185
33 186
34 107
34 118
34 126
34 132
34 157
34 169
34 171
34 188
34 199
35 94
35 105
35 147
35 180
35 188
36 40
36 51
36 97
36 112
36 176
36 193
37 43
37 45
37 70
37 71
37 87
37 88
37 99
37 100
37 114
37 118
37 120
37 128
37 173
37 179
37 182
37 186
37 188
38 88
38 102
38 143
38 156
38 191
39 47
39 66
39 83
39 93
39 101
39 113
39 115
39 121
39 132
39 162
39 163
40 49
40 50
40 53
40 63
40 66
40 69
40 82
40 97
40 127
41 47
41 56
41 64
41 99
41 145
41 151
41 155
41 174
41 190
42 47
42 50
42 52
42 63
42 95
42 128
42 132
42 148
42 158
42 164
42 171
42 197
43 45
43 68
43 70
43 77
43 94
43 114
43 154
44 82
44 83
44 108
44 117
44 141
44 159
44 195
44 199
45 51
45 70
45 73
45 82
45 96
45 100
45 119
45 139
45 148
45 156
45 166
45 171
45 191
46 59
46 69
46 83
46 97
46 100
46 118
46 171
46 172
46 187
46 199
47 87
47 92
47 103
47 106
47 130
47 133
47 136
47 159
47 160
48 58
48 71
48 78
48 103
48 121
48 124
48 143
48 175
48 179
48 181
48 186
49 59
49 60
49 72
49 128
49 135
49 155
49 162
49 174
50 52
50 63
50 135
50 173
50 180
51 69
51 73
51 95
51 103
51 105
51 150
51 178
51 184
52 65
52 80
52 133
52 145
52 146
52 151
52 168
52 186
52 197
53 61
53 76
53 82
53 89
53 90
53 151
53 158
54 78
54 81
54 96
54 156
54 158
54 162
54 186
54 189
54 197
55 60
55 76
55 87
55 93
55 94
55 108
55 136
55 137
55 167
55 169
55 172
56 99
56 108
56 134
56 140
56 153
56 158
56 170
57 75
57 78
57 89
57 104
57 122
57 125
57 138
57 183
57 193
58 70
58 76
58 105
58 118
58 135
59 71
59 199
60 63
60 68
60 75
60 80
60 87
60 100
60 103
60 117
60 125
60 143
60 147
60 149
60 168
60 187
61 91
61 109
61 123
61 137
61 148
61 152
61 181
61 193
62 75
62 88
62 95
62 107
62 150
62 159
62 190
62 193
63 69
63 88
63 102
63 114
63 133
63 140
63 141
63 142
63 165
64 76
64 87
64 94
64 98
64 111
64 137
64 143
64 167
64 170
64 186
65 111
65 119
65 122
65 178
66 74
66 94
66 108
66 116
66 120
66 131
66 159
67 68
67 83
67 105
67 122
67 143
67 149
67 187
67 190
68 90
68 108
68 115
68 134
68 172
68 182
68 187
69 83
69 87
69 110
69 124
69 130
69 145
69 164
69 190
69 195
70 120
70 122
70 125
70 128
70 152
70 189
70 191
71 100
71 118
71 133
71 149
71 162
71 185
71 190
71 194
72 80
72 88
72 92
72 122
72 134
72 149
73 82
73 101
73 116
73 140
73 146
73 147
73 148
73 161
73 175
74 76
74 91
74 93
75 124
75 128
75 132
75 141
75 187
76 110
76 112
76 128
76 132
76 153
76 197
76 199
77 85
77 125
77 163
78 103
78 116
78 128
78 139
78 159
78 173
78 194
78 199
79 80
79 108
79 122
79 157
79 185
80 86
80 106
80 137
80 156
80 158
80 162
80 171
80 179
80 193
81 109
81 124
81 135
81 173
81 177
82 90
82 95
82 102
82 108
82 113
82 118
82 133
82 161
83 90
83 96
83 99
83 111
83 118
83 174
84 106
84 123
84 130
84 183
84 194
84 199
85 98
85 103
85 119
85 122
85 147
85 154
85 160
85 177
86 131
86 147
86 164
86 190
86 193
87 90
87 106
87 126
87 152
87 155
87 187
87 192
88 112
88 139
88 160
88 174
88 181
88 191
89 124
89 135
89 138
89 148
89 168
89 181
89 192
89 194
90 98
90 113
90 138
90 154
90 182
91 106
91 121
91 133
91 149
91 155
91 158
91 188
92 94
92 101
92 161
92 183
92 185
92 192
92 196
93 101
93 113
93 152
93 154
93 174
94 102
94 106
94 108
94 109
94 144
94 167
94 194
94 196
95 128
95 185
96 131
96 141
96 158
96 170
96 190
97 131
97 134
97 143
97 146
97 152
97 154
97 161
98 137
98 138
98 157
98 164
98 178
98 190
99 107
99 114
99 124
99 141
99 145
99 194
100 138
100 144
100 145
100 167
100 192
101 107
101 111
101 118
102 105
102 151
103 169
103 177
104 126
104 175
105 108
105 109
105 129
105 138
105 144
105 146
105 154
105 166
105 167
105 178
106 113
106 130
106 144
106 163
107 132
107 143
107 153
107 154
107 158
107 188
107 199
108 190
109 114
109 131
109 134
109 147
109 182
109 186
109 195
109 196
110 139
110 167
110 180
111 113
111 131
111 149
111 150
111 151
111 152
111 155
111 164
111 165
112 152
112 185
113 131
113 169
113 175
114 130
114 156
114 165
114 169
114 194
115 117
115 123
115 133
115 134
115 149
115 153
115 162
115 165
115 185
115 193
116 124
116 138
116 152
116 158
116 170
116 172
116 176
116 177
116 184
116 190
116 193
117 129
117 140
117 142
118 125
118 151
118 152
118 160
119 133
119 140
119 144
119 160
119 194
119 195
120 141
120 154
120 190
121 144
121 159
121 162
121 164
122 154
122 160
123 126
123 172
123 174
123 183
124 147
124 171
124 179
124 182
124 187
125 139
125 166
125 172
126 146
126 167
126 186
126 187
127 148
127 153
127 155
127 175
127 189
128 160
129 136
129 149
129 164
129 192
130 145
130 151
130 154
130 179
130 190
131 172
132 136
132 142
132 197
133 165
133 175
133 177
134 136
134 156
134 195
134 198
135 147
135 157
135 159
135 161
135 193
136 146
136 152
136 170
137 147
137 164
137 193
138 147
138 191
139 142
139 145
139 151
141 164
142 145
142 174
142 181
143 156
143 162
144 187
145 152
146 161
146 162
146 164
146 170
147 153
147 199
148 166
148 178
148 186
148 187
148 194
149 155
149 165
149 174
149 178
149 193
150 174
150 176
150 198
151 169
151 170
151 185
152 187
152 188
153 157
153 199
154 164
155 170
155 177
155 196
156 157
156 165
156 186
156 193
156 196
156 199
157 179
157 180
158 183
160 186
160 195
161 172
161 173
161 198
162 173
162 191
163 175
163 176
163 178
163 196
164 175
165 170
165 192
165 193
166 172
166 180
167 199
169 173
169 177
169 188
170 174
170 194
170 195
170 198
171 182
171 191
171 195
172 179
172 186
172 187
173 197
174 176
175 186
175 190
177 180
179 197
180 191
180 193
181 190
183 190
186 192
188 190
188 191
190 195
191 192
192 197
198 199

1 1 0 0 0 0 0 1 1 1 0 1 1 0 0 0 0 1 1 1 1 1 1 1 0 1 0 1 0 0 0 0 0 0 1 1 1 1 0 0 0 1 0 1 1 0 1 0 1 1 0 0 0 0 1 0 0 1 0 0 1 0 1 0 1 1 1 0 0 0 0 0 1 1 1 1 0 0 1 0 1 1 0 0 0 1 1 1 0 1 0 1 1 1 0 1 1 1 0 0 0 0 0 1 1 1 1 1 1 0 1 1 1 0 0 0 1 1 0 0 1 1 1 0 1 1 0 0 0 0 0 0 1 1 1 0 0 1 1 0 0 1 1 0 1 1 1 0 1 1 1 0 1 1 0 0 0 1 1 1 0 1 0 1 0 1 1 1 0 1 0 0 0 0 0 0 1 1 1 0 0 0 1 0 0 1 0 0 0 1 0 0 0 1 1 1 0 0 0 1