250 6178
0 1 2 3 4 5 6 7 8 9 10 11 12 13 14 15 16 17 18 19 20 21 22 23 24 25 26 27 28 29 30 31 32 33 34 35 36 37 38 39 40 41 42 43 44 45 46 47 48 49 50 51 52 53 54 55 56 57 58 59 60 61 62 63 64 65 66 67 68 69 70 71 72 73 74 75 76 77 78 79 80 81 82 83 84 85 86 87 88 89 90 91 92 93 94 95 96 97 98 99 100 101 102 103 104 105 106 107 108 109 110 111 112 113 114 115 116 117 118 119 120 121 122 123 124 125 126 127 128 129 130 131 132 133 134 135 136 137 138 139 140 141 142 143 144 145 146 147 148 149 150 151 152 153 154 155 156 157 158 159 160 161 162 163 164 165 166 167 168 169 170 171 172 173 174 175 176 177 178 179 180 181 182 183 184 185 186 187 188 189 190 191 192 193 194 195 196 197 198 199 200 201 202 203 204 205 206 207 208 209 210 211 212 213 214 215 216 217 218 219 220 221 222 223 224 225 226 227 228 229 230 231 232 233 234 235 236 237 238 239 240 241 242 243 244 245 246 247 248 249
0 10
0 13
0 15
0 16
0 26
0 30
0 32
0 37
0 40
0 43
0 44
0 51
0 54
0 61
0 62
0 64
0 65
0 67
0 72
0 79
0 88
0 89
0 96
0 117
0 121
0 125
0 126
0 130
0 131
0 132
0 142
0 145
0 146
0 159
0 166
0 176
0 182
0 183
0 184
0 191
0 193
0 195
0 199
0 203
0 211
0 214
0 216
0 219
0 230
0 232
0 240
1 10
1 15
1 20
1 23
1 29
1 42
1 44
1 45
1 55
1 58
1 59
1 62
1 68
1 86
1 90
1 91
1 92
1 100
1 103
1 107
1 113
1 114
1 115
1 120
1 129
1 132
1 133
1 134
1 135
1 146
1 149
1 155
1 158
1 164
1 165
1 173
1 174
1 175
1 184
1 190
1 192
1 220
1 224
1 233
1 234
1 237
1 240
1 242
1 245
2 6
2 13
2 18
2 22
2 43
2 49
2 50
2 51
2 59
2 64
2 69
2 72
2 73
2 77
2 92
2 95
2 96
2 103
2 112
2 114
2 115
2 142
2 146
2 147
2 148
2 154
2 166
2 170
2 173
2 174
2 178
2 187
2 189
2 191
2 196
2 200
2 201
2 203
2 204
2 205
2 212
2 219
2 228
2 235
2 236
2 239
2 240
2 242
2 246
2 247
3 9
3 11
3 13
3 23
3 24
3 28
3 32
3 45
3 50
3 51
3 53
3 56
3 63
3 67
3 75
3 76
3 86
3 87
3 90
3 96
3 120
3 127
3 155
3 156
3 161
3 171
3 173
3 177
3 184
3 192
3 197
3 211
3 213
3 222
3 230
3 231
3 236
3 239
3 246
4 5
4 16
4 21
4 28
4 29
4 34
4 36
4 37
4 38
4 40
4 44
4 45
4 52
4 56
4 57
4 60
4 68
4 74
4 83
4 84
4 85
4 88
4 89
4 91
4 93
4 96
4 97
4 101
4 104
4 108
4 113
4 114
4 130
4 134
4 139
4 140
4 142
4 144
4 145
4 150
4 151
4 155
4 160
4 165
4 166
4 171
4 178
4 180
4 184
4 188
4 205
4 208
4 209
4 210
4 217
4 226
4 229
4 231
4 233
4 238
4 239
5 11
5 16
5 17
5 22
5 23
5 36
5 40
5 45
5 47
5 56
5 60
5 68
5 74
5 77
5 81
5 86
5 90
5 97
5 100
5 109
5 118
5 126
5 127
5 129
5 130
5 138
5 139
5 140
5 142
5 143
5 146
5 151
5 156
5 160
5 161
5 170
5 171
5 175
5 184
5 192
5 197
5 202
5 204
5 205
5 209
5 218
5 220
5 223
5 226
5 229
5 236
5 242
5 249
6 8
6 32
6 35
6 40
6 44
6 49
6 51
6 55
6 69
6 71
6 72
6 73
6 76
6 83
6 101
6 108
6 115
6 116
6 118
6 121
6 122
6 124
6 125
6 126
6 139
6 144
6 147
6 150
6 157
6 160
6 163
6 165
6 168
6 169
6 170
6 172
6 175
6 190
6 191
6 195
6 198
6 203
6 206
6 207
6 213
6 216
6 225
6 226
6 232
6 240
6 247
7 11
7 12
7 21
7 23
7 30
7 31
7 33
7 45
7 48
7 56
7 57
7 60
7 100
7 118
7 121
7 129
7 137
7 144
7 146
7 155
7 160
7 176
7 187
7 194
7 207
7 208
7 210
7 213
7 219
7 230
7 237
7 239
7 241
7 246
8 10
8 11
8 14
8 21
8 32
8 35
8 47
8 61
8 63
8 68
8 72
8 83
8 84
8 95
8 96
8 99
8 109
8 115
8 118
8 129
8 135
8 138
8 142
8 148
8 151
8 167
8 174
8 181
8 184
8 185
8 192
8 196
8 206
8 210
8 217
8 220
8 229
8 235
8 238
8 239
8 240
8 242
8 243
8 246
9 16
9 28
9 29
9 32
9 38
9 48
9 49
9 60
9 63
9 72
9 76
9 77
9 81
9 82
9 91
9 97
9 104
9 113
9 120
9 124
9 125
9 144
9 154
9 155
9 158
9 166
9 168
9 169
9 171
9 172
9 173
9 183
9 184
9 191
9 196
9 215
9 227
9 230
9 236
9 238
9 241
10 11
10 14
10 17
10 18
10 23
10 38
10 44
10 50
10 53
10 55
10 61
10 63
10 66
10 82
10 84
10 86
10 88
10 93
10 105
10 110
10 127
10 128
10 130
10 132
10 134
10 137
10 157
10 162
10 167
10 176
10 181
10 184
10 188
10 190
10 200
10 202
10 204
10 211
10 219
10 220
10 225
10 240
10 245
11 12
11 14
11 20
11 23
11 26
11 27
11 34
11 39
11 42
11 45
11 59
11 60
11 65
11 71
11 81
11 84
11 87
11 92
11 95
11 109
11 111
11 119
11 124
11 130
11 133
11 145
11 153
11 155
11 162
11 164
11 165
11 171
11 184
11 185
11 186
11 189
11 193
11 197
11 198
11 200
11 201
11 203
11 206
11 208
11 217
11 222
11 223
11 224
11 230
11 232
11 234
11 237
11 243
12 13
12 18
12 26
12 31
12 42
12 45
12 46
12 47
12 49
12 56
12 60
12 62
12 63
12 77
12 82
12 83
12 99
12 104
12 113
12 119
12 125
12 129
12 133
12 141
12 144
12 149
12 151
12 154
12 161
12 163
12 169
12 175
12 185
12 187
12 189
12 192
12 200
12 202
12 207
12 208
12 209
12 221
12 223
12 225
12 234
12 239
13 14
13 22
13 37
13 40
13 52
13 56
13 68
13 69
13 72
13 80
13 82
13 87
13 95
13 100
13 101
13 110
13 113
13 115
13 117
13 121
13 134
13 136
13 137
13 140
13 146
13 148
13 150
13 153
13 165
13 166
13 170
13 175
13 179
13 183
13 210
13 211
13 226
13 227
13 232
13 235
13 236
13 240
13 242
13 246
14 20
14 21
14 22
14 34
14 50
14 52
14 54
14 55
14 57
14 58
14 59
14 63
14 64
14 67
14 68
14 80
14 81
14 82
14 84
14 93
14 97
14 101
14 106
14 109
14 127
14 131
14 133
14 154
14 158
14 160
14 161
14 165
14 169
14 182
14 185
14 189
14 190
14 191
14 193
14 194
14 213
14 217
14 226
14 229
14 230
14 243
14 249
15 19
15 23
15 35
15 38
15 43
15 45
15 48
15 50
15 53
15 58
15 61
15 62
15 64
15 66
15 67
15 68
15 70
15 72
15 81
15 83
15 87
15 91
15 94
15 96
15 97
15 101
15 102
15 104
15 105
15 107
15 110
15 112
15 113
15 117
15 119
15 121
15 129
15 134
15 140
15 141
15 145
15 148
15 153
15 157
15 159
15 162
15 163
15 166
15 175
15 179
15 188
15 189
15 196
15 197
15 202
15 209
15 210
15 217
15 218
15 224
15 227
15 230
15 233
15 239
15 247
16 28
16 32
16 35
16 37
16 40
16 43
16 45
16 46
16 47
16 50
16 51
16 54
16 60
16 69
16 71
16 82
16 85
16 99
16 105
16 107
16 109
16 111
16 115
16 132
16 133
16 137
16 140
16 145
16 148
16 153
16 154
16 158
16 160
16 171
16 173
16 178
16 180
16 185
16 186
16 193
16 195
16 197
16 200
16 206
16 211
16 213
16 215
16 216
16 220
16 221
16 222
16 224
16 242
16 243
16 244
17 20
17 22
17 25
17 27
17 31
17 36
17 41
17 42
17 44
17 49
17 66
17 67
17 72
17 78
17 83
17 86
17 95
17 104
17 119
17 121
17 129
17 130
17 140
17 144
17 157
17 159
17 162
17 180
17 183
17 184
17 192
17 202
17 206
17 217
17 220
17 221
17 225
17 230
17 232
17 233
17 235
17 245
17 249
18 20
18 29
18 30
18 37
18 39
18 43
18 48
18 56
18 60
18 75
18 77
18 78
18 79
18 80
18 82
18 85
18 87
18 90
18 92
18 101
18 114
18 118
18 123
18 135
18 140
18 144
18 145
18 151
18 164
18 165
18 167
18 171
18 178
18 188
18 193
18 200
18 202
18 209
18 220
18 224
18 236
18 249
19 22
19 23
19 29
19 32
19 36
19 42
19 45
19 47
19 51
19 52
19 54
19 57
19 62
19 63
19 74
19 75
19 78
19 84
19 86
19 88
19 94
19 95
19 96
19 98
19 109
19 120
19 123
19 130
19 142
19 145
19 148
19 149
19 160
19 161
19 169
19 172
19 175
19 183
19 185
19 186
19 196
19 197
19 204
19 223
19 231
19 242
19 244
19 245
19 247
20 24
20 39
20 42
20 45
20 49
20 56
20 63
20 82
20 83
20 84
20 85
20 86
20 88
20 90
20 104
20 109
20 112
20 114
20 123
20 132
20 135
20 145
20 148
20 165
20 167
20 170
20 174
20 192
20 193
20 200
20 206
20 214
20 220
20 228
20 230
20 234
20 235
20 240
20 244
20 249
21 24
21 26
21 37
21 38
21 39
21 41
21 44
21 53
21 57
21 58
21 66
21 67
21 70
21 79
21 89
21 91
21 96
21 98
21 100
21 116
21 118
21 127
21 128
21 129
21 131
21 133
21 139
21 140
21 141
21 146
21 149
21 154
21 157
21 160
21 161
21 164
21 166
21 177
21 184
21 185
21 190
21 193
21 201
21 210
21 217
21 219
21 221
21 230
21 238
21 244
22 27
22 30
22 42
22 48
22 49
22 59
22 61
22 66
22 69
22 71
22 76
22 81
22 85
22 93
22 95
22 102
22 110
22 114
22 115
22 117
22 119
22 127
22 131
22 138
22 142
22 151
22 153
22 156
22 165
22 171
22 172
22 183
22 185
22 201
22 205
22 208
22 211
22 220
22 232
22 239
22 241
22 247
23 26
23 32
23 40
23 44
23 55
23 63
23 65
23 68
23 74
23 81
23 85
23 91
23 109
23 114
23 116
23 123
23 124
23 126
23 127
23 129
23 133
23 135
23 140
23 144
23 154
23 165
23 177
23 195
23 196
23 198
23 204
23 214
23 220
23 221
23 225
23 231
23 232
23 237
23 238
24 33
24 35
24 37
24 38
24 39
24 40
24 53
24 60
24 64
24 65
24 69
24 77
24 84
24 88
24 90
24 93
24 95
24 101
24 102
24 130
24 137
24 143
24 147
24 148
24 150
24 153
24 156
24 157
24 159
24 162
24 174
24 175
24 179
24 180
24 181
24 185
24 186
24 189
24 190
24 193
24 197
24 199
24 223
24 226
24 232
24 235
24 237
24 243
24 245
24 246
24 248
25 29
25 34
25 38
25 40
25 46
25 56
25 58
25 65
25 71
25 79
25 90
25 91
25 94
25 100
25 102
25 106
25 113
25 114
25 115
25 130
25 131
25 139
25 143
25 144
25 145
25 147
25 153
25 171
25 174
25 177
25 178
25 183
25 190
25 192
25 194
25 196
25 214
25 216
25 229
25 238
25 241
25 244
26 32
26 35
26 36
26 39
26 41
26 46
26 47
26 49
26 59
26 70
26 83
26 87
26 93
26 96
26 107
26 111
26 114
26 116
26 125
26 126
26 137
26 146
26 148
26 151
26 162
26 165
26 179
26 181
26 184
26 195
26 204
26 207
26 209
26 214
26 218
26 220
26 224
26 230
26 233
26 236
26 241
27 35
27 54
27 55
27 57
27 68
27 75
27 78
27 97
27 102
27 107
27 108
27 109
27 113
27 119
27 126
27 130
27 131
27 133
27 136
27 140
27 141
27 157
27 158
27 162
27 170
27 175
27 178
27 180
27 189
27 204
27 205
27 227
27 229
27 231
27 234
27 235
27 238
27 246
28 31
28 35
28 37
28 38
28 41
28 62
28 71
28 76
28 89
28 96
28 97
28 101
28 118
28 119
28 130
28 132
28 133
28 135
28 140
28 142
28 145
28 151
28 155
28 164
28 165
28 166
28 171
28 181
28 183
28 184
28 187
28 189
28 192
28 197
28 198
28 200
28 205
28 206
28 209
28 221
28 222
28 223
28 226
28 232
28 241
28 243
29 30
29 40
29 41
29 42
29 55
29 63
29 64
29 70
29 75
29 79
29 80
29 82
29 83
29 93
29 96
29 99
29 117
29 126
29 128
29 137
29 140
29 150
29 153
29 161
29 167
29 180
29 181
29 183
29 192
29 194
29 195
29 200
29 207
29 211
29 214
29 217
29 220
29 221
29 226
29 229
29 234
29 248
30 31
30 35
30 36
30 55
30 58
30 62
30 67
30 77
30 78
30 85
30 86
30 90
30 91
30 92
30 93
30 98
30 106
30 110
30 113
30 115
30 118
30 124
30 129
30 140
30 151
30 152
30 169
30 171
30 176
30 178
30 181
30 183
30 186
30 208
30 223
30 231
30 232
30 239
30 243
30 247
31 32
31 36
31 41
31 43
31 47
31 51
31 53
31 56
31 57
31 86
31 93
31 106
31 109
31 112
31 115
31 118
31 127
31 129
31 134
31 136
31 138
31 146
31 150
31 152
31 156
31 157
31 158
31 166
31 168
31 175
31 177
31 182
31 185
31 190
31 197
31 203
31 206
31 208
31 213
31 223
31 229
31 232
31 235
32 35
32 36
32 39
32 47
32 54
32 64
32 66
32 67
32 77
32 86
32 87
32 93
32 99
32 105
32 106
32 133
32 139
32 141
32 142
32 143
32 147
32 156
32 160
32 179
32 181
32 182
32 184
32 190
32 194
32 197
32 204
32 216
32 220
32 221
32 222
32 233
32 234
32 237
33 45
33 49
33 50
33 55
33 59
33 68
33 84
33 87
33 93
33 95
33 100
33 112
33 131
33 134
33 139
33 145
33 150
33 151
33 155
33 157
33 163
33 166
33 172
33 173
33 178
33 179
33 185
33 186
33 187
33 188
33 191
33 193
33 196
33 200
33 205
33 212
33 221
33 222
33 223
33 232
33 233
33 234
33 236
33 249
34 38
34 39
34 44
34 45
34 48
34 51
34 52
34 54
34 60
34 62
34 63
34 70
34 82
34 105
34 116
34 117
34 132
34 143
34 150
34 156
34 162
34 164
34 170
34 174
34 177
34 190
34 191
34 193
34 197
34 202
34 205
34 208
34 209
34 213
34 228
34 230
34 234
34 235
34 238
34 241
34 246
35 39
35 40
35 48
35 57
35 61
35 68
35 70
35 75
35 81
35 91
35 94
35 99
35 100
35 110
35 111
35 113
35 120
35 123
35 124
35 126
35 131
35 133
35 140
35 146
35 155
35 156
35 159
35 163
35 166
35 172
35 174
35 176
35 180
35 183
35 186
35 189
35 191
35 193
35 198
35 203
35 204
35 213
35 224
35 226
35 237
35 242
35 246
36 41
36 47
36 51
36 53
36 62
36 63
36 70
36 74
36 83
36 88
36 98
36 102
36 108
36 109
36 110
36 125
36 130
36 133
36 154
36 164
36 168
36 169
36 170
36 177
36 179
36 181
36 187
36 188
36 189
36 190
36 205
36 207
36 210
36 217
36 219
36 220
36 221
36 223
36 225
36 237
36 242
36 247
36 248
36 249
37 40
37 44
37 45
37 46
37 69
37 108
37 114
37 122
37 123
37 127
37 129
37 130
37 134
37 135
37 139
37 141
37 142
37 156
37 160
37 165
37 167
37 168
37 170
37 173
37 177
37 178
37 185
37 190
37 191
37 194
37 208
37 211
37 213
37 219
37 227
37 229
37 232
37 239
37 242
37 246
38 40
38 51
38 63
38 69
38 72
38 81
38 109
38 110
38 120
38 123
38 126
38 145
38 149
38 167
38 169
38 171
38 172
38 175
38 176
38 199
38 214
38 219
38 222
38 224
38 235
38 236
38 240
39 41
39 42
39 43
39 59
39 66
39 72
39 74
39 75
39 76
39 77
39 84
39 86
39 93
39 100
39 105
39 115
39 121
39 137
39 139
39 152
39 154
39 155
39 156
39 164
39 166
39 172
39 175
39 176
39 188
39 191
39 199
39 203
39 204
39 207
39 211
39 215
39 224
39 232
39 234
39 244
39 245
40 65
40 67
40 81
40 88
40 96
40 99
40 102
40 103
40 104
40 106
40 110
40 117
40 122
40 123
40 124
40 131
40 132
40 138
40 141
40 147
40 152
40 164
40 166
40 183
40 185
40 189
40 194
40 196
40 197
40 206
40 209
40 214
40 217
40 219
40 221
40 225
40 229
40 231
40 232
40 234
40 238
40 244
40 248
40 249
41 46
41 48
41 60
41 67
41 68
41 80
41 115
41 119
41 131
41 132
41 133
41 148
41 149
41 160
41 162
41 171
41 175
41 176
41 177
41 184
41 187
41 190
41 193
41 196
41 198
41 199
41 201
41 205
41 210
41 222
41 226
41 231
41 233
41 235
41 242
41 243
41 248
42 49
42 59
42 65
42 67
42 69
42 77
42 79
42 85
42 87
42 90
42 97
42 98
42 100
42 134
42 141
42 150
42 155
42 156
42 161
42 162
42 167
42 170
42 174
42 177
42 178
42 190
42 192
42 198
42 204
42 211
42 212
42 213
42 221
42 233
42 234
42 246
42 248
43 45
43 51
43 62
43 73
43 86
43 89
43 100
43 107
43 114
43 122
43 123
43 127
43 128
43 131
43 134
43 138
43 142
43 148
43 150
43 151
43 158
43 163
43 164
43 171
43 177
43 178
43 181
43 190
43 199
43 207
43 216
43 226
43 232
43 236
43 239
43 245
43 248
44 48
44 58
44 59
44 61
44 73
44 94
44 97
44 103
44 105
44 113
44 118
44 121
44 123
44 125
44 129
44 130
44 141
44 143
44 145
44 146
44 147
44 156
44 159
44 163
44 166
44 171
44 177
44 179
44 182
44 193
44 194
44 214
44 218
44 220
44 224
44 226
44 234
44 236
44 239
44 240
44 246
45 49
45 50
45 53
45 54
45 56
45 57
45 59
45 65
45 68
45 72
45 90
45 94
45 95
45 96
45 97
45 100
45 104
45 105
45 106
45 114
45 122
45 123
45 131
45 141
45 144
45 145
45 146
45 158
45 161
45 164
45 178
45 182
45 186
45 190
45 197
45 208
45 229
45 232
45 234
45 246
45 249
46 53
46 60
46 63
46 68
46 70
46 74
46 75
46 78
46 81
46 82
46 93
46 96
46 98
46 103
46 105
46 115
46 126
46 127
46 141
46 143
46 145
46 155
46 159
46 170
46 172
46 174
46 175
46 182
46 185
46 186
46 189
46 191
46 194
46 199
46 201
46 203
46 212
46 216
46 218
46 221
46 227
46 233
46 234
46 236
46 238
46 243
47 50
47 51
47 54
47 62
47 63
47 66
47 68
47 74
47 90
47 97
47 98
47 108
47 111
47 112
47 113
47 116
47 120
47 127
47 131
47 132
47 142
47 145
47 146
47 153
47 155
47 157
47 164
47 165
47 171
47 175
47 176
47 177
47 184
47 196
47 198
47 203
47 204
47 208
47 210
47 212
47 216
47 220
47 223
47 225
47 229
47 234
47 246
48 50
48 53
48 54
48 57
48 59
48 61
48 63
48 71
48 72
48 82
48 85
48 94
48 97
48 99
48 104
48 109
48 111
48 114
48 115
48 116
48 118
48 121
48 129
48 131
48 132
48 135
48 137
48 143
48 146
48 147
48 150
48 153
48 154
48 156
48 162
48 166
48 170
48 171
48 176
48 181
48 182
48 185
48 187
48 190
48 197
48 205
48 206
48 208
48 210
48 212
48 218
48 235
48 240
48 242
48 243
49 51
49 64
49 69
49 70
49 80
49 86
49 93
49 96
49 98
49 101
49 108
49 109
49 118
49 124
49 126
49 127
49 130
49 145
49 164
49 165
49 168
49 171
49 187
49 190
49 195
49 202
49 203
49 212
49 218
49 237
49 247
49 249
50 59
50 63
50 70
50 77
50 79
50 83
50 86
50 87
50 89
50 92
50 104
50 115
50 116
50 119
50 130
50 132
50 134
50 135
50 167
50 168
50 172
50 174
50 181
50 193
50 196
50 198
50 202
50 206
50 207
50 210
50 214
50 218
50 222
50 224
50 226
50 229
50 231
50 247
50 248
51 66
51 72
51 75
51 83
51 88
51 89
51 108
51 120
51 121
51 122
51 135
51 136
51 139
51 140
51 141
51 142
51 145
51 147
51 153
51 156
51 158
51 173
51 180
51 181
51 186
51 189
51 191
51 194
51 200
51 203
51 204
51 208
51 219
51 223
51 230
51 231
51 235
51 237
51 241
52 54
52 56
52 67
52 69
52 72
52 76
52 77
52 78
52 80
52 82
52 93
52 95
52 99
52 110
52 113
52 119
52 123
52 128
52 129
52 130
52 136
52 137
52 149
52 157
52 162
52 164
52 166
52 184
52 187
52 192
52 202
52 204
52 207
52 211
52 213
52 214
52 224
52 227
52 229
52 232
52 238
52 239
52 242
52 245
52 247
52 249
53 54
53 60
53 64
53 68
53 70
53 77
53 91
53 103
53 111
53 114
53 117
53 121
53 122
53 129
53 132
53 136
53 140
53 142
53 145
53 151
53 153
53 162
53 164
53 167
53 172
53 174
53 183
53 184
53 192
53 194
53 195
53 197
53 208
53 209
53 212
53 213
53 214
53 215
53 217
53 218
53 239
53 241
53 244
54 56
54 58
54 62
54 73
54 81
54 85
54 86
54 89
54 104
54 115
54 116
54 117
54 121
54 138
54 144
54 150
54 160
54 161
54 164
54 168
54 170
54 172
54 178
54 181
54 182
54 195
54 234
54 235
54 243
54 249
55 58
55 60
55 71
55 72
55 79
55 84
55 87
55 94
55 99
55 101
55 110
55 117
55 123
55 127
55 128
55 138
55 139
55 140
55 145
55 146
55 150
55 156
55 157
55 161
55 173
55 175
55 176
55 184
55 185
55 187
55 189
55 198
55 210
55 224
55 226
55 227
55 228
55 241
55 249
56 68
56 71
56 73
56 84
56 86
56 92
56 94
56 107
56 119
56 124
56 126
56 133
56 140
56 150
56 152
56 158
56 163
56 170
56 172
56 173
56 181
56 182
56 184
56 190
56 196
56 203
56 205
56 210
56 213
56 215
56 234
56 238
56 241
56 249
57 60
57 61
57 64
57 67
57 69
57 70
57 73
57 74
57 75
57 78
57 80
57 85
57 90
57 93
57 98
57 99
57 101
57 106
57 115
57 119
57 123
57 124
57 127
57 129
57 138
57 152
57 153
57 155
57 159
57 162
57 164
57 170
57 173
57 175
57 176
57 178
57 180
57 184
57 185
57 186
57 195
57 204
57 212
57 214
57 215
57 217
57 223
57 229
57 234
57 235
57 237
57 245
57 248
58 60
58 69
58 75
58 78
58 79
58 81
58 107
58 110
58 112
58 119
58 120
58 131
58 137
58 142
58 143
58 145
58 146
58 149
58 150
58 152
58 159
58 169
58 189
58 192
58 202
58 205
58 219
58 221
58 222
58 223
58 230
58 233
58 234
58 238
58 241
58 242
58 247
59 63
59 67
59 73
59 75
59 77
59 86
59 90
59 92
59 101
59 105
59 106
59 108
59 109
59 112
59 117
59 131
59 139
59 143
59 153
59 154
59 160
59 163
59 164
59 168
59 170
59 183
59 186
59 190
59 194
59 197
59 201
59 209
59 211
59 216
59 219
59 222
59 225
59 227
59 231
59 239
59 241
59 246
59 248
60 63
60 72
60 73
60 76
60 82
60 85
60 92
60 93
60 96
60 99
60 103
60 112
60 114
60 118
60 119
60 125
60 139
60 140
60 157
60 160
60 163
60 166
60 168
60 173
60 186
60 199
60 202
60 223
60 225
60 227
60 238
60 239
60 244
61 75
61 76
61 78
61 88
61 90
61 91
61 93
61 100
61 110
61 112
61 115
61 119
61 135
61 138
61 140
61 145
61 147
61 148
61 154
61 156
61 157
61 158
61 164
61 169
61 171
61 172
61 175
61 177
61 178
61 181
61 188
61 190
61 194
61 197
61 198
61 201
61 204
61 207
61 212
61 213
61 218
61 219
61 230
61 231
61 240
61 246
62 63
62 68
62 70
62 71
62 76
62 82
62 84
62 85
62 87
62 89
62 91
62 92
62 95
62 105
62 108
62 114
62 120
62 121
62 125
62 127
62 130
62 139
62 147
62 148
62 149
62 160
62 175
62 192
62 193
62 201
62 202
62 211
62 223
62 224
62 227
62 233
62 240
62 241
62 248
63 71
63 73
63 79
63 85
63 111
63 112
63 113
63 117
63 120
63 126
63 133
63 137
63 139
63 148
63 155
63 157
63 170
63 177
63 183
63 187
63 192
63 196
63 206
63 207
63 218
63 220
63 221
63 242
63 243
63 247
64 65
64 67
64 68
64 81
64 84
64 90
64 91
64 93
64 96
64 97
64 101
64 107
64 113
64 117
64 118
64 124
64 128
64 140
64 146
64 148
64 154
64 155
64 158
64 162
64 164
64 175
64 176
64 178
64 186
64 191
64 192
64 193
64 197
64 203
64 209
64 214
64 225
64 226
64 232
64 243
65 67
65 73
65 74
65 82
65 86
65 87
65 101
65 102
65 107
65 108
65 112
65 113
65 115
65 116
65 122
65 129
65 134
65 135
65 137
65 141
65 142
65 143
65 148
65 158
65 160
65 165
65 166
65 171
65 172
65 175
65 180
65 183
65 186
65 189
65 190
65 195
65 200
65 202
65 205
65 211
65 220
65 224
65 225
65 226
65 234
65 237
65 242
66 67
66 69
66 71
66 86
66 87
66 96
66 100
66 101
66 108
66 113
66 115
66 123
66 129
66 140
66 145
66 155
66 157
66 158
66 166
66 167
66 170
66 173
66 179
66 184
66 189
66 207
66 209
66 210
66 213
66 224
66 232
66 240
67 71
67 73
67 76
67 79
67 93
67 94
67 98
67 116
67 124
67 135
67 139
67 141
67 145
67 148
67 153
67 156
67 157
67 195
67 196
67 197
67 204
67 205
67 207
67 209
67 212
67 229
67 238
67 248
68 71
68 72
68 77
68 81
68 82
68 85
68 86
68 94
68 95
68 117
68 130
68 136
68 156
68 163
68 171
68 174
68 181
68 183
68 185
68 207
68 232
68 236
68 238
68 241
69 77
69 83
69 87
69 91
69 94
69 97
69 100
69 105
69 106
69 111
69 112
69 116
69 125
69 127
69 131
69 133
69 140
69 145
69 147
69 154
69 165
69 166
69 173
69 183
69 186
69 202
69 205
69 210
69 215
69 222
69 231
69 232
69 235
69 237
69 238
69 242
69 243
69 245
70 83
70 92
70 95
70 97
70 109
70 111
70 112
70 121
70 123
70 128
70 131
70 140
70 143
70 167
70 175
70 176
70 188
70 192
70 194
70 199
70 204
70 208
70 212
70 217
70 231
70 238
70 243
71 75
71 77
71 79
71 87
71 89
71 93
71 98
71 109
71 116
71 118
71 119
71 125
71 132
71 134
71 138
71 144
71 150
71 152
71 154
71 161
71 162
71 168
71 173
71 176
71 185
71 195
71 203
71 206
71 209
71 210
71 211
71 220
71 231
71 233
71 236
71 237
71 244
71 248
71 249
72 74
72 80
72 86
72 87
72 91
72 92
72 101
72 104
72 105
72 109
72 114
72 117
72 120
72 122
72 135
72 143
72 145
72 150
72 151
72 155
72 162
72 171
72 179
72 182
72 186
72 191
72 193
72 194
72 195
72 208
72 210
72 219
72 225
72 228
72 232
72 234
73 74
73 75
73 84
73 85
73 91
73 95
73 97
73 100
73 101
73 102
73 107
73 111
73 112
73 113
73 119
73 122
73 126
73 133
73 141
73 145
73 146
73 147
73 154
73 156
73 167
73 175
73 187
73 190
73 195
73 196
73 199
73 200
73 201
73 208
73 209
73 212
73 213
73 219
73 227
73 231
73 237
73 246
74 79
74 86
74 91
74 97
74 100
74 113
74 122
74 123
74 125
74 127
74 129
74 137
74 152
74 166
74 169
74 170
74 172
74 180
74 191
74 192
74 197
74 201
74 205
74 213
74 216
74 221
74 227
74 239
74 246
75 80
75 83
75 86
75 92
75 95
75 106
75 116
75 126
75 129
75 130
75 133
75 140
75 141
75 142
75 146
75 147
75 152
75 153
75 158
75 166
75 172
75 173
75 175
75 177
75 186
75 189
75 191
75 192
75 194
75 204
75 209
75 211
75 214
75 225
75 230
75 232
75 242
75 248
75 249
76 82
76 89
76 98
76 106
76 115
76 124
76 128
76 130
76 131
76 134
76 141
76 144
76 153
76 161
76 164
76 165
76 166
76 180
76 182
76 186
76 194
76 200
76 202
76 206
76 211
76 212
76 213
76 217
76 220
76 228
76 232
76 238
76 244
76 245
76 247
77 82
77 85
77 92
77 94
77 102
77 104
77 106
77 107
77 109
77 113
77 115
77 120
77 123
77 133
77 137
77 157
77 164
77 165
77 175
77 179
77 185
77 187
77 196
77 201
77 214
77 222
77 228
77 233
77 245
77 248
77 249
78 82
78 101
78 102
78 110
78 114
78 115
78 119
78 123
78 126
78 131
78 138
78 139
78 142
78 147
78 149
78 150
78 162
78 163
78 173
78 174
78 180
78 181
78 190
78 195
78 196
78 197
78 202
78 209
78 214
78 215
78 217
78 219
78 233
78 235
78 239
78 243
78 245
78 246
79 81
79 83
79 92
79 101
79 104
79 117
79 121
79 144
79 146
79 148
79 155
79 162
79 168
79 169
79 174
79 176
79 177
79 208
79 209
79 211
79 216
79 219
79 228
79 230
79 231
79 232
79 236
79 237
79 238
79 247
79 249
80 91
80 95
80 99
80 102
80 105
80 106
80 108
80 112
80 115
80 125
80 126
80 129
80 130
80 132
80 139
80 146
80 157
80 165
80 166
80 180
80 182
80 192
80 193
80 194
80 195
80 206
80 211
80 212
80 217
80 235
80 240
80 245
80 248
81 84
81 85
81 86
81 90
81 93
81 100
81 103
81 119
81 128
81 132
81 133
81 138
81 139
81 140
81 154
81 155
81 156
81 161
81 166
81 169
81 172
81 174
81 175
81 186
81 188
81 193
81 194
81 213
81 221
81 223
81 225
81 235
81 236
81 240
81 243
81 248
81 249
82 85
82 92
82 95
82 105
82 115
82 116
82 118
82 127
82 130
82 138
82 139
82 143
82 144
82 147
82 149
82 161
82 169
82 179
82 180
82 181
82 187
82 196
82 197
82 204
82 213
82 220
82 222
82 228
82 231
82 234
82 242
82 243
83 88
83 94
83 100
83 106
83 108
83 114
83 121
83 122
83 123
83 127
83 132
83 137
83 146
83 147
83 154
83 155
83 158
83 174
83 176
83 187
83 192
83 198
83 201
83 203
83 204
83 205
83 218
83 219
83 232
83 233
83 244
83 247
84 85
84 90
84 91
84 95
84 97
84 98
84 100
84 103
84 107
84 112
84 116
84 118
84 122
84 126
84 133
84 135
84 147
84 148
84 150
84 157
84 159
84 160
84 161
84 164
84 179
84 189
84 191
84 193
84 209
84 210
84 214
84 216
84 221
84 224
84 232
84 242
84 244
84 245
84 246
85 90
85 100
85 104
85 110
85 113
85 119
85 125
85 129
85 133
85 138
85 148
85 162
85 168
85 170
85 173
85 178
85 181
85 182
85 188
85 193
85 199
85 203
85 214
85 215
85 217
85 223
85 228
85 233
85 237
85 239
85 245
85 247
86 87
86 91
86 98
86 111
86 119
86 120
86 121
86 133
86 135
86 139
86 141
86 146
86 153
86 154
86 157
86 158
86 161
86 172
86 174
86 179
86 180
86 185
86 197
86 200
86 206
86 210
86 213
86 234
86 249
87 90
87 103
87 105
87 119
87 133
87 135
87 137
87 143
87 162
87 187
87 193
87 196
87 202
87 213
87 215
87 223
87 224
87 228
87 229
87 231
87 235
87 239
87 241
88 91
88 93
88 94
88 97
88 101
88 111
88 122
88 134
88 140
88 141
88 151
88 153
88 168
88 169
88 174
88 176
88 181
88 183
88 192
88 196
88 200
88 204
88 224
88 236
88 239
88 249
89 99
89 102
89 111
89 126
89 127
89 136
89 149
89 152
89 154
89 161
89 164
89 168
89 169
89 174
89 188
89 199
89 205
89 219
89 220
89 229
89 230
90 92
90 102
90 104
90 111
90 117
90 121
90 136
90 137
90 139
90 145
90 150
90 152
90 164
90 166
90 173
90 175
90 187
90 193
90 194
90 208
90 209
90 218
90 221
90 226
90 233
90 235
90 237
90 239
90 240
90 241
90 242
90 249
91 92
91 93
91 94
91 105
91 108
91 117
91 118
91 133
91 136
91 142
91 153
91 166
91 173
91 174
91 177
91 178
91 180
91 182
91 186
91 197
91 202
91 211
91 213
91 219
91 222
91 228
91 231
91 233
91 234
91 235
91 246
91 248
92 100
92 105
92 106
92 107
92 111
92 121
92 128
92 139
92 151
92 155
92 158
92 164
92 166
92 168
92 172
92 179
92 182
92 195
92 197
92 206
92 212
92 221
92 235
93 96
93 97
93 98
93 99
93 118
93 119
93 123
93 130
93 144
93 148
93 158
93 166
93 176
93 177
93 184
93 186
93 187
93 191
93 192
93 196
93 200
93 203
93 206
93 216
93 220
93 221
93 232
93 238
93 240
94 98
94 105
94 120
94 123
94 135
94 149
94 155
94 173
94 174
94 180
94 187
94 189
94 192
94 193
94 195
94 199
94 212
94 220
94 222
94 228
94 229
94 234
94 236
94 237
94 242
94 248
95 103
95 114
95 115
95 121
95 128
95 134
95 140
95 141
95 142
95 146
95 157
95 164
95 166
95 185
95 191
95 192
95 193
95 194
95 198
95 201
95 203
95 204
95 205
95 213
95 218
95 220
95 221
95 239
95 241
95 245
96 97
96 101
96 102
96 104
96 109
96 112
96 113
96 114
96 115
96 117
96 119
96 122
96 125
96 131
96 139
96 146
96 150
96 152
96 153
96 155
96 160
96 166
96 172
96 173
96 174
96 175
96 177
96 184
96 194
96 198
96 200
96 205
96 210
96 212
96 221
96 239
96 246
97 99
97 103
97 104
97 110
97 112
97 114
97 115
97 116
97 122
97 123
97 124
97 126
97 133
97 140
97 144
97 147
97 156
97 158
97 162
97 163
97 174
97 177
97 181
97 192
97 197
97 198
97 201
97 203
97 205
97 206
97 209
97 211
97 212
97 233
97 234
97 236
97 238
97 242
97 245
97 249
98 112
98 121
98 128
98 131
98 135
98 136
98 141
98 143
98 144
98 162
98 167
98 174
98 177
98 180
98 181
98 182
98 189
98 191
98 195
98 210
98 217
98 223
98 233
98 234
98 238
98 240
98 241
98 242
98 244
98 246
99 103
99 105
99 106
99 112
99 122
99 129
99 132
99 133
99 139
99 158
99 159
99 160
99 161
99 163
99 168
99 185
99 191
99 200
99 202
99 206
99 210
99 212
99 236
99 237
99 239
99 244
100 104
100 106
100 107
100 112
100 117
100 122
100 125
100 131
100 136
100 139
100 144
100 148
100 149
100 150
100 154
100 155
100 161
100 165
100 169
100 173
100 179
100 191
100 193
100 194
100 204
100 208
100 212
100 218
100 222
100 225
100 228
100 231
100 233
100 235
100 239
100 241
100 242
100 246
100 248
101 109
101 123
101 127
101 134
101 136
101 143
101 148
101 149
101 157
101 161
101 164
101 166
101 168
101 170
101 184
101 189
101 192
101 193
101 197
101 198
101 213
101 215
101 218
101 219
101 224
101 226
101 236
101 239
101 247
102 118
102 119
102 120
102 121
102 136
102 137
102 141
102 144
102 145
102 146
102 156
102 163
102 165
102 167
102 171
102 173
102 176
102 183
102 185
102 186
102 193
102 197
102 198
102 202
102 203
102 204
102 206
102 210
102 211
102 230
102 236
102 239
103 105
103 120
103 125
103 129
103 134
103 142
103 150
103 153
103 155
103 156
103 157
103 160
103 173
103 174
103 177
103 181
103 183
103 185
103 193
103 203
103 216
103 223
103 227
103 229
103 240
103 241
103 244
103 245
103 249
104 106
104 117
104 136
104 142
104 163
104 165
104 167
104 179
104 180
104 187
104 190
104 191
104 193
104 195
104 201
104 203
104 209
104 211
104 217
104 218
104 230
104 246
105 109
105 118
105 124
105 130
105 140
105 141
105 148
105 149
105 158
105 168
105 172
105 192
105 197
105 198
105 199
105 204
105 209
105 210
105 218
105 222
105 224
105 226
105 229
105 231
105 234
105 236
105 243
105 244
105 249
106 107
106 109
106 110
106 112
106 117
106 119
106 121
106 128
106 130
106 131
106 133
106 136
106 144
106 146
106 154
106 159
106 175
106 179
106 182
106 190
106 196
106 197
106 198
106 205
106 210
106 230
106 233
106 240
107 109
107 110
107 112
107 113
107 114
107 118
107 124
107 130
107 133
107 145
107 146
107 156
107 170
107 173
107 177
107 183
107 186
107 204
107 208
107 218
107 221
107 223
107 228
107 229
107 230
107 231
107 236
107 245
107 246
107 247
107 248
108 125
108 129
108 131
108 132
108 136
108 137
108 138
108 142
108 148
108 159
108 168
108 172
108 174
108 185
108 190
108 194
108 196
108 202
108 203
108 209
108 219
108 232
108 239
108 240
108 249
109 124
109 128
109 132
109 139
109 141
109 143
109 147
109 154
109 155
109 157
109 159
109 161
109 180
109 181
109 184
109 185
109 189
109 191
109 211
109 226
109 230
109 239
109 243
110 112
110 116
110 120
110 132
110 136
110 137
110 140
110 152
110 157
110 165
110 171
110 172
110 174
110 175
110 187
110 192
110 193
110 198
110 206
110 208
110 209
110 210
110 213
110 216
110 225
110 226
110 235
110 237
110 243
110 246
110 248
111 117
111 122
111 125
111 127
111 136
111 140
111 144
111 149
111 154
111 156
111 173
111 176
111 178
111 185
111 187
111 188
111 192
111 197
111 207
111 209
111 210
111 221
111 222
111 224
111 231
111 233
111 240
111 242
111 244
111 248
112 127
112 128
112 135
112 140
112 141
112 157
112 167
112 169
112 172
112 177
112 187
112 188
112 191
112 192
112 200
112 210
112 212
112 213
112 217
112 219
112 223
112 224
112 235
112 238
112 241
112 244
112 245
112 249
113 121
113 125
113 130
113 136
113 137
113 146
113 154
113 157
113 161
113 164
113 165
113 174
113 175
113 176
113 178
113 186
113 189
113 194
113 204
113 206
113 208
113 209
113 219
113 221
113 227
113 233
113 234
113 242
113 243
113 248
114 118
114 135
114 137
114 144
114 147
114 150
114 161
114 165
114 183
114 192
114 199
114 202
114 212
114 213
114 214
114 218
114 221
114 223
114 224
114 229
114 230
114 232
114 235
114 237
114 238
114 241
115 117
115 118
115 119
115 123
115 125
115 129
115 148
115 150
115 151
115 153
115 162
115 168
115 170
115 172
115 174
115 175
115 193
115 201
115 202
115 206
115 207
115 209
115 212
115 220
115 221
115 231
115 235
115 237
115 241
115 244
115 249
116 124
116 126
116 159
116 165
116 166
116 170
116 177
116 179
116 182
116 183
116 186
116 196
116 204
116 209
116 213
116 215
116 218
116 224
116 228
116 237
116 239
116 242
116 243
116 248
117 123
117 124
117 132
117 142
117 157
117 162
117 165
117 172
117 182
117 191
117 194
117 199
117 213
117 219
117 225
117 226
117 229
117 235
117 236
117 239
117 241
118 122
118 129
118 138
118 145
118 150
118 151
118 157
118 168
118 171
118 192
118 194
118 200
118 201
118 203
118 205
118 211
118 212
118 213
118 219
118 224
118 225
118 227
118 235
118 238
118 242
119 124
119 129
119 133
119 142
119 144
119 148
119 151
119 154
119 159
119 161
119 162
119 177
119 182
119 194
119 200
119 211
119 212
119 217
119 220
119 222
119 223
119 225
119 226
119 237
119 239
119 242
119 246
119 249
120 126
120 134
120 135
120 136
120 144
120 150
120 154
120 155
120 156
120 160
120 162
120 167
120 180
120 189
120 199
120 200
120 215
120 230
120 239
120 242
120 245
121 122
121 123
121 126
121 134
121 135
121 146
121 149
121 152
121 159
121 165
121 174
121 175
121 180
121 188
121 194
121 196
121 197
121 203
121 209
121 215
121 220
121 226
121 236
121 249
122 124
122 127
122 145
122 150
122 156
122 162
122 165
122 171
122 173
122 174
122 179
122 185
122 202
122 204
122 205
122 210
122 212
122 213
122 215
122 216
122 217
122 219
122 225
122 227
122 230
122 234
122 248
123 124
123 127
123 130
123 131
123 133
123 135
123 137
123 138
123 142
123 145
123 153
123 160
123 163
123 164
123 165
123 166
123 172
123 182
123 186
123 189
123 192
123 201
123 202
123 209
123 214
123 216
123 221
123 229
123 234
123 247
123 249
124 126
124 140
124 141
124 146
124 147
124 148
124 155
124 157
124 162
124 164
124 173
124 177
124 179
124 186
124 187
124 189
124 194
124 198
124 199
124 200
124 205
124 207
124 209
124 211
124 212
124 217
124 224
124 228
124 230
124 232
124 235
124 245
124 246
125 133
125 136
125 142
125 145
125 151
125 165
125 168
125 169
125 173
125 175
125 177
125 193
125 194
125 195
125 196
125 213
125 215
125 217
125 218
125 220
125 225
125 234
125 240
126 129
126 140
126 159
126 170
126 172
126 179
126 181
126 190
126 192
126 195
126 198
126 204
126 206
126 209
126 210
126 220
126 228
126 232
126 235
126 236
126 237
126 241
126 243
126 247
127 132
127 140
127 145
127 154
127 182
127 202
127 203
127 205
127 207
127 209
127 214
127 219
127 223
127 227
127 228
127 229
127 230
127 249
128 130
128 136
128 137
128 138
128 140
128 141
128 143
128 149
128 151
128 166
128 169
128 171
128 173
128 184
128 196
128 199
128 208
128 212
128 215
128 218
128 222
128 223
128 224
128 234
128 237
129 132
129 137
129 139
129 142
129 146
129 151
129 152
129 160
129 171
129 188
129 191
129 196
129 213
129 216
129 218
129 221
129 222
129 223
129 225
129 229
129 231
129 236
129 241
129 247
130 131
130 150
130 153
130 156
130 165
130 167
130 169
130 172
130 173
130 178
130 179
130 184
130 196
130 197
130 216
130 220
130 230
130 233
130 234
130 239
130 244
131 135
131 140
131 153
131 154
131 158
131 168
131 169
131 174
131 184
131 187
131 191
131 196
131 222
131 226
131 241
131 242
132 133
132 137
132 146
132 148
132 151
132 152
132 164
132 170
132 177
132 185
132 186
132 188
132 192
132 194
132 198
132 201
132 206
132 218
132 224
132 226
132 227
133 134
133 137
133 140
133 143
133 170
133 178
133 181
133 187
133 189
133 191
133 192
133 197
133 203
133 206
133 208
133 211
133 212
133 214
133 216
133 221
133 228
133 235
133 243
133 247
134 135
134 142
134 145
134 158
134 160
134 162
134 165
134 170
134 176
134 178
134 180
134 186
134 188
134 189
134 191
134 193
134 200
134 202
134 203
134 207
134 219
134 220
134 225
134 234
134 235
134 236
134 240
134 248
135 137
135 141
135 143
135 146
135 147
135 151
135 162
135 163
135 169
135 171
135 175
135 181
135 187
135 195
135 203
135 208
135 209
135 213
135 220
135 222
135 231
135 233
135 234
136 142
136 146
136 151
136 158
136 160
136 162
136 174
136 184
136 188
136 190
136 195
136 200
136 213
136 214
136 222
136 228
136 234
136 239
136 246
137 140
137 151
137 169
137 172
137 173
137 174
137 175
137 187
137 193
137 203
137 211
137 214
137 219
137 225
137 236
137 239
137 241
137 243
137 247
138 140
138 141
138 149
138 151
138 152
138 154
138 158
138 173
138 176
138 180
138 189
138 190
138 195
138 202
138 207
138 212
138 218
138 227
138 233
138 238
138 240
138 245
139 144
139 157
139 172
139 173
139 180
139 189
139 192
139 195
139 198
139 200
139 204
139 206
139 219
139 224
139 233
139 238
139 246
139 247
140 142
140 143
140 148
140 152
140 156
140 169
140 172
140 173
140 178
140 181
140 184
140 186
140 187
140 204
140 205
140 215
140 223
140 228
140 239
140 243
141 147
141 152
141 154
141 159
141 166
141 169
141 179
141 184
141 186
141 187
141 198
141 203
141 209
141 211
141 216
141 219
141 220
141 225
141 228
141 235
141 243
141 245
142 143
142 149
142 150
142 157
142 160
142 165
142 169
142 171
142 183
142 198
142 202
142 212
142 221
142 227
142 229
142 233
142 236
142 243
143 144
143 146
143 149
143 156
143 157
143 162
143 168
143 174
143 175
143 177
143 182
143 183
143 187
143 190
143 192
143 200
143 201
143 203
143 209
143 210
143 219
143 222
143 225
143 228
143 241
143 242
143 244
144 150
144 157
144 160
144 161
144 162
144 180
144 182
144 189
144 192
144 198
144 200
144 204
144 218
144 221
144 228
144 245
144 249
145 147
145 148
145 149
145 156
145 160
145 161
145 165
145 187
145 190
145 191
145 193
145 211
145 214
145 229
145 243
146 149
146 151
146 153
146 157
146 166
146 177
146 181
146 183
146 184
146 186
146 190
146 201
146 202
146 203
146 204
146 208
146 210
146 213
146 215
146 227
146 228
146 232
146 242
146 244
147 173
147 187
147 200
147 207
147 209
147 210
147 213
147 215
147 219
147 224
147 227
147 230
147 231
147 232
147 238
148 154
148 158
148 160
148 164
148 165
148 171
148 175
148 176
148 177
148 183
148 187
148 191
148 194
148 204
148 205
148 221
148 224
148 227
148 238
148 239
148 242
148 246
149 157
149 163
149 165
149 166
149 174
149 175
149 177
149 180
149 182
149 184
149 188
149 210
149 213
149 227
149 231
149 232
149 233
149 234
149 237
149 248
149 249
150 152
150 154
150 158
150 172
150 184
150 187
150 189
150 192
150 196
150 197
150 200
150 206
150 208
150 213
150 218
150 223
150 234
150 235
150 238
150 241
150 243
151 152
151 154
151 169
151 180
151 182
151 187
151 191
151 196
151 202
151 204
151 207
151 211
151 216
151 218
151 222
151 223
151 228
151 232
151 235
151 238
151 241
151 245
152 154
152 160
152 161
152 163
152 167
152 169
152 178
152 181
152 183
152 184
152 188
152 189
152 192
152 196
152 198
152 199
152 207
152 209
152 213
152 219
152 230
152 231
152 232
152 235
152 241
152 248
153 158
153 159
153 168
153 189
153 190
153 192
153 194
153 200
153 203
153 205
153 214
153 215
153 216
153 224
153 225
153 229
153 240
153 243
153 245
153 247
154 156
154 157
154 161
154 165
154 171
154 178
154 183
154 191
154 196
154 206
154 208
154 216
154 219
154 221
154 229
154 233
154 235
154 245
154 246
154 247
154 248
154 249
155 161
155 167
155 170
155 173
155 174
155 175
155 183
155 196
155 221
155 225
155 226
155 229
155 232
155 234
155 236
155 238
156 158
156 159
156 165
156 171
156 181
156 184
156 189
156 197
156 198
156 209
156 211
156 214
156 215
156 226
156 228
156 229
156 232
156 234
156 239
156 242
156 249
157 158
157 159
157 161
157 167
157 175
157 189
157 195
157 214
157 218
157 220
157 228
157 234
157 235
157 243
158 159
158 169
158 172
158 175
158 182
158 185
158 191
158 199
158 202
158 206
158 209
158 210
158 211
158 217
158 219
158 228
158 230
158 233
159 183
159 184
159 189
159 190
159 198
159 207
159 213
159 218
159 222
159 226
159 236
159 240
159 247
159 249
160 162
160 164
160 166
160 169
160 170
160 171
160 173
160 179
160 180
160 204
160 205
160 206
160 213
160 227
160 229
160 232
160 233
160 235
160 237
160 242
160 248
161 163
161 168
161 173
161 176
161 180
161 194
161 195
161 196
161 201
161 207
161 210
161 219
161 220
161 223
161 225
161 229
161 231
161 233
161 234
161 244
161 247
162 164
162 169
162 173
162 176
162 183
162 187
162 202
162 207
162 210
162 215
162 227
162 229
162 230
162 244
162 247
162 248
163 167
163 179
163 186
163 188
163 190
163 193
163 195
163 200
163 206
163 215
163 218
163 220
163 229
163 231
163 239
163 241
163 242
163 247
164 170
164 171
164 175
164 178
164 191
164 194
164 206
164 212
164 222
164 226
164 228
164 236
164 243
164 245
165 168
165 176
165 179
165 180
165 185
165 186
165 190
165 193
165 200
165 201
165 219
165 222
165 223
165 233
165 234
165 237
165 238
165 248
166 167
166 170
166 176
166 177
166 181
166 188
166 189
166 192
166 197
166 209
166 215
166 218
166 220
166 221
166 230
166 234
166 237
166 239
166 241
167 168
167 173
167 174
167 178
167 181
167 182
167 183
167 185
167 192
167 194
167 200
167 201
167 202
167 210
167 212
167 213
167 215
167 220
167 223
167 226
167 241
167 246
167 247
167 248
168 171
168 174
168 179
168 180
168 182
168 187
168 188
168 190
168 198
168 199
168 201
168 206
168 208
168 218
168 219
168 237
168 242
168 243
169 170
169 172
169 175
169 191
169 204
169 209
169 217
169 221
169 224
169 227
169 233
169 236
169 239
169 244
170 176
170 178
170 180
170 184
170 190
170 193
170 200
170 216
170 221
170 226
170 230
170 234
170 242
170 248
171 172
171 181
171 191
171 196
171 198
171 208
171 209
171 213
171 214
171 221
171 234
171 235
171 236
171 245
172 176
172 186
172 189
172 191
172 196
172 197
172 202
172 203
172 211
172 212
172 214
172 217
172 224
172 234
172 235
172 236
172 238
172 243
172 246
172 248
172 249
173 175
173 178
173 179
173 180
173 183
173 187
173 192
173 195
173 197
173 204
173 205
173 209
173 214
173 231
174 198
174 205
174 211
174 218
174 222
174 228
174 231
174 234
174 237
174 243
174 245
175 178
175 186
175 190
175 191
175 201
175 205
175 223
175 230
175 234
175 237
176 178
176 180
176 182
176 185
176 188
176 200
176 204
176 210
176 211
176 214
176 217
176 221
176 223
176 224
176 226
176 235
176 238
176 241
176 244
176 248
176 249
177 178
177 184
177 191
177 197
177 207
177 216
177 218
177 225
177 232
177 235
177 236
177 238
177 239
178 182
178 188
178 190
178 193
178 196
178 200
178 211
178 227
178 228
178 232
178 235
178 239
178 241
178 246
178 247
178 248
179 180
179 181
179 184
179 193
179 194
179 195
179 201
179 208
179 209
179 211
179 212
179 232
179 238
179 241
179 243
179 246
179 247
179 249
180 184
180 190
180 191
180 193
180 196
180 199
180 207
180 208
180 209
180 213
180 217
180 219
180 223
180 236
180 246
180 248
181 198
181 201
181 218
181 220
181 227
181 230
181 231
181 232
181 244
181 248
182 184
182 191
182 192
182 195
182 200
182 201
182 209
182 224
182 225
182 227
182 229
182 230
182 235
182 242
182 243
183 196
183 197
183 199
183 203
183 212
183 214
183 217
183 218
183 225
183 231
183 233
183 236
183 238
183 243
183 244
183 247
183 248
183 249
184 192
184 194
184 197
184 217
184 218
184 220
184 222
184 232
184 236
184 243
184 244
185 186
185 187
185 189
185 197
185 198
185 199
185 203
185 205
185 207
185 208
185 211
185 219
185 226
185 242
185 244
185 245
185 246
185 247
185 249
186 201
186 205
186 206
186 219
186 222
186 227
186 236
186 243
186 246
187 189
187 193
187 197
187 207
187 208
187 219
187 225
187 226
187 230
187 231
187 233
187 235
187 237
187 239
187 242
188 192
188 200
188 206
188 207
188 210
188 225
188 226
188 243
188 244
188 245
189 199
189 202
189 206
189 212
189 214
189 217
189 218
189 219
189 223
189 228
189 230
189 231
189 232
189 239
189 241
189 244
189 247
190 191
190 203
190 204
190 208
190 212
190 215
190 217
190 220
190 224
190 228
190 230
190 248
191 194
191 197
191 207
191 213
191 215
191 217
191 220
191 227
191 230
191 235
191 243
191 248
192 193
192 195
192 198
192 206
192 216
192 221
192 235
192 242
192 245
192 248
193 194
193 203
193 208
193 224
193 225
193 233
193 244
193 245
193 247
194 202
194 207
194 214
194 217
194 221
194 223
194 224
194 232
194 242
194 245
195 203
195 217
195 221
195 233
195 235
195 242
195 243
195 247
196 205
196 214
196 226
196 229
196 231
196 238
196 239
197 198
197 201
197 210
197 219
197 221
197 224
197 229
197 231
197 238
197 239
197 243
197 245
197 248
198 201
198 210
198 220
198 233
198 238
198 239
198 245
199 214
199 215
199 219
199 223
199 225
199 234
199 238
199 240
199 245
200 206
200 213
200 217
200 229
200 233
200 237
200 242
200 247
200 248
201 205
201 207
201 213
201 215
201 218
201 219
201 222
201 226
201 228
201 231
201 235
201 237
201 239
201 243
202 227
202 228
202 230
202 234
202 236
202 237
202 240
202 245
203 204
203 206
203 210
203 213
203 216
203 220
203 224
203 225
203 226
203 232
203 235
203 243
204 208
204 209
204 211
204 213
204 216
204 224
204 226
204 230
204 242
204 243
204 246
205 210
205 211
205 218
205 224
205 226
205 229
205 240
206 208
206 209
206 239
206 243
207 208
207 213
207 215
207 221
207 226
207 232
207 239
207 248
208 220
208 222
208 227
208 232
208 239
208 242
208 249
209 213
209 216
209 224
209 225
209 230
209 234
209 236
209 237
209 241
209 244
210 211
210 212
210 213
210 214
210 216
210 217
210 220
210 221
210 222
210 227
210 232
210 235
210 244
210 247
211 214
211 216
211 220
211 225
211 230
211 231
211 232
211 233
211 238
211 242
211 243
211 246
212 213
212 216
212 223
212 225
212 229
212 235
212 242
212 245
213 215
213 219
213 222
213 235
213 237
213 240
214 218
214 220
214 223
214 224
214 227
214 230
214 232
214 242
214 244
215 218
215 220
215 228
215 237
215 240
215 242
216 226
216 227
216 232
216 243
216 249
217 218
217 219
217 232
217 233
217 234
217 239
217 243
217 245
218 219
218 228
218 243
218 247
219 241
219 249
220 221
220 228
220 234
220 239
220 244
221 225
221 233
221 243
221 249
222 225
222 230
222 233
222 240
222 241
222 244
223 228
223 231
223 232
224 228
224 233
224 234
224 238
224 248
225 230
225 235
225 240
225 246
226 231
226 232
226 236
226 237
226 240
226 243
227 230
227 236
227 243
227 244
227 247
228 231
228 233
228 234
228 236
228 243
228 248
229 230
229 231
229 236
229 241
229 242
230 231
230 232
230 242
230 243
230 244
230 249
231 239
231 241
232 236
232 237
232 239
232 246
232 249
233 237
233 243
233 244
234 240
235 236
235 237
235 239
235 240
236 242
237 240
237 244
237 248
238 239
238 243
238 245
238 246
238 247
238 248
239 245
239 247
239 248
240 241
240 243
241 242
241 248
242 244
242 246
242 248
242 249
243 247
243 249
245 248
245 249
246 249

1 0 0 1 0 1 0 1 1 1 1 1 0 1 0 1 1 1 1 0 0 0 1 1 1 1 1 0 1 0 1 0 0 1 0 0 1 0 0 1 0 1 1 0 1 1 1 1 0 0 1 0 1 0 0 0 0 0 1 0 1 0 0 0 1 1 1 1 0 0 0 1 1 0 1 1 1 1 1 1 1 0 0 0 0 1 1 1 1 0 0 1 1 1 1 1 1 0 1 1 1 0 0 0 0 1 1 0 0 1 1 1 1 1 1 1 1 0 0 0 1 1 1 1 1 0 0 1 0 1 0 0 0 1 0 0 1 1 0 1 0 0 1 0 0 0 1 0 0 0 1 0 1 0 1 1 1 0 1 1 0 0 0 1 1 1 1 1 1 0 0 0 0 0 1 1 0 1 1 0 1 0 0 0 1 1 1 1 0 0 0 0 0 1 1 0 0 0 0 1 1 1 1 0 0 1 1 0 1 1 1 0 1 1 0 0 0 0 0 0 0 0 0 0 0 0 1 0 1 1 0 0 1 0 0 0 0 0 0 0 1 0 0 0 1 0 1 0 1 0