150 2178
0 1 2 3 4 5 6 7 8 9 10 11 12 13 14 15 16 17 18 19 20 21 22 23 24 25 26 27 28 29 30 31 32 33 34 35 36 37 38 39 40 41 42 43 44 45 46 47 48 49 50 51 52 53 54 55 56 57 58 59 60 61 62 63 64 65 66 67 68 69 70 71 72 73 74 75 76 77 78 79 80 81 82 83 84 85 86 87 88 89 90 91 92 93 94 95 96 97 98 99 100 101 102 103 104 105 106 107 108 109 110 111 112 113 114 115 116 117 118 119 120 121 122 123 124 125 126 127 128 129 130 131 132 133 134 135 136 137 138 139 140 141 142 143 144 145 146 147 148 149
0 2
0 4
0 8
0 11
0 19
0 25
0 30
0 38
0 39
0 40
0 44
0 59
0 65
0 82
0 90
0 111
0 113
0 120
0 125
0 129
0 130
0 138
0 140
1 12
1 17
1 19
1 21
1 23
1 25
1 26
1 40
1 43
1 44
1 49
1 53
1 56
1 60
1 66
1 67
1 69
1 73
1 80
1 85
1 92
1 96
1 99
1 100
1 102
1 103
1 104
1 106
1 108
1 111
1 118
1 120
1 121
1 124
1 135
1 145
2 3
2 8
2 10
2 25
2 27
2 43
2 50
2 52
2 66
2 67
2 78
2 90
2 91
2 93
2 104
2 107
2 108
2 110
2 114
2 118
2 120
2 127
2 128
2 136
2 138
2 140
2 145
3 6
3 10
3 13
3 15
3 21
3 25
3 31
3 37
3 40
3 45
3 54
3 66
3 68
3 71
3 78
3 83
3 95
3 98
3 112
3 114
3 118
3 120
3 121
3 132
3 135
3 143
3 146
3 148
3 149
4 21
4 26
4 29
4 32
4 41
4 44
4 53
4 57
4 62
4 73
4 76
4 86
4 93
4 96
4 108
4 111
4 114
4 121
4 122
4 131
4 138
4 143
5 8
5 13
5 15
5 19
5 25
5 26
5 28
5 36
5 38
5 43
5 45
5 46
5 51
5 71
5 82
5 86
5 87
5 92
5 98
5 103
5 106
5 107
5 111
5 112
5 116
5 120
5 131
5 137
5 139
5 141
5 146
6 10
6 13
6 14
6 16
6 24
6 41
6 42
6 47
6 55
6 60
6 62
6 63
6 72
6 73
6 81
6 83
6 88
6 91
6 107
6 117
6 118
6 121
6 122
6 129
6 133
6 139
6 142
6 144
7 8
7 20
7 24
7 28
7 31
7 35
7 38
7 39
7 40
7 45
7 48
7 50
7 55
7 58
7 61
7 62
7 67
7 77
7 80
7 85
7 87
7 95
7 97
7 99
7 100
7 102
7 115
7 117
7 125
7 131
7 137
7 139
7 142
7 143
7 148
8 14
8 15
8 20
8 21
8 31
8 34
8 35
8 37
8 38
8 47
8 48
8 49
8 52
8 53
8 55
8 58
8 59
8 65
8 68
8 73
8 76
8 82
8 93
8 96
8 102
8 104
8 105
8 116
8 117
8 120
8 124
8 132
8 136
8 140
9 10
9 15
9 22
9 32
9 35
9 37
9 38
9 43
9 54
9 59
9 60
9 76
9 80
9 81
9 86
9 121
9 122
9 124
9 128
9 129
9 134
9 145
9 149
10 11
10 15
10 16
10 26
10 33
10 34
10 37
10 38
10 42
10 61
10 66
10 77
10 78
10 84
10 85
10 86
10 95
10 99
10 102
10 107
10 111
10 112
10 116
10 125
10 130
10 131
10 137
10 142
10 145
10 147
11 14
11 16
11 21
11 26
11 28
11 34
11 38
11 39
11 42
11 47
11 55
11 66
11 69
11 72
11 75
11 76
11 77
11 83
11 84
11 86
11 91
11 92
11 93
11 95
11 96
11 106
11 109
11 111
11 118
11 119
11 122
11 131
11 133
11 136
11 147
12 17
12 20
12 23
12 25
12 27
12 34
12 35
12 45
12 50
12 51
12 52
12 60
12 67
12 75
12 90
12 98
12 111
12 114
12 117
12 118
12 127
12 128
12 135
12 138
12 143
13 34
13 54
13 71
13 75
13 76
13 94
13 97
13 103
13 108
13 111
13 119
13 132
13 133
13 136
13 138
13 141
13 146
14 15
14 16
14 18
14 23
14 26
14 27
14 38
14 39
14 40
14 68
14 70
14 72
14 73
14 74
14 75
14 80
14 81
14 82
14 92
14 97
14 109
14 112
14 117
14 127
14 141
14 144
15 28
15 32
15 53
15 56
15 59
15 65
15 66
15 71
15 78
15 89
15 101
15 102
15 107
15 108
15 111
15 117
15 124
15 128
15 133
15 135
15 136
15 142
15 144
15 149
16 23
16 25
16 29
16 30
16 41
16 45
16 55
16 57
16 65
16 66
16 70
16 77
16 80
16 91
16 99
16 102
16 103
16 117
16 118
16 123
16 129
16 133
16 137
16 138
16 148
16 149
17 23
17 28
17 31
17 33
17 34
17 36
17 37
17 46
17 50
17 51
17 52
17 56
17 65
17 69
17 72
17 94
17 96
17 103
17 108
17 112
17 114
17 116
17 119
17 120
17 124
17 126
17 139
17 141
17 148
18 37
18 41
18 47
18 49
18 50
18 52
18 54
18 62
18 63
18 64
18 82
18 95
18 101
18 106
18 107
18 128
18 142
18 143
18 144
18 145
19 22
19 36
19 41
19 45
19 49
19 51
19 56
19 71
19 72
19 73
19 78
19 84
19 87
19 92
19 97
19 98
19 101
19 115
19 118
19 142
20 23
20 25
20 28
20 30
20 39
20 47
20 49
20 51
20 53
20 57
20 67
20 69
20 71
20 77
20 79
20 80
20 81
20 86
20 87
20 91
20 102
20 107
20 119
20 122
20 130
20 136
21 29
21 30
21 32
21 44
21 49
21 53
21 54
21 57
21 59
21 71
21 96
21 104
21 107
21 108
21 109
21 112
21 114
21 115
21 116
21 120
21 126
21 127
21 131
21 134
21 140
21 141
21 142
21 147
22 25
22 37
22 40
22 45
22 46
22 54
22 57
22 59
22 65
22 66
22 70
22 84
22 85
22 91
22 93
22 103
22 104
22 106
22 109
22 112
22 117
22 128
22 144
22 145
22 147
23 34
23 41
23 43
23 44
23 50
23 51
23 53
23 56
23 58
23 60
23 65
23 70
23 80
23 83
23 89
23 91
23 98
23 99
23 101
23 102
23 114
23 123
23 129
23 131
24 26
24 27
24 28
24 30
24 33
24 35
24 41
24 43
24 50
24 54
24 56
24 60
24 61
24 70
24 72
24 79
24 82
24 86
24 91
24 98
24 101
24 111
24 118
24 122
24 125
24 131
24 141
24 142
24 144
24 146
25 27
25 28
25 33
25 41
25 48
25 51
25 55
25 60
25 62
25 63
25 65
25 73
25 78
25 90
25 91
25 99
25 101
25 103
25 104
25 106
25 107
25 112
25 116
25 119
25 126
25 128
25 133
25 142
25 148
26 27
26 28
26 29
26 32
26 53
26 61
26 65
26 70
26 81
26 83
26 90
26 102
26 103
26 108
26 122
26 124
26 129
26 133
26 137
26 145
26 149
27 31
27 36
27 52
27 54
27 58
27 67
27 68
27 72
27 73
27 76
27 77
27 87
27 91
27 93
27 94
27 98
27 101
27 104
27 109
27 113
27 118
27 119
27 123
27 124
27 128
27 134
27 140
27 141
28 32
28 43
28 48
28 59
28 60
28 66
28 69
28 70
28 79
28 81
28 84
28 95
28 98
28 101
28 119
28 120
28 121
28 123
28 126
28 139
28 140
28 148
29 37
29 49
29 51
29 59
29 61
29 63
29 64
29 70
29 79
29 80
29 88
29 93
29 95
29 109
29 115
29 116
29 124
29 130
29 131
29 133
29 135
29 149
30 37
30 38
30 50
30 51
30 52
30 53
30 56
30 57
30 60
30 61
30 65
30 68
30 69
30 72
30 82
30 86
30 87
30 89
30 97
30 110
30 112
30 115
30 116
30 119
30 121
30 125
30 135
31 33
31 39
31 43
31 55
31 65
31 68
31 70
31 75
31 79
31 81
31 82
31 86
31 87
31 88
31 106
31 110
31 114
31 119
31 135
31 137
31 143
31 146
31 147
31 148
32 34
32 39
32 40
32 45
32 51
32 52
32 57
32 63
32 64
32 72
32 95
32 96
32 98
32 99
32 102
32 109
32 113
32 114
32 115
32 121
32 132
32 133
32 135
32 136
32 139
32 141
32 143
33 34
33 40
33 48
33 56
33 58
33 60
33 66
33 67
33 71
33 78
33 87
33 96
33 104
33 116
33 120
33 129
33 133
33 135
33 137
33 140
33 146
33 147
34 35
34 41
34 47
34 49
34 54
34 55
34 62
34 71
34 74
34 85
34 88
34 94
34 99
34 100
34 106
34 108
34 114
34 115
34 118
34 119
34 125
34 135
34 139
34 149
35 36
35 53
35 59
35 61
35 66
35 68
35 80
35 83
35 87
35 99
35 106
35 131
35 134
35 135
35 139
36 42
36 44
36 46
36 55
36 62
36 63
36 66
36 75
36 80
36 84
36 87
36 90
36 94
36 98
36 117
36 125
36 129
36 135
36 143
36 148
37 38
37 41
37 59
37 61
37 69
37 70
37 71
37 80
37 81
37 84
37 88
37 90
37 91
37 94
37 115
37 119
37 129
37 132
37 135
37 139
37 143
38 48
38 52
38 57
38 64
38 66
38 76
38 83
38 88
38 89
38 103
38 111
38 113
38 114
38 116
38 126
38 132
38 138
38 139
38 143
38 148
38 149
39 40
39 42
39 43
39 44
39 48
39 50
39 53
39 54
39 55
39 56
39 61
39 65
39 70
39 75
39 78
39 80
39 82
39 85
39 88
39 97
39 99
39 103
39 106
39 118
39 127
39 128
39 138
39 143
40 55
40 56
40 65
40 66
40 83
40 84
40 99
40 101
40 113
40 114
40 116
40 133
40 135
40 149
41 48
41 62
41 67
41 68
41 76
41 83
41 85
41 87
41 92
41 96
41 98
41 102
41 104
41 111
41 112
41 118
41 121
41 130
41 133
41 135
41 136
41 137
41 142
42 48
42 55
42 61
42 66
42 82
42 83
42 85
42 86
42 120
42 121
42 128
42 133
42 145
43 44
43 45
43 49
43 65
43 66
43 74
43 76
43 78
43 79
43 85
43 89
43 90
43 91
43 92
43 96
43 99
43 100
43 101
43 106
43 112
43 135
43 138
43 139
43 141
43 148
44 46
44 47
44 70
44 75
44 93
44 94
44 98
44 104
44 107
44 109
44 116
44 134
44 136
44 146
45 47
45 51
45 58
45 59
45 62
45 65
45 67
45 75
45 79
45 90
45 97
45 100
45 104
45 106
45 111
45 118
45 120
45 124
45 128
45 133
45 134
45 137
45 141
45 142
45 149
46 49
46 50
46 51
46 54
46 61
46 65
46 66
46 70
46 77
46 80
46 82
46 86
46 92
46 96
46 101
46 106
46 107
46 109
46 114
46 118
46 133
46 134
46 140
47 48
47 50
47 55
47 62
47 63
47 64
47 65
47 66
47 67
47 70
47 76
47 88
47 89
47 101
47 108
47 109
47 110
47 116
47 126
47 128
47 129
47 130
47 132
47 133
47 136
47 138
47 141
47 144
47 146
47 147
47 149
48 61
48 62
48 74
48 77
48 78
48 87
48 92
48 93
48 94
48 97
48 99
48 103
48 109
48 113
48 118
48 122
48 130
48 140
48 148
49 63
49 67
49 82
49 87
49 95
49 101
49 113
49 124
49 132
49 137
49 138
49 140
49 141
49 143
49 145
49 147
49 148
50 55
50 56
50 57
50 59
50 63
50 64
50 71
50 72
50 74
50 79
50 84
50 92
50 100
50 101
50 116
50 140
50 146
51 56
51 57
51 58
51 59
51 60
51 63
51 66
51 67
51 73
51 74
51 78
51 79
51 82
51 89
51 96
51 99
51 106
51 110
51 114
51 115
51 116
51 126
51 127
51 129
51 136
51 142
52 53
52 54
52 59
52 72
52 74
52 77
52 80
52 89
52 92
52 97
52 99
52 105
52 106
52 110
52 112
52 130
52 131
52 136
53 59
53 62
53 68
53 69
53 80
53 83
53 85
53 88
53 90
53 95
53 97
53 99
53 101
53 102
53 104
53 106
53 107
53 110
53 114
53 119
53 132
53 141
53 149
54 70
54 74
54 84
54 90
54 92
54 99
54 100
54 113
54 118
54 119
54 124
54 125
54 127
54 129
54 130
54 135
54 139
55 67
55 68
55 69
55 70
55 74
55 76
55 77
55 79
55 84
55 89
55 91
55 95
55 97
55 110
55 136
55 143
55 145
55 146
55 148
56 57
56 58
56 63
56 65
56 71
56 83
56 109
56 118
56 119
56 128
56 134
56 136
56 148
57 58
57 64
57 68
57 80
57 83
57 90
57 92
57 93
57 112
57 115
57 117
57 128
57 137
57 138
57 144
57 148
57 149
58 64
58 80
58 81
58 86
58 90
58 91
58 94
58 95
58 99
58 100
58 102
58 105
58 108
58 116
58 117
58 148
59 65
59 68
59 70
59 74
59 78
59 79
59 85
59 91
59 95
59 96
59 100
59 103
59 106
59 108
59 119
59 128
59 132
59 139
59 142
60 61
60 64
60 66
60 69
60 70
60 72
60 73
60 79
60 86
60 90
60 101
60 103
60 105
60 108
60 113
60 118
60 121
60 132
60 133
60 136
60 137
60 143
60 144
60 148
60 149
61 73
61 79
61 88
61 92
61 94
61 96
61 100
61 101
61 108
61 109
61 116
61 117
61 122
61 124
61 129
61 135
61 139
61 142
62 69
62 75
62 77
62 97
62 100
62 101
62 102
62 105
62 112
62 118
62 132
62 148
62 149
63 67
63 85
63 86
63 87
63 89
63 92
63 93
63 95
63 103
63 105
63 107
63 110
63 114
63 116
63 118
63 133
63 134
63 135
63 145
64 66
64 74
64 76
64 81
64 84
64 85
64 86
64 98
64 99
64 110
64 111
64 114
64 117
64 123
64 124
64 127
64 135
64 137
64 138
65 68
65 70
65 81
65 88
65 92
65 93
65 95
65 97
65 103
65 106
65 107
65 109
65 111
65 114
65 123
65 126
65 129
65 140
65 141
65 147
66 67
66 71
66 74
66 82
66 96
66 100
66 102
66 114
66 127
66 134
66 136
66 146
67 73
67 77
67 84
67 86
67 91
67 99
67 102
67 103
67 105
67 111
67 112
67 114
67 120
67 122
67 129
67 133
67 134
67 144
68 71
68 72
68 74
68 76
68 80
68 90
68 94
68 101
68 106
68 115
68 119
68 120
68 139
68 142
68 144
69 76
69 80
69 83
69 89
69 90
69 92
69 121
69 128
69 131
69 133
69 136
69 137
69 139
69 142
69 143
69 148
70 75
70 77
70 81
70 83
70 85
70 89
70 91
70 116
70 117
70 128
70 133
70 138
71 79
71 81
71 82
71 83
71 101
71 102
71 106
71 108
71 112
71 113
71 115
71 119
71 120
71 122
71 124
71 125
71 128
71 130
71 138
72 97
72 101
72 105
72 114
72 129
72 140
72 146
73 76
73 77
73 86
73 88
73 92
73 93
73 99
73 108
73 119
73 128
73 130
73 132
73 133
73 135
73 137
73 142
73 143
73 145
73 147
74 82
74 90
74 108
74 119
74 134
74 138
74 145
74 149
75 79
75 80
75 93
75 108
75 112
75 121
75 125
75 127
75 129
75 133
75 136
75 148
76 90
76 101
76 104
76 107
76 110
76 111
76 116
76 122
76 124
76 130
76 134
76 141
76 143
76 147
76 148
77 84
77 96
77 99
77 112
77 124
77 129
77 132
77 134
77 136
78 79
78 80
78 84
78 86
78 88
78 93
78 100
78 104
78 115
78 132
78 136
78 137
78 141
78 143
78 147
78 149
79 83
79 89
79 93
79 94
79 107
79 108
79 113
79 114
79 116
79 117
79 126
79 130
79 134
79 144
79 145
79 149
80 98
80 106
80 108
80 113
80 114
80 116
80 122
80 127
80 128
80 134
80 141
80 145
80 146
80 147
81 88
81 89
81 96
81 97
81 99
81 102
81 103
81 115
81 118
81 120
81 121
81 123
81 125
81 126
81 128
81 146
82 83
82 86
82 87
82 93
82 109
82 111
82 114
82 117
82 123
82 125
82 126
82 131
82 141
82 143
82 144
82 145
82 148
82 149
83 89
83 92
83 94
83 95
83 99
83 104
83 106
83 107
83 114
83 118
83 120
83 121
83 137
83 138
83 142
83 145
83 147
84 90
84 92
84 93
84 95
84 101
84 107
84 113
84 120
84 121
84 133
84 137
84 139
84 140
84 142
84 143
84 149
85 86
85 88
85 90
85 91
85 95
85 98
85 99
85 105
85 114
85 118
85 131
85 132
85 139
85 140
85 142
85 143
85 145
86 92
86 110
86 111
86 114
86 115
86 120
86 122
86 123
86 126
86 128
86 131
86 132
86 135
86 137
86 141
86 149
87 89
87 95
87 99
87 113
87 116
87 120
87 125
87 126
87 140
87 142
88 98
88 100
88 124
88 131
89 96
89 97
89 111
89 113
89 114
89 115
89 125
89 127
89 132
89 136
89 143
89 149
90 96
90 104
90 105
90 109
90 112
90 114
90 128
90 129
90 131
90 140
90 142
90 147
90 149
91 106
91 116
91 117
91 119
91 123
91 127
91 130
91 138
91 139
92 100
92 101
92 102
92 103
92 104
92 105
92 109
92 111
92 112
92 114
92 115
92 121
92 124
92 125
92 126
92 136
92 141
92 142
92 146
93 96
93 97
93 99
93 102
93 106
93 107
93 110
93 118
93 119
93 124
93 125
93 127
93 128
93 131
93 132
93 133
93 142
93 147
93 149
94 96
94 104
94 117
94 122
94 127
94 140
94 145
95 97
95 98
95 102
95 103
95 108
95 119
95 125
95 129
95 136
96 102
96 116
96 122
96 123
96 133
96 139
96 140
97 102
97 104
97 105
97 115
97 119
97 121
97 146
97 148
98 100
98 104
98 112
98 124
98 126
98 135
98 136
98 142
98 149
99 109
99 110
99 122
99 128
99 130
99 135
99 142
99 148
100 102
100 111
100 114
100 115
100 122
100 124
100 131
101 103
101 105
101 107
101 109
101 111
101 114
101 117
101 125
101 126
101 127
101 130
101 133
101 137
101 138
101 141
102 110
102 111
102 114
102 120
102 124
102 132
102 148
103 109
103 117
103 122
103 124
103 127
103 128
103 129
103 137
103 141
103 145
103 147
104 114
104 126
104 138
104 141
104 149
105 110
105 115
105 116
105 117
105 123
105 127
105 132
105 136
105 143
106 114
106 117
106 122
106 123
106 124
106 130
106 131
106 132
106 134
106 136
106 137
106 139
106 143
106 148
107 111
107 114
107 118
107 119
107 127
107 128
107 132
107 134
107 138
107 139
108 109
108 114
108 115
108 118
108 124
108 130
108 134
109 111
109 121
109 122
109 128
109 142
109 146
110 116
110 129
110 136
110 138
111 120
111 122
111 125
111 130
111 137
111 142
112 122
112 136
112 143
113 116
113 139
113 141
113 149
114 129
114 141
115 125
115 127
116 119
116 123
116 129
116 135
116 145
116 148
116 149
117 118
117 143
117 145
117 149
118 123
118 127
118 129
118 131
118 136
118 138
118 140
118 144
118 147
119 130
119 132
119 137
119 141
120 129
120 133
120 139
120 148
120 149
121 123
121 124
121 128
121 129
121 130
121 144
122 123
122 130
122 140
123 131
123 140
123 148
123 149
124 128
124 130
124 144
125 137
125 138
125 141
125 148
126 138
126 139
126 140
126 142
126 148
127 128
127 129
127 131
128 130
128 136
128 142
129 130
129 134
129 138
129 142
129 144
129 149
130 140
130 141
130 145
130 147
131 138
131 139
131 140
131 142
131 149
132 136
132 142
133 135
133 146
133 148
134 137
134 138
135 142
135 148
135 149
136 142
137 143
138 142
138 148
140 141
140 142
140 146
140 147
141 148
141 149
144 145
146 148

1 1 0 0 1 1 1 0 0 0 0 1 0 0 0 1 1 0 1 1 1 0 0 1 0 1 1 0 0 1 0 0 0 0 1 1 1 1 1 0 0 1 0 0 0 1 1 1 0 1 1 1 0 1 1 1 1 1 0 1 0 1 0 0 0 0 0 1 0 0 0 1 0 1 1 1 1 1 0 0 0 0 1 1 0 1 0 0 0 0 1 1 1 0 1 1 1 1 0 1 0 0 1 0 1 1 0 1 1 0 0 1 0 0 1 0 0 0 0 0 1 1 1 0 1 0 1 1 0 0 1 0 1 0 1 1 0 0 0 0 1 1 0 1 1 0 1 0 0 1