150 1116
0 1 2 3 4 5 6 7 8 9 10 11 12 13 14 15 16 17 18 19 20 21 22 23 24 25 26 27 28 29 30 31 32 33 34 35 36 37 38 39 40 41 42 43 44 45 46 47 48 49 50 51 52 53 54 55 56 57 58 59 60 61 62 63 64 65 66 67 68 69 70 71 72 73 74 75 76 77 78 79 80 81 82 83 84 85 86 87 88 89 90 91 92 93 94 95 96 97 98 99 100 101 102 103 104 105 106 107 108 109 110 111 112 113 114 115 116 117 118 119 120 121 122 123 124 125 126 127 128 129 130 131 132 133 134 135 136 137 138 139 140 141 142 143 144 145 146 147 148 149
0 8
0 9
0 10
0 15
0 26
0 29
0 42
0 45
0 68
0 79
0 84
0 89
0 95
0 124
0 148
0 149
1 11
1 13
1 14
1 32
1 34
1 46
1 68
1 95
1 108
1 127
1 128
1 138
1 143
2 16
2 17
2 19
2 38
2 43
2 45
2 49
2 75
2 76
2 81
2 96
2 110
2 120
2 143
3 5
3 6
3 17
3 23
3 24
3 37
3 39
3 45
3 62
3 84
3 108
3 117
3 118
3 122
3 125
3 127
3 129
3 133
3 135
3 144
4 14
4 15
4 39
4 43
4 77
4 82
4 91
4 93
4 99
4 102
4 107
4 118
5 22
5 49
5 62
5 66
5 71
5 96
5 143
5 149
6 18
6 25
6 27
6 41
6 42
6 49
6 61
6 66
6 72
6 80
6 85
6 93
6 116
6 120
6 127
6 133
6 136
6 146
6 147
7 16
7 20
7 28
7 29
7 35
7 46
7 52
7 53
7 64
7 72
7 84
7 94
7 109
7 114
7 116
7 117
7 124
7 125
7 132
7 135
8 10
8 22
8 23
8 40
8 45
8 52
8 53
8 68
8 69
8 80
8 101
8 104
8 112
8 113
8 116
8 121
8 123
8 148
9 28
9 37
9 49
9 74
9 89
9 129
9 130
9 143
9 144
9 149
10 15
10 32
10 37
10 46
10 64
10 96
10 101
10 103
10 107
10 116
10 131
10 145
10 148
11 16
11 18
11 41
11 51
11 53
11 57
11 59
11 64
11 86
11 115
11 145
11 147
12 18
12 39
12 40
12 47
12 64
12 76
12 81
12 101
12 116
12 117
12 118
12 119
12 126
12 134
12 138
12 145
13 21
13 88
13 90
13 93
13 94
13 101
13 114
13 116
13 118
13 122
13 149
14 48
14 49
14 51
14 53
14 56
14 62
14 66
14 79
14 98
14 103
14 107
14 118
14 120
14 125
14 126
14 136
14 145
14 146
15 16
15 25
15 27
15 43
15 51
15 71
15 78
15 82
15 83
15 91
15 134
15 141
15 145
15 146
15 148
16 32
16 89
16 98
16 106
16 110
16 111
16 115
16 142
17 25
17 40
17 55
17 60
17 64
17 75
17 79
17 82
17 85
17 91
17 98
17 104
17 108
17 113
17 129
17 133
17 141
18 19
18 24
18 63
18 74
18 98
18 110
18 131
18 140
19 29
19 40
19 49
19 64
19 66
19 76
19 77
19 80
19 88
19 123
19 132
19 140
19 148
20 28
20 42
20 62
20 72
20 93
20 109
20 124
20 134
20 136
20 146
20 147
21 22
21 29
21 30
21 34
21 56
21 66
21 71
21 77
21 82
21 84
21 87
21 106
21 134
21 142
22 25
22 28
22 29
22 40
22 43
22 46
22 49
22 50
22 58
22 71
22 78
22 92
22 123
22 124
22 134
22 142
22 147
22 149
23 36
23 61
23 65
23 72
23 79
23 89
23 113
24 51
24 65
24 72
24 80
24 88
24 104
24 105
24 113
24 115
24 122
24 131
25 30
25 35
25 37
25 45
25 46
25 47
25 55
25 94
25 95
25 107
25 110
25 112
25 119
25 130
25 136
26 42
26 57
26 79
26 101
26 102
26 116
26 120
26 122
26 147
27 46
27 76
27 92
27 116
27 117
27 130
27 131
27 134
27 136
28 29
28 33
28 36
28 54
28 64
28 74
28 77
28 79
28 90
28 92
28 105
28 125
28 127
28 142
28 143
29 35
29 50
29 69
29 75
29 87
29 95
29 97
29 98
29 104
29 112
29 138
29 146
29 147
30 31
30 32
30 38
30 49
30 51
30 54
30 80
30 85
30 91
30 92
30 97
30 123
30 134
30 136
30 137
30 139
30 143
30 148
31 34
31 50
31 52
31 62
31 88
31 91
31 94
31 109
31 115
31 135
31 140
31 143
32 40
32 46
32 54
32 55
32 57
32 59
32 60
32 69
32 112
32 113
32 143
33 44
33 45
33 48
33 52
33 66
33 68
33 79
33 84
33 88
33 89
33 90
33 93
33 97
33 105
33 109
33 119
33 134
33 137
33 143
33 146
33 148
34 38
34 43
34 49
34 60
34 63
34 66
34 78
34 101
34 126
34 131
34 135
34 140
34 143
34 145
35 41
35 54
35 82
35 84
35 96
35 98
35 107
35 122
36 56
36 67
36 80
36 87
36 97
36 110
36 124
36 130
37 77
37 78
37 87
37 91
37 97
37 98
37 125
37 129
37 134
37 137
37 140
37 148
38 43
38 47
38 80
38 85
38 96
38 97
38 122
38 124
39 42
39 44
39 48
39 52
39 55
39 56
39 76
39 78
39 104
39 109
39 117
39 119
39 133
39 134
39 149
40 56
40 72
40 92
40 98
40 100
40 104
40 124
40 128
40 133
41 45
41 67
41 75
41 86
41 94
41 104
41 125
41 134
41 149
42 63
42 65
42 67
42 87
42 101
42 102
42 107
42 111
42 127
42 129
42 130
42 136
42 141
42 144
42 145
43 46
43 53
43 59
43 64
43 69
43 70
43 79
43 94
43 95
43 100
43 148
44 51
44 60
44 75
44 84
44 91
44 98
44 109
44 115
44 138
44 145
45 56
45 77
45 95
45 98
45 108
45 111
45 142
45 147
46 47
46 54
46 72
46 78
46 91
46 93
46 116
46 119
46 128
46 137
46 138
47 57
47 60
47 95
47 101
47 107
47 114
47 132
47 144
48 49
48 70
48 77
48 83
48 88
48 90
48 93
48 122
48 123
48 132
48 146
49 50
49 57
49 58
49 64
49 84
49 88
49 103
49 114
49 121
49 133
49 138
49 142
50 62
50 70
50 83
50 87
50 89
50 94
50 100
50 107
50 124
50 125
50 149
51 73
51 76
51 88
51 89
51 96
51 98
51 101
51 117
51 121
51 131
51 138
52 54
52 69
52 83
52 90
52 92
52 98
52 103
52 105
52 106
52 123
52 126
52 149
53 70
53 80
53 85
53 117
53 127
53 129
53 134
53 147
53 148
54 63
54 68
54 82
54 90
54 97
54 129
54 135
54 144
55 76
55 87
55 94
55 103
55 106
55 111
55 114
55 126
55 127
55 134
55 140
55 147
56 65
56 75
56 80
56 83
56 97
56 100
56 106
56 116
56 117
56 126
56 140
56 143
56 148
57 75
57 88
57 100
57 126
57 129
57 143
58 59
58 87
58 92
58 93
58 108
58 114
58 136
58 139
59 61
59 67
59 90
59 99
59 107
59 136
59 138
59 140
60 71
60 93
60 96
60 102
60 134
61 64
61 79
61 80
61 92
61 104
61 106
61 129
61 139
61 148
62 68
62 73
62 77
62 96
62 102
62 103
62 130
62 135
63 74
63 83
63 90
63 98
63 112
63 129
64 65
64 67
64 73
64 85
64 105
64 107
64 115
64 126
64 142
64 147
65 73
65 76
65 86
65 90
65 106
65 131
65 136
65 140
65 141
65 142
66 85
66 107
66 110
66 129
66 136
67 93
67 94
67 97
67 102
67 103
67 106
67 109
67 114
67 120
67 131
67 145
68 78
68 108
68 124
68 125
68 142
69 80
69 101
69 112
69 127
69 131
70 81
70 83
70 118
70 129
70 135
70 144
70 149
71 74
71 87
71 100
71 103
71 112
71 119
71 141
72 76
72 84
72 93
72 98
72 111
72 114
72 115
72 130
73 85
73 112
73 117
73 131
73 133
73 134
73 147
74 76
74 78
74 80
74 86
74 87
74 92
74 104
74 127
74 140
75 79
75 82
75 113
75 115
75 120
75 141
76 85
76 89
76 94
76 114
76 126
76 127
76 139
77 87
77 118
77 119
77 120
77 134
77 135
77 137
77 148
78 83
78 91
78 92
78 119
78 123
78 138
78 147
79 105
79 110
79 127
79 139
79 141
79 142
79 146
80 83
80 88
80 92
80 100
80 118
80 121
80 132
81 82
81 84
81 111
81 137
82 84
82 88
82 92
82 99
82 101
82 113
82 138
82 139
83 89
83 100
83 103
83 120
83 132
83 133
83 146
83 147
84 117
84 123
84 130
84 143
85 86
85 93
85 98
85 102
85 112
85 116
85 126
85 138
85 145
86 92
86 124
86 133
86 139
87 94
87 99
87 104
87 105
87 112
87 122
87 134
88 98
88 99
88 114
88 121
88 139
89 109
89 116
89 129
90 95
90 112
90 127
90 138
90 146
91 97
91 121
91 128
91 132
91 144
92 99
92 118
92 136
92 140
93 103
93 110
93 122
93 141
94 95
94 97
94 98
94 105
94 110
94 137
94 139
95 102
95 133
96 103
96 104
96 107
96 114
96 121
96 128
96 134
96 142
96 149
97 123
97 124
97 125
98 108
98 112
98 114
98 117
98 130
98 131
99 130
99 146
99 148
100 101
100 116
100 117
100 131
101 107
101 108
101 111
101 116
101 119
101 128
101 129
101 130
101 132
102 103
102 109
102 113
102 124
102 127
102 129
102 133
103 116
103 118
103 121
103 122
103 124
103 130
103 137
104 113
104 115
104 131
104 133
105 138
106 148
107 117
107 119
107 126
107 130
107 131
107 149
108 114
108 118
108 120
108 138
108 144
108 146
109 111
109 121
109 124
109 127
109 138
109 146
109 147
110 114
110 116
110 124
110 125
110 133
110 140
110 143
110 144
110 146
110 147
111 119
111 133
111 140
111 141
111 144
112 114
112 116
112 118
112 123
113 114
113 149
114 137
114 138
115 116
115 119
115 135
115 149
116 134
117 121
117 122
117 123
117 124
117 129
117 139
117 140
118 120
118 126
118 134
118 137
119 125
119 127
120 128
120 142
122 128
122 143
123 126
123 129
123 135
124 129
124 142
125 126
125 131
125 148
126 127
126 136
126 137
128 129
128 149
129 135
129 137
129 149
130 141
131 137
131 138
133 148
135 149
136 138
136 141
136 145
137 139
137 146
137 148
137 149
139 144
139 145
139 146
143 149
147 149

0 0 0 1 0 0 0 0 1 1 0 0 1 1 0 0 1 0 0 0 0 0 1 1 1 0 0 1 0 0 0 1 0 1 1 1 1 0 0 1 1 0 1 0 1 1 1 0 1 0 1 0 0 1 1 1 1 0 0 0 1 0 1 1 0 0 0 0 1 1 1 1 1 0 1 1 0 0 0 0 1 1 0 0 0 0 1 1 1 1 1 0 1 1 0 1 0 1 1 1 1 0 1 0 0 1 1 1 1 1 1 0 1 0 0 0 1 0 0 1 1 1 0 0 1 1 0 0 0 0 0 0 1 0 0 1 0 1 1 0 1 0 1 1 0 1 1 0 1 0