50 133
0 1 2 3 4 5 6 7 8 9 10 11 12 13 14 15 16 17 18 19 20 21 22 23 24 25 26 27 28 29 30 31 32 33 34 35 36 37 38 39 40 41 42 43 44 45 46 47 48 49
0 5
0 43
1 8
1 33
1 42
1 44
2 3
2 7
2 47
2 48
3 6
3 27
3 39
3 44
4 19
5 6
5 25
5 38
6 7
6 8
6 14
6 19
6 35
6 37
6 43
6 45
7 10
7 11
7 13
7 21
7 27
7 28
7 35
8 9
8 12
8 33
8 37
8 41
9 10
9 19
9 26
9 33
9 34
9 39
9 46
10 13
10 30
11 17
11 24
11 25
11 39
12 13
12 14
12 22
12 23
12 28
12 45
12 49
13 15
13 20
13 33
13 35
13 37
13 49
14 16
14 35
14 40
14 43
14 46
15 17
15 35
15 47
16 23
16 29
17 27
17 28
17 29
18 31
18 33
18 35
18 36
18 39
18 45
19 24
19 40
19 46
20 25
20 30
20 49
21 34
22 26
22 28
22 31
23 31
23 38
23 43
24 31
24 49
26 36
26 40
26 49
27 32
27 35
27 38
27 40
27 44
27 45
28 36
28 40
29 37
30 31
30 37
31 36
31 39
31 43
32 35
32 38
33 48
34 35
34 39
34 43
34 49
35 48
36 49
37 46
38 45
42 49
43 45
43 46
45 49
46 48
47 48
48 49

1 1 0 1 0 0 1 0 0 0 0 0 0 0 0 1 0 1 1 0 1 1 0 0 1 0 1 1 0 0 0 1 1 0 1 0 1 1 1 0 0 1 1 1 0 1 1 0 1 1