200 1009
0 1 2 3 4 5 6 7 8 9 10 11 12 13 14 15 16 17 18 19 20 21 22 23 24 25 26 27 28 29 30 31 32 33 34 35 36 37 38 39 40 41 42 43 44 45 46 47 48 49 50 51 52 53 54 55 56 57 58 59 60 61 62 63 64 65 66 67 68 69 70 71 72 73 74 75 76 77 78 79 80 81 82 83 84 85 86 87 88 89 90 91 92 93 94 95 96 97 98 99 100 101 102 103 104 105 106 107 108 109 110 111 112 113 114 115 116 117 118 119 120 121 122 123 124 125 126 127 128 129 130 131 132 133 134 135 136 137 138 139 140 141 142 143 144 145 146 147 148 149 150 151 152 153 154 155 156 157 158 159 160 161 162 163 164 165 166 167 168 169 170 171 172 173 174 175 176 177 178 179 180 181 182 183 184 185 186 187 188 189 190 191 192 193 194 195 196 197 198 199
0 24
0 34
0 37
0 49
0 61
0 72
0 119
0 128
0 179
0 184
1 30
1 31
1 37
1 41
1 43
1 58
1 62
1 64
1 83
1 88
1 97
1 102
1 153
1 174
1 179
1 188
2 24
2 25
2 30
2 36
2 46
2 49
2 71
2 72
2 78
2 81
2 188
3 38
3 46
3 52
3 63
3 85
3 97
3 124
3 140
3 152
3 197
4 17
4 35
4 47
4 60
4 96
4 101
4 106
4 144
4 148
4 151
4 157
4 162
4 194
4 196
4 197
5 9
5 30
5 61
5 71
5 86
5 100
5 110
5 118
5 125
5 154
5 169
5 185
5 194
6 27
6 44
6 46
6 51
6 85
6 96
6 122
6 123
6 136
6 140
6 165
6 172
6 178
6 180
7 85
7 120
7 134
7 162
7 165
7 182
8 65
8 153
9 15
9 53
9 54
9 90
9 107
9 116
9 161
10 21
10 35
10 123
10 126
10 130
10 170
10 177
10 182
11 21
11 48
11 68
11 164
11 165
11 190
11 199
12 17
12 29
12 49
12 78
12 81
12 100
12 106
12 136
12 161
12 168
12 169
12 184
12 198
13 23
13 29
13 48
13 63
13 88
13 90
13 94
13 105
13 155
13 163
13 168
13 175
13 187
14 31
14 36
14 51
14 80
14 128
14 156
14 198
15 22
15 26
15 58
15 59
15 68
15 121
15 133
15 152
15 196
16 54
16 58
16 62
16 131
16 164
16 189
17 64
17 141
17 142
17 155
17 166
18 122
18 133
18 143
18 195
19 38
19 66
19 71
19 77
19 83
19 101
19 114
19 157
19 188
19 189
19 192
19 195
20 21
20 31
20 51
20 82
20 83
20 133
20 135
20 159
20 162
20 184
20 188
20 192
20 196
21 41
21 60
21 69
21 70
21 72
21 93
21 103
21 105
21 116
21 143
21 156
21 164
21 179
22 23
22 57
22 61
22 70
22 82
22 93
22 113
22 122
22 150
22 154
22 180
22 182
22 185
22 187
23 73
23 85
23 90
23 93
23 123
23 153
23 173
23 192
24 27
24 150
24 161
24 172
24 183
24 189
25 56
25 68
25 88
25 118
25 119
25 134
25 145
25 157
25 191
25 193
26 28
26 31
26 84
26 150
26 160
26 169
26 170
26 175
26 179
26 182
26 196
26 198
27 71
27 117
27 122
27 123
27 130
27 147
27 170
27 178
27 181
27 184
27 199
28 34
28 78
28 148
28 164
28 172
28 181
29 46
29 90
29 98
29 142
29 173
29 188
30 39
30 59
30 82
30 102
30 116
30 121
30 176
31 36
31 89
31 149
31 157
31 159
31 194
32 64
32 66
32 72
32 96
32 100
32 153
32 158
32 179
32 180
33 60
33 90
33 91
33 105
33 190
34 43
34 44
34 61
34 94
34 95
34 139
34 152
34 174
34 180
34 186
35 38
35 109
35 126
35 138
35 151
36 64
36 71
36 92
36 97
36 104
36 112
36 119
36 124
36 139
36 140
36 151
36 167
36 175
36 177
37 61
37 68
37 79
37 105
37 106
37 116
37 144
37 167
37 171
37 192
38 39
38 71
38 95
38 98
38 116
38 128
38 131
38 156
38 169
38 170
38 195
39 62
39 74
39 82
39 123
39 140
39 163
39 189
40 60
40 90
40 114
40 115
40 131
40 138
40 152
40 159
40 181
41 42
41 54
41 67
41 87
41 103
41 152
41 161
41 179
41 195
41 199
42 53
42 70
42 81
42 102
42 105
42 160
42 163
42 178
42 182
42 186
42 193
43 51
43 55
43 59
43 147
43 149
43 151
43 184
44 59
44 64
44 79
44 90
44 92
44 108
44 121
44 123
44 147
44 163
44 164
44 181
44 182
44 187
44 188
44 190
45 78
45 100
45 127
46 60
46 78
46 95
46 139
46 143
46 169
46 195
47 132
47 136
47 156
47 164
47 165
47 173
47 174
48 101
48 111
48 116
48 117
48 120
48 150
48 159
48 182
48 185
48 194
48 196
49 58
49 72
49 103
49 134
49 144
50 75
50 97
50 172
50 174
51 53
51 72
51 135
51 138
51 160
51 164
51 188
51 190
51 196
52 107
52 120
52 129
52 130
52 131
52 162
53 58
53 81
53 110
53 148
53 149
53 194
54 121
54 157
54 175
54 185
54 189
54 192
55 82
55 94
55 98
55 111
55 145
55 166
55 175
55 177
55 186
56 98
56 99
56 143
56 150
56 153
56 159
57 89
57 94
57 111
57 182
58 68
58 115
58 126
58 131
58 167
59 66
59 76
59 124
59 126
59 127
59 135
60 61
60 124
60 146
60 156
60 157
60 173
60 174
60 193
61 70
61 151
61 157
62 63
62 95
62 103
62 105
62 138
62 192
63 77
63 89
63 107
63 128
63 132
63 168
64 110
64 111
64 118
64 139
64 161
64 177
64 194
65 69
65 75
65 85
65 176
65 187
66 75
66 95
66 102
66 110
66 119
66 134
66 142
66 150
67 81
67 105
67 178
68 90
68 99
68 105
68 106
68 124
68 186
68 190
69 83
69 85
69 95
69 105
69 131
69 169
70 86
70 94
70 122
70 131
70 151
70 157
70 158
71 73
71 83
71 148
71 149
71 154
71 167
71 171
71 193
72 104
72 110
72 128
72 147
72 159
72 194
73 78
73 98
73 101
73 102
73 122
73 126
73 151
73 154
73 161
73 165
73 178
74 101
74 117
74 143
74 144
74 156
74 182
74 193
75 89
75 94
75 112
75 138
75 170
75 171
76 87
76 157
77 92
77 120
77 139
77 140
77 171
78 104
78 106
78 126
78 149
78 153
78 192
78 193
79 83
79 121
79 135
79 142
79 151
79 174
80 160
80 167
80 169
80 170
80 198
81 91
81 154
81 183
82 104
82 105
82 125
82 141
82 156
82 178
82 187
83 112
83 132
83 154
83 169
84 87
84 104
84 106
84 108
84 117
84 128
84 147
84 153
84 179
84 181
84 196
84 198
85 114
85 182
86 98
86 105
86 125
86 132
86 198
87 96
87 139
87 141
87 166
87 170
88 107
88 113
88 115
88 119
88 125
88 133
88 146
88 155
89 94
89 104
89 115
89 158
90 101
90 109
90 123
90 157
90 191
90 198
91 107
91 114
91 123
91 124
91 137
91 156
92 126
92 134
92 151
92 157
93 100
93 104
93 105
93 106
93 116
93 126
93 140
93 141
93 151
94 95
94 115
94 118
94 139
94 157
94 173
94 193
95 126
95 134
95 158
95 163
95 186
96 115
96 132
96 174
96 190
97 145
97 165
97 170
97 189
97 197
97 199
98 103
98 113
98 122
98 126
98 144
98 151
98 165
98 176
99 103
99 143
99 178
99 188
100 125
100 128
100 130
100 144
100 156
100 168
100 169
101 114
101 121
101 132
101 150
101 168
101 176
102 141
102 161
103 116
103 117
103 126
103 149
103 154
105 141
105 153
105 187
106 116
106 147
106 164
106 175
106 181
106 197
107 119
107 128
107 131
107 157
107 182
107 190
107 193
108 157
108 158
109 120
109 144
109 145
109 174
109 184
109 190
110 114
110 128
110 139
110 162
110 185
110 194
111 130
111 135
111 141
111 167
111 182
111 191
112 116
112 123
112 124
112 132
112 143
112 179
112 181
113 137
113 141
113 152
113 177
114 116
114 136
114 180
115 137
115 147
115 188
116 149
116 151
116 158
116 165
116 193
117 165
117 168
117 172
117 195
118 134
118 140
118 143
118 157
118 182
119 131
119 151
119 152
119 196
120 144
120 145
120 167
120 183
120 193
121 134
121 143
121 153
121 156
121 193
122 194
123 124
123 146
123 161
124 159
124 175
124 199
125 139
125 177
125 181
125 187
126 128
126 187
128 133
128 135
128 151
128 162
129 150
130 140
130 166
130 175
130 181
130 189
131 155
131 164
131 172
131 175
131 176
131 190
131 191
131 193
132 159
132 166
132 187
133 139
133 164
133 165
133 172
134 161
134 163
134 175
134 189
135 157
135 177
135 181
136 155
136 170
136 188
137 142
137 154
137 179
137 186
137 189
138 142
138 147
138 154
138 186
140 142
140 145
140 165
140 172
141 143
141 145
141 195
142 153
142 155
143 145
143 161
143 171
144 145
144 154
145 194
146 149
146 198
147 166
147 179
148 169
148 185
148 186
149 155
149 156
149 159
149 171
150 153
150 191
150 195
152 171
153 158
153 162
154 166
154 190
154 193
154 199
155 159
156 187
157 172
157 183
158 161
158 182
159 194
160 186
160 197
161 180
161 182
161 194
162 165
162 183
162 185
162 198
163 176
163 191
163 199
164 166
164 179
164 182
164 184
164 185
164 193
165 169
165 176
165 181
165 190
165 197
166 175
167 194
168 187
169 180
169 196
170 182
170 192
171 185
172 174
173 187
175 181
175 184
175 185
176 182
176 196
177 197
177 198
177 199
178 196
180 186
182 187
183 187
183 192
186 188
187 188
187 199
194 196
195 197
196 198

0 1 1 1 0 0 1 0 1 1 0 0 0 1 0 0 0 0 1 1 0 1 1 1 1 1 0 0 1 1 1 0 1 1 0 1 0 1 1 1 1 1 1 0 1 0 0 0 0 0 1 1 0 1 0 0 1 0 1 1 0 1 0 1 0 0 1 0 1 1 1 0 1 0 1 1 0 1 0 1 0 0 1 1 1 0 1 1 1 0 0 0 0 1 0 0 0 0 0 1 1 1 0 1 1 1 1 0 1 0 1 0 0 0 1 0 0 0 1 1 0 1 1 0 0 1 0 0 0 0 1 0 1 0 0 0 0 1 0 0 1 1 1 0 0 0 1 0 0 0 0 1 0 0 0 0 1 0 1 0 1 1 1 1 1 1 1 1 1 0 1 1 1 1 0 0 1 1 0 0 0 1 1 1 1 0 0 0 0 0 0 0 1 1 0 1 1 0 1 0