20 85
0 1 2 3 4 5 6 7 8 9 10 11 12 13 14 15 16 17 18 19
0 3
0 4
0 5
0 7
0 19
1 2
1 12
1 15
1 18
1 19
2 3
2 5
2 7
2 9
2 11
2 15
2 17
2 18
3 4
3 5
3 8
3 9
3 11
3 12
3 13
3 14
3 15
3 16
3 19
4 5
4 6
4 9
4 10
4 12
4 15
4 17
4 18
4 19
5 8
5 9
5 10
5 12
5 13
5 15
5 18
6 9
6 10
6 18
6 19
7 8
7 9
7 11
7 12
7 19
8 9
8 10
8 15
9 10
9 11
9 12
9 13
9 14
9 17
9 18
10 11
10 12
10 14
10 15
11 15
11 16
11 17
11 19
12 14
12 15
12 16
12 18
12 19
13 14
13 15
13 17
13 19
14 15
15 18
16 19
18 19

0 1 0 1 1 0 1 0 0 0 0 1 1 1 0 1 0 0 1 1