150 1095
0 1 2 3 4 5 6 7 8 9 10 11 12 13 14 15 16 17 18 19 20 21 22 23 24 25 26 27 28 29 30 31 32 33 34 35 36 37 38 39 40 41 42 43 44 45 46 47 48 49 50 51 52 53 54 55 56 57 58 59 60 61 62 63 64 65 66 67 68 69 70 71 72 73 74 75 76 77 78 79 80 81 82 83 84 85 86 87 88 89 90 91 92 93 94 95 96 97 98 99 100 101 102 103 104 105 106 107 108 109 110 111 112 113 114 115 116 117 118 119 120 121 122 123 124 125 126 127 128 129 130 131 132 133 134 135 136 137 138 139 140 141 142 143 144 145 146 147 148 149
0 1
0 2
0 11
0 31
0 38
0 42
0 46
0 66
0 68
0 71
0 96
0 114
0 117
0 122
0 130
0 135
1 10
1 18
1 31
1 32
1 34
1 36
1 39
1 73
1 75
1 92
1 97
1 113
1 139
1 146
2 31
2 33
2 38
2 39
2 52
2 55
2 67
2 80
2 85
2 88
2 104
2 106
2 138
2 141
3 15
3 25
3 33
3 35
3 42
3 46
3 61
3 67
3 78
3 83
3 92
3 96
3 98
3 104
3 109
3 112
3 127
3 129
3 142
4 7
4 23
4 24
4 29
4 52
4 54
4 69
4 78
4 92
4 106
4 111
4 112
4 125
4 137
4 144
4 149
5 7
5 12
5 15
5 26
5 34
5 47
5 48
5 49
5 55
5 60
5 92
5 107
5 108
5 109
5 111
5 121
5 135
5 144
6 18
6 26
6 67
6 69
6 84
6 92
6 149
7 39
7 51
7 55
7 59
7 64
7 66
7 115
7 119
7 131
7 132
7 141
8 21
8 46
8 52
8 53
8 68
8 69
8 78
8 91
8 95
8 103
8 111
8 114
8 134
8 137
8 149
9 19
9 21
9 28
9 44
9 48
9 49
9 66
9 68
9 86
9 88
9 105
9 106
9 108
9 109
9 127
9 129
9 133
9 142
10 24
10 35
10 36
10 39
10 60
10 73
10 87
10 103
10 112
10 114
10 115
10 117
10 120
10 127
10 133
10 138
11 16
11 23
11 27
11 38
11 45
11 57
11 62
11 66
11 77
11 83
11 93
11 97
11 99
11 101
11 134
11 140
11 145
12 16
12 22
12 26
12 27
12 41
12 48
12 52
12 83
12 100
12 103
12 133
13 16
13 23
13 27
13 38
13 84
13 90
13 95
13 123
13 132
13 136
13 142
14 32
14 33
14 37
14 45
14 90
14 95
14 102
14 105
14 106
14 110
14 111
14 121
14 122
14 124
14 129
14 148
15 16
15 21
15 31
15 33
15 54
15 62
15 72
15 87
15 96
15 101
15 110
15 126
16 29
16 42
16 81
16 144
16 149
17 25
17 32
17 40
17 44
17 45
17 49
17 64
17 68
17 76
17 78
17 83
17 84
17 87
17 94
17 100
17 104
17 105
17 122
17 124
17 127
17 128
17 131
17 147
18 40
18 54
18 57
18 63
18 67
18 75
18 84
18 91
18 96
18 100
18 103
18 106
18 107
18 124
18 136
18 145
19 34
19 68
19 76
19 87
19 95
19 107
19 108
19 113
19 116
19 120
19 138
19 147
20 30
20 35
20 39
20 60
20 62
20 64
20 65
20 66
20 71
20 79
20 83
20 87
20 91
20 103
20 111
20 118
20 132
20 136
20 137
20 146
21 29
21 31
21 50
21 51
21 60
21 71
21 82
21 89
21 114
21 117
21 129
22 32
22 104
22 112
22 115
22 129
22 138
22 140
23 47
23 48
23 55
23 63
23 69
23 77
23 80
23 87
23 98
23 105
23 107
23 113
23 140
23 148
24 35
24 39
24 53
24 59
24 65
24 68
24 100
24 101
24 114
24 117
24 129
24 139
24 140
24 143
24 146
25 30
25 32
25 37
25 55
25 58
25 59
25 77
25 88
25 98
25 115
25 130
26 37
26 43
26 51
26 61
26 70
26 82
26 85
26 86
26 87
26 96
26 109
26 126
26 136
26 146
27 42
27 93
27 95
27 119
27 129
27 132
27 133
27 141
28 36
28 44
28 56
28 71
28 82
28 94
28 95
28 105
28 132
28 135
29 43
29 61
29 63
29 67
29 99
29 137
29 144
30 46
30 56
30 80
30 92
30 94
30 105
30 141
30 149
31 35
31 52
31 79
31 80
31 88
31 95
31 97
31 106
31 112
31 116
32 34
32 42
32 45
32 49
32 58
32 66
32 71
32 73
32 76
32 84
32 95
32 103
32 112
32 123
32 130
32 131
32 139
33 41
33 56
33 64
33 67
33 74
33 95
33 107
33 108
33 118
33 122
33 135
33 143
34 43
34 52
34 70
34 71
34 88
34 96
34 114
34 127
34 149
35 37
35 38
35 42
35 50
35 57
35 66
35 75
35 77
35 79
35 102
35 104
35 113
35 123
35 127
35 129
35 131
35 135
36 39
36 69
36 116
36 128
36 139
37 57
37 75
37 84
37 96
37 98
37 115
37 117
37 124
37 132
37 135
37 144
38 39
38 44
38 50
38 55
38 58
38 70
38 74
38 76
38 77
38 90
38 101
38 102
38 115
38 124
38 127
38 133
38 135
38 138
38 140
38 142
39 40
39 50
39 57
39 59
39 64
39 69
39 74
39 84
39 90
39 108
39 137
39 141
40 44
40 51
40 58
40 68
40 69
40 79
40 84
40 94
40 108
40 113
40 138
40 144
40 146
40 147
41 47
41 53
41 66
41 69
41 99
41 105
41 115
41 142
41 143
42 60
42 66
42 83
42 102
42 109
42 117
42 120
42 141
43 53
43 64
43 71
43 96
43 97
43 100
43 112
43 124
43 132
44 56
44 77
44 79
44 96
44 118
44 129
44 137
45 49
45 58
45 63
45 74
45 79
45 84
45 120
45 121
46 54
46 60
46 88
46 93
46 98
46 107
46 113
46 127
46 137
47 50
47 69
47 95
47 114
47 117
47 118
47 125
47 126
47 132
47 137
48 60
48 72
48 73
48 80
48 87
48 88
48 102
48 125
48 130
48 132
48 142
48 143
49 64
49 67
49 84
49 87
49 89
49 122
49 129
49 143
49 149
50 60
50 68
50 69
50 70
50 86
50 90
50 111
50 141
50 147
51 52
51 60
51 72
51 79
51 88
51 99
51 103
51 113
51 121
51 139
52 73
52 93
52 96
52 99
52 109
52 137
53 64
53 96
53 100
53 101
53 124
53 133
53 138
54 59
54 77
54 80
54 93
54 98
54 107
54 109
54 113
54 139
55 56
55 60
55 86
55 88
55 89
55 92
55 104
55 118
55 136
55 140
56 87
56 96
56 102
56 111
56 112
56 118
56 148
57 59
57 64
57 87
57 108
57 117
57 130
58 59
58 82
58 93
58 125
58 131
58 134
58 140
58 141
58 144
59 65
59 81
59 119
59 124
59 126
59 144
59 147
60 66
60 81
60 93
60 103
60 110
60 124
61 66
61 69
61 71
61 77
61 85
61 95
61 98
61 99
61 101
61 109
61 114
61 122
61 130
61 140
61 144
62 72
62 83
62 86
62 94
62 112
62 133
63 69
63 79
63 105
63 120
63 122
63 127
63 135
63 141
64 73
64 77
64 81
64 85
64 92
64 105
64 107
64 111
64 112
64 113
64 119
64 125
64 126
65 90
65 96
65 99
65 101
65 125
65 126
66 69
66 81
66 83
66 87
66 91
66 109
66 119
66 131
66 132
66 138
66 139
66 145
67 69
67 81
67 98
67 120
67 122
67 136
67 143
67 148
68 79
68 85
68 95
68 113
69 84
69 87
69 88
69 95
69 103
69 123
69 129
69 135
70 74
70 78
70 81
70 101
70 118
70 140
70 142
70 148
71 76
71 81
71 83
71 87
71 91
71 96
71 107
71 110
71 123
72 73
72 81
72 84
72 97
72 116
72 128
72 138
72 149
73 79
73 93
73 95
73 116
73 119
73 128
74 82
74 93
74 94
74 99
74 117
74 131
74 137
74 149
75 97
75 109
75 114
76 81
76 84
76 103
76 105
76 107
76 113
76 117
76 132
76 139
76 149
77 106
77 110
77 113
77 117
77 118
77 119
77 129
77 130
77 149
78 92
78 121
78 126
78 127
78 130
79 111
79 126
79 132
79 134
79 146
80 81
80 96
80 104
80 137
80 145
81 87
81 89
81 92
81 106
81 124
82 85
82 87
82 93
82 102
82 113
82 135
83 102
83 110
83 115
83 123
83 126
83 136
84 94
84 101
84 102
84 106
84 125
84 145
84 147
85 99
85 105
85 110
85 114
85 116
85 122
85 125
85 131
85 137
85 143
86 112
87 99
87 111
87 124
87 134
87 140
87 147
88 116
88 125
88 140
88 144
89 92
89 94
89 116
89 121
89 129
89 130
89 131
89 137
89 143
90 91
90 96
90 97
90 99
90 102
90 103
90 108
90 136
90 145
91 103
91 110
91 112
91 118
91 121
91 141
92 95
92 102
92 114
92 135
92 141
93 103
93 108
93 121
93 134
93 140
93 148
94 103
94 120
94 121
94 137
94 140
94 141
94 149
95 98
95 103
95 141
95 142
96 109
96 117
96 125
96 128
96 130
97 99
97 104
97 112
97 123
97 127
98 110
98 118
98 132
98 136
98 139
98 140
99 113
99 122
100 108
100 111
100 114
100 125
100 127
100 129
100 141
100 142
101 107
101 115
101 135
101 142
102 107
102 108
102 133
102 134
102 140
102 144
103 132
103 138
103 140
104 113
104 114
104 141
105 139
105 142
106 140
106 149
107 123
107 131
107 136
108 109
108 110
108 119
108 122
108 124
108 144
109 119
109 121
109 124
110 122
110 129
110 131
110 132
110 144
110 146
111 113
111 122
111 126
111 131
111 145
111 148
111 149
112 119
112 125
112 138
112 141
112 149
114 120
114 149
115 122
115 124
115 125
115 126
115 128
115 129
115 130
115 134
115 138
115 142
115 147
116 126
116 128
116 132
116 133
116 142
118 132
119 121
119 142
120 125
120 135
121 122
121 127
121 131
121 134
122 123
122 126
122 133
122 134
122 135
122 146
122 149
123 143
124 125
124 126
124 132
124 134
124 142
125 127
125 136
125 146
125 147
126 141
126 144
126 148
130 133
131 132
131 135
131 139
132 143
133 134
133 145
133 146
134 135
134 137
135 145
136 141
136 142
138 139
138 142
138 143
139 148
140 148
144 148

1 0 0 1 1 1 1 1 1 0 1 0 0 1 1 0 1 1 1 0 0 1 0 0 1 1 1 1 1 1 0 0 0 1 1 0 1 0 0 0 0 1 1 1 0 1 0 0 0 1 0 1 0 1 1 1 1 1 0 0 0 1 0 0 1 0 0 1 1 0 0 0 0 0 0 1 1 1 0 0 0 0 1 0 0 0 0 0 1 1 0 1 1 1 1 0 1 1 1 1 0 1 0 0 1 1 0 1 1 0 0 1 0 0 0 1 0 1 0 0 1 0 1 0 0 0 1 0 1 1 1 0 0 0 1 1 0 0 1 0 0 0 1 1 0 1 1 1 0 1