50 598
0 1 2 3 4 5 6 7 8 9 10 11 12 13 14 15 16 17 18 19 20 21 22 23 24 25 26 27 28 29 30 31 32 33 34 35 36 37 38 39 40 41 42 43 44 45 46 47 48 49
0 1
0 3
0 5
0 6
0 10
0 12
0 15
0 17
0 18
0 20
0 21
0 22
0 26
0 27
0 29
0 34
0 35
0 36
0 37
0 40
0 44
0 45
0 47
1 3
1 5
1 8
1 9
1 12
1 13
1 17
1 19
1 25
1 28
1 30
1 31
1 32
1 33
1 35
1 37
1 41
1 42
1 43
1 44
1 46
1 48
2 4
2 10
2 11
2 12
2 14
2 16
2 17
2 20
2 21
2 24
2 26
2 27
2 29
2 31
2 35
2 36
2 37
2 38
2 40
2 41
2 42
2 45
2 46
2 48
3 4
3 7
3 11
3 12
3 14
3 15
3 16
3 17
3 18
3 20
3 21
3 25
3 26
3 27
3 29
3 37
3 38
3 39
3 41
3 43
3 44
3 49
4 5
4 6
4 9
4 10
4 12
4 13
4 14
4 16
4 18
4 21
4 23
4 24
4 25
4 29
4 30
4 31
4 32
4 33
4 34
4 40
4 42
4 43
5 6
5 7
5 8
5 9
5 11
5 12
5 17
5 22
5 23
5 25
5 27
5 28
5 32
5 33
5 35
5 37
5 39
5 42
5 44
5 45
5 47
5 48
5 49
6 8
6 9
6 10
6 12
6 14
6 15
6 16
6 18
6 26
6 29
6 34
6 36
6 37
6 39
6 40
6 42
6 43
6 46
6 47
7 10
7 12
7 17
7 19
7 20
7 21
7 22
7 23
7 24
7 26
7 27
7 32
7 34
7 35
7 36
7 37
7 38
7 40
7 44
7 45
7 46
7 49
8 10
8 11
8 13
8 14
8 15
8 16
8 19
8 20
8 23
8 24
8 25
8 27
8 31
8 32
8 33
8 36
8 39
8 45
8 48
8 49
9 12
9 13
9 14
9 15
9 16
9 17
9 19
9 21
9 24
9 28
9 30
9 32
9 33
9 34
9 35
9 37
9 41
9 43
10 12
10 13
10 15
10 17
10 19
10 20
10 24
10 27
10 28
10 29
10 30
10 31
10 32
10 33
10 34
10 35
10 44
10 46
11 13
11 14
11 15
11 18
11 21
11 26
11 29
11 35
11 38
11 40
11 41
11 43
11 44
12 13
12 15
12 16
12 18
12 19
12 20
12 21
12 23
12 24
12 25
12 26
12 27
12 29
12 30
12 33
12 36
12 37
12 39
12 40
12 41
12 42
12 43
12 44
12 45
12 46
13 14
13 20
13 22
13 24
13 25
13 27
13 33
13 34
13 35
13 36
13 37
13 39
13 43
13 45
13 47
13 49
14 16
14 17
14 19
14 21
14 24
14 26
14 29
14 30
14 31
14 38
14 40
14 43
14 48
14 49
15 17
15 18
15 19
15 21
15 24
15 28
15 30
15 36
15 40
15 41
15 47
15 49
16 17
16 19
16 21
16 25
16 26
16 28
16 29
16 30
16 35
16 36
16 38
16 39
16 40
16 42
16 44
16 45
16 48
17 19
17 20
17 24
17 27
17 32
17 33
17 35
17 36
17 39
17 42
17 46
17 47
17 48
17 49
18 19
18 20
18 21
18 24
18 26
18 29
18 30
18 31
18 33
18 35
18 38
18 40
18 42
18 43
18 46
18 48
18 49
19 20
19 21
19 22
19 23
19 24
19 25
19 26
19 27
19 29
19 31
19 32
19 38
19 41
19 44
19 45
19 47
19 49
20 21
20 23
20 24
20 25
20 26
20 28
20 29
20 34
20 35
20 36
20 37
20 38
20 39
20 44
20 46
20 48
21 24
21 25
21 28
21 29
21 31
21 38
21 40
21 42
21 45
22 30
22 32
22 33
22 38
22 39
22 40
22 43
22 47
22 48
23 25
23 26
23 29
23 30
23 32
23 33
23 34
23 35
23 37
23 38
23 39
23 42
23 46
23 48
23 49
24 26
24 28
24 29
24 34
24 35
24 36
24 38
24 39
24 40
24 41
24 46
24 47
24 49
25 26
25 27
25 29
25 33
25 36
25 37
25 43
25 44
25 47
25 48
26 27
26 29
26 30
26 32
26 34
26 36
26 37
26 39
26 40
26 41
26 42
26 44
26 47
26 49
27 31
27 33
27 34
27 39
27 41
27 43
27 44
27 45
27 46
27 47
27 48
27 49
28 31
28 32
28 33
28 34
28 39
28 40
28 42
28 43
28 44
28 48
28 49
29 31
29 33
29 34
29 35
29 38
29 39
29 40
29 41
29 43
29 44
29 45
29 46
29 47
29 49
30 31
30 34
30 38
30 39
30 41
30 43
30 45
30 46
30 48
31 34
31 36
31 37
31 41
31 42
31 43
31 44
31 47
31 48
31 49
32 33
32 34
32 36
32 40
32 41
32 43
32 47
32 49
33 36
33 40
33 43
33 44
33 46
33 47
33 49
34 36
34 38
34 40
34 41
34 43
34 46
34 47
34 48
35 37
35 40
35 41
35 42
35 44
35 46
35 47
35 48
35 49
36 37
36 39
36 42
36 47
37 40
37 41
37 42
37 43
37 48
37 49
38 39
38 40
38 43
38 44
38 48
39 41
39 42
39 43
39 47
39 49
40 41
40 43
40 45
40 48
41 43
41 44
41 46
41 47
41 48
41 49
42 43
42 44
42 47
43 45
43 47
43 49
44 47
44 48
45 46
45 47
45 48
45 49
46 49
47 48
47 49
48 49

0 1 1 1 0 1 1 1 1 1 1 0 0 0 0 1 1 1 0 0 1 1 0 0 0 0 1 1 0 1 1 0 0 0 0 1 0 1 0 1 0 0 1 0 1 1 1 0 0 0