150 1130
0 1 2 3 4 5 6 7 8 9 10 11 12 13 14 15 16 17 18 19 20 21 22 23 24 25 26 27 28 29 30 31 32 33 34 35 36 37 38 39 40 41 42 43 44 45 46 47 48 49 50 51 52 53 54 55 56 57 58 59 60 61 62 63 64 65 66 67 68 69 70 71 72 73 74 75 76 77 78 79 80 81 82 83 84 85 86 87 88 89 90 91 92 93 94 95 96 97 98 99 100 101 102 103 104 105 106 107 108 109 110 111 112 113 114 115 116 117 118 119 120 121 122 123 124 125 126 127 128 129 130 131 132 133 134 135 136 137 138 139 140 141 142 143 144 145 146 147 148 149
0 9
0 14
0 19
0 22
0 41
0 43
0 47
0 54
0 58
0 61
0 64
0 77
0 88
0 94
0 98
0 121
0 124
0 128
0 140
1 5
1 8
1 21
1 30
1 38
1 47
1 49
1 52
1 55
1 56
1 57
1 66
1 92
1 95
1 105
1 119
1 137
1 146
1 147
2 14
2 16
2 25
2 29
2 47
2 58
2 60
2 78
2 81
2 84
2 93
2 99
2 119
2 131
3 28
3 38
3 42
3 45
3 67
3 69
3 96
3 106
3 116
3 119
3 125
3 143
3 145
4 21
4 27
4 42
4 63
4 69
4 85
4 86
4 99
4 103
4 112
4 115
4 136
4 146
5 12
5 28
5 37
5 47
5 60
5 72
5 92
5 103
5 117
5 128
5 135
5 136
6 20
6 41
6 61
6 87
6 91
6 98
6 116
6 118
6 119
6 121
6 130
6 142
6 144
7 23
7 26
7 30
7 39
7 42
7 61
7 91
7 98
7 112
7 117
7 125
7 132
7 139
8 11
8 19
8 41
8 46
8 48
8 69
8 70
8 74
8 97
8 98
8 106
8 129
8 141
8 142
8 147
8 148
9 16
9 35
9 52
9 61
9 62
9 80
9 94
9 97
9 99
9 103
9 106
9 109
9 110
9 115
9 134
9 137
9 149
10 32
10 39
10 42
10 61
10 89
10 96
10 110
10 121
10 125
11 39
11 62
11 65
11 124
11 125
11 136
12 15
12 18
12 39
12 54
12 69
12 70
12 77
12 80
12 99
12 107
12 134
12 147
13 14
13 29
13 39
13 46
13 53
13 74
13 77
13 85
13 88
13 108
13 125
13 127
13 131
13 141
14 19
14 25
14 27
14 32
14 33
14 36
14 38
14 48
14 51
14 62
14 66
14 78
14 81
14 88
14 91
14 113
14 118
14 124
14 137
14 146
15 21
15 26
15 28
15 56
15 65
15 75
15 90
15 94
15 115
15 136
15 147
16 18
16 20
16 39
16 43
16 63
16 65
16 79
16 88
16 97
16 117
16 118
16 125
16 144
17 27
17 31
17 36
17 48
17 53
17 90
17 99
17 108
18 19
18 24
18 32
18 37
18 38
18 40
18 43
18 45
18 51
18 56
18 60
18 70
18 83
18 87
18 89
18 108
18 126
18 127
19 26
19 27
19 50
19 57
19 62
19 77
19 88
19 90
19 92
19 96
19 120
19 125
19 130
19 138
19 142
19 148
20 28
20 40
20 44
20 63
20 80
20 85
20 90
20 101
20 107
20 122
20 126
20 127
20 130
20 135
21 27
21 32
21 38
21 57
21 62
21 63
21 66
21 84
21 86
21 96
21 103
21 108
21 115
21 136
22 25
22 47
22 48
22 49
22 65
22 71
22 83
22 94
22 97
22 100
22 105
22 120
22 128
22 135
22 148
23 30
23 45
23 77
23 78
23 79
23 89
23 96
23 99
23 109
23 110
23 114
23 144
24 51
24 62
24 79
24 89
24 91
24 93
24 108
24 117
24 123
24 132
24 137
25 43
25 61
25 75
25 90
25 93
25 99
25 101
25 103
25 109
25 121
25 139
26 32
26 70
26 94
26 102
26 107
26 111
26 131
26 138
27 50
27 51
27 53
27 56
27 69
27 78
27 90
27 129
27 134
28 31
28 59
28 73
28 74
28 75
28 93
28 107
28 122
28 128
29 53
29 54
29 55
29 60
29 63
29 75
29 100
29 138
30 40
30 49
30 50
30 67
30 69
30 73
30 84
30 94
30 98
30 101
30 105
30 114
30 119
30 120
30 132
30 138
30 140
31 43
31 46
31 64
31 72
31 102
31 114
31 122
31 123
31 132
31 133
31 138
32 34
32 52
32 53
32 60
32 63
32 77
32 79
32 89
32 93
32 102
32 110
32 112
32 133
32 137
32 139
32 141
32 148
33 37
33 39
33 40
33 48
33 68
33 72
33 75
33 85
33 90
33 95
33 98
33 113
33 126
34 51
34 59
34 64
34 74
34 76
34 88
34 99
34 114
34 115
34 120
34 123
34 138
34 145
35 43
35 52
35 59
35 61
35 63
35 64
35 91
35 106
35 110
35 123
35 145
36 41
36 48
36 49
36 69
36 73
36 90
36 115
36 120
36 127
36 130
37 38
37 47
37 57
37 101
37 113
37 126
37 129
37 138
37 140
37 141
37 145
38 41
38 44
38 67
38 80
38 84
38 86
38 104
38 106
38 134
39 59
39 61
39 67
39 72
39 75
39 78
39 97
39 98
39 102
39 110
39 126
40 44
40 66
40 78
40 83
40 95
40 100
40 101
40 114
40 119
40 121
40 127
40 130
41 82
41 88
41 98
41 99
41 118
41 122
41 129
41 131
41 132
41 135
42 43
42 71
42 90
42 105
42 109
42 110
42 119
42 140
43 50
43 57
43 59
43 79
43 87
43 88
43 92
43 108
43 119
43 124
43 129
43 131
44 46
44 64
44 83
44 94
44 104
44 107
44 113
44 116
44 128
44 145
44 146
45 59
45 60
45 84
45 107
45 111
45 134
45 136
45 137
45 141
46 73
46 76
46 79
46 96
46 100
46 114
47 59
47 70
47 71
47 83
47 84
47 86
47 93
47 101
47 106
47 113
47 120
47 128
47 130
47 135
47 139
47 149
48 70
48 80
48 87
48 93
48 98
48 100
48 106
48 110
48 120
48 130
48 135
48 137
49 80
49 91
49 95
49 112
49 127
49 129
49 149
50 54
50 70
50 73
50 78
50 81
50 87
50 113
50 124
50 128
50 138
51 54
51 62
51 102
51 107
51 111
51 124
51 131
51 132
51 133
51 137
51 138
51 143
51 149
52 58
52 61
52 62
52 70
52 78
52 94
52 108
52 111
52 136
52 138
52 143
53 62
53 63
53 80
53 98
53 108
53 130
53 139
54 106
54 115
54 119
54 135
54 141
54 144
54 147
55 56
55 61
55 74
55 76
55 77
55 86
55 87
55 92
55 97
55 122
55 137
56 80
56 82
56 83
56 89
56 96
56 106
56 107
56 111
56 114
56 142
56 147
57 59
57 63
57 73
57 76
57 87
57 92
57 100
57 102
57 108
57 125
57 132
57 133
58 60
58 82
58 83
58 98
58 111
58 117
58 118
58 120
58 135
59 62
59 76
59 92
59 93
59 103
59 106
59 116
59 119
59 146
59 148
59 149
60 65
60 68
60 69
60 81
60 86
60 94
60 101
60 125
60 135
61 70
61 82
61 93
61 112
61 122
61 123
61 126
61 128
61 130
61 133
61 146
62 79
62 81
62 84
62 98
62 102
62 115
62 117
62 141
62 143
63 64
63 76
63 83
63 91
63 92
63 97
63 123
63 124
63 128
63 135
63 140
63 145
63 146
64 65
64 81
64 86
64 92
64 108
64 119
64 148
65 75
65 80
65 104
65 106
65 109
65 116
65 117
65 121
65 128
65 138
65 139
65 148
66 71
66 76
66 93
66 108
66 112
66 116
66 124
66 140
66 145
67 78
67 82
67 97
67 99
67 118
67 128
67 131
67 136
68 71
68 75
68 77
68 79
68 92
68 118
68 120
68 135
68 137
68 141
68 142
69 74
69 78
69 97
69 108
69 118
69 120
69 123
69 128
69 138
70 74
70 85
70 99
70 100
70 102
70 130
70 138
70 149
71 105
71 117
71 123
71 128
71 132
71 140
72 81
72 100
72 105
72 107
72 109
72 116
72 125
72 129
72 148
73 74
73 97
73 112
73 120
73 132
74 77
74 79
74 91
74 115
74 118
74 121
74 125
74 135
74 137
74 138
74 140
75 102
75 110
75 123
75 124
75 132
75 144
75 147
76 91
76 97
76 124
76 135
76 139
76 140
76 147
77 95
77 100
77 110
77 116
77 131
77 149
78 83
78 84
78 114
78 140
78 141
79 82
79 83
79 97
79 106
79 112
79 132
79 140
79 141
79 142
79 148
80 84
80 87
80 101
80 102
80 115
80 118
80 138
81 86
81 104
81 132
81 144
81 145
81 149
82 87
82 98
82 99
82 110
82 113
82 120
82 122
82 135
82 145
83 86
83 93
83 99
83 148
84 98
84 110
84 116
84 118
84 130
84 146
85 86
85 95
85 116
85 141
85 145
86 94
86 100
86 139
86 147
87 91
87 99
87 113
87 115
87 148
88 90
88 91
88 95
88 103
88 111
88 118
88 127
88 136
88 140
88 143
88 148
89 118
89 122
89 123
89 137
89 143
90 118
90 133
90 134
90 135
90 141
91 94
91 96
91 101
91 109
91 112
91 119
91 122
91 128
91 139
91 145
92 94
92 104
92 121
92 122
92 129
93 102
93 112
93 123
93 146
93 149
94 95
94 109
94 115
94 119
95 97
95 114
95 123
95 127
95 130
95 131
96 110
96 112
96 123
96 136
96 142
97 101
97 102
97 125
97 134
98 100
98 105
98 129
98 133
98 134
98 141
99 100
99 112
99 122
99 123
99 138
99 149
100 101
100 105
100 106
100 110
100 113
100 134
100 137
101 108
101 114
101 118
101 131
101 137
101 138
101 146
102 108
102 120
102 122
102 134
102 146
102 148
103 110
103 135
103 142
104 118
104 141
105 112
105 115
105 125
105 126
105 129
105 131
105 145
106 123
106 125
106 127
106 133
106 135
106 138
106 139
107 125
107 126
107 130
107 132
108 109
108 136
109 117
109 119
109 127
110 111
110 112
110 119
110 148
111 117
111 125
111 129
111 133
111 146
112 125
112 131
112 144
113 118
113 123
113 127
113 130
113 131
113 133
113 139
114 117
115 127
115 148
116 118
116 123
116 128
116 136
116 149
117 120
117 136
117 138
117 141
117 143
118 124
118 134
118 135
118 142
119 143
120 126
120 130
121 124
122 123
122 125
122 129
123 136
123 143
123 144
124 131
124 133
125 127
125 129
125 139
125 142
125 144
125 147
126 142
126 147
127 130
127 140
128 135
128 144
129 146
129 149
130 136
130 143
131 143
132 135
132 136
132 142
134 145
135 145
137 140
138 139
140 143
141 149
142 147
144 146
144 149

0 0 0 1 0 0 0 1 0 1 1 1 0 1 0 0 0 1 1 0 0 1 1 0 1 1 0 0 1 0 1 0 1 1 0 0 0 1 0 1 1 0 0 1 1 1 1 0 0 1 1 0 1 1 0 1 1 1 1 1 1 0 1 0 0 0 1 1 1 0 1 0 0 1 1 0 1 1 1 0 1 1 0 0 1 1 1 1 0 1 0 0 0 1 1 0 0 0 1 1 1 0 1 1 1 1 0 1 1 0 0 0 1 0 1 0 1 0 0 0 1 0 0 0 1 0 0 1 0 1 0 0 1 0 0 1 0 0 1 1 0 1 0 1 0 0 1 0 0 0