250 324
0 1 2 3 4 5 6 7 8 9 10 11 12 13 14 15 16 17 18 19 20 21 22 23 24 25 26 27 28 29 30 31 32 33 34 35 36 37 38 39 40 41 42 43 44 45 46 47 48 49 50 51 52 53 54 55 56 57 58 59 60 61 62 63 64 65 66 67 68 69 70 71 72 73 74 75 76 77 78 79 80 81 82 83 84 85 86 87 88 89 90 91 92 93 94 95 96 97 98 99 100 101 102 103 104 105 106 107 108 109 110 111 112 113 114 115 116 117 118 119 120 121 122 123 124 125 126 127 128 129 130 131 132 133 134 135 136 137 138 139 140 141 142 143 144 145 146 147 148 149 150 151 152 153 154 155 156 157 158 159 160 161 162 163 164 165 166 167 168 169 170 171 172 173 174 175 176 177 178 179 180 181 182 183 184 185 186 187 188 189 190 191 192 193 194 195 196 197 198 199 200 201 202 203 204 205 206 207 208 209 210 211 212 213 214 215 216 217 218 219 220 221 222 223 224 225 226 227 228 229 230 231 232 233 234 235 236 237 238 239 240 241 242 243 244 245 246 247 248 249
0 18
0 125
0 182
1 27
1 101
1 166
1 172
1 175
1 179
2 170
2 175
3 56
3 76
3 106
3 157
3 186
4 201
4 242
5 40
5 53
5 114
5 150
5 158
5 218
6 21
6 98
6 160
6 211
7 221
8 74
8 82
9 86
11 109
12 137
12 183
13 158
13 170
13 220
13 224
14 93
15 158
16 27
16 122
16 142
17 169
18 116
19 77
19 115
19 143
19 230
21 85
21 129
22 110
22 131
23 27
23 161
23 240
24 30
25 55
26 30
26 103
26 130
26 151
26 173
26 177
27 38
27 80
27 99
28 70
29 33
29 91
29 204
30 107
30 123
31 160
31 248
32 41
32 221
33 92
33 139
33 176
34 94
35 56
35 216
35 232
36 130
36 212
36 221
36 222
36 245
37 78
37 102
38 132
38 181
38 236
38 245
39 155
39 168
40 202
40 212
41 127
41 157
41 190
42 94
42 112
42 134
42 237
43 57
43 187
44 91
44 216
44 227
45 80
45 92
45 178
45 179
45 233
46 54
46 165
46 174
47 230
48 49
48 73
49 104
49 215
51 228
52 76
53 80
53 147
53 214
53 229
55 81
55 161
55 215
55 248
56 101
56 109
56 153
56 234
57 101
58 114
58 135
58 193
58 235
59 188
59 192
59 199
59 220
59 233
60 92
60 127
60 135
61 190
61 225
62 99
62 182
62 185
63 139
63 190
64 190
65 105
66 127
68 136
68 140
68 157
68 235
71 115
71 239
72 83
72 116
73 83
74 190
75 101
75 135
76 148
77 208
77 209
78 96
78 108
78 126
78 192
80 172
80 210
80 228
82 102
82 154
84 206
84 245
85 98
86 243
88 135
89 90
90 97
90 177
90 180
91 93
91 173
91 247
92 193
92 232
93 210
93 249
94 207
95 99
95 171
95 176
96 143
96 186
96 227
96 238
99 117
99 172
100 131
100 165
100 208
101 145
101 163
102 199
103 171
104 217
105 118
105 176
106 110
106 132
107 136
107 209
108 136
112 127
113 174
114 145
114 235
115 146
115 166
115 179
117 127
118 176
119 172
120 195
120 209
121 153
121 183
121 225
121 236
122 238
124 134
125 201
125 230
126 149
126 188
128 133
128 239
130 212
130 215
133 214
137 242
139 144
139 153
140 197
140 208
142 165
143 182
144 148
144 163
144 193
144 221
145 202
146 232
148 190
149 196
149 203
152 223
153 225
154 159
154 176
155 162
155 195
155 227
155 235
156 159
156 196
159 225
160 164
160 179
167 212
168 207
169 198
170 237
171 233
172 224
172 248
173 203
173 235
173 237
175 213
176 215
176 232
177 215
178 244
180 206
181 221
183 221
188 200
190 231
190 244
194 208
196 244
197 206
204 211
204 217
204 238
206 212
207 247
208 240
209 240
210 238
211 222
218 229
220 236
221 224
224 232
227 233
230 232
231 235
232 244

0 0 0 1 0 0 0 1 0 1 0 0 0 1 1 0 1 0 1 1 0 1 1 1 1 1 0 1 1 0 1 1 1 1 1 0 1 0 1 0 1 1 1 1 0 1 0 0 0 1 0 0 0 1 1 1 0 0 0 0 1 0 0 0 1 0 1 0 0 0 1 0 1 0 1 0 0 1 0 0 0 1 0 1 1 1 0 1 0 1 0 1 1 1 0 1 0 0 0 0 1 0 0 1 1 1 0 0 1 1 0 1 1 0 1 0 0 0 0 0 0 0 1 1 0 0 1 0 0 0 1 0 1 1 0 1 1 0 1 1 0 0 0 1 0 1 0 1 0 0 0 0 0 1 1 0 1 1 1 1 0 1 0 1 0 1 1 0 0 0 1 0 0 1 1 1 1 0 0 1 1 0 1 1 1 1 1 0 0 0 0 1 0 0 0 1 0 0 1 0 1 1 0 0 1 1 0 1 0 1 0 1 1 0 0 1 1 1 1 0 0 1 1 1 0 1 1 1 0 0 1 0 1 0 1 0 0 1 0 1 1 1 0 0 1 0 1 1 1 1