100 35
0 1 2 3 4 5 6 7 8 9 10 11 12 13 14 15 16 17 18 19 20 21 22 23 24 25 26 27 28 29 30 31 32 33 34 35 36 37 38 39 40 41 42 43 44 45 46 47 48 49 50 51 52 53 54 55 56 57 58 59 60 61 62 63 64 65 66 67 68 69 70 71 72 73 74 75 76 77 78 79 80 81 82 83 84 85 86 87 88 89 90 91 92 93 94 95 96 97 98 99
0 44
0 69
0 99
7 23
7 92
10 75
11 39
15 73
18 61
18 95
20 71
25 29
25 42
25 87
29 90
31 67
31 70
34 91
37 82
37 88
38 92
39 65
39 96
44 75
46 68
50 61
50 94
53 77
56 65
60 76
69 74
69 84
73 92
81 89
96 97

1 0 0 1 1 1 0 1 0 1 1 1 1 0 0 0 1 1 1 0 0 0 1 0 1 0 1 0 0 0 0 0 0 0 1 1 1 1 0 0 1 1 0 1 0 1 0 0 0 1 0 1 1 0 1 0 0 1 1 0 0 0 1 0 1 1 0 0 1 1 1 0 1 0 0 0 0 1 1 1 0 1 0 0 0 1 0 1 1 1 0 1 1 0 1 1 0 1 0 1