150 5563
0 1 2 3 4 5 6 7 8 9 10 11 12 13 14 15 16 17 18 19 20 21 22 23 24 25 26 27 28 29 30 31 32 33 34 35 36 37 38 39 40 41 42 43 44 45 46 47 48 49 50 51 52 53 54 55 56 57 58 59 60 61 62 63 64 65 66 67 68 69 70 71 72 73 74 75 76 77 78 79 80 81 82 83 84 85 86 87 88 89 90 91 92 93 94 95 96 97 98 99 100 101 102 103 104 105 106 107 108 109 110 111 112 113 114 115 116 117 118 119 120 121 122 123 124 125 126 127 128 129 130 131 132 133 134 135 136 137 138 139 140 141 142 143 144 145 146 147 148 149
0 1
0 2
0 5
0 7
0 11
0 13
0 15
0 17
0 22
0 23
0 24
0 26
0 27
0 28
0 30
0 33
0 35
0 36
0 38
0 39
0 45
0 46
0 48
0 49
0 50
0 51
0 52
0 53
0 55
0 56
0 60
0 63
0 64
0 66
0 67
0 70
0 71
0 72
0 73
0 76
0 80
0 81
0 82
0 84
0 88
0 90
0 92
0 96
0 98
0 100
0 101
0 104
0 105
0 110
0 111
0 113
0 115
0 117
0 118
0 119
0 120
0 123
0 124
0 126
0 127
0 128
0 129
0 131
0 133
0 138
0 140
0 142
0 143
0 146
0 148
0 149
1 6
1 7
1 10
1 12
1 13
1 14
1 16
1 19
1 22
1 25
1 26
1 27
1 30
1 32
1 33
1 38
1 39
1 41
1 43
1 44
1 47
1 49
1 54
1 56
1 58
1 59
1 60
1 63
1 64
1 65
1 66
1 67
1 70
1 71
1 73
1 75
1 78
1 79
1 80
1 84
1 85
1 87
1 89
1 93
1 94
1 97
1 98
1 100
1 101
1 102
1 103
1 104
1 106
1 107
1 108
1 111
1 112
1 113
1 115
1 116
1 118
1 119
1 121
1 122
1 126
1 128
1 130
1 131
1 132
1 135
1 137
1 138
1 140
1 141
1 142
1 143
1 144
1 147
1 148
2 3
2 4
2 5
2 13
2 14
2 18
2 20
2 21
2 22
2 23
2 24
2 27
2 30
2 33
2 39
2 42
2 46
2 47
2 48
2 49
2 52
2 53
2 54
2 56
2 58
2 60
2 61
2 63
2 66
2 71
2 72
2 74
2 77
2 81
2 83
2 84
2 88
2 90
2 91
2 92
2 93
2 94
2 96
2 101
2 102
2 106
2 107
2 109
2 112
2 114
2 115
2 119
2 120
2 122
2 125
2 126
2 130
2 131
2 132
2 134
2 137
2 138
2 139
2 140
2 143
2 144
2 145
2 148
2 149
3 7
3 10
3 11
3 12
3 15
3 16
3 19
3 21
3 24
3 26
3 27
3 29
3 30
3 33
3 34
3 35
3 36
3 37
3 38
3 41
3 43
3 44
3 46
3 48
3 50
3 52
3 56
3 57
3 59
3 62
3 63
3 65
3 67
3 68
3 69
3 71
3 72
3 74
3 76
3 83
3 87
3 89
3 90
3 93
3 97
3 99
3 101
3 105
3 106
3 108
3 109
3 113
3 114
3 118
3 119
3 120
3 121
3 123
3 127
3 128
3 129
3 131
3 135
3 136
3 140
3 141
3 142
3 143
3 147
3 149
4 5
4 6
4 7
4 10
4 12
4 14
4 19
4 20
4 21
4 22
4 24
4 28
4 29
4 30
4 32
4 33
4 35
4 36
4 37
4 40
4 43
4 44
4 45
4 46
4 47
4 48
4 49
4 51
4 54
4 55
4 58
4 60
4 62
4 64
4 69
4 70
4 74
4 76
4 77
4 78
4 81
4 83
4 84
4 89
4 90
4 93
4 95
4 98
4 102
4 103
4 105
4 107
4 109
4 110
4 112
4 114
4 115
4 119
4 121
4 124
4 127
4 129
4 131
4 132
4 133
4 137
4 138
4 139
4 140
4 142
4 143
4 145
4 146
4 147
4 149
5 6
5 7
5 8
5 15
5 16
5 20
5 21
5 22
5 25
5 27
5 28
5 31
5 32
5 34
5 35
5 38
5 39
5 40
5 41
5 44
5 45
5 46
5 48
5 49
5 52
5 53
5 59
5 60
5 62
5 63
5 64
5 65
5 67
5 68
5 69
5 73
5 74
5 77
5 79
5 82
5 85
5 86
5 88
5 89
5 90
5 93
5 94
5 96
5 97
5 98
5 99
5 100
5 102
5 103
5 104
5 105
5 106
5 110
5 111
5 112
5 113
5 115
5 116
5 121
5 122
5 124
5 125
5 128
5 130
5 135
5 137
5 139
5 140
5 142
5 144
5 145
5 147
5 148
5 149
6 7
6 10
6 11
6 12
6 17
6 22
6 23
6 25
6 26
6 27
6 29
6 30
6 36
6 38
6 39
6 40
6 41
6 42
6 45
6 46
6 47
6 48
6 50
6 52
6 53
6 54
6 55
6 58
6 59
6 60
6 61
6 65
6 66
6 69
6 70
6 71
6 75
6 76
6 79
6 83
6 84
6 85
6 86
6 87
6 89
6 90
6 92
6 94
6 96
6 98
6 100
6 101
6 104
6 105
6 107
6 109
6 110
6 113
6 117
6 120
6 121
6 124
6 125
6 128
6 130
6 131
6 132
6 133
6 134
6 137
6 139
6 140
6 141
6 142
6 143
6 144
6 146
6 149
7 9
7 10
7 11
7 12
7 13
7 17
7 22
7 25
7 26
7 28
7 30
7 33
7 34
7 35
7 36
7 37
7 38
7 39
7 40
7 41
7 42
7 45
7 46
7 47
7 48
7 49
7 51
7 52
7 53
7 54
7 55
7 56
7 58
7 59
7 60
7 61
7 63
7 64
7 66
7 67
7 69
7 79
7 80
7 82
7 83
7 84
7 88
7 89
7 91
7 93
7 94
7 96
7 97
7 98
7 102
7 103
7 104
7 105
7 109
7 110
7 111
7 113
7 114
7 117
7 119
7 120
7 121
7 123
7 126
7 129
7 131
7 132
7 136
7 138
7 140
7 142
7 144
7 147
8 10
8 12
8 14
8 19
8 20
8 24
8 25
8 26
8 27
8 29
8 30
8 31
8 32
8 33
8 36
8 43
8 46
8 48
8 50
8 52
8 55
8 57
8 58
8 60
8 65
8 66
8 68
8 69
8 71
8 73
8 74
8 75
8 76
8 78
8 82
8 83
8 84
8 86
8 87
8 89
8 90
8 93
8 95
8 101
8 103
8 106
8 107
8 108
8 111
8 113
8 115
8 118
8 119
8 120
8 123
8 124
8 125
8 126
8 127
8 128
8 130
8 134
8 135
8 138
8 144
8 145
8 147
8 148
9 10
9 14
9 15
9 17
9 20
9 24
9 27
9 28
9 29
9 30
9 31
9 32
9 34
9 35
9 37
9 38
9 42
9 45
9 46
9 57
9 58
9 59
9 60
9 63
9 65
9 67
9 68
9 69
9 70
9 73
9 75
9 76
9 78
9 82
9 83
9 86
9 91
9 92
9 93
9 94
9 99
9 100
9 101
9 102
9 104
9 105
9 106
9 108
9 109
9 110
9 111
9 114
9 116
9 117
9 118
9 119
9 121
9 124
9 126
9 127
9 132
9 135
9 136
9 137
9 138
9 140
9 142
9 143
9 145
9 148
10 11
10 12
10 14
10 17
10 18
10 20
10 23
10 24
10 27
10 29
10 30
10 34
10 35
10 37
10 39
10 41
10 44
10 45
10 46
10 48
10 50
10 51
10 54
10 55
10 56
10 60
10 61
10 62
10 64
10 66
10 68
10 70
10 73
10 74
10 75
10 81
10 84
10 87
10 90
10 94
10 95
10 97
10 99
10 101
10 110
10 111
10 113
10 114
10 116
10 118
10 119
10 121
10 122
10 123
10 125
10 126
10 128
10 130
10 131
10 138
10 139
10 141
10 143
10 147
11 17
11 18
11 21
11 23
11 27
11 29
11 30
11 32
11 33
11 35
11 36
11 37
11 38
11 39
11 41
11 42
11 43
11 47
11 53
11 54
11 55
11 58
11 61
11 62
11 63
11 64
11 65
11 67
11 69
11 71
11 72
11 74
11 75
11 76
11 78
11 79
11 82
11 86
11 93
11 94
11 95
11 97
11 98
11 99
11 101
11 102
11 104
11 106
11 108
11 117
11 118
11 119
11 120
11 124
11 126
11 130
11 131
11 132
11 135
11 138
11 141
11 142
11 144
11 146
12 14
12 21
12 22
12 24
12 27
12 28
12 29
12 30
12 31
12 32
12 33
12 36
12 37
12 38
12 42
12 43
12 46
12 49
12 50
12 56
12 60
12 61
12 63
12 64
12 66
12 67
12 70
12 72
12 74
12 78
12 79
12 82
12 83
12 88
12 92
12 93
12 94
12 95
12 98
12 99
12 102
12 103
12 105
12 106
12 109
12 114
12 118
12 119
12 120
12 125
12 128
12 130
12 131
12 132
12 134
12 135
12 136
12 137
12 138
12 139
12 141
12 143
12 146
12 147
12 148
13 17
13 19
13 20
13 23
13 24
13 25
13 27
13 35
13 36
13 39
13 42
13 47
13 48
13 49
13 50
13 52
13 54
13 55
13 56
13 58
13 59
13 62
13 64
13 65
13 66
13 67
13 69
13 73
13 75
13 76
13 77
13 80
13 81
13 83
13 84
13 86
13 89
13 91
13 93
13 94
13 95
13 97
13 98
13 101
13 102
13 103
13 104
13 105
13 107
13 108
13 109
13 110
13 112
13 113
13 114
13 116
13 119
13 121
13 122
13 125
13 126
13 132
13 135
13 136
13 138
13 141
13 143
13 146
13 147
13 149
14 18
14 19
14 21
14 24
14 25
14 26
14 27
14 28
14 29
14 30
14 31
14 35
14 38
14 39
14 41
14 44
14 45
14 49
14 51
14 52
14 55
14 59
14 61
14 63
14 64
14 65
14 68
14 70
14 71
14 77
14 79
14 80
14 81
14 82
14 83
14 84
14 86
14 87
14 88
14 90
14 91
14 94
14 95
14 96
14 97
14 98
14 99
14 100
14 102
14 103
14 104
14 106
14 109
14 110
14 111
14 113
14 116
14 118
14 121
14 122
14 124
14 128
14 129
14 131
14 133
14 135
14 138
14 142
14 145
14 146
14 148
15 17
15 23
15 24
15 25
15 26
15 27
15 28
15 30
15 33
15 34
15 35
15 40
15 41
15 44
15 46
15 47
15 51
15 52
15 53
15 54
15 55
15 57
15 59
15 60
15 62
15 65
15 68
15 70
15 73
15 75
15 76
15 82
15 84
15 88
15 90
15 91
15 92
15 93
15 95
15 100
15 103
15 105
15 108
15 109
15 110
15 111
15 112
15 113
15 114
15 115
15 116
15 117
15 125
15 128
15 129
15 133
15 134
15 135
15 139
15 143
15 146
15 147
15 149
16 17
16 20
16 22
16 24
16 27
16 30
16 31
16 35
16 36
16 40
16 44
16 45
16 46
16 47
16 49
16 50
16 51
16 52
16 53
16 54
16 55
16 56
16 57
16 58
16 60
16 64
16 66
16 70
16 71
16 73
16 78
16 79
16 80
16 81
16 86
16 87
16 88
16 89
16 91
16 93
16 94
16 95
16 96
16 97
16 98
16 101
16 103
16 105
16 107
16 110
16 113
16 114
16 115
16 120
16 122
16 123
16 124
16 125
16 126
16 127
16 129
16 130
16 131
16 132
16 133
16 137
16 138
16 143
16 144
16 146
16 148
17 19
17 20
17 21
17 26
17 29
17 30
17 32
17 33
17 38
17 41
17 42
17 44
17 45
17 46
17 49
17 52
17 53
17 54
17 55
17 58
17 59
17 60
17 61
17 62
17 64
17 66
17 67
17 68
17 70
17 71
17 72
17 73
17 76
17 80
17 81
17 82
17 83
17 86
17 87
17 88
17 94
17 96
17 100
17 101
17 103
17 107
17 109
17 111
17 112
17 114
17 116
17 117
17 119
17 120
17 124
17 126
17 127
17 128
17 132
17 133
17 134
17 135
17 136
17 138
17 139
17 140
17 141
17 143
17 144
17 147
18 20
18 23
18 25
18 29
18 31
18 36
18 37
18 38
18 40
18 43
18 45
18 46
18 47
18 48
18 51
18 52
18 53
18 61
18 62
18 63
18 65
18 66
18 67
18 71
18 76
18 77
18 78
18 79
18 80
18 84
18 86
18 89
18 90
18 91
18 94
18 95
18 98
18 99
18 100
18 103
18 107
18 111
18 112
18 113
18 114
18 115
18 117
18 119
18 120
18 121
18 122
18 123
18 125
18 128
18 129
18 131
18 132
18 133
18 135
18 136
18 139
18 140
18 142
18 147
18 148
18 149
19 22
19 30
19 31
19 35
19 36
19 37
19 38
19 39
19 44
19 47
19 48
19 50
19 52
19 53
19 54
19 55
19 56
19 57
19 58
19 62
19 63
19 64
19 65
19 66
19 67
19 70
19 71
19 73
19 76
19 77
19 79
19 83
19 88
19 90
19 91
19 92
19 96
19 98
19 102
19 103
19 105
19 107
19 110
19 113
19 115
19 118
19 119
19 120
19 123
19 124
19 125
19 126
19 132
19 134
19 135
19 136
19 137
19 138
19 142
19 143
19 144
19 145
19 147
19 148
20 21
20 22
20 23
20 24
20 25
20 27
20 28
20 33
20 34
20 35
20 36
20 37
20 38
20 40
20 41
20 43
20 44
20 48
20 50
20 52
20 53
20 56
20 58
20 62
20 63
20 65
20 66
20 68
20 70
20 71
20 73
20 76
20 79
20 82
20 84
20 94
20 95
20 96
20 97
20 98
20 102
20 103
20 104
20 107
20 108
20 110
20 111
20 112
20 114
20 116
20 118
20 122
20 125
20 127
20 130
20 131
20 134
20 139
20 141
20 144
20 146
20 147
20 148
20 149
21 22
21 25
21 26
21 29
21 32
21 33
21 35
21 36
21 37
21 38
21 43
21 44
21 47
21 49
21 52
21 54
21 55
21 60
21 62
21 64
21 66
21 69
21 72
21 73
21 74
21 78
21 79
21 83
21 84
21 85
21 86
21 88
21 90
21 92
21 93
21 94
21 95
21 97
21 98
21 99
21 100
21 103
21 107
21 109
21 113
21 114
21 116
21 117
21 118
21 119
21 120
21 122
21 123
21 124
21 126
21 130
21 137
21 143
21 144
21 146
21 147
21 148
21 149
22 23
22 25
22 26
22 30
22 33
22 34
22 35
22 36
22 38
22 39
22 44
22 46
22 50
22 51
22 55
22 56
22 57
22 60
22 61
22 64
22 66
22 67
22 70
22 71
22 72
22 73
22 75
22 78
22 80
22 81
22 82
22 84
22 87
22 89
22 90
22 91
22 92
22 93
22 94
22 95
22 96
22 99
22 103
22 104
22 107
22 109
22 118
22 121
22 122
22 126
22 128
22 129
22 130
22 131
22 132
22 133
22 135
22 136
22 137
22 141
22 143
22 144
22 145
22 146
22 147
23 24
23 25
23 26
23 28
23 31
23 36
23 38
23 39
23 41
23 42
23 43
23 44
23 45
23 46
23 50
23 56
23 58
23 59
23 60
23 61
23 62
23 65
23 67
23 69
23 72
23 80
23 84
23 85
23 87
23 89
23 91
23 93
23 96
23 97
23 98
23 99
23 100
23 102
23 104
23 106
23 107
23 111
23 112
23 113
23 115
23 117
23 118
23 121
23 123
23 125
23 126
23 128
23 129
23 131
23 132
23 136
23 141
23 144
23 145
23 146
23 147
23 149
24 25
24 27
24 28
24 29
24 30
24 31
24 33
24 35
24 37
24 38
24 39
24 40
24 42
24 46
24 47
24 48
24 49
24 52
24 54
24 58
24 59
24 64
24 66
24 70
24 71
24 75
24 76
24 77
24 79
24 83
24 84
24 86
24 91
24 95
24 96
24 97
24 98
24 105
24 106
24 107
24 110
24 112
24 115
24 117
24 118
24 119
24 120
24 121
24 124
24 126
24 127
24 132
24 133
24 135
24 136
24 137
24 138
24 139
24 140
24 141
24 143
24 144
24 145
24 146
25 26
25 29
25 30
25 33
25 36
25 38
25 40
25 41
25 43
25 44
25 45
25 48
25 49
25 50
25 51
25 52
25 53
25 54
25 55
25 61
25 64
25 65
25 66
25 68
25 71
25 72
25 73
25 75
25 77
25 78
25 81
25 82
25 83
25 84
25 87
25 89
25 92
25 93
25 94
25 99
25 104
25 105
25 110
25 112
25 115
25 116
25 122
25 123
25 125
25 128
25 129
25 132
25 133
25 134
25 135
25 136
25 137
25 140
25 142
25 143
25 144
25 145
25 147
26 27
26 29
26 31
26 34
26 36
26 37
26 38
26 41
26 43
26 45
26 46
26 47
26 48
26 50
26 52
26 53
26 54
26 56
26 59
26 62
26 65
26 66
26 72
26 75
26 77
26 78
26 80
26 83
26 85
26 87
26 88
26 89
26 90
26 91
26 94
26 95
26 96
26 99
26 101
26 102
26 103
26 105
26 106
26 108
26 109
26 110
26 111
26 112
26 113
26 114
26 115
26 116
26 118
26 120
26 121
26 124
26 126
26 127
26 131
26 132
26 134
26 136
26 141
26 145
27 28
27 32
27 34
27 37
27 39
27 41
27 43
27 47
27 48
27 50
27 51
27 53
27 55
27 59
27 64
27 65
27 66
27 70
27 72
27 74
27 76
27 77
27 79
27 80
27 81
27 82
27 84
27 85
27 86
27 87
27 88
27 90
27 91
27 99
27 102
27 104
27 106
27 107
27 108
27 109
27 111
27 114
27 115
27 116
27 117
27 121
27 123
27 124
27 125
27 127
27 132
27 135
27 136
27 137
27 138
27 141
27 142
27 143
27 147
27 148
28 29
28 31
28 36
28 40
28 41
28 42
28 43
28 44
28 47
28 49
28 50
28 51
28 53
28 54
28 55
28 58
28 60
28 61
28 62
28 64
28 66
28 69
28 70
28 73
28 77
28 78
28 81
28 82
28 84
28 86
28 88
28 89
28 90
28 91
28 92
28 96
28 97
28 100
28 103
28 104
28 105
28 107
28 112
28 113
28 114
28 117
28 118
28 122
28 126
28 128
28 130
28 131
28 134
28 138
28 139
28 142
28 145
28 146
28 147
29 30
29 32
29 38
29 40
29 41
29 42
29 43
29 47
29 49
29 50
29 51
29 54
29 55
29 58
29 61
29 62
29 63
29 65
29 66
29 67
29 68
29 69
29 72
29 73
29 74
29 75
29 76
29 77
29 78
29 79
29 80
29 81
29 82
29 83
29 91
29 92
29 95
29 97
29 98
29 99
29 102
29 103
29 105
29 107
29 108
29 110
29 112
29 115
29 116
29 117
29 118
29 122
29 127
29 131
29 134
29 137
29 139
29 141
29 143
29 146
29 147
30 32
30 34
30 35
30 38
30 40
30 42
30 43
30 45
30 49
30 50
30 53
30 55
30 56
30 58
30 60
30 62
30 63
30 64
30 66
30 67
30 72
30 74
30 75
30 82
30 84
30 85
30 86
30 87
30 90
30 92
30 95
30 98
30 103
30 104
30 105
30 107
30 110
30 112
30 113
30 120
30 121
30 124
30 125
30 127
30 128
30 130
30 131
30 133
30 134
30 136
30 138
30 139
30 141
30 143
30 146
30 148
31 32
31 34
31 36
31 38
31 41
31 44
31 45
31 47
31 48
31 49
31 50
31 51
31 53
31 57
31 66
31 67
31 68
31 70
31 74
31 75
31 83
31 87
31 95
31 96
31 97
31 100
31 102
31 103
31 104
31 105
31 106
31 109
31 110
31 111
31 114
31 116
31 117
31 119
31 121
31 125
31 128
31 131
31 132
31 133
31 135
31 141
31 145
31 146
32 33
32 35
32 39
32 40
32 44
32 49
32 50
32 51
32 52
32 54
32 55
32 57
32 60
32 62
32 64
32 65
32 66
32 71
32 72
32 73
32 76
32 77
32 78
32 79
32 80
32 87
32 88
32 90
32 93
32 95
32 96
32 98
32 100
32 103
32 104
32 106
32 107
32 109
32 113
32 114
32 117
32 118
32 122
32 123
32 125
32 127
32 128
32 130
32 133
32 134
32 136
32 137
32 139
32 140
32 141
32 142
32 146
32 147
33 36
33 37
33 41
33 48
33 51
33 53
33 57
33 58
33 60
33 61
33 63
33 64
33 65
33 68
33 69
33 71
33 74
33 75
33 76
33 79
33 83
33 84
33 85
33 87
33 88
33 90
33 92
33 94
33 95
33 96
33 97
33 98
33 99
33 100
33 101
33 104
33 107
33 109
33 110
33 111
33 112
33 113
33 114
33 115
33 118
33 123
33 125
33 127
33 128
33 129
33 130
33 131
33 132
33 133
33 138
33 139
33 140
33 141
33 142
33 143
33 144
33 146
33 147
33 148
33 149
34 35
34 36
34 38
34 41
34 44
34 45
34 46
34 47
34 50
34 53
34 54
34 55
34 59
34 60
34 61
34 63
34 66
34 67
34 68
34 69
34 70
34 73
34 76
34 80
34 82
34 83
34 84
34 88
34 89
34 90
34 93
34 95
34 96
34 100
34 103
34 104
34 105
34 107
34 113
34 115
34 117
34 120
34 121
34 125
34 126
34 131
34 132
34 140
34 142
34 144
34 145
34 149
35 41
35 43
35 44
35 50
35 53
35 54
35 55
35 57
35 59
35 63
35 65
35 66
35 69
35 72
35 73
35 74
35 76
35 78
35 79
35 82
35 83
35 84
35 86
35 87
35 90
35 91
35 94
35 96
35 97
35 99
35 100
35 101
35 102
35 103
35 106
35 108
35 109
35 110
35 111
35 112
35 113
35 114
35 121
35 123
35 126
35 129
35 131
35 133
35 134
35 135
35 138
35 139
35 140
35 141
35 145
35 146
35 147
35 148
35 149
36 37
36 40
36 42
36 43
36 44
36 46
36 47
36 48
36 50
36 52
36 53
36 55
36 59
36 62
36 63
36 65
36 66
36 67
36 69
36 73
36 74
36 77
36 78
36 79
36 80
36 82
36 83
36 85
36 89
36 90
36 91
36 93
36 95
36 96
36 98
36 99
36 100
36 104
36 107
36 108
36 109
36 111
36 113
36 115
36 116
36 117
36 119
36 120
36 121
36 123
36 124
36 125
36 128
36 131
36 132
36 134
36 136
36 137
36 139
36 143
36 145
37 38
37 40
37 41
37 44
37 45
37 46
37 48
37 52
37 53
37 54
37 56
37 58
37 60
37 61
37 63
37 65
37 66
37 67
37 69
37 70
37 71
37 72
37 73
37 76
37 77
37 78
37 82
37 89
37 90
37 95
37 96
37 100
37 101
37 106
37 107
37 109
37 111
37 112
37 115
37 116
37 118
37 119
37 122
37 126
37 128
37 130
37 132
37 133
37 134
37 138
37 140
37 141
37 145
37 147
37 148
38 39
38 43
38 44
38 45
38 46
38 47
38 48
38 49
38 51
38 53
38 57
38 61
38 63
38 65
38 66
38 67
38 68
38 69
38 70
38 71
38 73
38 74
38 76
38 77
38 78
38 79
38 81
38 82
38 84
38 86
38 88
38 90
38 92
38 93
38 95
38 96
38 97
38 99
38 100
38 103
38 104
38 110
38 111
38 112
38 113
38 115
38 116
38 118
38 119
38 122
38 123
38 124
38 125
38 128
38 129
38 131
38 132
38 135
38 136
38 138
38 139
38 140
38 141
38 142
38 144
38 146
38 148
39 42
39 44
39 45
39 46
39 49
39 51
39 53
39 54
39 55
39 61
39 62
39 63
39 64
39 65
39 66
39 69
39 70
39 72
39 74
39 75
39 77
39 78
39 80
39 81
39 83
39 84
39 85
39 86
39 91
39 92
39 94
39 95
39 97
39 100
39 105
39 107
39 108
39 111
39 112
39 113
39 114
39 116
39 117
39 122
39 124
39 128
39 131
39 133
39 134
39 135
39 137
39 138
39 139
39 141
39 142
39 144
39 148
39 149
40 41
40 43
40 46
40 48
40 52
40 53
40 57
40 59
40 60
40 61
40 62
40 68
40 70
40 71
40 72
40 73
40 74
40 75
40 80
40 81
40 82
40 83
40 84
40 85
40 87
40 88
40 89
40 91
40 95
40 96
40 97
40 98
40 100
40 103
40 105
40 106
40 108
40 109
40 111
40 112
40 113
40 116
40 118
40 119
40 120
40 122
40 123
40 124
40 127
40 128
40 132
40 136
40 137
40 139
40 140
40 141
40 142
40 143
40 145
40 146
40 148
40 149
41 42
41 43
41 44
41 45
41 46
41 50
41 56
41 58
41 59
41 62
41 63
41 65
41 66
41 68
41 69
41 72
41 76
41 77
41 81
41 82
41 83
41 85
41 86
41 87
41 88
41 90
41 91
41 94
41 95
41 96
41 98
41 100
41 102
41 105
41 106
41 108
41 109
41 110
41 116
41 122
41 123
41 124
41 131
41 132
41 134
41 135
41 136
41 137
41 149
42 43
42 46
42 47
42 48
42 52
42 56
42 58
42 59
42 60
42 61
42 63
42 64
42 66
42 72
42 75
42 77
42 89
42 90
42 91
42 92
42 93
42 98
42 100
42 107
42 111
42 113
42 116
42 117
42 118
42 125
42 127
42 129
42 133
42 134
42 136
42 137
42 138
42 139
42 140
42 142
42 148
42 149
43 49
43 52
43 54
43 56
43 57
43 59
43 62
43 66
43 68
43 69
43 70
43 75
43 80
43 85
43 86
43 87
43 88
43 89
43 91
43 92
43 93
43 95
43 97
43 99
43 100
43 101
43 105
43 109
43 111
43 113
43 114
43 118
43 121
43 124
43 128
43 129
43 131
43 132
43 133
43 134
43 135
43 137
43 139
43 143
43 144
43 146
43 147
43 148
43 149
44 49
44 50
44 54
44 55
44 58
44 60
44 61
44 65
44 67
44 68
44 73
44 81
44 82
44 86
44 87
44 88
44 95
44 96
44 97
44 103
44 105
44 106
44 107
44 109
44 111
44 113
44 115
44 116
44 119
44 120
44 125
44 130
44 135
44 139
44 140
44 142
44 143
44 144
44 148
44 149
45 48
45 51
45 52
45 53
45 55
45 57
45 59
45 61
45 62
45 64
45 65
45 67
45 69
45 70
45 71
45 73
45 74
45 75
45 77
45 78
45 79
45 80
45 82
45 85
45 86
45 87
45 89
45 91
45 93
45 96
45 97
45 99
45 100
45 104
45 107
45 108
45 109
45 110
45 111
45 115
45 116
45 117
45 118
45 121
45 122
45 125
45 128
45 132
45 134
45 136
45 137
45 140
45 142
45 143
45 144
45 145
45 149
46 47
46 48
46 53
46 54
46 56
46 58
46 59
46 70
46 72
46 74
46 75
46 76
46 77
46 80
46 81
46 82
46 84
46 85
46 86
46 90
46 91
46 92
46 93
46 95
46 97
46 98
46 102
46 103
46 104
46 106
46 107
46 110
46 112
46 114
46 117
46 120
46 121
46 122
46 123
46 125
46 126
46 129
46 130
46 131
46 133
46 134
46 135
46 137
46 139
46 141
46 143
46 145
46 146
47 48
47 50
47 53
47 57
47 59
47 60
47 61
47 62
47 67
47 69
47 70
47 73
47 74
47 76
47 77
47 78
47 80
47 82
47 83
47 84
47 85
47 87
47 88
47 92
47 93
47 94
47 95
47 97
47 99
47 101
47 104
47 107
47 108
47 111
47 112
47 114
47 116
47 121
47 122
47 123
47 127
47 130
47 132
47 133
47 134
47 135
47 136
47 137
47 138
47 139
47 141
47 144
47 145
47 147
48 49
48 50
48 53
48 54
48 55
48 57
48 59
48 61
48 62
48 63
48 64
48 67
48 73
48 75
48 80
48 83
48 85
48 86
48 89
48 90
48 92
48 96
48 98
48 101
48 102
48 103
48 104
48 107
48 108
48 111
48 113
48 114
48 119
48 120
48 122
48 124
48 125
48 126
48 127
48 131
48 132
48 133
48 137
48 140
48 143
48 146
48 147
49 51
49 53
49 54
49 55
49 57
49 59
49 63
49 64
49 66
49 67
49 71
49 73
49 74
49 75
49 77
49 78
49 79
49 82
49 83
49 84
49 85
49 86
49 87
49 88
49 92
49 95
49 96
49 99
49 102
49 103
49 104
49 107
49 108
49 109
49 112
49 113
49 115
49 116
49 118
49 121
49 122
49 124
49 127
49 128
49 129
49 130
49 133
49 134
49 135
49 136
49 138
49 140
49 145
49 146
49 147
49 149
50 52
50 57
50 59
50 60
50 63
50 64
50 65
50 71
50 73
50 74
50 75
50 79
50 81
50 82
50 83
50 84
50 85
50 88
50 90
50 91
50 92
50 93
50 94
50 97
50 100
50 102
50 104
50 107
50 108
50 109
50 113
50 114
50 116
50 117
50 118
50 119
50 120
50 121
50 124
50 125
50 126
50 130
50 131
50 135
50 137
50 139
50 140
50 141
50 142
50 143
50 144
50 145
50 146
50 147
51 54
51 55
51 58
51 59
51 60
51 62
51 63
51 64
51 72
51 76
51 77
51 80
51 81
51 84
51 86
51 87
51 89
51 91
51 92
51 93
51 94
51 96
51 97
51 98
51 100
51 102
51 104
51 109
51 110
51 111
51 113
51 114
51 115
51 117
51 118
51 119
51 121
51 126
51 131
51 132
51 133
51 136
51 138
51 139
51 141
51 142
51 144
52 53
52 54
52 55
52 57
52 59
52 61
52 64
52 66
52 68
52 69
52 70
52 74
52 77
52 79
52 80
52 81
52 84
52 87
52 88
52 89
52 92
52 102
52 103
52 106
52 107
52 108
52 109
52 111
52 113
52 114
52 116
52 117
52 123
52 124
52 128
52 130
52 131
52 133
52 134
52 136
52 137
52 138
52 143
52 145
52 146
52 148
53 54
53 55
53 58
53 59
53 61
53 63
53 65
53 66
53 67
53 68
53 69
53 71
53 72
53 73
53 76
53 77
53 78
53 79
53 81
53 84
53 86
53 87
53 90
53 91
53 92
53 93
53 94
53 96
53 100
53 101
53 103
53 105
53 108
53 111
53 112
53 113
53 114
53 117
53 119
53 121
53 122
53 125
53 132
53 134
53 136
53 137
53 138
53 139
53 140
53 142
53 146
53 149
54 56
54 58
54 60
54 61
54 62
54 63
54 65
54 68
54 71
54 74
54 77
54 78
54 82
54 83
54 87
54 88
54 89
54 91
54 92
54 94
54 96
54 99
54 101
54 102
54 104
54 105
54 106
54 108
54 112
54 119
54 120
54 121
54 122
54 124
54 126
54 129
54 131
54 133
54 134
54 135
54 136
54 137
54 141
54 143
54 144
54 145
54 146
54 148
55 56
55 57
55 58
55 59
55 61
55 62
55 63
55 64
55 65
55 68
55 77
55 78
55 79
55 80
55 82
55 84
55 87
55 92
55 94
55 95
55 97
55 98
55 99
55 100
55 102
55 105
55 106
55 107
55 109
55 115
55 117
55 119
55 120
55 125
55 128
55 129
55 130
55 132
55 133
55 137
55 138
55 139
55 140
55 141
55 143
55 145
55 146
55 148
56 58
56 63
56 67
56 68
56 71
56 72
56 73
56 76
56 77
56 78
56 80
56 81
56 82
56 89
56 90
56 92
56 94
56 95
56 100
56 101
56 102
56 103
56 105
56 106
56 107
56 108
56 109
56 111
56 112
56 113
56 117
56 120
56 121
56 122
56 126
56 129
56 133
56 135
56 138
56 139
56 142
56 146
57 59
57 60
57 61
57 62
57 64
57 68
57 72
57 73
57 76
57 82
57 83
57 84
57 85
57 89
57 94
57 100
57 103
57 104
57 105
57 109
57 110
57 111
57 112
57 113
57 115
57 116
57 117
57 120
57 124
57 127
57 128
57 129
57 130
57 131
57 133
57 135
57 138
57 139
57 140
57 141
57 144
57 149
58 59
58 61
58 63
58 69
58 72
58 73
58 75
58 78
58 80
58 81
58 83
58 92
58 94
58 95
58 99
58 101
58 102
58 103
58 104
58 106
58 110
58 113
58 115
58 116
58 117
58 121
58 124
58 125
58 126
58 129
58 136
58 137
58 139
58 140
58 141
58 142
58 144
58 145
58 146
58 147
58 149
59 60
59 62
59 64
59 70
59 72
59 75
59 77
59 81
59 83
59 84
59 85
59 87
59 88
59 89
59 90
59 97
59 98
59 99
59 100
59 101
59 102
59 103
59 105
59 106
59 109
59 112
59 113
59 121
59 122
59 125
59 127
59 128
59 140
59 141
59 147
59 148
59 149
60 62
60 64
60 69
60 72
60 74
60 76
60 78
60 79
60 80
60 81
60 82
60 83
60 85
60 86
60 87
60 88
60 89
60 90
60 94
60 96
60 97
60 98
60 100
60 101
60 102
60 106
60 107
60 110
60 111
60 113
60 114
60 119
60 121
60 124
60 126
60 127
60 128
60 129
60 131
60 133
60 142
60 143
60 144
60 145
60 146
60 147
61 63
61 66
61 67
61 68
61 73
61 74
61 75
61 78
61 79
61 81
61 82
61 84
61 86
61 87
61 90
61 91
61 92
61 93
61 94
61 96
61 97
61 100
61 102
61 104
61 106
61 107
61 112
61 113
61 115
61 118
61 120
61 121
61 123
61 125
61 126
61 127
61 129
61 130
61 131
61 132
61 134
61 136
61 138
61 141
61 144
61 146
62 63
62 65
62 69
62 70
62 73
62 74
62 75
62 76
62 79
62 81
62 83
62 85
62 86
62 87
62 91
62 92
62 94
62 95
62 96
62 97
62 102
62 103
62 106
62 107
62 109
62 111
62 112
62 115
62 116
62 118
62 122
62 123
62 125
62 128
62 132
62 134
62 138
62 139
62 141
62 142
62 143
62 144
62 146
62 148
62 149
63 65
63 67
63 68
63 69
63 72
63 73
63 74
63 75
63 77
63 79
63 82
63 84
63 85
63 87
63 88
63 89
63 90
63 91
63 94
63 96
63 97
63 98
63 99
63 104
63 107
63 111
63 112
63 113
63 114
63 115
63 119
63 121
63 122
63 123
63 129
63 132
63 136
63 137
63 138
63 143
63 145
63 146
63 147
63 149
64 65
64 67
64 69
64 70
64 72
64 73
64 74
64 75
64 76
64 77
64 79
64 80
64 81
64 83
64 86
64 90
64 93
64 94
64 96
64 98
64 99
64 105
64 110
64 111
64 112
64 115
64 120
64 124
64 125
64 126
64 127
64 130
64 131
64 133
64 134
64 135
64 137
64 139
64 141
64 142
64 144
64 146
64 148
65 66
65 67
65 68
65 70
65 75
65 77
65 78
65 81
65 82
65 85
65 86
65 87
65 89
65 91
65 92
65 95
65 96
65 99
65 101
65 105
65 108
65 110
65 111
65 115
65 118
65 119
65 125
65 130
65 132
65 133
65 134
65 136
65 138
65 139
65 140
65 141
65 142
65 144
65 146
65 147
65 149
66 69
66 70
66 71
66 73
66 74
66 75
66 76
66 77
66 79
66 83
66 85
66 86
66 89
66 90
66 92
66 94
66 96
66 98
66 101
66 105
66 107
66 108
66 109
66 111
66 112
66 115
66 116
66 119
66 121
66 122
66 124
66 125
66 127
66 129
66 130
66 133
66 134
66 136
66 137
66 138
66 139
66 142
66 143
66 145
66 147
66 148
66 149
67 71
67 72
67 74
67 78
67 79
67 80
67 81
67 82
67 83
67 84
67 85
67 87
67 88
67 89
67 100
67 103
67 104
67 105
67 107
67 108
67 111
67 113
67 114
67 115
67 116
67 117
67 119
67 120
67 121
67 122
67 123
67 127
67 128
67 129
67 130
67 131
67 132
67 134
67 135
67 136
67 138
67 142
67 143
67 144
67 145
67 147
68 71
68 72
68 73
68 75
68 77
68 79
68 80
68 81
68 84
68 86
68 88
68 90
68 92
68 100
68 105
68 109
68 111
68 112
68 114
68 115
68 116
68 121
68 122
68 123
68 126
68 128
68 130
68 132
68 133
68 135
68 138
68 145
68 147
68 148
68 149
69 70
69 72
69 75
69 76
69 78
69 79
69 82
69 84
69 85
69 87
69 88
69 90
69 94
69 96
69 97
69 101
69 102
69 103
69 105
69 106
69 108
69 110
69 111
69 112
69 115
69 116
69 117
69 121
69 125
69 127
69 128
69 132
69 133
69 134
69 136
69 137
69 138
69 140
69 141
69 142
69 144
69 146
69 149
70 72
70 73
70 75
70 76
70 77
70 78
70 81
70 83
70 84
70 85
70 91
70 93
70 94
70 96
70 99
70 101
70 103
70 105
70 107
70 109
70 110
70 111
70 116
70 118
70 119
70 121
70 123
70 124
70 126
70 129
70 130
70 131
70 133
70 136
70 138
70 139
70 140
70 141
70 143
70 146
70 147
70 149
71 73
71 78
71 79
71 80
71 81
71 83
71 85
71 86
71 87
71 88
71 89
71 91
71 92
71 93
71 95
71 96
71 97
71 98
71 100
71 104
71 107
71 109
71 110
71 113
71 116
71 117
71 118
71 122
71 123
71 124
71 127
71 129
71 130
71 132
71 133
71 135
71 136
71 139
71 140
71 143
71 144
71 149
72 75
72 80
72 82
72 85
72 86
72 87
72 89
72 91
72 94
72 97
72 100
72 102
72 103
72 104
72 105
72 106
72 110
72 111
72 113
72 114
72 115
72 117
72 118
72 119
72 120
72 122
72 123
72 125
72 128
72 132
72 133
72 137
72 139
72 140
72 141
72 143
72 144
72 145
72 146
72 149
73 75
73 77
73 78
73 79
73 81
73 82
73 83
73 85
73 86
73 89
73 93
73 96
73 99
73 100
73 101
73 102
73 103
73 104
73 106
73 110
73 112
73 114
73 116
73 117
73 121
73 122
73 125
73 127
73 128
73 129
73 130
73 133
73 135
73 136
73 139
73 140
73 142
73 144
73 146
73 148
74 75
74 77
74 80
74 83
74 86
74 87
74 88
74 93
74 94
74 97
74 98
74 101
74 103
74 106
74 108
74 115
74 118
74 119
74 122
74 123
74 124
74 127
74 131
74 134
74 135
74 136
74 137
74 139
74 140
74 142
74 143
74 146
74 148
75 76
75 77
75 78
75 81
75 82
75 83
75 90
75 91
75 92
75 93
75 94
75 96
75 97
75 100
75 101
75 103
75 105
75 106
75 110
75 112
75 113
75 116
75 121
75 124
75 126
75 128
75 129
75 130
75 133
75 134
75 135
75 140
75 142
75 144
75 146
75 148
75 149
76 77
76 78
76 80
76 82
76 87
76 88
76 89
76 93
76 97
76 98
76 101
76 102
76 105
76 106
76 107
76 108
76 114
76 115
76 120
76 124
76 125
76 126
76 127
76 128
76 129
76 130
76 132
76 135
76 136
76 138
76 142
76 147
76 149
77 79
77 80
77 81
77 83
77 85
77 89
77 95
77 96
77 98
77 99
77 100
77 101
77 102
77 108
77 111
77 112
77 114
77 115
77 116
77 118
77 121
77 122
77 123
77 126
77 129
77 130
77 131
77 138
77 139
77 142
77 143
77 144
77 145
77 146
78 80
78 81
78 82
78 83
78 85
78 91
78 92
78 93
78 94
78 95
78 98
78 99
78 101
78 103
78 104
78 109
78 110
78 111
78 112
78 113
78 114
78 121
78 123
78 125
78 126
78 131
78 134
78 138
78 139
78 140
78 141
78 142
78 143
78 145
78 147
78 148
78 149
79 81
79 82
79 83
79 85
79 89
79 91
79 93
79 97
79 102
79 103
79 106
79 107
79 109
79 110
79 111
79 112
79 113
79 116
79 121
79 125
79 126
79 127
79 128
79 129
79 132
79 137
79 138
79 140
79 142
79 143
79 148
80 81
80 83
80 84
80 85
80 87
80 91
80 93
80 95
80 99
80 100
80 101
80 102
80 105
80 106
80 109
80 111
80 112
80 113
80 114
80 117
80 118
80 120
80 125
80 126
80 128
80 134
80 136
80 137
80 138
80 142
80 143
80 145
80 146
81 84
81 85
81 87
81 88
81 90
81 92
81 93
81 100
81 101
81 102
81 103
81 104
81 106
81 107
81 108
81 109
81 111
81 114
81 118
81 119
81 122
81 123
81 124
81 125
81 129
81 130
81 132
81 133
81 134
81 138
81 145
82 83
82 86
82 88
82 89
82 92
82 100
82 101
82 102
82 103
82 104
82 105
82 106
82 109
82 110
82 111
82 114
82 115
82 118
82 119
82 123
82 124
82 125
82 126
82 127
82 131
82 135
82 142
82 143
82 144
82 145
82 146
82 147
82 149
83 84
83 89
83 90
83 92
83 93
83 94
83 95
83 96
83 100
83 102
83 104
83 105
83 106
83 110
83 112
83 113
83 116
83 117
83 119
83 120
83 124
83 127
83 130
83 131
83 132
83 133
83 136
83 143
83 144
83 145
83 146
83 148
84 85
84 86
84 88
84 89
84 93
84 101
84 102
84 103
84 106
84 117
84 120
84 121
84 123
84 127
84 128
84 129
84 130
84 131
84 136
84 137
84 139
84 142
84 145
84 149
85 86
85 90
85 95
85 96
85 98
85 101
85 103
85 104
85 110
85 111
85 115
85 117
85 120
85 122
85 123
85 124
85 131
85 132
85 138
85 139
85 140
85 141
85 142
85 146
85 149
86 93
86 95
86 98
86 99
86 103
86 104
86 105
86 107
86 109
86 112
86 115
86 116
86 117
86 118
86 119
86 121
86 122
86 124
86 125
86 131
86 132
86 133
86 134
86 136
86 142
86 149
87 94
87 95
87 96
87 97
87 99
87 100
87 101
87 102
87 105
87 106
87 108
87 111
87 112
87 114
87 116
87 117
87 118
87 120
87 130
87 131
87 132
87 133
87 136
87 137
87 139
87 145
87 146
87 148
87 149
88 89
88 91
88 92
88 93
88 94
88 103
88 104
88 106
88 107
88 109
88 110
88 112
88 113
88 114
88 115
88 116
88 117
88 118
88 120
88 122
88 123
88 125
88 126
88 129
88 130
88 133
88 134
88 136
88 137
88 138
88 140
88 142
88 143
88 147
88 148
89 90
89 92
89 94
89 95
89 96
89 99
89 101
89 105
89 108
89 110
89 115
89 118
89 121
89 123
89 124
89 125
89 126
89 127
89 128
89 129
89 131
89 134
89 135
89 136
89 138
89 139
89 142
89 143
89 144
89 145
89 147
89 148
90 92
90 93
90 94
90 95
90 100
90 102
90 107
90 108
90 109
90 110
90 111
90 112
90 113
90 114
90 116
90 118
90 122
90 123
90 127
90 128
90 131
90 132
90 134
90 135
90 137
90 139
90 140
90 141
90 144
90 145
90 147
90 148
91 93
91 95
91 97
91 100
91 102
91 105
91 106
91 107
91 108
91 109
91 110
91 113
91 117
91 123
91 124
91 126
91 128
91 130
91 132
91 133
91 135
91 138
91 139
91 143
91 147
91 148
92 93
92 94
92 96
92 98
92 101
92 102
92 104
92 105
92 108
92 110
92 111
92 115
92 116
92 118
92 119
92 120
92 122
92 125
92 126
92 127
92 129
92 131
92 132
92 135
92 137
92 138
92 139
92 140
92 142
92 143
92 145
92 146
92 149
93 96
93 97
93 98
93 100
93 101
93 102
93 105
93 106
93 107
93 109
93 110
93 111
93 113
93 114
93 118
93 119
93 120
93 122
93 124
93 125
93 127
93 128
93 131
93 132
93 134
93 141
93 142
93 144
93 147
93 148
94 95
94 96
94 97
94 99
94 100
94 102
94 107
94 110
94 111
94 112
94 113
94 115
94 116
94 121
94 126
94 127
94 128
94 129
94 131
94 132
94 135
94 137
94 139
94 142
94 144
94 145
94 148
95 97
95 101
95 102
95 103
95 106
95 109
95 110
95 113
95 114
95 116
95 117
95 118
95 119
95 134
95 135
95 141
95 144
95 146
95 147
95 148
96 104
96 111
96 115
96 117
96 119
96 123
96 124
96 125
96 126
96 129
96 131
96 133
96 134
96 136
96 137
96 138
96 139
96 140
96 141
96 142
96 143
96 145
96 146
96 148
97 100
97 102
97 104
97 105
97 108
97 111
97 113
97 114
97 115
97 116
97 118
97 119
97 120
97 122
97 123
97 124
97 125
97 126
97 128
97 129
97 130
97 131
97 132
97 135
97 138
97 141
97 142
97 143
97 144
97 145
97 146
98 99
98 100
98 101
98 104
98 105
98 107
98 110
98 111
98 113
98 116
98 118
98 119
98 122
98 125
98 129
98 135
98 137
98 138
98 139
98 141
98 143
98 144
98 145
98 146
98 148
99 103
99 105
99 107
99 109
99 110
99 113
99 114
99 115
99 117
99 118
99 119
99 120
99 123
99 126
99 134
99 135
99 138
99 141
99 142
99 147
99 148
100 101
100 102
100 103
100 104
100 105
100 107
100 112
100 113
100 114
100 115
100 116
100 118
100 119
100 124
100 125
100 132
100 134
100 135
100 139
100 143
101 103
101 108
101 112
101 113
101 114
101 119
101 124
101 125
101 127
101 130
101 131
101 135
101 136
101 137
101 138
101 142
101 143
101 144
101 146
101 148
101 149
102 104
102 105
102 108
102 109
102 111
102 113
102 116
102 120
102 122
102 124
102 128
102 132
102 136
102 140
102 143
102 145
102 146
102 149
103 105
103 106
103 107
103 108
103 112
103 113
103 117
103 119
103 122
103 123
103 124
103 125
103 126
103 127
103 128
103 129
103 130
103 133
103 134
103 138
103 139
103 141
103 142
104 106
104 107
104 108
104 112
104 113
104 114
104 116
104 118
104 119
104 120
104 122
104 123
104 125
104 126
104 127
104 130
104 131
104 134
104 135
104 137
104 138
104 139
104 142
104 143
104 147
104 148
105 106
105 109
105 110
105 111
105 112
105 113
105 114
105 115
105 116
105 118
105 119
105 122
105 125
105 126
105 128
105 129
105 131
105 132
105 133
105 135
105 137
105 138
105 140
105 147
105 148
105 149
106 110
106 113
106 114
106 115
106 117
106 119
106 121
106 125
106 126
106 128
106 129
106 132
106 133
106 134
106 135
106 139
106 140
106 141
106 145
106 147
107 109
107 112
107 113
107 118
107 120
107 124
107 125
107 126
107 128
107 130
107 131
107 133
107 134
107 135
107 137
107 138
107 140
107 141
107 142
107 143
107 148
108 109
108 112
108 113
108 116
108 117
108 122
108 124
108 126
108 127
108 131
108 133
108 136
108 140
108 141
108 144
108 149
109 111
109 116
109 117
109 118
109 120
109 121
109 122
109 123
109 124
109 126
109 127
109 128
109 129
109 133
109 134
109 135
109 137
109 140
109 142
109 143
109 144
109 145
109 146
109 147
110 114
110 115
110 118
110 119
110 120
110 121
110 126
110 130
110 131
110 132
110 133
110 135
110 136
110 140
110 141
110 144
110 146
110 149
111 112
111 113
111 115
111 116
111 117
111 118
111 119
111 121
111 123
111 124
111 125
111 128
111 129
111 132
111 133
111 136
111 137
111 138
111 139
111 140
111 141
111 143
111 144
111 145
111 146
111 147
112 113
112 114
112 117
112 120
112 121
112 123
112 124
112 127
112 128
112 129
112 130
112 131
112 133
112 135
112 136
112 142
112 143
112 144
112 145
112 146
112 148
112 149
113 115
113 116
113 117
113 118
113 119
113 121
113 123
113 127
113 128
113 131
113 133
113 137
113 139
113 141
113 147
113 148
114 115
114 118
114 121
114 122
114 123
114 125
114 126
114 127
114 129
114 130
114 133
114 134
114 135
114 137
114 138
114 141
114 142
114 144
114 145
114 146
114 148
115 116
115 120
115 122
115 125
115 126
115 128
115 129
115 132
115 133
115 136
115 137
115 138
115 139
115 144
115 146
115 147
116 117
116 118
116 119
116 123
116 126
116 128
116 131
116 132
116 135
116 137
116 139
116 144
116 148
117 118
117 119
117 121
117 122
117 124
117 125
117 126
117 127
117 130
117 132
117 134
117 137
117 139
117 143
117 145
117 149
118 119
118 120
118 121
118 122
118 125
118 127
118 128
118 133
118 135
118 137
118 138
118 139
118 140
118 143
118 144
118 145
118 146
118 147
118 148
118 149
119 121
119 122
119 125
119 127
119 128
119 130
119 132
119 133
119 135
119 137
119 138
119 140
119 141
119 143
119 144
119 148
120 123
120 124
120 127
120 128
120 129
120 130
120 131
120 132
120 133
120 134
120 136
120 138
120 140
120 141
120 142
120 145
121 124
121 125
121 126
121 128
121 131
121 132
121 134
121 135
121 138
121 140
121 141
121 143
121 146
121 147
122 123
122 125
122 128
122 131
122 133
122 134
122 135
122 136
122 138
122 139
122 140
122 141
122 147
122 148
122 149
123 124
123 128
123 129
123 131
123 132
123 137
123 142
123 143
123 145
123 149
124 125
124 127
124 128
124 129
124 130
124 131
124 132
124 135
124 136
124 137
124 139
124 140
124 142
124 145
124 146
124 149
125 126
125 127
125 128
125 130
125 131
125 132
125 133
125 139
125 141
125 144
125 145
125 149
126 127
126 129
126 130
126 134
126 135
126 137
126 140
126 142
126 143
126 144
126 145
126 146
126 148
126 149
127 128
127 130
127 132
127 133
127 138
127 142
127 145
127 146
128 129
128 130
128 131
128 132
128 139
128 140
128 142
128 143
128 145
128 146
128 148
129 131
129 135
129 140
129 143
129 148
130 131
130 135
130 136
130 143
130 145
130 146
130 149
131 132
131 133
131 134
131 136
131 137
131 138
131 141
131 142
131 143
131 144
131 147
131 148
132 133
132 134
132 135
132 136
132 137
132 140
132 141
132 144
132 147
132 148
132 149
133 134
133 140
133 141
133 144
133 146
133 149
134 136
134 142
134 145
134 148
135 137
135 138
135 140
135 142
135 143
135 144
135 146
135 148
135 149
136 139
136 142
136 143
136 144
136 149
137 138
137 144
137 147
137 149
138 142
138 145
138 149
139 141
139 142
139 143
139 144
139 145
139 146
139 147
139 149
140 143
140 144
140 146
140 147
140 149
141 145
141 146
141 148
142 143
142 144
142 147
142 148
142 149
143 148
144 147
144 149
145 147
145 148
147 148
148 149

1 1 1 1 1 0 0 1 0 0 1 0 1 0 1 1 0 1 0 1 0 0 0 1 1 1 1 1 1 0 0 0 0 0 0 0 0 0 0 1 1 1 0 1 1 0 1 1 0 0 0 0 0 0 1 0 0 0 0 0 1 0 0 1 0 1 0 0 1 0 1 1 0 0 0 1 0 1 0 0 0 0 1 0 1 1 1 1 0 1 0 1 0 1 1 0 0 1 1 0 0 1 1 0 1 1 1 1 1 0 1 0 0 1 1 0 1 1 0 1 0 0 0 1 0 0 1 1 1 1 1 0 1 0 0 1 0 0 1 1 0 1 1 0 0 1 1 1 1 1