250 6369
0 1 2 3 4 5 6 7 8 9 10 11 12 13 14 15 16 17 18 19 20 21 22 23 24 25 26 27 28 29 30 31 32 33 34 35 36 37 38 39 40 41 42 43 44 45 46 47 48 49 50 51 52 53 54 55 56 57 58 59 60 61 62 63 64 65 66 67 68 69 70 71 72 73 74 75 76 77 78 79 80 81 82 83 84 85 86 87 88 89 90 91 92 93 94 95 96 97 98 99 100 101 102 103 104 105 106 107 108 109 110 111 112 113 114 115 116 117 118 119 120 121 122 123 124 125 126 127 128 129 130 131 132 133 134 135 136 137 138 139 140 141 142 143 144 145 146 147 148 149 150 151 152 153 154 155 156 157 158 159 160 161 162 163 164 165 166 167 168 169 170 171 172 173 174 175 176 177 178 179 180 181 182 183 184 185 186 187 188 189 190 191 192 193 194 195 196 197 198 199 200 201 202 203 204 205 206 207 208 209 210 211 212 213 214 215 216 217 218 219 220 221 222 223 224 225 226 227 228 229 230 231 232 233 234 235 236 237 238 239 240 241 242 243 244 245 246 247 248 249
0 8
0 9
0 19
0 22
0 24
0 25
0 27
0 28
0 30
0 31
0 42
0 47
0 48
0 54
0 56
0 57
0 60
0 68
0 74
0 90
0 94
0 95
0 97
0 99
0 100
0 101
0 102
0 107
0 109
0 114
0 121
0 123
0 135
0 139
0 147
0 153
0 155
0 167
0 169
0 171
0 172
0 174
0 178
0 186
0 188
0 192
0 196
0 199
0 201
0 209
0 211
0 214
0 217
0 219
0 225
0 226
0 233
0 238
0 239
0 244
0 249
1 7
1 10
1 14
1 21
1 22
1 24
1 27
1 30
1 54
1 62
1 70
1 94
1 104
1 105
1 108
1 113
1 119
1 122
1 133
1 136
1 141
1 144
1 151
1 155
1 160
1 162
1 170
1 172
1 174
1 175
1 176
1 180
1 185
1 186
1 188
1 194
1 196
1 197
1 199
1 200
1 203
1 206
1 227
1 230
1 231
1 249
2 3
2 12
2 13
2 14
2 18
2 19
2 23
2 28
2 33
2 36
2 37
2 45
2 48
2 50
2 64
2 68
2 69
2 70
2 82
2 87
2 95
2 98
2 104
2 107
2 111
2 112
2 114
2 122
2 125
2 129
2 131
2 132
2 134
2 140
2 143
2 151
2 155
2 167
2 175
2 182
2 183
2 184
2 185
2 206
2 218
2 222
2 229
2 232
2 234
2 238
2 240
2 246
2 248
2 249
3 7
3 8
3 11
3 14
3 16
3 19
3 20
3 21
3 22
3 23
3 31
3 38
3 40
3 42
3 44
3 47
3 54
3 55
3 58
3 77
3 80
3 81
3 87
3 88
3 94
3 97
3 103
3 106
3 109
3 112
3 120
3 121
3 122
3 126
3 130
3 133
3 134
3 136
3 140
3 153
3 158
3 173
3 175
3 181
3 184
3 185
3 186
3 188
3 191
3 194
3 195
3 202
3 203
3 205
3 208
3 211
3 221
3 222
3 224
3 227
3 231
3 235
3 236
3 247
4 11
4 18
4 23
4 28
4 33
4 36
4 37
4 44
4 47
4 49
4 50
4 51
4 53
4 56
4 58
4 59
4 68
4 75
4 79
4 80
4 84
4 86
4 90
4 97
4 98
4 108
4 115
4 116
4 117
4 122
4 133
4 134
4 135
4 139
4 140
4 145
4 149
4 151
4 155
4 156
4 164
4 175
4 181
4 197
4 209
4 211
4 216
4 229
4 236
4 244
4 247
5 9
5 11
5 18
5 22
5 39
5 46
5 48
5 49
5 51
5 53
5 72
5 79
5 90
5 95
5 110
5 114
5 116
5 123
5 126
5 138
5 141
5 142
5 144
5 146
5 155
5 157
5 159
5 162
5 164
5 165
5 177
5 178
5 181
5 183
5 184
5 198
5 205
5 209
5 210
5 211
5 212
5 213
5 214
5 220
5 227
5 236
5 237
5 239
6 16
6 23
6 28
6 33
6 37
6 40
6 43
6 44
6 50
6 60
6 76
6 83
6 89
6 91
6 95
6 96
6 101
6 110
6 112
6 118
6 134
6 135
6 137
6 139
6 146
6 148
6 149
6 154
6 168
6 172
6 179
6 180
6 182
6 183
6 184
6 197
6 198
6 200
6 201
6 202
6 204
6 206
6 215
6 222
6 235
6 248
7 8
7 10
7 16
7 18
7 20
7 21
7 25
7 26
7 27
7 29
7 36
7 38
7 43
7 50
7 51
7 53
7 56
7 57
7 61
7 90
7 103
7 105
7 110
7 115
7 135
7 140
7 141
7 142
7 149
7 160
7 161
7 163
7 166
7 169
7 171
7 178
7 184
7 190
7 195
7 198
7 203
7 204
7 210
7 212
7 218
7 219
7 221
7 227
7 228
7 231
7 234
7 237
7 239
7 244
7 247
8 9
8 12
8 13
8 21
8 27
8 28
8 37
8 38
8 41
8 47
8 50
8 55
8 56
8 59
8 60
8 79
8 85
8 90
8 92
8 96
8 101
8 108
8 109
8 115
8 120
8 128
8 130
8 132
8 144
8 149
8 155
8 158
8 166
8 169
8 171
8 176
8 184
8 188
8 193
8 200
8 204
8 207
8 215
8 218
8 220
8 222
8 227
8 229
8 234
8 247
8 249
9 10
9 12
9 17
9 24
9 25
9 26
9 29
9 30
9 33
9 35
9 37
9 46
9 50
9 60
9 66
9 74
9 90
9 94
9 101
9 104
9 107
9 108
9 115
9 119
9 120
9 122
9 123
9 124
9 125
9 132
9 142
9 144
9 145
9 149
9 155
9 161
9 163
9 179
9 181
9 189
9 198
9 201
9 213
9 214
9 217
9 222
9 223
9 225
9 226
9 230
9 232
9 233
9 234
10 15
10 22
10 24
10 29
10 33
10 44
10 52
10 58
10 62
10 71
10 73
10 78
10 81
10 85
10 87
10 92
10 94
10 96
10 100
10 103
10 109
10 110
10 111
10 116
10 121
10 127
10 131
10 132
10 135
10 140
10 144
10 147
10 154
10 160
10 163
10 165
10 170
10 175
10 177
10 179
10 180
10 182
10 189
10 192
10 203
10 204
10 209
10 210
10 211
10 230
10 233
10 243
11 14
11 15
11 20
11 23
11 24
11 27
11 28
11 30
11 31
11 41
11 43
11 44
11 61
11 66
11 69
11 72
11 74
11 79
11 81
11 89
11 93
11 94
11 104
11 109
11 112
11 117
11 120
11 121
11 122
11 124
11 127
11 128
11 135
11 137
11 139
11 143
11 145
11 158
11 164
11 167
11 171
11 177
11 183
11 185
11 186
11 187
11 188
11 190
11 192
11 194
11 202
11 208
11 210
11 212
11 216
11 217
11 220
11 223
11 225
11 228
11 229
11 230
11 243
12 16
12 19
12 28
12 32
12 35
12 41
12 42
12 47
12 48
12 49
12 53
12 54
12 60
12 64
12 65
12 70
12 75
12 77
12 81
12 95
12 99
12 108
12 116
12 117
12 119
12 123
12 131
12 134
12 137
12 140
12 146
12 150
12 151
12 156
12 171
12 173
12 179
12 182
12 184
12 193
12 195
12 198
12 210
12 214
12 215
12 219
12 226
12 227
12 231
12 237
12 238
12 241
13 20
13 26
13 27
13 29
13 43
13 44
13 45
13 51
13 52
13 53
13 54
13 55
13 56
13 67
13 73
13 76
13 99
13 113
13 115
13 119
13 121
13 128
13 138
13 150
13 157
13 159
13 162
13 171
13 179
13 181
13 183
13 185
13 188
13 192
13 193
13 202
13 210
13 213
13 214
13 225
13 230
13 232
13 236
13 246
14 27
14 36
14 38
14 39
14 41
14 44
14 49
14 59
14 71
14 72
14 74
14 85
14 87
14 94
14 95
14 105
14 106
14 115
14 123
14 131
14 135
14 139
14 149
14 153
14 154
14 160
14 163
14 175
14 178
14 179
14 198
14 200
14 201
14 204
14 209
14 214
14 216
14 233
14 235
14 240
14 244
15 16
15 18
15 19
15 21
15 26
15 30
15 32
15 34
15 38
15 50
15 52
15 56
15 57
15 69
15 74
15 77
15 78
15 81
15 105
15 108
15 109
15 115
15 118
15 122
15 127
15 128
15 130
15 131
15 133
15 136
15 147
15 150
15 158
15 170
15 172
15 178
15 179
15 183
15 184
15 192
15 216
15 224
15 226
15 228
15 233
15 234
15 238
15 242
16 20
16 26
16 28
16 29
16 41
16 63
16 71
16 73
16 76
16 89
16 91
16 92
16 107
16 109
16 110
16 117
16 118
16 122
16 123
16 125
16 126
16 128
16 131
16 136
16 140
16 143
16 144
16 148
16 152
16 153
16 157
16 160
16 161
16 165
16 168
16 173
16 176
16 177
16 180
16 181
16 182
16 183
16 184
16 188
16 189
16 190
16 192
16 194
16 195
16 196
16 197
16 199
16 201
16 212
16 215
16 221
16 222
16 225
16 239
17 18
17 19
17 22
17 25
17 34
17 43
17 54
17 59
17 63
17 68
17 74
17 77
17 78
17 86
17 90
17 95
17 110
17 112
17 114
17 119
17 121
17 127
17 128
17 129
17 135
17 138
17 142
17 146
17 150
17 164
17 169
17 170
17 175
17 181
17 185
17 191
17 203
17 205
17 208
17 212
17 214
17 221
17 223
17 225
17 228
17 232
17 235
17 236
17 247
18 23
18 26
18 27
18 31
18 44
18 46
18 47
18 51
18 53
18 54
18 59
18 60
18 76
18 78
18 85
18 87
18 88
18 95
18 107
18 108
18 119
18 132
18 133
18 139
18 144
18 146
18 148
18 154
18 165
18 170
18 174
18 176
18 178
18 186
18 192
18 195
18 207
18 209
18 218
18 224
18 233
18 236
18 243
18 245
18 246
19 21
19 23
19 28
19 41
19 44
19 54
19 61
19 65
19 70
19 73
19 74
19 85
19 86
19 95
19 113
19 114
19 117
19 119
19 124
19 130
19 131
19 136
19 153
19 164
19 165
19 171
19 175
19 177
19 186
19 189
19 196
19 197
19 200
19 202
19 204
19 210
19 211
19 215
19 217
19 220
19 237
19 244
19 249
20 23
20 24
20 28
20 30
20 32
20 33
20 36
20 37
20 42
20 59
20 61
20 62
20 74
20 81
20 83
20 84
20 93
20 94
20 95
20 98
20 100
20 105
20 124
20 128
20 132
20 136
20 141
20 149
20 152
20 158
20 159
20 170
20 172
20 173
20 176
20 178
20 180
20 182
20 194
20 200
20 201
20 206
20 215
20 229
20 235
20 236
20 238
20 243
21 25
21 26
21 35
21 50
21 61
21 64
21 74
21 75
21 76
21 77
21 80
21 84
21 89
21 94
21 99
21 114
21 121
21 126
21 143
21 144
21 148
21 149
21 151
21 156
21 159
21 160
21 161
21 171
21 181
21 189
21 193
21 195
21 198
21 205
21 206
21 209
21 212
21 214
21 215
21 226
21 227
21 238
21 239
21 242
21 248
22 23
22 32
22 35
22 41
22 44
22 46
22 47
22 58
22 62
22 63
22 66
22 70
22 78
22 83
22 95
22 99
22 101
22 110
22 116
22 127
22 136
22 140
22 141
22 146
22 152
22 153
22 156
22 163
22 172
22 173
22 178
22 180
22 182
22 185
22 190
22 194
22 200
22 204
22 206
22 207
22 210
22 213
22 224
22 225
22 233
22 236
22 240
22 242
23 26
23 28
23 37
23 40
23 49
23 58
23 59
23 61
23 68
23 81
23 83
23 87
23 90
23 91
23 95
23 96
23 102
23 103
23 113
23 114
23 117
23 119
23 130
23 134
23 159
23 164
23 165
23 176
23 178
23 180
23 181
23 187
23 188
23 193
23 198
23 203
23 210
23 211
23 225
23 227
23 230
23 235
23 239
23 242
23 246
23 248
23 249
24 26
24 27
24 29
24 30
24 31
24 34
24 35
24 46
24 51
24 64
24 67
24 74
24 75
24 76
24 85
24 87
24 88
24 89
24 96
24 99
24 103
24 105
24 109
24 111
24 138
24 140
24 152
24 154
24 155
24 156
24 171
24 172
24 177
24 178
24 185
24 189
24 195
24 196
24 206
24 225
24 233
24 235
24 240
24 241
25 30
25 37
25 39
25 40
25 42
25 43
25 44
25 47
25 53
25 78
25 80
25 87
25 91
25 93
25 98
25 101
25 107
25 110
25 119
25 123
25 127
25 140
25 143
25 144
25 146
25 150
25 152
25 153
25 155
25 159
25 160
25 169
25 171
25 172
25 175
25 182
25 189
25 192
25 197
25 200
25 207
25 212
25 219
25 220
25 222
25 226
25 227
25 233
25 239
25 240
25 247
25 249
26 27
26 31
26 33
26 34
26 39
26 40
26 48
26 50
26 56
26 64
26 66
26 68
26 70
26 71
26 75
26 76
26 78
26 79
26 82
26 83
26 84
26 87
26 88
26 90
26 92
26 96
26 103
26 105
26 107
26 112
26 115
26 120
26 122
26 128
26 130
26 133
26 139
26 143
26 146
26 147
26 167
26 169
26 187
26 190
26 193
26 196
26 201
26 202
26 207
26 218
26 223
26 225
26 226
26 230
26 237
26 241
26 243
26 246
26 247
26 249
27 29
27 31
27 37
27 40
27 48
27 50
27 52
27 53
27 54
27 55
27 57
27 69
27 72
27 76
27 82
27 84
27 90
27 103
27 106
27 108
27 110
27 115
27 122
27 125
27 130
27 131
27 135
27 142
27 145
27 163
27 176
27 181
27 182
27 194
27 198
27 203
27 210
27 215
27 217
27 219
27 226
27 230
27 237
27 240
27 247
27 248
27 249
28 30
28 40
28 41
28 43
28 51
28 52
28 53
28 54
28 70
28 73
28 76
28 80
28 92
28 98
28 99
28 105
28 111
28 115
28 116
28 117
28 124
28 128
28 138
28 139
28 142
28 143
28 145
28 149
28 150
28 153
28 157
28 160
28 162
28 166
28 175
28 185
28 194
28 203
28 204
28 207
28 210
28 220
28 227
28 236
28 240
28 247
29 30
29 38
29 58
29 59
29 61
29 71
29 74
29 76
29 77
29 84
29 98
29 99
29 100
29 106
29 110
29 111
29 113
29 123
29 124
29 127
29 129
29 139
29 143
29 149
29 153
29 162
29 163
29 169
29 170
29 183
29 184
29 186
29 189
29 191
29 197
29 200
29 202
29 206
29 208
29 211
29 223
29 224
29 226
29 235
30 32
30 38
30 39
30 50
30 54
30 59
30 60
30 65
30 66
30 75
30 83
30 86
30 87
30 96
30 97
30 101
30 106
30 107
30 109
30 111
30 120
30 129
30 140
30 149
30 154
30 160
30 166
30 178
30 187
30 200
30 201
30 205
30 209
30 211
30 216
30 235
30 236
30 240
30 246
31 34
31 42
31 46
31 48
31 50
31 61
31 62
31 74
31 79
31 85
31 91
31 95
31 103
31 104
31 106
31 110
31 124
31 125
31 127
31 130
31 133
31 134
31 140
31 141
31 145
31 146
31 152
31 158
31 159
31 170
31 172
31 180
31 181
31 182
31 183
31 197
31 200
31 201
31 206
31 209
31 212
31 215
31 216
31 222
31 224
31 234
31 240
32 33
32 34
32 45
32 49
32 51
32 52
32 59
32 61
32 62
32 65
32 84
32 88
32 90
32 91
32 99
32 100
32 101
32 105
32 106
32 108
32 115
32 117
32 122
32 125
32 126
32 128
32 134
32 138
32 143
32 147
32 152
32 154
32 155
32 158
32 159
32 165
32 166
32 169
32 172
32 173
32 175
32 178
32 184
32 185
32 187
32 189
32 194
32 197
32 199
32 207
32 211
32 224
32 241
32 243
32 244
32 246
33 51
33 61
33 66
33 70
33 72
33 73
33 90
33 98
33 102
33 103
33 107
33 115
33 117
33 124
33 126
33 135
33 142
33 144
33 149
33 154
33 163
33 168
33 169
33 170
33 197
33 199
33 208
33 212
33 214
33 221
33 229
33 230
33 232
33 234
33 235
33 245
33 249
34 55
34 66
34 68
34 75
34 78
34 86
34 89
34 110
34 113
34 125
34 137
34 141
34 147
34 153
34 155
34 159
34 167
34 175
34 179
34 189
34 193
34 209
34 214
34 218
34 221
34 226
34 233
34 235
34 247
34 249
35 38
35 42
35 46
35 55
35 61
35 65
35 66
35 70
35 77
35 83
35 86
35 95
35 111
35 115
35 116
35 117
35 118
35 123
35 129
35 134
35 142
35 151
35 161
35 184
35 187
35 191
35 192
35 199
35 201
35 202
35 208
35 210
35 221
35 222
35 227
35 230
35 233
35 234
35 235
35 238
35 243
36 40
36 42
36 46
36 48
36 49
36 51
36 56
36 59
36 62
36 64
36 65
36 66
36 67
36 68
36 70
36 97
36 101
36 103
36 105
36 108
36 121
36 122
36 123
36 131
36 133
36 135
36 137
36 138
36 140
36 145
36 148
36 153
36 156
36 157
36 160
36 164
36 165
36 176
36 178
36 184
36 186
36 187
36 191
36 195
36 196
36 199
36 210
36 212
36 215
36 217
36 218
36 220
36 223
36 225
36 233
36 235
36 242
37 40
37 43
37 46
37 48
37 62
37 63
37 69
37 75
37 79
37 84
37 94
37 96
37 97
37 98
37 105
37 106
37 114
37 124
37 125
37 139
37 144
37 146
37 150
37 151
37 154
37 157
37 159
37 161
37 162
37 167
37 172
37 179
37 195
37 198
37 200
37 202
37 203
37 204
37 206
37 208
37 215
37 216
37 221
37 225
37 243
37 247
38 39
38 42
38 50
38 53
38 55
38 65
38 70
38 71
38 73
38 85
38 92
38 93
38 94
38 102
38 108
38 110
38 112
38 113
38 114
38 126
38 132
38 149
38 152
38 153
38 157
38 158
38 160
38 163
38 166
38 168
38 169
38 177
38 184
38 188
38 199
38 212
38 215
38 220
38 228
38 242
38 243
39 42
39 51
39 54
39 60
39 63
39 70
39 74
39 80
39 86
39 89
39 101
39 113
39 119
39 120
39 123
39 137
39 139
39 143
39 147
39 149
39 151
39 152
39 153
39 155
39 158
39 163
39 174
39 175
39 180
39 188
39 195
39 196
39 199
39 211
39 213
39 215
39 221
39 226
39 239
39 244
39 248
39 249
40 49
40 57
40 60
40 63
40 64
40 65
40 66
40 67
40 80
40 81
40 84
40 85
40 89
40 95
40 98
40 99
40 103
40 104
40 119
40 130
40 146
40 149
40 163
40 173
40 187
40 190
40 195
40 196
40 203
40 206
40 211
40 215
40 216
40 217
40 218
40 221
40 227
40 229
40 233
40 234
41 42
41 44
41 50
41 51
41 56
41 57
41 65
41 70
41 81
41 85
41 87
41 94
41 104
41 105
41 108
41 111
41 112
41 113
41 115
41 122
41 130
41 131
41 134
41 142
41 143
41 145
41 148
41 150
41 153
41 166
41 183
41 184
41 187
41 190
41 194
41 195
41 199
41 200
41 204
41 206
41 209
41 210
41 213
41 214
41 230
41 234
41 235
41 244
42 45
42 46
42 48
42 57
42 69
42 72
42 73
42 77
42 79
42 86
42 89
42 91
42 93
42 98
42 103
42 107
42 110
42 111
42 118
42 122
42 125
42 132
42 138
42 147
42 152
42 159
42 161
42 172
42 174
42 178
42 181
42 182
42 187
42 190
42 196
42 197
42 207
42 211
42 212
42 215
42 218
42 225
42 231
42 233
42 235
42 237
42 239
42 240
42 244
42 245
42 248
43 52
43 62
43 68
43 77
43 100
43 104
43 108
43 109
43 111
43 116
43 117
43 118
43 120
43 121
43 132
43 134
43 143
43 151
43 169
43 174
43 185
43 193
43 195
43 198
43 208
43 218
43 220
43 221
43 224
43 226
43 246
43 247
43 249
44 55
44 60
44 72
44 88
44 90
44 91
44 92
44 98
44 99
44 101
44 102
44 104
44 115
44 131
44 134
44 136
44 138
44 139
44 146
44 149
44 153
44 166
44 169
44 177
44 180
44 181
44 182
44 184
44 190
44 191
44 193
44 196
44 200
44 205
44 207
44 224
44 226
44 227
44 238
44 239
45 47
45 53
45 56
45 62
45 70
45 83
45 93
45 95
45 96
45 103
45 111
45 117
45 121
45 126
45 127
45 144
45 150
45 151
45 154
45 160
45 167
45 170
45 177
45 181
45 182
45 190
45 199
45 201
45 202
45 204
45 206
45 212
45 217
45 221
45 224
45 225
45 229
45 233
45 236
45 242
45 244
46 47
46 54
46 55
46 56
46 66
46 72
46 81
46 84
46 86
46 91
46 99
46 113
46 116
46 119
46 125
46 135
46 139
46 140
46 147
46 161
46 166
46 172
46 176
46 178
46 179
46 208
46 209
46 216
46 217
46 222
46 228
46 229
46 234
46 239
46 245
47 54
47 55
47 56
47 58
47 62
47 64
47 66
47 68
47 73
47 85
47 93
47 102
47 104
47 107
47 109
47 127
47 129
47 130
47 134
47 136
47 140
47 145
47 148
47 169
47 173
47 183
47 185
47 190
47 193
47 204
47 211
47 235
47 248
48 61
48 66
48 69
48 75
48 77
48 78
48 85
48 109
48 115
48 119
48 121
48 122
48 129
48 135
48 140
48 141
48 146
48 148
48 149
48 151
48 159
48 161
48 162
48 175
48 177
48 189
48 203
48 208
48 210
48 218
48 225
48 226
48 227
48 229
48 235
48 242
48 248
49 50
49 51
49 57
49 61
49 64
49 69
49 70
49 79
49 80
49 82
49 89
49 92
49 98
49 100
49 102
49 113
49 123
49 125
49 126
49 128
49 136
49 141
49 143
49 147
49 149
49 158
49 159
49 160
49 169
49 172
49 174
49 176
49 177
49 199
49 207
49 214
49 219
49 221
49 232
49 234
49 242
49 249
50 51
50 68
50 72
50 73
50 76
50 78
50 87
50 88
50 90
50 96
50 98
50 103
50 107
50 108
50 109
50 121
50 122
50 130
50 131
50 143
50 145
50 148
50 152
50 154
50 156
50 165
50 167
50 170
50 171
50 185
50 187
50 188
50 191
50 195
50 200
50 205
50 208
50 210
50 215
50 217
50 219
50 224
50 231
50 234
50 238
50 242
50 246
51 53
51 58
51 60
51 64
51 65
51 75
51 76
51 79
51 88
51 90
51 92
51 102
51 111
51 114
51 116
51 125
51 127
51 142
51 143
51 145
51 146
51 151
51 157
51 165
51 171
51 180
51 184
51 185
51 195
51 198
51 201
51 202
51 210
51 219
51 220
51 222
51 224
51 229
51 235
51 236
51 239
51 240
51 241
52 53
52 66
52 69
52 72
52 74
52 77
52 79
52 88
52 97
52 99
52 106
52 107
52 110
52 116
52 118
52 125
52 128
52 130
52 132
52 135
52 136
52 139
52 142
52 143
52 149
52 157
52 172
52 173
52 176
52 181
52 189
52 202
52 207
52 218
52 223
52 230
52 232
52 248
53 55
53 57
53 62
53 65
53 69
53 72
53 78
53 87
53 91
53 107
53 112
53 128
53 135
53 146
53 148
53 156
53 157
53 164
53 167
53 168
53 170
53 172
53 179
53 201
53 202
53 224
53 232
53 235
53 240
53 242
54 55
54 60
54 67
54 70
54 80
54 83
54 91
54 92
54 104
54 105
54 112
54 116
54 124
54 128
54 136
54 141
54 150
54 151
54 159
54 160
54 166
54 167
54 170
54 176
54 179
54 186
54 192
54 195
54 198
54 202
54 204
54 205
54 206
54 213
54 215
54 235
54 240
54 242
54 246
55 57
55 71
55 74
55 80
55 83
55 87
55 93
55 98
55 100
55 102
55 103
55 104
55 111
55 112
55 117
55 121
55 131
55 136
55 143
55 144
55 149
55 155
55 157
55 160
55 162
55 168
55 170
55 174
55 175
55 178
55 179
55 180
55 182
55 185
55 206
55 209
55 218
55 220
55 221
55 222
55 223
55 237
55 238
55 241
55 247
56 62
56 66
56 80
56 81
56 92
56 99
56 100
56 104
56 107
56 113
56 115
56 116
56 117
56 119
56 122
56 124
56 130
56 135
56 138
56 141
56 144
56 145
56 146
56 152
56 153
56 156
56 159
56 162
56 163
56 165
56 172
56 176
56 186
56 190
56 192
56 203
56 206
56 208
56 211
56 216
56 220
56 222
56 223
56 227
56 232
56 235
56 238
56 242
56 243
57 63
57 66
57 67
57 74
57 75
57 78
57 79
57 80
57 87
57 93
57 99
57 103
57 105
57 110
57 120
57 122
57 124
57 126
57 139
57 140
57 150
57 159
57 171
57 173
57 177
57 178
57 180
57 183
57 194
57 199
57 209
57 210
57 211
57 217
57 220
57 223
57 225
57 228
57 235
57 243
57 245
57 248
58 60
58 61
58 66
58 70
58 71
58 72
58 74
58 78
58 79
58 81
58 82
58 88
58 100
58 101
58 102
58 115
58 121
58 127
58 129
58 141
58 143
58 145
58 150
58 151
58 156
58 163
58 167
58 169
58 174
58 184
58 193
58 198
58 200
58 207
58 209
58 214
58 215
58 218
58 224
58 228
58 229
58 234
58 240
58 246
58 248
59 61
59 64
59 69
59 75
59 78
59 81
59 87
59 91
59 92
59 97
59 102
59 106
59 110
59 112
59 117
59 119
59 124
59 125
59 131
59 135
59 136
59 142
59 145
59 146
59 151
59 152
59 157
59 163
59 167
59 169
59 181
59 183
59 184
59 203
59 204
59 212
59 220
59 230
59 241
59 243
59 244
59 245
60 64
60 66
60 69
60 76
60 87
60 101
60 104
60 108
60 110
60 112
60 113
60 119
60 124
60 128
60 131
60 142
60 158
60 159
60 162
60 171
60 172
60 182
60 184
60 187
60 200
60 204
60 222
60 231
60 235
60 236
60 245
61 64
61 66
61 67
61 68
61 79
61 85
61 91
61 92
61 93
61 95
61 97
61 124
61 126
61 128
61 136
61 140
61 141
61 149
61 159
61 161
61 164
61 170
61 171
61 182
61 185
61 186
61 187
61 190
61 192
61 194
61 196
61 198
61 201
61 207
61 213
61 218
61 222
61 228
61 249
62 68
62 73
62 79
62 92
62 97
62 98
62 101
62 107
62 117
62 121
62 129
62 142
62 144
62 149
62 156
62 159
62 160
62 163
62 167
62 172
62 177
62 179
62 184
62 185
62 193
62 194
62 198
62 204
62 210
62 213
62 215
62 220
62 223
62 224
62 225
62 228
62 230
62 235
62 245
62 248
63 66
63 75
63 83
63 86
63 87
63 89
63 90
63 91
63 95
63 96
63 102
63 108
63 110
63 113
63 115
63 118
63 119
63 123
63 131
63 137
63 139
63 141
63 149
63 167
63 173
63 176
63 177
63 183
63 184
63 187
63 191
63 199
63 201
63 202
63 210
63 214
63 215
63 222
63 226
63 230
63 231
63 237
63 247
63 249
64 69
64 79
64 91
64 92
64 104
64 107
64 112
64 122
64 124
64 126
64 127
64 144
64 152
64 155
64 156
64 159
64 163
64 164
64 168
64 170
64 174
64 181
64 184
64 190
64 194
64 200
64 202
64 208
64 215
64 217
64 223
64 225
64 231
64 232
64 233
64 237
64 238
64 239
64 240
64 245
65 70
65 72
65 73
65 75
65 80
65 82
65 97
65 98
65 100
65 101
65 109
65 111
65 120
65 123
65 124
65 131
65 134
65 137
65 138
65 143
65 145
65 146
65 154
65 160
65 161
65 164
65 165
65 168
65 176
65 182
65 184
65 189
65 190
65 191
65 193
65 194
65 200
65 203
65 212
65 215
65 218
65 225
65 243
65 245
65 247
65 248
66 69
66 79
66 80
66 81
66 88
66 89
66 92
66 95
66 98
66 101
66 106
66 109
66 117
66 118
66 124
66 125
66 126
66 141
66 144
66 145
66 146
66 149
66 150
66 151
66 154
66 157
66 161
66 174
66 175
66 176
66 178
66 179
66 206
66 209
66 229
66 236
66 241
66 248
67 68
67 71
67 76
67 77
67 80
67 89
67 92
67 94
67 97
67 101
67 110
67 114
67 119
67 131
67 147
67 149
67 150
67 164
67 165
67 172
67 182
67 184
67 185
67 189
67 193
67 196
67 198
67 204
67 212
67 214
67 216
67 225
67 227
67 236
67 239
68 75
68 77
68 78
68 79
68 81
68 85
68 87
68 92
68 95
68 97
68 98
68 100
68 111
68 114
68 115
68 121
68 125
68 133
68 136
68 138
68 141
68 142
68 152
68 157
68 161
68 162
68 165
68 180
68 186
68 201
68 204
68 207
68 208
68 209
68 210
68 215
68 220
68 231
68 236
68 239
68 249
69 73
69 76
69 79
69 81
69 89
69 90
69 102
69 103
69 108
69 114
69 115
69 130
69 134
69 137
69 141
69 143
69 146
69 155
69 157
69 161
69 162
69 166
69 177
69 187
69 191
69 195
69 198
69 206
69 208
69 210
69 223
69 227
69 229
69 233
69 243
69 248
69 249
70 73
70 74
70 78
70 84
70 87
70 101
70 102
70 105
70 108
70 123
70 129
70 135
70 138
70 143
70 144
70 148
70 154
70 160
70 169
70 180
70 183
70 198
70 205
70 209
70 219
70 221
70 227
70 230
70 237
70 248
71 75
71 79
71 84
71 85
71 87
71 95
71 101
71 105
71 106
71 108
71 111
71 117
71 118
71 128
71 148
71 150
71 168
71 178
71 197
71 205
71 224
71 235
71 243
71 247
71 249
72 75
72 77
72 84
72 87
72 93
72 94
72 95
72 100
72 104
72 108
72 109
72 111
72 112
72 116
72 119
72 136
72 139
72 140
72 141
72 144
72 153
72 158
72 159
72 172
72 174
72 177
72 179
72 185
72 198
72 199
72 201
72 214
72 221
72 239
72 243
72 246
73 78
73 80
73 81
73 90
73 94
73 95
73 100
73 101
73 103
73 128
73 129
73 130
73 132
73 134
73 135
73 136
73 138
73 142
73 148
73 152
73 155
73 157
73 161
73 165
73 170
73 171
73 172
73 175
73 176
73 177
73 189
73 192
73 205
73 209
73 214
73 229
73 231
73 237
73 238
73 243
73 247
73 249
74 77
74 85
74 86
74 90
74 102
74 104
74 108
74 120
74 121
74 123
74 135
74 147
74 149
74 150
74 156
74 179
74 185
74 187
74 214
74 219
74 224
74 226
74 229
74 232
74 242
74 249
75 77
75 83
75 87
75 89
75 94
75 97
75 100
75 114
75 115
75 135
75 136
75 139
75 149
75 152
75 154
75 155
75 156
75 159
75 160
75 162
75 171
75 172
75 174
75 176
75 178
75 180
75 187
75 189
75 191
75 193
75 195
75 198
75 205
75 211
75 218
75 219
75 224
75 229
75 238
75 242
76 82
76 84
76 85
76 93
76 96
76 98
76 106
76 116
76 118
76 119
76 124
76 127
76 131
76 135
76 152
76 154
76 156
76 162
76 163
76 169
76 171
76 176
76 182
76 183
76 185
76 189
76 195
76 196
76 200
76 207
76 209
76 217
76 220
76 223
76 225
76 230
76 235
76 241
76 242
77 83
77 85
77 94
77 95
77 99
77 105
77 119
77 121
77 126
77 128
77 129
77 147
77 150
77 152
77 153
77 170
77 174
77 175
77 183
77 184
77 190
77 192
77 194
77 197
77 200
77 202
77 205
77 206
77 213
77 217
77 224
77 225
77 227
77 230
77 238
77 240
77 242
77 247
77 249
78 83
78 84
78 89
78 102
78 108
78 110
78 112
78 114
78 116
78 119
78 132
78 133
78 134
78 136
78 139
78 159
78 160
78 177
78 179
78 180
78 183
78 188
78 191
78 201
78 206
78 208
78 209
78 213
78 214
78 217
78 223
78 224
78 226
78 231
78 232
78 235
78 240
78 246
78 247
79 80
79 82
79 97
79 100
79 103
79 105
79 106
79 110
79 115
79 117
79 119
79 125
79 130
79 137
79 142
79 146
79 158
79 165
79 176
79 178
79 179
79 182
79 186
79 188
79 190
79 191
79 199
79 202
79 222
79 231
79 232
79 239
79 241
79 247
79 249
80 81
80 91
80 93
80 101
80 116
80 119
80 122
80 125
80 136
80 139
80 140
80 141
80 143
80 145
80 146
80 147
80 150
80 157
80 161
80 167
80 176
80 179
80 190
80 194
80 203
80 205
80 208
80 209
80 211
80 223
80 224
80 226
80 233
80 238
80 241
80 242
80 243
80 244
81 86
81 95
81 98
81 107
81 108
81 115
81 116
81 119
81 122
81 125
81 131
81 135
81 136
81 137
81 140
81 154
81 155
81 158
81 163
81 165
81 171
81 173
81 175
81 178
81 187
81 195
81 197
81 201
81 202
81 204
81 213
81 217
81 226
81 239
81 240
81 248
82 84
82 85
82 90
82 91
82 100
82 102
82 105
82 129
82 134
82 137
82 141
82 142
82 143
82 144
82 147
82 161
82 169
82 170
82 173
82 176
82 185
82 191
82 193
82 198
82 205
82 217
82 218
82 219
82 226
82 227
82 231
82 236
82 238
82 241
82 243
82 248
83 95
83 101
83 103
83 112
83 121
83 122
83 124
83 127
83 139
83 151
83 157
83 158
83 169
83 172
83 174
83 179
83 190
83 191
83 194
83 199
83 200
83 202
83 209
83 215
83 219
83 225
83 227
83 229
83 230
83 234
83 244
83 246
84 88
84 93
84 105
84 109
84 111
84 125
84 126
84 129
84 135
84 144
84 152
84 154
84 161
84 164
84 171
84 172
84 174
84 180
84 200
84 203
84 212
84 214
84 226
84 229
84 236
84 245
84 249
85 88
85 96
85 100
85 108
85 110
85 116
85 119
85 131
85 132
85 134
85 138
85 142
85 153
85 156
85 159
85 160
85 163
85 168
85 187
85 197
85 199
85 203
85 208
85 217
85 227
85 235
85 237
85 239
85 243
85 244
85 247
86 87
86 88
86 90
86 91
86 100
86 101
86 103
86 115
86 119
86 130
86 132
86 135
86 140
86 144
86 146
86 152
86 158
86 160
86 168
86 170
86 176
86 177
86 178
86 190
86 191
86 195
86 198
86 216
86 217
86 218
86 219
86 232
86 249
87 102
87 110
87 127
87 133
87 134
87 152
87 153
87 166
87 171
87 187
87 193
87 204
87 205
87 213
87 215
87 219
87 226
88 96
88 99
88 100
88 102
88 108
88 111
88 113
88 114
88 119
88 126
88 130
88 131
88 134
88 140
88 148
88 150
88 152
88 153
88 156
88 161
88 164
88 170
88 174
88 176
88 187
88 190
88 195
88 196
88 200
88 209
88 210
88 211
88 213
88 215
88 219
88 222
88 235
88 246
88 247
88 248
89 91
89 96
89 97
89 101
89 102
89 106
89 111
89 114
89 116
89 120
89 141
89 142
89 147
89 160
89 162
89 164
89 169
89 170
89 175
89 188
89 192
89 193
89 207
89 209
89 218
89 219
89 222
89 224
89 228
89 229
89 233
90 93
90 95
90 97
90 101
90 104
90 106
90 107
90 110
90 114
90 120
90 123
90 134
90 156
90 162
90 164
90 165
90 169
90 171
90 172
90 177
90 185
90 190
90 206
90 215
90 219
90 225
90 230
90 233
90 243
91 97
91 100
91 103
91 107
91 112
91 114
91 117
91 126
91 133
91 143
91 146
91 156
91 157
91 163
91 165
91 167
91 178
91 185
91 187
91 189
91 190
91 193
91 194
91 196
91 204
91 208
91 219
91 220
91 222
91 225
91 228
91 233
91 237
92 100
92 106
92 117
92 122
92 124
92 129
92 130
92 133
92 135
92 142
92 146
92 149
92 150
92 157
92 162
92 163
92 173
92 178
92 180
92 184
92 187
92 208
92 210
92 216
93 105
93 106
93 107
93 109
93 121
93 124
93 167
93 181
93 195
93 207
93 211
93 214
93 216
93 220
93 227
93 239
93 242
93 249
94 96
94 99
94 100
94 109
94 112
94 113
94 118
94 122
94 125
94 126
94 147
94 152
94 157
94 162
94 163
94 164
94 167
94 168
94 174
94 178
94 185
94 197
94 198
94 206
94 207
94 208
94 216
94 219
94 220
94 224
94 225
94 226
94 228
94 235
95 97
95 106
95 110
95 115
95 138
95 139
95 146
95 151
95 154
95 156
95 157
95 161
95 162
95 168
95 178
95 180
95 197
95 198
95 199
95 202
95 205
95 209
95 211
95 212
95 215
95 216
95 218
95 222
95 225
95 229
95 241
95 246
96 112
96 114
96 117
96 122
96 128
96 136
96 149
96 160
96 162
96 165
96 168
96 170
96 171
96 179
96 180
96 184
96 188
96 191
96 192
96 197
96 205
96 226
96 228
96 240
96 246
97 103
97 104
97 106
97 117
97 128
97 134
97 136
97 147
97 150
97 158
97 159
97 161
97 176
97 180
97 194
97 197
97 201
97 208
97 212
97 213
97 215
97 221
97 231
97 235
97 239
97 242
97 246
97 247
97 248
98 100
98 105
98 108
98 120
98 126
98 138
98 139
98 143
98 154
98 156
98 159
98 161
98 166
98 168
98 174
98 185
98 191
98 192
98 206
98 209
98 213
98 217
98 232
98 233
98 247
98 248
99 103
99 112
99 113
99 116
99 117
99 120
99 122
99 129
99 135
99 139
99 142
99 144
99 145
99 154
99 160
99 167
99 171
99 179
99 205
99 213
99 217
99 229
99 238
99 243
99 245
100 102
100 110
100 120
100 123
100 128
100 133
100 135
100 140
100 156
100 165
100 167
100 173
100 174
100 182
100 183
100 192
100 204
100 206
100 213
100 216
100 219
100 220
100 222
100 236
100 238
100 242
100 246
100 247
101 103
101 109
101 132
101 134
101 135
101 141
101 144
101 145
101 153
101 156
101 161
101 163
101 171
101 179
101 182
101 191
101 195
101 207
101 220
101 222
101 225
101 229
101 241
101 242
101 244
102 104
102 105
102 122
102 124
102 127
102 148
102 152
102 154
102 156
102 160
102 164
102 183
102 185
102 199
102 202
102 207
102 215
102 216
102 220
102 234
102 235
102 238
102 247
103 105
103 118
103 119
103 121
103 132
103 139
103 149
103 151
103 152
103 160
103 165
103 167
103 175
103 182
103 212
103 214
103 217
103 221
103 226
103 241
104 105
104 107
104 110
104 111
104 112
104 123
104 124
104 138
104 139
104 140
104 143
104 156
104 158
104 168
104 175
104 180
104 181
104 182
104 188
104 192
104 193
104 194
104 197
104 198
104 199
104 201
104 202
104 210
104 211
104 221
104 230
104 234
104 237
104 244
104 245
104 246
104 247
104 248
105 109
105 115
105 117
105 123
105 125
105 135
105 136
105 142
105 149
105 156
105 158
105 163
105 165
105 169
105 175
105 176
105 181
105 184
105 188
105 196
105 206
105 211
105 213
105 220
105 229
105 230
105 231
105 232
105 234
105 237
105 238
105 242
105 249
106 107
106 110
106 111
106 112
106 116
106 119
106 120
106 127
106 132
106 134
106 141
106 142
106 153
106 157
106 161
106 167
106 175
106 180
106 181
106 189
106 192
106 193
106 194
106 201
106 204
106 209
106 214
106 219
106 242
107 113
107 118
107 122
107 123
107 136
107 155
107 157
107 166
107 170
107 175
107 176
107 177
107 183
107 189
107 193
107 197
107 202
107 203
107 204
107 205
107 206
107 214
107 215
107 216
107 217
107 218
107 221
107 223
107 224
107 236
107 243
107 245
108 113
108 115
108 118
108 120
108 124
108 129
108 137
108 147
108 148
108 152
108 156
108 159
108 162
108 165
108 167
108 171
108 182
108 186
108 189
108 196
108 199
108 211
108 214
108 216
108 219
108 221
108 233
108 240
108 248
108 249
109 113
109 117
109 126
109 127
109 135
109 137
109 139
109 141
109 148
109 149
109 150
109 151
109 153
109 154
109 156
109 165
109 170
109 172
109 175
109 176
109 178
109 179
109 182
109 187
109 189
109 197
109 202
109 205
109 210
109 213
109 215
109 220
109 224
109 236
109 240
109 242
109 246
110 113
110 118
110 123
110 124
110 128
110 132
110 137
110 138
110 139
110 141
110 143
110 150
110 151
110 158
110 160
110 164
110 179
110 209
110 215
110 219
110 224
110 226
110 230
110 239
110 243
111 114
111 116
111 121
111 124
111 126
111 134
111 143
111 145
111 154
111 157
111 166
111 169
111 174
111 180
111 183
111 194
111 195
111 200
111 201
111 203
111 205
111 208
111 215
111 217
111 225
111 240
111 242
111 243
111 248
112 113
112 119
112 125
112 131
112 134
112 142
112 144
112 145
112 147
112 150
112 155
112 156
112 164
112 168
112 172
112 174
112 184
112 185
112 189
112 194
112 199
112 206
112 207
112 211
112 212
112 215
112 222
112 225
112 227
112 228
112 230
112 231
112 233
112 235
112 242
113 120
113 121
113 122
113 131
113 134
113 135
113 144
113 145
113 150
113 152
113 156
113 163
113 168
113 179
113 180
113 183
113 189
113 197
113 203
113 220
113 222
113 229
113 230
113 237
113 241
113 243
113 246
114 116
114 117
114 122
114 126
114 131
114 137
114 143
114 155
114 156
114 157
114 159
114 170
114 171
114 182
114 189
114 191
114 192
114 203
114 207
114 210
114 212
114 213
114 237
114 242
114 248
115 120
115 126
115 127
115 128
115 130
115 138
115 141
115 143
115 149
115 155
115 182
115 183
115 190
115 202
115 206
115 208
115 216
115 218
115 220
115 221
115 223
115 232
115 233
115 234
115 243
115 245
115 247
115 248
116 127
116 130
116 134
116 136
116 138
116 143
116 146
116 155
116 157
116 160
116 164
116 172
116 173
116 204
116 208
116 211
116 216
116 217
116 218
116 222
116 223
116 231
116 232
116 237
116 239
116 249
117 123
117 133
117 139
117 140
117 141
117 154
117 155
117 156
117 159
117 169
117 173
117 175
117 178
117 179
117 182
117 183
117 184
117 195
117 202
117 203
117 205
117 216
117 217
117 220
117 234
117 242
117 243
117 248
118 121
118 122
118 126
118 131
118 135
118 136
118 139
118 146
118 158
118 160
118 165
118 172
118 175
118 184
118 187
118 189
118 192
118 195
118 205
118 206
118 213
118 215
118 217
118 225
118 237
118 239
118 240
118 244
119 122
119 128
119 135
119 151
119 153
119 156
119 157
119 160
119 165
119 166
119 172
119 174
119 177
119 180
119 184
119 185
119 187
119 201
119 202
119 204
119 212
119 217
119 223
119 228
119 231
119 234
119 236
120 121
120 127
120 136
120 137
120 141
120 152
120 156
120 163
120 167
120 168
120 172
120 178
120 182
120 185
120 198
120 201
120 204
120 216
120 222
120 224
120 234
121 124
121 129
121 131
121 133
121 134
121 137
121 143
121 151
121 160
121 161
121 162
121 163
121 179
121 180
121 192
121 196
121 202
121 208
121 209
121 212
121 215
121 218
121 219
121 221
121 223
121 231
121 233
121 235
122 128
122 131
122 140
122 146
122 148
122 150
122 151
122 152
122 158
122 159
122 161
122 162
122 168
122 173
122 176
122 177
122 180
122 181
122 183
122 184
122 187
122 191
122 192
122 200
122 203
122 204
122 206
122 209
122 210
122 212
122 214
122 220
122 222
122 227
122 231
122 240
123 129
123 133
123 135
123 153
123 155
123 156
123 161
123 165
123 170
123 175
123 176
123 182
123 184
123 188
123 199
123 200
123 203
123 205
123 206
123 207
123 212
123 229
123 241
123 244
124 138
124 140
124 147
124 149
124 152
124 153
124 160
124 178
124 179
124 181
124 187
124 190
124 196
124 202
124 206
124 214
124 218
124 220
124 222
124 235
124 244
125 128
125 129
125 131
125 142
125 143
125 147
125 148
125 153
125 159
125 168
125 169
125 174
125 182
125 191
125 193
125 199
125 204
125 211
125 212
125 217
125 225
125 231
125 232
125 238
126 131
126 139
126 142
126 153
126 160
126 169
126 170
126 176
126 177
126 182
126 188
126 191
126 195
126 203
126 223
126 230
126 233
126 236
126 238
126 243
127 129
127 136
127 137
127 140
127 142
127 144
127 150
127 155
127 157
127 159
127 169
127 170
127 173
127 179
127 180
127 181
127 183
127 186
127 194
127 201
127 206
127 217
127 228
127 229
127 230
127 234
127 240
127 248
128 130
128 138
128 145
128 150
128 151
128 161
128 163
128 167
128 170
128 173
128 174
128 183
128 194
128 203
128 209
128 210
128 215
128 220
128 221
128 226
128 228
128 231
128 233
128 234
129 132
129 134
129 135
129 143
129 148
129 152
129 158
129 167
129 171
129 174
129 180
129 182
129 199
129 200
129 212
129 214
129 218
129 219
129 221
129 225
129 233
129 238
129 243
129 244
130 132
130 133
130 137
130 140
130 142
130 144
130 148
130 156
130 164
130 166
130 167
130 170
130 174
130 182
130 183
130 184
130 186
130 192
130 197
130 201
130 202
130 204
130 210
130 216
130 224
130 227
130 235
130 239
130 246
130 247
131 134
131 137
131 145
131 167
131 168
131 172
131 174
131 182
131 183
131 190
131 196
131 200
131 206
131 209
131 213
131 218
131 220
131 229
131 230
131 240
131 242
132 133
132 143
132 145
132 155
132 176
132 182
132 186
132 192
132 197
132 198
132 200
132 212
132 218
132 220
132 221
132 230
132 231
132 234
132 236
132 241
132 248
133 147
133 155
133 156
133 162
133 169
133 194
133 207
133 211
133 212
133 225
133 229
133 233
133 234
133 238
133 245
133 247
133 248
134 137
134 139
134 144
134 169
134 173
134 174
134 177
134 183
134 186
134 192
134 195
134 200
134 202
134 205
134 211
134 212
134 216
134 219
134 222
134 225
134 238
134 239
134 240
134 243
134 246
134 247
134 248
135 136
135 138
135 147
135 153
135 158
135 160
135 168
135 171
135 178
135 180
135 181
135 187
135 196
135 200
135 204
135 215
135 222
135 225
135 226
135 239
135 243
135 244
135 248
136 145
136 154
136 163
136 164
136 166
136 170
136 181
136 187
136 194
136 198
136 206
136 208
136 227
136 231
136 232
136 234
136 236
136 247
137 152
137 154
137 156
137 160
137 161
137 173
137 187
137 191
137 194
137 206
137 211
137 214
137 218
137 223
137 225
137 229
137 235
137 239
137 241
137 245
138 143
138 147
138 152
138 154
138 158
138 169
138 170
138 172
138 185
138 192
138 193
138 195
138 199
138 204
138 205
138 207
138 215
138 219
138 220
138 224
138 234
138 240
139 143
139 147
139 149
139 151
139 154
139 160
139 163
139 179
139 180
139 183
139 193
139 194
139 199
139 214
139 216
139 219
139 221
139 237
139 245
139 246
139 248
140 150
140 161
140 162
140 164
140 165
140 166
140 167
140 175
140 176
140 178
140 183
140 186
140 192
140 202
140 207
140 220
140 224
140 231
140 232
140 237
140 245
140 246
141 142
141 143
141 145
141 146
141 149
141 155
141 159
141 160
141 162
141 163
141 167
141 177
141 183
141 185
141 190
141 198
141 206
141 211
141 213
141 216
141 223
141 230
141 232
141 237
141 247
142 163
142 171
142 174
142 179
142 182
142 195
142 196
142 204
142 205
142 217
142 219
142 224
142 232
142 234
142 238
142 239
142 241
142 242
142 246
142 247
143 158
143 164
143 167
143 170
143 178
143 180
143 186
143 205
143 207
143 209
143 210
143 212
143 218
143 223
143 231
143 248
144 145
144 148
144 150
144 159
144 160
144 161
144 169
144 174
144 175
144 177
144 178
144 186
144 190
144 194
144 200
144 202
144 208
144 211
144 214
144 215
144 216
144 220
144 228
144 235
144 236
144 237
144 247
144 249
145 149
145 151
145 153
145 154
145 155
145 163
145 168
145 175
145 176
145 178
145 179
145 181
145 183
145 184
145 186
145 188
145 191
145 192
145 195
145 204
145 214
145 226
145 230
145 236
145 240
145 249
146 147
146 152
146 158
146 163
146 164
146 165
146 167
146 183
146 184
146 185
146 188
146 194
146 195
146 196
146 207
146 209
146 212
146 234
146 248
147 149
147 156
147 161
147 172
147 173
147 174
147 177
147 181
147 182
147 188
147 197
147 201
147 216
147 217
147 218
147 219
147 226
147 231
147 234
147 238
147 242
147 247
147 248
148 150
148 152
148 158
148 164
148 166
148 167
148 177
148 179
148 186
148 192
148 193
148 194
148 207
148 208
148 222
148 227
148 231
148 232
148 235
148 238
148 242
148 244
148 247
149 152
149 153
149 158
149 161
149 194
149 195
149 198
149 199
149 200
149 203
149 211
149 219
149 222
149 228
149 229
149 239
149 241
149 243
149 245
149 246
150 153
150 155
150 156
150 167
150 169
150 173
150 175
150 178
150 179
150 193
150 197
150 199
150 202
150 203
150 216
150 220
150 224
150 232
150 234
150 239
150 240
150 242
151 152
151 156
151 158
151 160
151 166
151 168
151 174
151 175
151 184
151 194
151 198
151 207
151 212
151 219
151 223
151 229
151 231
151 234
151 243
151 249
152 166
152 168
152 169
152 171
152 172
152 174
152 175
152 184
152 187
152 190
152 192
152 193
152 209
152 231
152 232
152 244
153 157
153 161
153 164
153 177
153 181
153 184
153 186
153 191
153 193
153 194
153 226
153 229
153 230
153 232
153 233
153 234
153 239
153 240
153 241
153 242
154 168
154 173
154 176
154 185
154 188
154 189
154 195
154 200
154 201
154 205
154 206
154 211
154 222
154 234
154 235
154 236
154 249
155 157
155 158
155 162
155 168
155 182
155 186
155 187
155 189
155 191
155 193
155 195
155 207
155 211
155 215
155 219
155 224
155 227
155 228
155 231
155 239
155 248
156 157
156 164
156 167
156 169
156 179
156 181
156 184
156 191
156 198
156 199
156 206
156 214
156 218
156 221
156 222
156 228
156 245
157 158
157 159
157 168
157 171
157 179
157 182
157 183
157 185
157 189
157 194
157 196
157 198
157 199
157 208
157 211
157 215
157 219
157 231
157 232
157 233
157 241
157 248
158 159
158 165
158 175
158 177
158 178
158 179
158 184
158 186
158 190
158 193
158 200
158 204
158 208
158 210
158 223
158 224
158 231
158 234
158 236
158 242
158 244
158 246
159 164
159 167
159 169
159 173
159 174
159 179
159 187
159 191
159 195
159 197
159 199
159 203
159 210
159 223
159 226
159 227
159 229
159 231
159 233
159 234
159 238
159 240
159 242
160 165
160 169
160 171
160 179
160 182
160 188
160 189
160 193
160 197
160 206
160 210
160 219
160 220
160 229
160 235
160 237
160 238
160 247
160 248
161 170
161 171
161 174
161 176
161 181
161 192
161 199
161 202
161 206
161 207
161 216
161 217
161 220
161 230
161 231
161 237
161 239
161 242
161 244
161 247
161 249
162 167
162 172
162 173
162 186
162 189
162 190
162 194
162 197
162 201
162 202
162 205
162 209
162 218
162 220
162 230
162 235
162 241
162 242
163 188
163 190
163 192
163 198
163 201
163 208
163 214
163 220
163 233
163 235
163 236
163 237
163 244
163 247
164 165
164 169
164 179
164 183
164 185
164 196
164 199
164 200
164 207
164 210
164 214
164 216
164 217
164 238
164 239
164 245
164 249
165 168
165 172
165 173
165 181
165 192
165 202
165 210
165 221
165 228
165 233
165 234
165 242
166 167
166 168
166 171
166 172
166 176
166 206
166 210
166 212
166 214
166 221
166 225
166 226
166 228
166 229
166 241
166 242
166 245
167 170
167 172
167 175
167 176
167 180
167 183
167 186
167 188
167 192
167 199
167 203
167 204
167 207
167 212
167 226
167 234
167 249
168 169
168 176
168 180
168 181
168 189
168 190
168 191
168 198
168 208
168 210
168 213
168 214
168 222
168 226
168 227
168 229
168 233
168 244
169 171
169 173
169 177
169 184
169 185
169 190
169 191
169 198
169 210
169 213
169 220
169 221
169 222
169 229
169 232
169 236
169 237
169 242
169 246
169 247
170 171
170 175
170 177
170 188
170 190
170 191
170 194
170 209
170 219
170 220
170 236
170 242
170 243
170 244
171 174
171 190
171 191
171 202
171 204
171 214
171 219
171 230
171 247
172 180
172 184
172 189
172 194
172 202
172 205
172 207
172 209
172 211
172 216
172 220
172 221
172 224
172 229
172 233
172 235
172 239
172 240
172 241
172 249
173 177
173 184
173 185
173 186
173 195
173 197
173 202
173 215
173 216
173 220
173 233
173 236
173 237
173 242
173 244
173 249
174 180
174 181
174 189
174 195
174 197
174 198
174 201
174 202
174 208
174 211
174 212
174 213
174 215
174 217
174 222
174 223
174 224
174 227
174 230
174 234
174 238
174 242
174 244
174 247
174 248
174 249
175 176
175 177
175 181
175 186
175 192
175 200
175 220
175 227
175 233
175 239
175 240
176 185
176 195
176 199
176 203
176 204
176 220
176 225
176 227
176 231
176 239
176 249
177 182
177 188
177 190
177 194
177 202
177 212
177 216
177 218
177 220
177 224
177 235
177 236
177 244
178 181
178 184
178 188
178 190
178 195
178 198
178 208
178 221
178 226
178 234
178 236
178 241
178 244
178 247
179 183
179 184
179 189
179 190
179 195
179 199
179 205
179 206
179 207
179 213
179 218
179 220
179 222
179 223
179 225
179 236
179 237
179 242
179 245
179 246
180 182
180 186
180 187
180 190
180 203
180 209
180 216
180 217
180 220
180 221
180 233
180 234
180 240
180 241
180 246
181 185
181 190
181 195
181 204
181 217
181 223
181 229
181 234
181 237
181 238
181 242
182 185
182 191
182 200
182 209
182 213
182 218
182 228
182 229
182 230
182 238
182 239
182 241
182 243
182 244
183 184
183 187
183 191
183 194
183 196
183 200
183 206
183 215
183 217
183 218
183 227
183 228
183 233
183 238
183 243
184 187
184 190
184 197
184 201
184 203
184 207
184 208
184 210
184 217
184 219
184 222
184 225
184 227
184 242
185 186
185 190
185 200
185 205
185 212
185 213
185 226
185 233
185 235
185 249
186 192
186 195
186 196
186 201
186 207
186 208
186 228
186 236
187 191
187 192
187 193
187 198
187 209
187 210
187 211
187 213
187 215
187 221
187 225
187 232
187 242
187 247
188 189
188 196
188 202
188 204
188 206
188 208
188 210
188 211
188 213
188 218
188 219
188 221
188 232
188 237
188 240
188 248
189 190
189 192
189 195
189 197
189 202
189 209
189 212
189 213
189 223
189 229
190 191
190 196
190 204
190 205
190 220
190 223
190 224
190 235
190 244
190 245
191 204
191 211
191 212
191 215
191 217
191 220
191 225
191 247
192 195
192 203
192 204
192 207
192 210
192 212
192 213
192 221
192 223
192 225
192 226
192 228
192 233
192 239
192 244
192 248
192 249
193 199
193 208
193 214
193 219
193 221
193 222
193 229
193 236
193 240
194 199
194 203
194 209
194 212
194 219
194 223
194 225
194 230
194 234
194 237
194 238
194 244
195 197
195 202
195 206
195 208
195 210
195 213
195 221
195 225
195 233
195 234
195 243
195 245
195 248
196 199
196 203
196 214
196 216
196 220
196 225
196 226
196 236
196 237
196 238
196 244
196 245
196 249
197 206
197 209
197 213
197 220
197 222
197 234
197 237
197 239
197 246
198 206
198 220
198 231
198 235
198 237
198 239
198 244
198 249
199 207
199 214
199 215
199 220
199 230
199 235
199 236
199 238
200 203
200 208
200 209
200 226
200 230
200 235
200 236
200 242
200 245
201 204
201 205
201 211
201 213
201 218
201 222
201 224
201 225
201 234
201 236
201 241
201 242
201 246
201 247
201 249
202 210
202 211
202 212
202 214
202 223
202 227
202 229
202 231
202 234
202 236
202 241
202 248
203 206
203 208
203 210
203 213
203 214
203 217
203 228
203 230
203 231
203 238
203 239
203 245
203 246
203 249
204 228
204 230
204 231
204 238
204 242
205 208
205 226
205 229
205 230
205 233
205 243
205 247
205 248
206 208
206 210
206 217
206 220
206 225
206 228
206 230
206 232
206 233
206 234
206 235
206 238
206 243
206 247
207 208
207 217
207 218
207 219
207 221
207 222
207 241
207 244
207 245
208 210
208 216
208 228
208 239
208 242
208 243
208 249
209 220
209 222
209 231
209 233
209 237
209 238
209 239
209 241
209 242
209 244
210 215
210 217
210 218
210 219
210 221
210 222
210 241
210 247
211 230
211 234
211 241
211 242
211 245
212 216
212 217
212 218
212 224
212 242
213 217
213 225
213 243
214 221
214 225
214 228
214 229
214 230
214 232
214 234
214 241
214 246
215 219
215 223
215 226
215 227
215 229
215 237
215 242
216 225
216 232
216 236
216 240
216 245
217 218
217 219
217 222
217 224
217 231
217 234
217 235
217 236
217 237
217 240
217 243
218 226
218 236
218 244
218 246
218 248
219 230
219 232
219 234
219 247
220 223
220 225
220 229
220 231
220 241
220 245
220 247
221 223
221 234
221 238
221 244
221 248
222 229
222 230
222 231
222 238
222 245
222 246
223 224
223 227
223 244
223 248
224 228
224 231
224 236
224 238
224 248
225 239
225 240
225 241
225 247
226 230
226 231
226 233
226 236
226 238
226 240
227 237
227 239
227 242
227 249
228 234
228 239
229 235
229 238
229 241
229 242
229 245
229 246
230 248
231 249
232 233
232 236
232 237
232 240
232 247
232 248
233 236
233 240
234 235
234 243
234 246
235 241
235 245
236 248
237 239
237 243
238 249
239 243
239 247
239 249
240 242
241 245
244 247
245 246
245 247
245 248
246 248

0 1 1 1 0 1 0 1 1 0 0 0 0 1 0 1 0 1 1 0 1 0 1 1 1 1 0 0 0 1 1 1 1 1 0 1 0 1 0 1 1 0 0 0 0 1 0 1 0 0 0 1 0 1 1 1 1 1 0 1 0 1 1 0 0 0 0 0 0 1 0 0 0 1 0 1 1 1 1 1 0 0 1 0 1 1 1 1 0 1 1 1 0 0 1 1 0 1 0 1 1 0 0 0 1 1 1 0 1 0 0 1 0 1 0 0 0 0 0 0 0 1 1 0 1 1 1 0 0 0 1 1 0 0 0 1 0 1 0 0 1 1 1 0 0 1 0 0 0 0 1 1 1 1 1 1 1 0 1 0 1 0 1 1 0 1 1 1 0 1 0 0 1 0 1 0 1 0 1 0 0 0 1 0 1 0 0 1 1 0 0 0 1 0 0 0 1 1 1 0 1 0 0 0 0 0 1 0 1 1 1 0 0 1 0 1 1 1 0 1 0 0 0 1 1 1 1 1 0 0 0 1 0 0 0 0 1 0 1 0 1 1 1 0 1 1 1 0 0 0