150 2193
0 1 2 3 4 5 6 7 8 9 10 11 12 13 14 15 16 17 18 19 20 21 22 23 24 25 26 27 28 29 30 31 32 33 34 35 36 37 38 39 40 41 42 43 44 45 46 47 48 49 50 51 52 53 54 55 56 57 58 59 60 61 62 63 64 65 66 67 68 69 70 71 72 73 74 75 76 77 78 79 80 81 82 83 84 85 86 87 88 89 90 91 92 93 94 95 96 97 98 99 100 101 102 103 104 105 106 107 108 109 110 111 112 113 114 115 116 117 118 119 120 121 122 123 124 125 126 127 128 129 130 131 132 133 134 135 136 137 138 139 140 141 142 143 144 145 146 147 148 149
0 5
0 9
0 11
0 13
0 14
0 15
0 23
0 33
0 34
0 41
0 43
0 44
0 47
0 48
0 54
0 55
0 64
0 103
0 112
0 115
0 130
0 137
0 139
0 149
1 2
1 7
1 9
1 20
1 25
1 26
1 28
1 33
1 34
1 39
1 41
1 47
1 74
1 77
1 82
1 84
1 95
1 98
1 112
1 113
1 128
1 136
1 137
1 141
1 143
1 144
1 147
1 148
2 3
2 8
2 17
2 20
2 23
2 28
2 30
2 40
2 42
2 46
2 47
2 49
2 51
2 52
2 61
2 64
2 66
2 71
2 80
2 92
2 98
2 109
2 111
2 113
2 114
2 118
2 119
2 124
2 141
2 148
3 6
3 8
3 13
3 24
3 25
3 31
3 33
3 42
3 52
3 54
3 63
3 70
3 82
3 91
3 93
3 94
3 97
3 101
3 105
3 111
3 112
3 126
3 132
3 135
3 137
3 145
3 146
3 149
4 11
4 12
4 19
4 22
4 37
4 38
4 42
4 49
4 58
4 73
4 74
4 76
4 77
4 89
4 90
4 94
4 96
4 100
4 104
4 112
4 120
4 128
4 130
4 146
4 149
5 11
5 16
5 23
5 25
5 33
5 34
5 38
5 44
5 47
5 49
5 52
5 53
5 56
5 59
5 61
5 62
5 67
5 68
5 78
5 83
5 94
5 97
5 103
5 104
5 113
5 117
5 122
5 130
5 132
5 133
5 144
5 149
6 7
6 9
6 10
6 15
6 21
6 29
6 30
6 33
6 36
6 37
6 43
6 46
6 48
6 51
6 53
6 54
6 63
6 66
6 85
6 92
6 112
6 114
6 124
6 126
6 132
6 134
6 136
6 137
6 144
6 146
7 11
7 13
7 23
7 34
7 46
7 57
7 62
7 65
7 75
7 101
7 108
7 119
7 120
7 124
7 130
7 139
7 142
7 144
7 149
8 12
8 16
8 22
8 23
8 24
8 28
8 29
8 36
8 38
8 39
8 42
8 43
8 47
8 61
8 76
8 80
8 86
8 90
8 94
8 95
8 101
8 102
8 103
8 104
8 105
8 111
8 113
8 117
8 118
8 123
8 125
8 127
8 128
8 138
8 139
8 141
9 10
9 13
9 14
9 21
9 22
9 26
9 38
9 44
9 46
9 47
9 53
9 56
9 61
9 66
9 74
9 75
9 80
9 93
9 96
9 101
9 103
9 108
9 114
9 118
9 131
9 133
9 136
9 138
9 142
10 16
10 19
10 27
10 32
10 35
10 48
10 51
10 52
10 55
10 56
10 57
10 58
10 61
10 64
10 65
10 74
10 75
10 80
10 84
10 88
10 103
10 104
10 112
10 116
10 131
10 141
10 142
11 17
11 48
11 61
11 74
11 77
11 81
11 82
11 88
11 93
11 96
11 98
11 99
11 103
11 107
11 123
11 124
11 125
11 126
11 133
11 135
11 142
12 16
12 22
12 26
12 33
12 36
12 39
12 55
12 59
12 64
12 81
12 85
12 89
12 94
12 124
12 127
12 128
12 133
12 144
13 15
13 18
13 29
13 34
13 35
13 42
13 50
13 61
13 62
13 75
13 76
13 77
13 80
13 81
13 82
13 83
13 92
13 100
13 110
13 127
13 133
13 138
14 37
14 38
14 40
14 41
14 42
14 47
14 56
14 58
14 61
14 69
14 71
14 80
14 84
14 86
14 91
14 93
14 95
14 96
14 101
14 106
14 111
14 114
14 120
14 138
14 147
14 148
15 18
15 21
15 28
15 31
15 35
15 43
15 57
15 65
15 69
15 71
15 73
15 75
15 104
15 105
15 107
15 118
15 120
15 122
15 132
15 133
15 142
15 149
16 29
16 36
16 62
16 65
16 66
16 74
16 76
16 78
16 87
16 90
16 92
16 98
16 100
16 110
16 115
16 120
16 122
16 127
16 128
16 144
17 18
17 19
17 23
17 45
17 48
17 52
17 53
17 54
17 56
17 65
17 70
17 71
17 75
17 82
17 91
17 95
17 102
17 103
17 106
17 109
17 111
17 113
17 116
17 119
17 120
17 127
17 128
17 129
17 139
18 29
18 34
18 35
18 41
18 42
18 46
18 49
18 54
18 61
18 62
18 69
18 73
18 92
18 94
18 98
18 99
18 100
18 101
18 105
18 108
18 109
18 113
18 120
18 122
18 124
18 127
18 138
18 146
18 148
19 20
19 21
19 25
19 31
19 35
19 36
19 37
19 39
19 40
19 42
19 48
19 49
19 53
19 59
19 63
19 65
19 68
19 71
19 73
19 78
19 87
19 97
19 111
19 122
19 125
19 127
19 132
19 135
19 137
19 142
19 144
19 146
20 21
20 25
20 26
20 34
20 40
20 42
20 44
20 48
20 53
20 59
20 62
20 65
20 79
20 80
20 81
20 89
20 90
20 93
20 108
20 109
20 113
20 116
20 128
20 131
20 135
20 138
20 139
20 141
20 143
21 27
21 28
21 30
21 32
21 33
21 39
21 40
21 45
21 49
21 54
21 58
21 60
21 61
21 62
21 70
21 77
21 81
21 85
21 86
21 88
21 89
21 94
21 103
21 109
21 117
21 124
21 125
21 129
21 136
21 143
21 146
21 147
22 24
22 25
22 34
22 50
22 52
22 57
22 62
22 67
22 72
22 74
22 75
22 76
22 77
22 87
22 90
22 92
22 95
22 96
22 103
22 104
22 105
22 110
22 115
22 116
22 121
22 122
22 123
22 132
22 140
22 143
23 34
23 38
23 40
23 42
23 46
23 73
23 75
23 78
23 81
23 86
23 88
23 105
23 112
23 137
23 138
23 141
23 142
23 144
23 145
24 30
24 32
24 50
24 52
24 54
24 57
24 60
24 66
24 68
24 71
24 77
24 79
24 80
24 87
24 91
24 95
24 104
24 106
24 111
24 127
24 137
24 149
25 32
25 38
25 42
25 48
25 49
25 56
25 57
25 60
25 62
25 73
25 78
25 88
25 90
25 94
25 95
25 99
25 104
25 106
25 118
25 123
25 124
25 125
25 134
25 136
25 137
25 140
25 145
25 149
26 37
26 44
26 50
26 51
26 54
26 56
26 63
26 64
26 69
26 71
26 74
26 75
26 85
26 111
26 117
26 118
26 126
26 127
26 135
27 29
27 30
27 37
27 62
27 67
27 69
27 71
27 86
27 91
27 108
27 110
27 111
27 114
27 119
27 127
27 133
27 138
27 139
27 144
28 31
28 35
28 36
28 38
28 41
28 51
28 58
28 72
28 77
28 81
28 89
28 95
28 96
28 97
28 98
28 102
28 106
28 109
28 112
28 114
28 120
28 122
28 124
28 129
28 130
28 137
28 140
29 30
29 40
29 46
29 51
29 59
29 61
29 76
29 86
29 89
29 90
29 101
29 103
29 105
29 106
29 108
29 111
29 115
29 125
29 130
29 132
29 136
29 137
29 140
29 147
30 41
30 51
30 52
30 58
30 62
30 68
30 76
30 79
30 82
30 83
30 91
30 92
30 93
30 107
30 109
30 114
30 120
30 122
30 123
30 126
30 129
30 130
30 132
30 137
30 142
30 147
31 36
31 37
31 56
31 58
31 67
31 70
31 72
31 74
31 87
31 94
31 98
31 101
31 102
31 104
31 112
31 115
31 120
31 123
31 125
31 131
31 138
31 145
31 146
31 147
32 39
32 41
32 42
32 57
32 66
32 67
32 68
32 79
32 81
32 83
32 85
32 92
32 101
32 105
32 107
32 110
32 112
32 118
32 123
32 129
32 130
32 132
32 133
32 141
32 149
33 34
33 37
33 44
33 46
33 49
33 57
33 58
33 75
33 77
33 78
33 79
33 81
33 83
33 88
33 90
33 96
33 106
33 110
33 112
33 117
33 121
33 125
33 137
33 149
34 35
34 41
34 44
34 68
34 73
34 74
34 76
34 87
34 88
34 90
34 92
34 98
34 104
34 117
34 123
34 129
34 134
34 139
34 140
34 146
35 36
35 49
35 51
35 58
35 63
35 64
35 72
35 73
35 79
35 84
35 85
35 89
35 94
35 99
35 113
35 116
35 119
35 120
35 124
35 133
35 139
35 147
35 148
35 149
36 37
36 40
36 42
36 45
36 47
36 48
36 66
36 67
36 72
36 80
36 81
36 88
36 94
36 98
36 100
36 113
36 116
36 117
36 122
36 125
36 128
36 130
36 132
36 134
36 141
36 147
37 40
37 49
37 50
37 51
37 56
37 67
37 68
37 90
37 93
37 99
37 103
37 109
37 113
37 117
37 122
37 129
37 132
37 133
37 135
37 139
37 149
38 39
38 41
38 49
38 51
38 62
38 70
38 72
38 74
38 79
38 87
38 88
38 94
38 105
38 122
38 129
38 135
39 41
39 45
39 47
39 50
39 62
39 75
39 78
39 84
39 89
39 90
39 95
39 102
39 116
39 117
39 127
39 128
39 145
40 41
40 47
40 48
40 50
40 64
40 75
40 79
40 83
40 84
40 109
40 113
40 120
40 121
40 123
40 144
41 52
41 55
41 60
41 61
41 72
41 74
41 78
41 86
41 90
41 100
41 101
41 103
41 104
41 106
41 120
41 125
41 145
42 49
42 58
42 61
42 64
42 72
42 75
42 78
42 80
42 81
42 99
42 105
42 111
42 114
42 115
42 118
42 124
42 131
42 142
42 146
43 46
43 48
43 59
43 65
43 75
43 77
43 81
43 82
43 85
43 89
43 91
43 94
43 96
43 97
43 98
43 99
43 101
43 105
43 107
43 116
43 117
43 118
43 133
43 144
43 148
44 46
44 57
44 59
44 65
44 66
44 68
44 80
44 83
44 96
44 100
44 103
44 108
44 114
44 115
44 122
44 133
44 136
44 140
44 149
45 47
45 53
45 56
45 62
45 63
45 67
45 75
45 76
45 82
45 92
45 97
45 100
45 102
45 109
45 110
45 111
45 113
45 116
45 131
45 132
45 136
45 144
45 148
46 48
46 50
46 54
46 56
46 66
46 69
46 70
46 72
46 87
46 92
46 95
46 97
46 98
46 105
46 108
46 113
46 117
46 121
46 131
46 134
46 135
46 141
46 143
46 146
47 48
47 53
47 64
47 69
47 71
47 80
47 84
47 90
47 94
47 98
47 102
47 110
47 118
47 119
47 147
47 148
48 49
48 50
48 51
48 52
48 55
48 61
48 63
48 69
48 71
48 77
48 83
48 84
48 87
48 92
48 107
48 113
48 115
48 119
48 124
48 134
48 136
48 139
48 141
48 144
48 146
49 55
49 58
49 59
49 67
49 69
49 70
49 77
49 78
49 80
49 83
49 84
49 86
49 88
49 92
49 106
49 115
49 128
49 130
49 133
49 134
49 135
49 139
49 141
49 144
49 145
50 54
50 62
50 63
50 69
50 75
50 88
50 94
50 97
50 110
50 112
50 117
50 122
50 123
50 135
50 137
50 139
50 141
50 143
51 57
51 63
51 68
51 85
51 104
51 107
51 108
51 110
51 113
51 114
51 118
51 129
51 133
51 139
51 142
51 147
51 148
52 53
52 54
52 59
52 64
52 66
52 72
52 82
52 83
52 90
52 103
52 113
52 127
52 132
52 136
52 138
52 140
52 141
52 143
52 144
52 145
52 146
53 54
53 55
53 60
53 85
53 90
53 93
53 98
53 99
53 100
53 115
53 116
53 118
53 123
53 128
53 129
53 145
53 147
54 59
54 76
54 78
54 81
54 84
54 86
54 88
54 90
54 94
54 97
54 98
54 103
54 106
54 110
54 120
54 125
54 126
54 130
54 133
54 135
54 144
55 60
55 89
55 90
55 101
55 106
55 109
55 117
55 124
55 126
55 128
55 132
55 135
55 137
55 141
55 144
56 57
56 61
56 67
56 79
56 84
56 86
56 88
56 91
56 96
56 97
56 99
56 112
56 114
56 126
56 127
56 128
56 135
56 139
56 143
56 148
57 59
57 61
57 65
57 67
57 70
57 75
57 82
57 87
57 88
57 91
57 92
57 99
57 102
57 103
57 104
57 108
57 110
57 112
57 113
57 114
57 134
57 135
57 139
57 140
57 145
58 59
58 67
58 68
58 71
58 77
58 82
58 93
58 102
58 103
58 104
58 105
58 111
58 114
58 118
58 122
58 134
58 138
58 140
58 143
59 67
59 68
59 75
59 76
59 83
59 87
59 89
59 106
59 113
59 118
59 119
59 123
59 124
59 131
59 132
59 137
59 143
59 148
59 149
60 62
60 66
60 72
60 83
60 85
60 86
60 102
60 104
60 111
60 112
60 118
60 122
60 123
60 124
60 125
60 130
60 134
60 137
60 142
60 145
60 149
61 64
61 81
61 87
61 93
61 99
61 104
61 106
61 112
61 129
61 131
61 136
61 143
61 146
62 68
62 75
62 76
62 88
62 95
62 97
62 98
62 107
62 113
62 116
62 118
62 128
62 130
62 133
62 135
62 148
63 71
63 72
63 81
63 82
63 86
63 95
63 100
63 103
63 108
63 109
63 129
63 130
63 136
63 137
63 138
63 143
63 149
64 65
64 68
64 75
64 77
64 81
64 83
64 87
64 94
64 96
64 97
64 116
64 119
64 123
64 136
64 140
65 67
65 75
65 77
65 87
65 88
65 97
65 98
65 109
65 114
65 117
65 121
65 126
65 142
65 144
65 146
66 67
66 70
66 73
66 79
66 99
66 107
66 110
66 117
66 119
66 126
66 132
66 145
66 147
67 69
67 74
67 76
67 79
67 81
67 82
67 83
67 94
67 101
67 104
67 110
67 113
67 116
67 117
67 121
67 129
67 132
67 139
67 143
67 144
67 146
67 148
68 71
68 73
68 77
68 78
68 81
68 90
68 101
68 105
68 111
68 114
68 117
68 119
68 126
68 135
68 137
68 141
68 144
69 82
69 83
69 88
69 89
69 97
69 106
69 108
69 114
69 116
69 122
69 123
69 124
69 125
69 127
69 128
69 142
69 143
69 144
70 71
70 79
70 87
70 90
70 102
70 109
70 114
70 116
70 132
70 138
70 143
71 77
71 83
71 84
71 86
71 88
71 94
71 101
71 103
71 104
71 106
71 113
71 120
71 123
71 130
71 131
71 138
71 143
71 148
71 149
72 81
72 82
72 99
72 101
72 103
72 117
72 121
72 128
72 141
72 147
73 74
73 82
73 86
73 89
73 91
73 99
73 111
73 116
73 120
73 128
73 133
73 139
73 142
73 143
73 144
73 146
73 149
74 82
74 83
74 85
74 91
74 107
74 112
74 117
74 128
74 138
74 143
75 76
75 82
75 95
75 105
75 110
75 127
75 134
75 138
76 81
76 83
76 85
76 97
76 99
76 102
76 104
76 106
76 107
76 109
76 117
76 119
76 130
76 138
76 139
76 142
77 79
77 86
77 89
77 100
77 103
77 105
77 106
77 111
77 118
77 120
77 122
77 126
77 131
77 133
77 138
77 139
77 140
77 143
77 148
78 81
78 84
78 86
78 87
78 94
78 95
78 103
78 104
78 110
78 114
78 123
79 80
79 81
79 91
79 92
79 99
79 108
79 110
79 112
79 116
79 117
79 119
79 122
79 133
79 134
79 137
79 138
80 84
80 89
80 94
80 96
80 105
80 110
80 112
80 115
80 119
80 122
80 124
80 129
80 134
80 140
81 82
81 94
81 96
81 100
81 131
81 138
82 83
82 84
82 88
82 89
82 90
82 97
82 98
82 104
82 111
82 115
82 117
82 119
82 122
82 131
82 145
82 147
83 89
83 90
83 91
83 93
83 96
83 97
83 102
83 108
83 112
83 133
83 134
83 141
83 147
83 148
83 149
84 103
84 105
84 109
84 111
84 112
84 114
84 116
84 125
85 88
85 98
85 110
85 112
85 115
85 119
85 120
85 136
85 138
85 140
85 142
85 143
85 145
85 146
86 87
86 90
86 91
86 93
86 100
86 104
86 112
86 113
86 120
86 124
86 128
86 131
86 135
86 142
86 143
86 144
87 90
87 91
87 99
87 108
87 117
87 123
87 125
87 137
87 138
87 140
87 145
88 89
88 91
88 92
88 95
88 101
88 103
88 108
88 109
88 120
88 121
88 140
88 146
89 91
89 92
89 93
89 96
89 108
89 113
89 118
89 122
89 129
89 130
89 133
89 136
89 137
89 145
89 149
90 101
90 102
90 105
90 106
90 120
90 122
90 124
90 132
90 138
90 139
90 144
90 147
91 92
91 94
91 101
91 114
91 123
91 125
91 128
91 130
91 140
91 145
91 149
92 99
92 104
92 105
92 113
92 118
92 127
92 130
92 137
92 141
92 143
93 106
93 108
93 114
93 118
93 123
93 127
93 137
93 141
93 145
93 148
94 95
94 96
94 109
94 113
94 118
94 132
94 134
94 142
94 146
94 148
95 97
95 106
95 111
95 115
95 126
95 129
95 131
95 132
95 144
95 148
96 98
96 102
96 105
96 116
96 117
96 118
96 119
96 122
96 127
96 148
96 149
97 99
97 103
97 115
97 118
97 126
97 128
97 140
97 142
97 143
97 144
97 145
97 148
98 102
98 108
98 116
98 132
98 133
98 134
98 139
98 146
98 149
99 102
99 104
99 109
99 110
99 116
99 119
99 124
99 127
99 133
99 134
99 137
99 143
99 148
100 101
100 104
100 120
100 129
100 137
100 140
100 141
100 148
101 102
101 121
101 122
101 135
101 136
101 137
101 139
101 148
102 104
102 105
102 114
102 139
102 143
102 144
103 105
103 106
103 113
103 114
103 117
103 118
103 122
103 123
103 131
103 133
103 138
103 139
103 140
103 141
103 143
104 108
104 110
104 111
104 116
104 121
104 126
104 128
104 130
104 131
105 110
105 113
105 116
105 121
105 126
105 130
105 133
105 135
105 140
105 143
105 144
105 145
105 146
105 148
105 149
106 107
106 111
106 114
106 115
106 122
106 124
106 128
106 134
106 135
106 144
106 145
107 112
107 117
107 121
107 125
107 128
107 133
107 140
107 145
107 147
108 111
108 119
108 121
108 125
108 126
108 131
108 136
108 140
108 142
108 147
108 148
109 110
109 117
109 124
109 125
109 128
109 131
109 136
109 138
110 111
110 113
110 115
110 116
110 119
110 123
110 126
110 132
111 114
111 131
111 133
111 135
111 140
111 141
111 143
111 145
111 149
112 118
112 133
112 135
112 142
112 146
112 148
113 117
113 125
113 127
113 131
113 146
114 115
114 117
114 121
114 123
114 125
114 128
114 133
114 140
114 142
114 143
114 145
114 148
114 149
115 116
115 117
115 121
115 127
115 139
115 142
115 144
115 146
115 149
116 126
116 131
116 139
116 143
116 147
116 148
116 149
117 120
117 123
117 128
117 146
118 127
118 131
118 136
118 139
118 141
118 146
119 121
119 124
119 126
119 132
119 140
119 141
119 143
120 128
120 133
120 138
120 139
120 143
120 144
121 122
121 127
121 132
121 133
121 137
121 138
121 141
121 147
122 133
123 125
123 134
123 135
123 137
123 138
123 145
123 147
124 125
124 137
124 138
124 143
125 131
125 137
125 138
125 140
126 131
126 134
126 149
127 130
127 137
127 140
127 141
127 142
127 146
128 138
128 141
128 142
128 143
128 149
129 133
129 144
130 133
130 137
130 143
130 144
130 148
131 135
131 143
132 134
132 136
132 141
133 136
133 138
133 140
133 145
134 136
134 149
135 136
135 142
135 143
136 147
136 148
137 145
137 146
138 141
139 143
139 146
140 143
140 144
141 145
141 146
143 145
144 147
145 149
146 147
146 149

0 1 0 1 0 0 0 0 1 1 0 0 1 1 0 1 0 1 1 1 0 0 0 1 0 1 0 0 1 1 0 1 1 1 1 1 0 1 1 0 0 0 0 1 0 0 0 0 0 1 0 1 1 0 0 0 1 1 1 0 0 1 1 1 0 1 0 1 0 0 1 1 0 0 0 1 1 1 1 1 1 1 0 1 0 0 0 1 1 0 1 0 0 0 1 0 1 0 1 1 1 1 1 0 0 1 1 1 0 1 1 0 0 0 0 0 0 1 1 1 1 1 1 0 1 1 1 0 0 1 0 1 0 0 0 0 0 0 1 0 0 1 0 1 1 0 0 1 1 0