200 3923
0 1 2 3 4 5 6 7 8 9 10 11 12 13 14 15 16 17 18 19 20 21 22 23 24 25 26 27 28 29 30 31 32 33 34 35 36 37 38 39 40 41 42 43 44 45 46 47 48 49 50 51 52 53 54 55 56 57 58 59 60 61 62 63 64 65 66 67 68 69 70 71 72 73 74 75 76 77 78 79 80 81 82 83 84 85 86 87 88 89 90 91 92 93 94 95 96 97 98 99 100 101 102 103 104 105 106 107 108 109 110 111 112 113 114 115 116 117 118 119 120 121 122 123 124 125 126 127 128 129 130 131 132 133 134 135 136 137 138 139 140 141 142 143 144 145 146 147 148 149 150 151 152 153 154 155 156 157 158 159 160 161 162 163 164 165 166 167 168 169 170 171 172 173 174 175 176 177 178 179 180 181 182 183 184 185 186 187 188 189 190 191 192 193 194 195 196 197 198 199
0 11
0 23
0 26
0 33
0 41
0 43
0 45
0 46
0 48
0 52
0 55
0 56
0 58
0 60
0 61
0 63
0 64
0 66
0 67
0 76
0 78
0 90
0 97
0 105
0 106
0 108
0 111
0 114
0 118
0 127
0 129
0 136
0 147
0 148
0 150
0 166
0 168
0 173
0 174
0 175
0 176
0 177
0 178
0 183
0 190
1 5
1 8
1 23
1 24
1 31
1 34
1 38
1 39
1 46
1 48
1 49
1 53
1 61
1 63
1 80
1 84
1 87
1 92
1 97
1 98
1 100
1 103
1 111
1 122
1 127
1 130
1 133
1 134
1 140
1 149
1 163
1 164
1 171
1 173
1 177
1 184
1 189
2 5
2 9
2 10
2 19
2 22
2 40
2 41
2 45
2 53
2 57
2 59
2 67
2 77
2 80
2 81
2 85
2 97
2 98
2 101
2 108
2 115
2 119
2 121
2 122
2 123
2 126
2 129
2 131
2 139
2 141
2 143
2 157
2 161
2 166
2 175
2 195
3 4
3 8
3 14
3 22
3 25
3 30
3 44
3 49
3 51
3 52
3 54
3 58
3 63
3 65
3 67
3 69
3 75
3 82
3 97
3 99
3 101
3 102
3 103
3 105
3 111
3 114
3 115
3 118
3 123
3 131
3 139
3 144
3 148
3 150
3 152
3 153
3 155
3 158
3 160
3 163
3 169
3 176
3 178
3 180
3 182
3 183
3 191
3 193
3 198
4 12
4 16
4 19
4 21
4 22
4 31
4 45
4 50
4 63
4 68
4 70
4 74
4 77
4 84
4 88
4 95
4 97
4 105
4 106
4 109
4 112
4 124
4 126
4 128
4 130
4 132
4 137
4 145
4 153
4 157
4 164
4 167
4 171
4 173
4 185
4 188
4 189
4 194
5 14
5 19
5 27
5 30
5 41
5 42
5 47
5 48
5 53
5 58
5 59
5 60
5 61
5 68
5 69
5 70
5 73
5 86
5 102
5 106
5 108
5 110
5 122
5 124
5 132
5 133
5 138
5 145
5 158
5 159
5 163
5 174
5 177
5 179
5 182
5 184
5 190
5 192
5 195
6 11
6 26
6 34
6 43
6 50
6 51
6 57
6 66
6 79
6 91
6 104
6 135
6 138
6 139
6 149
6 150
6 158
6 166
6 177
6 178
6 180
6 185
6 187
6 194
7 11
7 18
7 20
7 22
7 23
7 24
7 27
7 29
7 30
7 32
7 36
7 42
7 43
7 45
7 48
7 59
7 61
7 68
7 72
7 80
7 82
7 89
7 91
7 94
7 99
7 101
7 103
7 107
7 110
7 114
7 117
7 119
7 127
7 130
7 142
7 148
7 150
7 152
7 153
7 155
7 158
7 159
7 162
7 163
7 166
7 175
7 176
7 177
7 179
7 182
7 187
7 199
8 15
8 39
8 47
8 48
8 59
8 68
8 73
8 75
8 76
8 78
8 87
8 89
8 100
8 106
8 116
8 117
8 124
8 131
8 132
8 135
8 146
8 151
8 174
8 178
8 186
8 190
8 192
8 195
8 196
8 198
9 10
9 14
9 16
9 17
9 36
9 38
9 41
9 44
9 46
9 49
9 53
9 65
9 68
9 69
9 80
9 81
9 94
9 96
9 102
9 103
9 115
9 116
9 118
9 120
9 123
9 128
9 132
9 134
9 136
9 144
9 145
9 148
9 155
9 158
9 167
9 176
9 179
9 180
9 185
9 194
9 196
9 198
10 12
10 23
10 25
10 28
10 29
10 46
10 50
10 53
10 54
10 56
10 57
10 64
10 68
10 69
10 70
10 78
10 85
10 86
10 99
10 100
10 112
10 114
10 117
10 119
10 122
10 124
10 130
10 131
10 135
10 139
10 140
10 144
10 146
10 149
10 154
10 160
10 167
10 171
10 174
10 176
10 183
10 187
11 16
11 18
11 21
11 26
11 34
11 36
11 39
11 44
11 49
11 53
11 55
11 60
11 64
11 65
11 66
11 70
11 76
11 80
11 91
11 92
11 97
11 105
11 107
11 113
11 117
11 121
11 125
11 130
11 139
11 140
11 152
11 160
11 161
11 181
11 190
11 194
11 195
12 16
12 20
12 22
12 33
12 37
12 40
12 41
12 49
12 51
12 72
12 73
12 81
12 88
12 94
12 107
12 113
12 119
12 128
12 139
12 142
12 150
12 155
12 158
12 166
12 167
12 170
12 171
12 172
12 173
12 175
12 178
12 180
12 189
12 196
12 197
12 199
13 16
13 26
13 27
13 31
13 43
13 48
13 49
13 51
13 53
13 61
13 66
13 68
13 69
13 79
13 87
13 89
13 94
13 95
13 104
13 105
13 108
13 111
13 114
13 124
13 126
13 127
13 134
13 142
13 144
13 147
13 151
13 157
13 158
13 162
13 170
13 181
13 182
13 185
13 188
13 194
14 27
14 28
14 40
14 42
14 45
14 51
14 52
14 57
14 59
14 68
14 69
14 70
14 75
14 76
14 80
14 86
14 88
14 92
14 93
14 113
14 119
14 120
14 123
14 127
14 133
14 139
14 146
14 151
14 158
14 160
14 164
14 170
14 185
14 187
14 190
14 193
14 194
14 195
15 17
15 19
15 26
15 34
15 41
15 45
15 47
15 61
15 63
15 72
15 75
15 77
15 88
15 99
15 102
15 110
15 119
15 123
15 135
15 136
15 147
15 154
15 172
15 177
15 179
15 183
15 199
16 19
16 22
16 23
16 26
16 27
16 45
16 48
16 52
16 64
16 65
16 82
16 91
16 98
16 103
16 107
16 110
16 118
16 129
16 138
16 140
16 156
16 159
16 161
16 164
16 167
16 170
16 171
16 173
16 175
16 184
16 185
16 189
16 190
16 199
17 24
17 29
17 40
17 53
17 58
17 73
17 74
17 77
17 90
17 97
17 99
17 105
17 110
17 113
17 125
17 128
17 129
17 131
17 134
17 137
17 144
17 146
17 153
17 155
17 157
17 163
17 165
17 167
17 171
17 173
17 176
17 184
17 186
17 188
17 191
17 192
17 193
18 22
18 24
18 41
18 63
18 65
18 66
18 70
18 72
18 75
18 76
18 85
18 93
18 94
18 97
18 100
18 103
18 116
18 122
18 125
18 133
18 135
18 136
18 140
18 147
18 157
18 159
18 171
18 174
18 177
18 183
18 187
18 189
18 193
18 195
18 198
19 23
19 25
19 27
19 31
19 37
19 41
19 44
19 47
19 52
19 53
19 65
19 74
19 80
19 87
19 93
19 99
19 103
19 108
19 110
19 116
19 119
19 129
19 141
19 152
19 156
19 161
19 163
19 167
19 172
19 174
19 175
19 177
19 185
19 194
20 24
20 28
20 31
20 46
20 60
20 67
20 76
20 78
20 87
20 90
20 100
20 123
20 134
20 136
20 142
20 143
20 145
20 148
20 150
20 155
20 160
20 162
20 167
20 172
20 176
20 179
20 182
20 184
20 191
20 192
20 199
21 25
21 27
21 51
21 55
21 59
21 62
21 64
21 71
21 76
21 78
21 79
21 81
21 106
21 113
21 119
21 133
21 138
21 150
21 152
21 155
21 157
21 160
21 164
21 168
21 169
21 181
21 182
21 189
21 196
22 29
22 31
22 32
22 38
22 39
22 42
22 43
22 44
22 47
22 54
22 66
22 68
22 74
22 75
22 81
22 88
22 94
22 101
22 103
22 104
22 107
22 111
22 112
22 123
22 126
22 130
22 134
22 135
22 145
22 157
22 160
22 176
22 180
22 181
22 184
22 187
22 197
23 25
23 37
23 40
23 45
23 50
23 53
23 64
23 66
23 72
23 74
23 75
23 86
23 91
23 92
23 93
23 97
23 104
23 108
23 111
23 123
23 127
23 132
23 135
23 137
23 144
23 145
23 150
23 153
23 162
23 168
23 171
23 180
23 184
23 188
23 193
23 196
24 25
24 37
24 39
24 40
24 46
24 53
24 61
24 62
24 65
24 66
24 74
24 75
24 78
24 82
24 85
24 86
24 87
24 111
24 115
24 116
24 124
24 130
24 136
24 143
24 144
24 147
24 150
24 155
24 158
24 162
24 163
24 171
24 172
24 174
24 175
24 179
24 181
24 184
24 193
24 194
24 195
24 197
24 198
24 199
25 28
25 30
25 40
25 51
25 53
25 55
25 56
25 59
25 69
25 77
25 80
25 83
25 85
25 88
25 91
25 94
25 105
25 130
25 133
25 138
25 139
25 141
25 145
25 146
25 148
25 153
25 154
25 155
25 162
25 164
25 171
25 174
25 178
25 183
25 187
25 189
25 190
25 191
25 195
25 197
25 198
26 33
26 39
26 51
26 58
26 59
26 62
26 66
26 78
26 100
26 101
26 103
26 105
26 106
26 111
26 112
26 118
26 123
26 124
26 129
26 136
26 146
26 153
26 174
26 175
26 176
26 178
26 184
26 192
27 30
27 36
27 39
27 42
27 44
27 62
27 63
27 64
27 69
27 75
27 79
27 81
27 85
27 86
27 87
27 89
27 94
27 95
27 96
27 104
27 107
27 108
27 115
27 116
27 118
27 120
27 123
27 128
27 130
27 134
27 163
27 169
27 170
27 174
27 180
27 181
27 187
27 197
27 198
28 31
28 34
28 36
28 37
28 44
28 48
28 58
28 65
28 76
28 78
28 96
28 97
28 99
28 105
28 107
28 110
28 117
28 124
28 130
28 139
28 140
28 144
28 148
28 149
28 155
28 159
28 168
28 169
28 180
28 185
28 196
29 31
29 36
29 39
29 46
29 54
29 66
29 81
29 83
29 85
29 86
29 93
29 97
29 100
29 110
29 113
29 140
29 141
29 145
29 152
29 157
29 159
29 165
29 169
29 172
29 175
29 177
29 181
29 188
29 196
29 197
30 32
30 33
30 35
30 42
30 61
30 66
30 70
30 73
30 74
30 78
30 82
30 84
30 94
30 95
30 99
30 101
30 116
30 119
30 120
30 124
30 130
30 132
30 136
30 137
30 139
30 141
30 145
30 147
30 157
30 158
30 168
30 169
30 172
30 180
30 194
30 199
31 32
31 33
31 38
31 41
31 42
31 44
31 47
31 49
31 50
31 53
31 54
31 57
31 63
31 66
31 67
31 75
31 77
31 98
31 100
31 101
31 111
31 112
31 113
31 114
31 117
31 121
31 122
31 125
31 126
31 127
31 132
31 134
31 136
31 137
31 140
31 142
31 148
31 151
31 152
31 154
31 159
31 161
31 162
31 168
31 169
31 174
31 175
31 178
31 179
31 181
31 184
31 192
32 33
32 36
32 37
32 55
32 60
32 64
32 76
32 78
32 82
32 83
32 90
32 97
32 108
32 111
32 114
32 121
32 122
32 123
32 125
32 132
32 140
32 141
32 149
32 150
32 152
32 157
32 161
32 169
32 181
32 183
32 187
32 191
33 36
33 40
33 44
33 51
33 59
33 65
33 66
33 69
33 70
33 75
33 77
33 78
33 80
33 93
33 103
33 104
33 105
33 119
33 121
33 125
33 126
33 136
33 140
33 143
33 149
33 156
33 157
33 159
33 161
33 164
33 166
33 169
33 170
33 177
33 179
33 184
33 185
33 186
34 35
34 38
34 41
34 45
34 52
34 53
34 54
34 58
34 60
34 96
34 99
34 101
34 110
34 116
34 118
34 124
34 128
34 133
34 135
34 136
34 139
34 141
34 144
34 149
34 151
34 152
34 155
34 162
34 163
34 165
34 168
34 169
34 171
34 174
34 186
34 199
35 37
35 42
35 45
35 46
35 50
35 58
35 60
35 62
35 63
35 65
35 68
35 72
35 75
35 83
35 105
35 106
35 107
35 108
35 110
35 113
35 124
35 129
35 136
35 147
35 154
35 156
35 159
35 162
35 164
35 170
35 179
35 181
35 192
35 195
35 196
35 199
36 51
36 53
36 54
36 56
36 58
36 62
36 64
36 68
36 70
36 71
36 72
36 83
36 87
36 89
36 92
36 96
36 102
36 107
36 110
36 112
36 118
36 119
36 120
36 121
36 130
36 132
36 134
36 142
36 144
36 150
36 154
36 159
36 162
36 165
36 170
36 171
36 175
36 183
36 186
36 191
36 192
36 194
36 196
37 38
37 41
37 42
37 46
37 49
37 53
37 57
37 59
37 63
37 73
37 77
37 79
37 80
37 81
37 86
37 90
37 92
37 107
37 116
37 117
37 124
37 125
37 126
37 127
37 132
37 154
37 160
37 166
37 168
37 175
37 184
37 191
37 195
37 197
38 50
38 52
38 55
38 79
38 82
38 86
38 95
38 106
38 107
38 109
38 114
38 115
38 116
38 119
38 122
38 127
38 130
38 151
38 153
38 163
38 164
38 166
38 171
38 172
38 173
38 182
38 185
38 187
38 195
39 42
39 46
39 54
39 57
39 60
39 61
39 76
39 119
39 123
39 131
39 132
39 135
39 147
39 149
39 161
39 168
39 170
39 172
39 179
39 181
39 185
39 187
39 191
39 199
40 44
40 49
40 51
40 57
40 60
40 62
40 78
40 80
40 86
40 91
40 97
40 98
40 102
40 110
40 115
40 120
40 124
40 126
40 129
40 130
40 132
40 135
40 139
40 141
40 143
40 149
40 151
40 160
40 165
40 167
40 171
40 175
40 178
40 181
40 184
40 186
40 187
40 189
40 192
40 195
40 196
41 45
41 52
41 54
41 57
41 64
41 73
41 82
41 84
41 89
41 93
41 94
41 101
41 104
41 113
41 117
41 126
41 129
41 132
41 137
41 143
41 149
41 153
41 158
41 159
41 162
41 167
41 170
41 171
41 172
41 177
41 182
41 185
41 192
41 197
42 47
42 51
42 52
42 59
42 63
42 68
42 80
42 87
42 98
42 101
42 108
42 110
42 114
42 115
42 117
42 122
42 130
42 135
42 137
42 149
42 154
42 160
42 162
42 168
42 172
42 173
42 175
42 183
42 190
42 192
42 194
42 199
43 47
43 52
43 55
43 56
43 57
43 73
43 78
43 84
43 87
43 91
43 93
43 100
43 101
43 102
43 118
43 120
43 124
43 126
43 127
43 134
43 140
43 141
43 144
43 146
43 150
43 156
43 161
43 162
43 174
43 175
43 181
43 192
43 195
43 197
44 50
44 55
44 56
44 57
44 64
44 76
44 88
44 90
44 93
44 94
44 105
44 107
44 127
44 132
44 134
44 135
44 136
44 140
44 154
44 162
44 174
44 175
44 186
44 189
44 190
44 192
44 193
45 47
45 49
45 53
45 57
45 67
45 71
45 73
45 82
45 85
45 96
45 98
45 101
45 102
45 109
45 111
45 115
45 119
45 130
45 133
45 134
45 143
45 149
45 152
45 153
45 160
45 161
45 171
45 174
45 176
45 183
45 186
45 187
45 191
45 192
45 193
45 195
46 49
46 51
46 55
46 57
46 58
46 59
46 66
46 73
46 76
46 77
46 87
46 88
46 93
46 94
46 109
46 114
46 122
46 125
46 127
46 136
46 139
46 147
46 153
46 161
46 172
46 174
46 176
46 183
46 186
46 187
46 188
46 195
47 54
47 58
47 59
47 76
47 81
47 86
47 87
47 92
47 99
47 103
47 106
47 112
47 117
47 120
47 127
47 128
47 129
47 132
47 139
47 148
47 149
47 154
47 156
47 172
47 174
47 176
47 179
47 180
47 182
47 187
47 190
47 195
48 52
48 67
48 68
48 77
48 78
48 85
48 90
48 101
48 105
48 113
48 114
48 115
48 118
48 129
48 134
48 138
48 146
48 150
48 151
48 153
48 155
48 157
48 158
48 167
48 173
48 179
48 181
48 188
48 190
48 191
48 196
49 52
49 59
49 69
49 73
49 77
49 90
49 91
49 94
49 97
49 99
49 100
49 102
49 104
49 119
49 129
49 134
49 141
49 143
49 147
49 150
49 153
49 155
49 156
49 168
49 185
49 190
50 52
50 53
50 54
50 62
50 65
50 67
50 68
50 72
50 76
50 79
50 82
50 85
50 92
50 94
50 102
50 111
50 120
50 127
50 132
50 133
50 135
50 137
50 139
50 142
50 145
50 147
50 150
50 151
50 153
50 157
50 161
50 163
50 173
50 182
50 183
51 61
51 63
51 66
51 69
51 79
51 80
51 85
51 94
51 97
51 100
51 103
51 116
51 117
51 118
51 138
51 142
51 157
51 162
51 170
51 178
51 181
51 184
52 59
52 72
52 80
52 83
52 90
52 93
52 95
52 100
52 104
52 114
52 123
52 125
52 128
52 133
52 144
52 155
52 156
52 159
52 162
52 163
52 166
52 168
52 173
52 177
52 188
52 191
52 197
53 54
53 57
53 60
53 65
53 70
53 74
53 76
53 83
53 84
53 85
53 87
53 91
53 101
53 102
53 103
53 114
53 120
53 121
53 123
53 125
53 126
53 127
53 132
53 133
53 134
53 136
53 140
53 145
53 146
53 149
53 150
53 165
53 172
53 174
53 176
53 178
53 189
53 190
53 193
53 194
54 62
54 67
54 73
54 78
54 103
54 106
54 111
54 117
54 118
54 124
54 126
54 130
54 140
54 142
54 143
54 157
54 165
54 168
54 192
54 194
54 195
55 58
55 62
55 66
55 91
55 119
55 125
55 133
55 141
55 142
55 157
55 165
55 178
55 181
55 183
55 185
55 187
55 192
55 197
56 57
56 62
56 65
56 68
56 75
56 82
56 106
56 107
56 109
56 120
56 121
56 125
56 131
56 147
56 151
56 157
56 162
56 164
56 165
56 167
56 168
56 169
56 174
56 179
56 191
56 199
57 64
57 69
57 71
57 82
57 84
57 87
57 89
57 101
57 102
57 105
57 106
57 111
57 114
57 117
57 122
57 124
57 133
57 137
57 140
57 142
57 144
57 151
57 164
57 165
57 171
57 172
57 174
57 182
57 183
57 184
57 189
57 191
57 193
57 198
57 199
58 62
58 63
58 72
58 74
58 82
58 84
58 87
58 93
58 97
58 98
58 103
58 116
58 130
58 132
58 134
58 140
58 142
58 144
58 152
58 159
58 166
58 175
58 181
58 187
58 188
58 189
58 196
59 60
59 61
59 70
59 74
59 75
59 77
59 78
59 79
59 87
59 90
59 92
59 105
59 106
59 107
59 110
59 115
59 119
59 129
59 131
59 134
59 140
59 145
59 147
59 149
59 153
59 157
59 159
59 167
59 168
59 171
59 179
59 180
59 182
59 195
59 196
59 199
60 61
60 69
60 73
60 75
60 77
60 78
60 81
60 82
60 86
60 91
60 92
60 96
60 103
60 113
60 117
60 118
60 119
60 121
60 129
60 130
60 133
60 141
60 156
60 157
60 160
60 164
60 166
60 170
60 173
60 176
60 184
60 188
60 191
60 192
60 196
60 199
61 62
61 66
61 67
61 69
61 71
61 75
61 85
61 86
61 91
61 105
61 111
61 118
61 122
61 125
61 132
61 135
61 143
61 145
61 146
61 147
61 149
61 152
61 154
61 157
61 160
61 165
61 170
61 182
61 185
61 187
61 196
61 198
62 67
62 75
62 79
62 84
62 104
62 105
62 110
62 116
62 118
62 127
62 128
62 134
62 141
62 144
62 154
62 160
62 161
62 163
62 169
62 172
62 175
62 191
62 196
63 67
63 78
63 79
63 81
63 88
63 91
63 95
63 98
63 103
63 118
63 122
63 135
63 143
63 150
63 156
63 157
63 159
63 160
63 168
63 172
63 173
63 180
63 181
63 185
63 186
63 187
63 194
63 196
64 70
64 79
64 91
64 100
64 103
64 107
64 134
64 135
64 136
64 144
64 157
64 162
64 163
64 165
64 170
64 171
64 175
64 180
64 183
64 188
64 190
64 192
64 197
65 70
65 78
65 93
65 94
65 103
65 105
65 108
65 124
65 128
65 148
65 149
65 150
65 161
65 166
65 174
65 178
65 181
65 190
65 198
66 69
66 74
66 88
66 92
66 104
66 108
66 110
66 112
66 115
66 119
66 120
66 125
66 126
66 135
66 137
66 138
66 139
66 146
66 151
66 173
66 174
66 175
66 179
66 183
66 185
66 199
67 69
67 81
67 83
67 89
67 107
67 109
67 117
67 121
67 125
67 141
67 143
67 145
67 149
67 151
67 159
67 175
67 177
67 179
67 181
67 185
67 198
67 199
68 70
68 79
68 86
68 91
68 106
68 109
68 110
68 114
68 116
68 119
68 122
68 127
68 128
68 137
68 142
68 145
68 155
68 160
68 161
68 165
68 170
68 175
68 176
68 177
68 178
68 186
68 196
69 76
69 86
69 87
69 89
69 95
69 101
69 105
69 107
69 109
69 110
69 111
69 112
69 113
69 118
69 122
69 126
69 129
69 151
69 153
69 156
69 159
69 161
69 166
69 169
69 172
69 173
69 175
69 183
69 186
69 194
69 199
70 71
70 89
70 91
70 93
70 103
70 107
70 120
70 121
70 128
70 136
70 137
70 144
70 145
70 146
70 152
70 160
70 167
70 189
70 192
70 196
71 72
71 76
71 87
71 88
71 96
71 97
71 101
71 113
71 114
71 116
71 120
71 121
71 123
71 129
71 136
71 146
71 150
71 159
71 162
71 164
71 173
71 175
71 178
71 180
71 184
71 190
71 196
71 197
72 73
72 83
72 85
72 88
72 89
72 93
72 96
72 97
72 98
72 100
72 102
72 109
72 112
72 116
72 123
72 138
72 142
72 148
72 152
72 153
72 156
72 167
72 173
72 174
72 187
73 76
73 77
73 79
73 89
73 98
73 107
73 111
73 115
73 116
73 122
73 123
73 131
73 150
73 163
73 167
73 173
73 176
73 183
73 191
73 193
73 199
74 76
74 77
74 79
74 88
74 100
74 103
74 108
74 112
74 115
74 116
74 120
74 121
74 127
74 136
74 142
74 152
74 156
74 160
74 161
74 174
74 180
74 184
74 186
74 192
75 76
75 79
75 86
75 90
75 99
75 107
75 124
75 129
75 139
75 148
75 149
75 154
75 162
75 168
75 174
75 180
75 184
75 186
75 189
76 80
76 81
76 82
76 84
76 91
76 102
76 110
76 111
76 118
76 122
76 153
76 158
76 161
76 167
76 175
76 177
76 188
76 190
77 84
77 89
77 91
77 92
77 99
77 101
77 105
77 112
77 122
77 123
77 128
77 137
77 140
77 144
77 147
77 156
77 158
77 167
77 173
77 174
77 175
77 176
77 177
77 181
77 183
77 185
77 192
77 193
78 79
78 84
78 101
78 103
78 105
78 106
78 107
78 115
78 116
78 117
78 119
78 120
78 122
78 137
78 139
78 142
78 152
78 156
78 163
78 171
78 176
78 193
78 199
79 84
79 90
79 100
79 101
79 103
79 111
79 116
79 118
79 119
79 135
79 137
79 139
79 149
79 150
79 152
79 156
79 170
79 172
79 174
79 177
79 180
79 181
79 184
79 190
80 81
80 84
80 86
80 90
80 91
80 95
80 105
80 128
80 129
80 131
80 141
80 152
80 153
80 155
80 157
80 183
80 184
80 187
80 190
80 194
80 196
81 86
81 92
81 96
81 103
81 110
81 114
81 122
81 127
81 133
81 139
81 145
81 149
81 151
81 158
81 168
81 172
81 180
81 183
81 189
81 190
81 194
81 195
82 86
82 96
82 98
82 100
82 117
82 118
82 130
82 141
82 146
82 152
82 157
82 166
82 170
82 171
82 172
82 173
82 174
82 175
82 179
82 193
83 86
83 90
83 91
83 99
83 100
83 101
83 103
83 108
83 109
83 110
83 117
83 119
83 129
83 130
83 133
83 139
83 146
83 147
83 151
83 160
83 162
83 169
83 173
83 176
83 182
83 183
83 184
83 199
84 89
84 90
84 98
84 106
84 108
84 119
84 121
84 130
84 136
84 144
84 155
84 163
84 170
84 180
84 186
84 190
84 193
84 198
85 90
85 107
85 109
85 112
85 123
85 128
85 151
85 156
85 167
85 168
85 169
85 173
85 176
85 182
85 191
85 199
86 93
86 107
86 108
86 111
86 113
86 124
86 126
86 127
86 130
86 136
86 146
86 147
86 150
86 153
86 159
86 176
86 186
87 91
87 93
87 95
87 96
87 97
87 99
87 100
87 102
87 114
87 120
87 124
87 131
87 132
87 133
87 136
87 145
87 146
87 149
87 152
87 156
87 166
87 170
87 190
87 192
87 196
88 92
88 99
88 101
88 102
88 105
88 106
88 110
88 113
88 115
88 126
88 134
88 138
88 146
88 156
88 163
88 164
88 167
88 179
88 180
88 181
88 182
88 184
88 188
88 189
88 190
88 195
88 197
89 94
89 95
89 96
89 103
89 113
89 125
89 136
89 153
89 157
89 160
89 162
89 166
89 170
89 173
89 175
89 176
89 184
89 186
89 189
89 191
89 194
89 195
90 94
90 106
90 109
90 111
90 112
90 115
90 116
90 123
90 127
90 128
90 130
90 132
90 136
90 137
90 141
90 142
90 149
90 150
90 157
90 162
90 175
90 187
91 94
91 105
91 110
91 113
91 120
91 122
91 139
91 151
91 153
91 160
91 163
91 169
91 172
91 176
91 188
92 93
92 113
92 121
92 122
92 125
92 134
92 137
92 146
92 148
92 151
92 163
92 166
92 171
92 177
92 184
92 187
92 194
92 197
93 94
93 101
93 108
93 116
93 119
93 131
93 147
93 149
93 152
93 160
93 170
93 172
93 174
93 180
93 185
93 188
93 194
93 196
94 98
94 99
94 105
94 107
94 110
94 111
94 112
94 115
94 126
94 133
94 134
94 140
94 141
94 145
94 151
94 152
94 154
94 163
94 170
94 173
94 174
94 178
94 190
94 192
94 194
95 106
95 110
95 113
95 114
95 115
95 120
95 124
95 131
95 136
95 138
95 139
95 145
95 147
95 154
95 161
95 163
95 166
95 174
95 175
95 180
95 181
95 190
96 107
96 112
96 113
96 129
96 134
96 141
96 142
96 146
96 153
96 156
96 167
96 170
96 182
97 98
97 101
97 102
97 110
97 114
97 116
97 121
97 126
97 128
97 132
97 133
97 136
97 138
97 152
97 159
97 165
97 167
97 181
97 182
97 185
97 194
97 199
98 105
98 106
98 108
98 114
98 116
98 128
98 129
98 131
98 133
98 141
98 142
98 143
98 144
98 145
98 151
98 154
98 156
98 157
98 171
98 179
98 183
98 193
98 194
99 109
99 118
99 135
99 137
99 146
99 149
99 152
99 153
99 167
99 179
99 184
99 191
99 193
100 122
100 129
100 144
100 147
100 149
100 166
100 168
100 181
100 187
100 189
100 197
101 104
101 121
101 123
101 124
101 129
101 139
101 141
101 146
101 148
101 150
101 155
101 159
101 163
101 164
101 165
101 169
101 179
101 184
101 187
102 110
102 113
102 117
102 119
102 125
102 135
102 137
102 148
102 164
102 168
102 177
102 183
102 187
102 188
103 116
103 117
103 119
103 123
103 127
103 136
103 137
103 142
103 147
103 150
103 154
103 159
103 169
103 176
103 183
103 188
103 190
103 197
103 198
103 199
104 108
104 109
104 111
104 112
104 119
104 120
104 122
104 125
104 127
104 146
104 148
104 157
104 163
104 165
104 170
104 171
104 178
104 184
104 185
104 186
104 187
104 196
105 126
105 131
105 137
105 144
105 146
105 149
105 153
105 155
105 157
105 161
105 164
105 168
105 175
105 181
105 182
105 191
105 193
105 194
105 199
106 128
106 131
106 133
106 137
106 138
106 142
106 148
106 158
106 159
106 169
106 174
106 178
106 188
107 110
107 111
107 114
107 120
107 133
107 136
107 145
107 149
107 150
107 159
107 163
107 168
107 174
107 175
107 179
107 183
107 184
107 199
108 112
108 120
108 126
108 128
108 131
108 135
108 139
108 141
108 143
108 146
108 150
108 152
108 153
108 155
108 158
108 164
108 167
108 168
108 170
108 180
108 199
109 119
109 128
109 132
109 143
109 146
109 158
109 193
110 121
110 133
110 143
110 144
110 152
110 155
110 157
110 159
110 166
110 171
110 173
110 177
110 179
110 192
111 114
111 131
111 132
111 134
111 135
111 150
111 154
111 157
111 158
111 159
111 164
111 179
111 183
111 185
111 192
111 195
111 198
112 113
112 128
112 135
112 149
112 156
112 171
112 174
112 178
112 191
112 195
112 197
113 114
113 118
113 122
113 123
113 131
113 132
113 133
113 136
113 143
113 146
113 154
113 155
113 159
113 161
113 164
113 165
113 175
113 181
113 186
113 193
113 197
114 115
114 119
114 123
114 126
114 130
114 132
114 133
114 142
114 145
114 147
114 152
114 155
114 159
114 161
114 164
114 170
114 174
114 194
115 122
115 128
115 139
115 152
115 160
115 161
115 162
115 166
115 167
115 169
115 187
115 188
115 191
115 192
115 194
115 195
116 126
116 129
116 131
116 134
116 138
116 140
116 146
116 150
116 153
116 169
116 171
116 172
116 179
116 191
116 196
117 127
117 130
117 135
117 136
117 143
117 148
117 149
117 152
117 164
117 171
117 182
117 189
117 193
118 125
118 131
118 136
118 139
118 141
118 142
118 160
118 164
118 167
118 168
118 177
118 178
118 198
118 199
119 124
119 131
119 134
119 139
119 146
119 147
119 154
119 160
119 162
119 180
119 182
120 130
120 131
120 136
120 137
120 141
120 143
120 151
120 154
120 176
120 180
120 181
120 184
120 187
120 192
120 194
121 123
121 126
121 128
121 129
121 133
121 134
121 135
121 136
121 141
121 143
121 145
121 147
121 150
121 152
121 157
121 163
121 165
121 171
121 175
121 176
121 184
121 193
121 198
121 199
122 128
122 131
122 143
122 159
122 160
122 163
122 165
122 166
122 170
122 188
122 189
122 196
123 125
123 132
123 138
123 148
123 149
123 154
123 156
123 158
123 159
123 163
123 164
123 166
123 167
123 171
123 173
123 180
123 191
124 129
124 134
124 135
124 140
124 141
124 142
124 146
124 148
124 156
124 158
124 179
124 188
124 191
124 195
125 131
125 133
125 136
125 140
125 145
125 147
125 149
125 176
125 187
125 192
125 195
125 198
126 127
126 131
126 136
126 151
126 153
126 154
126 160
126 172
126 173
126 177
126 179
126 182
126 187
126 189
126 190
126 195
126 196
126 197
127 130
127 134
127 141
127 143
127 151
127 153
127 164
127 180
127 184
127 185
127 187
127 190
127 191
127 192
127 194
127 195
128 143
128 144
128 146
128 153
128 160
128 162
128 163
128 169
128 173
128 174
128 176
128 180
128 182
128 184
128 191
128 193
129 133
129 141
129 143
129 147
129 154
129 156
129 159
129 160
129 172
129 179
129 196
130 131
130 136
130 137
130 141
130 142
130 146
130 149
130 153
130 155
130 167
130 174
130 178
130 179
130 183
130 188
130 196
130 198
131 133
131 140
131 141
131 146
131 148
131 157
131 162
131 163
131 165
131 169
131 170
131 175
131 185
131 187
131 192
131 197
132 140
132 143
132 146
132 151
132 153
132 161
132 165
132 168
132 169
132 172
132 175
132 178
132 183
133 134
133 135
133 137
133 141
133 144
133 158
133 162
133 166
133 169
133 173
133 175
133 178
133 179
133 182
133 188
133 189
133 196
133 198
134 136
134 139
134 145
134 150
134 151
134 152
134 158
134 164
134 172
134 175
134 176
134 178
134 189
134 193
134 195
134 196
134 198
135 140
135 143
135 147
135 156
135 158
135 160
135 161
135 172
135 179
135 186
135 190
135 192
135 195
136 138
136 141
136 148
136 149
136 150
136 152
136 155
136 169
136 171
136 185
136 194
136 196
136 198
137 165
137 169
137 184
137 194
137 195
137 198
137 199
138 144
138 162
138 166
138 178
138 179
138 180
138 182
138 186
138 196
138 198
139 151
139 155
139 158
139 160
139 170
139 175
139 177
139 178
139 180
139 182
139 183
139 186
139 188
139 193
139 195
139 199
140 141
140 144
140 154
140 159
140 160
140 162
140 167
140 169
140 178
140 179
140 182
140 183
140 185
140 191
141 144
141 148
141 155
141 160
141 165
141 172
141 179
141 181
141 182
141 193
141 194
141 199
142 143
142 146
142 151
142 152
142 165
142 167
142 169
142 171
142 177
142 178
142 186
142 188
142 195
142 196
143 160
143 169
143 173
143 175
143 178
143 182
143 185
143 191
143 195
143 197
143 198
144 145
144 146
144 149
144 151
144 161
144 162
144 168
144 179
144 181
144 186
144 197
144 199
145 146
145 147
145 158
145 168
145 175
145 193
145 194
146 161
146 163
146 173
146 182
146 183
146 186
146 187
146 189
146 191
146 192
146 197
146 199
147 150
147 152
147 157
147 161
147 162
147 173
147 188
147 189
147 190
147 194
147 196
148 150
148 152
148 159
148 167
148 168
148 180
148 184
148 188
148 189
148 199
149 153
149 158
149 166
149 168
149 182
149 190
149 192
149 199
150 156
150 157
150 165
150 166
150 168
150 182
150 187
151 158
151 159
151 160
151 167
151 170
151 171
151 173
151 174
151 177
151 183
151 186
151 189
152 166
152 167
152 172
152 175
152 183
152 190
152 192
153 163
153 164
153 166
153 167
153 172
153 179
153 183
153 187
153 188
153 190
153 192
153 193
153 195
153 197
154 159
154 162
154 164
154 166
154 173
154 183
154 193
154 199
155 161
155 163
155 166
155 167
155 170
155 174
155 186
155 187
155 189
155 190
155 193
155 197
156 173
156 178
156 179
156 184
156 187
156 189
156 195
157 167
157 174
157 185
157 188
158 168
158 185
158 189
158 191
158 195
158 196
159 164
159 165
159 169
159 170
159 177
159 179
159 187
159 195
160 161
160 177
160 185
160 186
160 189
160 197
161 165
161 166
161 171
161 181
161 183
161 188
161 198
162 170
162 172
162 174
162 193
163 166
163 169
163 170
163 174
163 178
163 179
163 181
163 183
163 195
164 169
164 174
164 176
164 178
164 180
164 185
164 187
164 191
164 194
164 196
165 166
165 174
165 182
165 190
165 195
165 198
166 186
166 188
166 189
166 190
166 191
166 193
166 195
167 168
167 171
167 182
167 185
167 187
167 191
168 176
168 184
168 187
168 194
169 175
169 188
169 194
169 199
170 171
170 174
170 178
170 182
170 192
170 194
170 195
170 197
171 184
171 190
171 194
171 197
171 198
172 174
172 180
172 195
172 199
173 178
173 185
173 187
173 189
173 192
173 196
174 177
174 178
174 179
174 181
174 185
174 186
174 197
174 199
175 180
175 182
175 197
176 182
176 184
176 189
176 190
176 196
177 179
177 180
177 184
177 188
177 194
178 182
178 192
178 196
179 182
179 187
180 182
180 183
180 185
181 190
181 192
181 196
182 185
182 187
182 189
182 196
183 193
184 185
184 194
184 196
184 198
186 190
186 192
187 191
187 193
189 191
189 194
189 195
189 199
190 195
191 197
191 198
192 197
193 194
193 195
193 199
194 197
195 198

0 1 1 0 1 1 0 1 1 0 1 0 0 1 1 1 1 1 0 0 1 0 1 0 1 1 1 0 0 1 0 0 1 1 1 1 0 0 0 1 0 1 0 0 0 0 0 0 0 0 1 0 0 1 0 1 0 1 0 1 1 1 1 1 1 1 1 0 0 0 1 1 1 1 1 0 0 0 1 1 0 1 0 0 1 0 1 1 0 0 1 1 1 1 1 1 1 0 0 1 0 0 0 1 1 1 0 1 1 0 0 0 0 0 0 1 0 1 0 0 1 0 0 0 1 1 0 1 0 0 0 0 1 0 1 0 0 1 0 0 0 1 1 1 0 0 0 0 0 0 1 0 0 0 1 1 1 1 0 1 0 1 0 1 1 0 1 1 1 1 0 0 1 1 1 0 1 1 0 0 0 1 0 1 1 1 1 0 0 0 1 1 0 0 1 1 0 1 0 0