250 1518
0 1 2 3 4 5 6 7 8 9 10 11 12 13 14 15 16 17 18 19 20 21 22 23 24 25 26 27 28 29 30 31 32 33 34 35 36 37 38 39 40 41 42 43 44 45 46 47 48 49 50 51 52 53 54 55 56 57 58 59 60 61 62 63 64 65 66 67 68 69 70 71 72 73 74 75 76 77 78 79 80 81 82 83 84 85 86 87 88 89 90 91 92 93 94 95 96 97 98 99 100 101 102 103 104 105 106 107 108 109 110 111 112 113 114 115 116 117 118 119 120 121 122 123 124 125 126 127 128 129 130 131 132 133 134 135 136 137 138 139 140 141 142 143 144 145 146 147 148 149 150 151 152 153 154 155 156 157 158 159 160 161 162 163 164 165 166 167 168 169 170 171 172 173 174 175 176 177 178 179 180 181 182 183 184 185 186 187 188 189 190 191 192 193 194 195 196 197 198 199 200 201 202 203 204 205 206 207 208 209 210 211 212 213 214 215 216 217 218 219 220 221 222 223 224 225 226 227 228 229 230 231 232 233 234 235 236 237 238 239 240 241 242 243 244 245 246 247 248 249
0 20
0 35
0 36
0 66
0 69
0 79
0 81
0 101
0 105
0 114
0 128
0 146
0 167
0 170
0 200
0 231
0 243
1 7
1 14
1 45
1 77
1 79
1 86
1 114
1 142
1 175
1 246
2 18
2 41
2 56
2 87
2 99
2 114
2 127
2 164
2 176
2 194
2 201
2 220
2 238
2 246
2 248
3 17
3 25
3 49
3 53
3 63
3 156
3 162
3 183
3 197
3 198
3 206
4 9
4 22
4 48
4 57
4 95
4 110
4 184
4 188
4 213
4 215
4 241
4 246
4 247
5 6
5 20
5 34
5 41
5 95
5 116
5 125
5 217
5 240
5 243
6 29
6 61
6 82
6 100
6 129
6 138
6 183
6 186
6 212
7 17
7 35
7 47
7 74
7 103
7 119
7 146
7 183
7 204
7 218
7 220
7 235
7 247
7 248
8 10
8 13
8 17
8 80
8 85
8 91
8 108
8 128
8 135
8 146
8 160
8 169
8 187
8 194
8 225
8 238
9 41
9 54
9 58
9 61
9 91
9 101
9 121
9 159
9 171
9 186
9 216
9 220
10 17
10 76
10 79
10 80
10 87
10 106
10 120
10 134
10 185
10 236
10 241
10 249
11 19
11 22
11 33
11 40
11 55
11 92
11 129
11 137
11 166
11 205
11 208
11 216
11 235
12 30
12 44
12 46
12 59
12 63
12 65
12 77
12 116
12 130
12 151
12 179
12 180
12 184
12 205
12 207
12 227
12 229
12 244
13 57
13 76
13 84
13 92
13 116
13 130
13 185
13 208
13 209
13 217
13 236
14 28
14 41
14 70
14 76
14 146
14 210
15 17
15 43
15 44
15 56
15 111
15 115
15 138
15 145
15 198
15 208
15 233
16 107
16 155
16 160
16 175
16 179
16 183
16 186
16 214
17 29
17 34
17 44
17 46
17 56
17 65
17 95
17 104
17 132
17 159
17 212
17 218
17 220
18 100
18 135
18 151
18 227
18 247
19 39
19 64
19 65
19 106
19 139
19 174
19 201
19 226
20 60
20 193
20 195
20 217
20 224
21 88
21 109
21 152
21 167
21 176
21 195
21 199
21 210
21 215
21 229
21 245
21 247
22 32
22 67
22 92
22 107
22 111
22 123
22 160
22 173
22 180
22 182
22 187
22 230
22 233
23 52
23 88
23 100
23 106
23 145
23 151
23 153
23 155
23 164
23 173
23 190
23 191
23 216
23 238
23 248
24 32
24 36
24 73
24 104
24 110
24 116
24 124
24 146
24 162
24 165
24 173
24 198
24 206
24 216
24 225
24 247
25 38
25 47
25 48
25 56
25 58
25 70
25 106
25 137
25 210
25 223
25 231
25 241
25 243
25 246
26 57
26 72
26 77
26 102
26 118
26 136
26 185
26 198
27 57
27 68
27 120
27 143
27 149
27 166
27 197
27 231
28 39
28 68
28 84
28 118
28 134
28 167
28 172
28 227
28 248
29 41
29 55
29 58
29 69
29 76
29 109
29 119
29 127
29 137
29 148
29 153
29 162
29 172
29 214
29 220
29 247
30 47
30 52
30 53
30 63
30 125
30 159
30 165
30 183
30 220
30 227
31 41
31 82
31 127
31 175
31 210
31 212
31 219
31 232
31 234
32 34
32 39
32 58
32 71
32 74
32 109
32 110
32 113
32 133
32 145
32 148
32 179
32 199
32 232
33 46
33 93
33 108
33 118
33 154
33 170
33 186
33 200
33 229
33 248
34 43
34 67
34 83
34 91
34 98
34 133
34 164
34 166
34 167
34 181
34 201
34 206
34 232
34 233
34 242
35 41
35 80
35 116
35 125
35 144
35 154
35 166
35 179
35 197
35 216
35 234
36 65
36 121
36 124
36 131
36 136
36 163
36 183
36 199
36 237
36 248
36 249
37 52
37 62
37 83
37 84
37 88
37 183
37 222
37 231
38 77
38 118
38 145
38 162
38 179
38 183
38 204
38 227
38 230
38 235
38 248
39 54
39 65
39 113
39 131
39 171
39 172
39 212
39 228
40 101
40 134
40 168
40 176
40 186
40 236
41 42
41 56
41 68
41 76
41 80
41 104
41 121
41 137
41 157
41 163
41 172
41 173
41 189
41 223
42 52
42 105
42 126
42 170
42 175
42 192
42 194
42 237
42 238
42 247
43 55
43 70
43 73
43 82
43 91
43 109
43 139
43 160
43 165
43 202
43 209
43 238
43 244
44 88
44 117
44 131
44 132
44 147
44 183
44 192
44 201
44 207
44 208
44 223
44 228
44 236
45 67
45 68
45 99
45 103
45 109
45 113
45 153
45 187
45 217
45 236
46 113
46 128
46 139
46 150
46 173
46 174
46 185
46 219
46 247
47 52
47 55
47 70
47 126
47 169
47 171
47 182
47 189
47 205
47 242
48 102
48 243
49 65
49 74
49 80
49 92
49 100
49 125
49 132
49 134
49 146
49 157
50 68
50 86
50 95
50 101
50 124
50 143
50 154
50 160
50 208
50 241
51 53
51 74
51 92
51 111
51 119
51 129
51 136
51 165
51 172
51 212
51 225
51 226
51 249
52 63
52 81
52 86
52 122
52 129
52 134
52 138
52 145
52 214
52 227
52 240
53 56
53 64
53 72
53 92
53 168
53 180
53 221
54 58
54 69
54 88
54 93
54 121
54 130
54 135
54 137
54 199
54 214
54 247
54 249
55 69
55 77
55 80
55 93
55 97
55 103
55 113
55 120
55 128
55 167
55 176
55 222
55 227
56 115
56 130
56 164
56 169
56 172
56 188
56 194
56 198
56 203
56 218
56 228
56 238
56 243
57 62
57 75
57 101
57 110
57 120
57 122
57 146
57 150
57 160
57 166
57 173
58 82
58 119
58 131
58 140
58 172
58 183
58 210
58 223
58 225
58 243
59 60
59 62
59 63
59 74
59 89
59 104
59 206
59 218
59 240
60 77
60 84
60 148
60 158
60 223
61 65
61 83
61 86
61 107
61 169
61 196
61 199
61 203
61 207
61 216
61 226
61 245
62 75
62 95
62 105
62 128
62 173
62 195
62 208
62 227
62 232
63 71
63 85
63 143
63 152
63 189
63 212
63 224
63 232
63 237
64 100
64 111
64 114
64 127
64 150
64 153
64 228
64 233
65 89
65 109
65 163
65 174
65 215
65 221
65 235
65 241
66 144
66 173
66 181
66 195
66 206
66 221
66 226
67 71
67 75
67 129
67 132
67 159
67 164
67 167
67 181
67 187
67 199
67 205
67 208
68 73
68 132
68 142
68 162
68 163
68 171
68 187
68 192
69 96
69 126
69 158
69 163
69 167
69 186
69 208
70 81
70 82
70 151
70 178
70 185
70 190
70 193
70 200
70 209
70 214
70 244
70 246
71 128
71 148
71 218
71 232
72 90
72 111
72 121
72 149
72 155
72 161
72 171
72 206
72 245
73 86
73 110
73 148
73 188
73 193
73 209
73 212
73 219
73 246
73 249
74 84
74 92
74 98
74 112
74 113
74 123
74 131
74 146
74 226
74 246
75 79
75 82
75 119
75 210
75 215
75 233
76 77
76 84
76 111
76 113
76 123
76 143
76 203
76 210
76 217
76 225
77 115
77 128
77 134
77 150
77 189
77 201
77 214
77 219
78 81
78 102
78 106
78 119
78 128
78 130
78 137
78 179
78 206
78 225
78 238
78 249
79 107
79 180
79 225
79 245
80 94
80 113
80 143
80 145
80 154
80 162
80 164
80 166
81 107
81 110
81 115
81 124
81 163
81 188
81 193
81 243
82 85
82 105
82 109
82 125
82 133
82 167
82 182
82 185
82 201
82 211
83 84
83 161
83 190
83 195
83 209
83 240
84 85
84 91
84 127
84 181
84 183
84 204
84 207
84 214
85 107
85 122
85 134
85 149
85 167
85 176
85 181
85 191
85 202
85 205
85 210
85 217
85 220
86 127
86 180
86 187
86 221
86 247
87 110
87 176
87 200
87 248
88 131
88 172
88 177
88 184
88 193
88 194
88 200
88 202
88 205
89 103
89 117
89 153
89 168
89 197
89 202
89 230
89 234
90 124
90 159
90 168
90 172
90 193
90 195
90 198
90 218
91 108
91 152
91 158
91 184
91 235
91 244
92 97
92 123
92 141
92 149
92 179
92 182
92 203
92 205
92 216
92 220
93 97
93 122
93 134
93 151
93 174
93 196
93 210
93 211
93 239
93 246
94 142
94 157
94 163
94 180
94 183
94 186
94 222
94 228
94 236
94 237
95 109
95 115
95 145
95 178
95 203
95 204
95 219
95 229
95 248
96 100
96 112
96 168
96 169
96 175
96 192
96 193
96 203
96 214
96 215
97 148
97 181
97 194
97 212
97 225
97 227
97 246
98 168
98 170
98 239
99 109
99 143
99 145
99 176
99 184
99 226
99 229
100 133
100 150
100 155
100 160
100 197
100 199
100 222
100 240
101 145
101 195
101 244
102 120
102 125
102 137
102 156
102 163
102 180
102 182
102 184
102 206
102 226
102 243
103 110
103 118
103 135
104 143
104 147
104 162
104 181
104 190
105 109
105 138
105 147
105 151
105 196
105 197
105 198
105 222
105 241
105 246
105 247
106 163
106 189
106 190
106 202
106 228
107 110
107 117
107 174
107 176
107 206
107 214
107 215
107 226
107 241
108 110
108 114
108 120
108 134
108 180
108 194
109 123
109 185
109 194
109 204
109 217
109 224
109 236
109 249
110 122
110 127
110 171
110 192
110 193
110 210
110 248
111 120
111 206
112 124
112 142
112 144
112 156
112 157
112 159
112 161
112 166
112 187
112 202
112 231
112 240
113 117
113 119
113 210
113 221
113 223
113 243
114 129
114 225
114 227
115 144
115 154
115 177
115 181
115 204
115 244
116 124
116 180
116 197
116 208
116 232
116 241
117 131
117 154
117 158
117 159
117 164
117 223
118 120
118 131
118 166
118 185
118 216
118 222
118 224
118 241
118 246
119 178
119 185
119 196
119 212
120 130
120 159
120 181
120 192
120 208
120 212
120 225
121 149
121 154
121 173
121 192
121 209
122 166
122 186
122 193
122 205
122 219
122 235
123 131
123 181
123 183
123 189
123 194
123 240
123 247
124 174
125 139
125 157
125 159
125 167
125 191
125 199
125 212
125 222
125 227
126 128
126 156
126 165
126 167
126 184
126 195
126 228
126 236
126 240
127 156
127 197
127 234
128 139
128 154
128 157
128 163
128 205
128 221
128 237
128 241
129 154
129 160
129 227
130 137
130 140
130 232
131 132
131 159
131 176
131 194
131 195
131 215
131 237
132 161
132 198
132 216
132 233
132 234
133 168
133 179
133 219
133 227
134 142
134 153
134 164
134 167
134 179
134 191
134 202
134 211
134 235
135 164
135 172
135 192
135 206
136 152
136 160
136 167
136 175
136 198
136 203
136 238
136 248
137 162
137 191
137 193
137 195
137 204
137 218
137 219
138 143
138 156
138 180
138 181
138 183
138 184
138 188
139 142
139 149
139 215
140 149
141 142
141 191
141 194
141 195
141 234
142 153
142 154
142 191
143 167
143 168
143 190
143 201
143 227
144 148
144 214
144 238
145 226
145 237
145 240
146 150
146 169
147 178
147 201
147 208
147 213
148 207
148 221
148 249
149 245
150 152
150 158
150 166
150 179
150 181
150 185
150 219
150 237
150 240
150 248
151 155
151 196
151 218
151 226
151 229
152 156
152 184
152 203
152 226
152 228
153 170
153 223
153 233
153 235
154 160
154 168
154 180
154 197
155 244
155 248
156 162
156 186
156 207
156 220
156 239
156 242
156 243
156 244
157 166
157 191
157 198
157 200
157 206
157 215
157 242
157 248
158 163
158 172
158 178
158 200
158 211
158 232
158 241
159 175
159 178
159 180
159 184
159 225
159 241
159 244
159 246
160 164
160 192
160 205
160 218
160 224
160 233
161 178
161 179
161 184
161 240
162 179
162 186
162 198
162 202
162 240
163 178
163 180
163 181
163 184
164 174
164 182
164 215
165 169
165 187
165 200
165 201
165 220
166 245
167 213
168 173
168 180
168 195
168 206
168 217
169 179
169 182
169 184
169 249
170 198
170 207
170 212
170 216
170 218
170 222
171 201
171 215
171 223
171 227
171 232
171 240
171 242
172 208
172 230
172 241
173 202
173 211
173 242
174 214
174 218
174 220
175 186
175 193
176 182
176 223
177 239
178 188
178 200
178 212
178 221
179 195
179 203
179 204
179 215
179 240
180 203
180 212
180 223
180 234
180 243
181 199
181 202
181 222
181 237
181 243
181 244
182 224
182 236
183 238
183 241
184 191
185 218
185 245
186 205
186 213
186 214
186 218
186 230
187 191
187 225
187 242
187 245
188 191
188 209
188 245
189 243
190 210
190 231
190 241
190 245
191 207
191 226
191 246
193 195
193 212
193 216
193 243
194 227
195 205
195 217
195 236
196 248
197 208
197 243
197 246
198 224
198 230
198 244
199 232
199 243
200 201
201 215
201 243
202 222
202 227
203 234
203 243
204 216
204 229
204 232
205 235
206 211
206 215
206 232
206 241
207 228
208 209
208 242
209 212
209 242
209 247
209 248
210 228
210 248
211 214
211 228
211 241
212 221
212 228
214 217
214 221
215 220
215 229
215 240
216 230
216 232
216 239
216 247
218 224
219 222
220 247
221 223
221 233
222 223
223 225
223 244
224 237
225 244
226 239
226 241
226 242
226 246
226 249
227 241
227 245
233 245
235 241
235 249
238 247
240 243
244 245
246 249
247 249

0 1 0 0 1 0 1 0 0 0 0 1 1 1 1 0 1 1 0 0 1 0 0 0 0 0 1 0 0 1 1 1 1 1 0 1 0 1 0 0 0 0 1 1 0 0 0 0 1 1 1 0 0 0 1 1 1 0 1 0 0 1 0 0 1 1 1 0 1 1 1 0 1 1 0 1 0 1 0 1 1 1 1 1 0 0 0 0 1 0 1 1 0 0 0 1 0 0 0 0 0 1 1 0 1 1 0 0 0 0 0 0 0 1 0 0 1 1 1 0 0 1 1 1 0 0 0 0 1 1 1 0 1 1 1 1 0 1 1 1 1 1 1 0 0 0 1 1 0 1 0 1 0 0 0 0 1 0 1 1 0 0 1 1 0 0 1 1 0 1 1 1 1 1 0 1 1 0 0 0 0 0 0 1 0 0 0 1 1 1 1 1 1 0 0 1 1 1 0 0 1 0 0 1 0 0 1 1 1 0 0 1 1 0 1 0 1 1 1 0 1 1 0 0 0 1 0 0 0 1 0 1 0 0 1 0 1 1 0 1 0 1 0 0 1 1 1 1 0 1