150 1155
0 1 2 3 4 5 6 7 8 9 10 11 12 13 14 15 16 17 18 19 20 21 22 23 24 25 26 27 28 29 30 31 32 33 34 35 36 37 38 39 40 41 42 43 44 45 46 47 48 49 50 51 52 53 54 55 56 57 58 59 60 61 62 63 64 65 66 67 68 69 70 71 72 73 74 75 76 77 78 79 80 81 82 83 84 85 86 87 88 89 90 91 92 93 94 95 96 97 98 99 100 101 102 103 104 105 106 107 108 109 110 111 112 113 114 115 116 117 118 119 120 121 122 123 124 125 126 127 128 129 130 131 132 133 134 135 136 137 138 139 140 141 142 143 144 145 146 147 148 149
0 18
0 21
0 33
0 48
0 57
0 65
0 68
0 80
0 107
0 116
0 128
0 142
0 146
1 7
1 9
1 13
1 43
1 45
1 48
1 61
1 82
1 85
1 110
1 114
1 135
1 145
2 14
2 19
2 28
2 51
2 56
2 59
2 65
2 72
2 73
2 74
2 77
2 99
2 103
2 106
2 108
2 112
2 114
2 126
3 6
3 10
3 18
3 26
3 28
3 42
3 63
3 66
3 67
3 70
3 99
3 100
3 108
3 112
3 114
3 119
3 130
3 131
3 133
3 134
3 137
4 7
4 12
4 43
4 44
4 46
4 51
4 72
4 82
4 88
4 95
4 96
4 103
4 111
4 114
4 122
4 124
4 126
4 136
4 138
5 37
5 43
5 48
5 54
5 72
5 74
5 79
5 81
5 97
5 106
5 113
5 118
5 121
5 126
5 143
5 148
6 11
6 16
6 30
6 41
6 42
6 43
6 49
6 64
6 70
6 72
6 85
6 87
6 101
6 112
6 117
6 121
6 142
6 146
7 8
7 14
7 16
7 29
7 90
7 103
7 116
7 126
7 131
7 135
7 138
7 139
7 146
8 19
8 30
8 34
8 35
8 38
8 43
8 60
8 61
8 63
8 68
8 70
8 126
8 134
8 141
9 23
9 26
9 44
9 49
9 53
9 54
9 55
9 59
9 71
9 79
9 82
9 101
9 114
9 119
9 121
9 134
9 136
9 137
9 143
10 20
10 35
10 42
10 59
10 89
10 90
10 101
10 113
10 123
10 127
10 138
11 26
11 46
11 47
11 57
11 59
11 61
11 63
11 76
11 79
11 81
11 85
11 92
11 93
11 104
11 111
11 136
11 137
11 148
11 149
12 17
12 47
12 48
12 54
12 59
12 64
12 65
12 71
12 96
12 125
12 149
13 19
13 21
13 24
13 40
13 44
13 51
13 61
13 73
13 81
13 105
13 112
13 131
13 133
14 18
14 29
14 40
14 47
14 53
14 55
14 88
14 90
14 105
14 108
14 133
14 136
14 141
14 144
15 24
15 38
15 60
15 65
15 66
15 82
15 107
15 143
15 149
16 28
16 38
16 44
16 64
16 70
16 78
16 84
16 87
16 96
16 113
16 137
16 138
16 139
16 146
16 147
17 19
17 26
17 39
17 42
17 75
17 87
17 91
17 100
17 110
17 117
17 122
17 127
18 28
18 48
18 56
18 87
18 89
18 94
18 108
18 124
18 127
18 145
19 32
19 68
19 70
19 74
19 84
19 95
19 96
19 107
19 109
19 115
19 129
20 47
20 55
20 57
20 75
20 91
20 94
20 102
20 112
20 113
20 115
20 116
20 135
21 34
21 40
21 42
21 66
21 77
21 81
21 94
21 111
21 112
21 133
21 139
21 140
22 35
22 46
22 65
22 81
22 82
22 93
22 96
22 105
22 106
22 109
22 113
22 120
22 138
23 29
23 31
23 32
23 45
23 52
23 60
23 63
23 64
23 80
23 91
23 92
23 102
23 105
23 135
23 140
23 144
23 145
24 25
24 27
24 28
24 40
24 43
24 65
24 79
24 97
24 100
24 130
24 137
24 140
25 45
25 57
25 60
25 79
25 80
25 85
25 110
25 112
25 131
26 29
26 34
26 62
26 70
26 86
26 134
26 138
26 146
27 35
27 41
27 42
27 48
27 68
27 77
27 79
27 89
27 101
27 104
27 115
27 116
27 128
27 138
28 29
28 44
28 61
28 73
28 92
28 96
28 97
28 102
28 103
28 105
29 43
29 48
29 59
29 61
29 72
29 89
29 102
29 126
29 141
29 149
30 55
30 63
30 67
30 71
30 73
30 74
30 79
30 83
30 84
30 129
30 137
30 139
31 45
31 48
31 52
31 69
31 84
31 89
31 90
31 95
31 100
31 107
31 111
31 117
31 121
31 122
31 129
31 135
31 146
32 34
32 45
32 69
32 77
32 83
32 98
32 104
32 107
32 110
32 113
33 51
33 55
33 57
33 85
33 89
33 90
33 106
33 107
33 115
33 116
33 127
33 128
33 131
33 134
33 136
33 144
34 43
34 52
34 70
34 74
34 79
34 80
34 90
34 100
34 111
34 120
34 128
34 138
34 147
35 60
35 69
35 73
35 76
35 78
35 80
35 82
35 83
35 93
35 96
35 104
35 106
35 130
35 132
35 134
35 135
35 136
36 45
36 52
36 53
36 59
36 62
36 69
36 78
36 85
36 98
36 100
36 109
36 114
36 121
36 124
36 136
36 137
36 138
36 147
37 39
37 45
37 54
37 59
37 66
37 76
37 79
37 83
37 85
37 114
37 115
37 124
37 130
37 132
37 133
37 142
38 61
38 68
38 78
38 84
38 86
38 88
38 101
38 103
38 109
38 118
38 134
38 142
39 55
39 59
39 64
39 82
39 87
39 94
39 97
39 111
39 119
39 138
39 145
40 87
40 103
40 125
40 128
40 145
41 50
41 54
41 57
41 61
41 69
41 78
41 81
41 92
41 109
41 124
41 130
41 132
41 142
42 71
42 78
42 85
42 95
42 126
42 133
42 134
42 143
42 149
43 44
43 56
43 58
43 63
43 112
43 121
43 133
43 138
43 140
43 144
44 45
44 54
44 55
44 62
44 65
44 66
44 91
44 95
44 99
44 119
44 136
44 143
45 49
45 60
45 64
45 72
45 91
45 114
45 118
45 128
45 140
46 47
46 50
46 61
46 65
46 72
46 74
46 78
46 85
46 89
46 104
46 122
46 143
47 70
47 89
47 98
47 113
47 125
47 134
48 67
48 69
48 70
48 73
48 86
48 91
48 93
48 118
48 126
49 105
49 114
49 133
50 56
50 61
50 89
50 99
50 119
50 129
50 131
50 137
50 143
50 146
51 52
51 57
51 66
51 91
51 128
51 143
51 144
51 145
52 53
52 67
52 68
52 76
52 83
52 87
52 97
52 99
52 108
52 115
52 126
52 128
52 134
52 135
52 142
53 58
53 66
53 75
53 81
53 85
53 86
53 103
53 108
53 109
53 114
53 116
53 128
53 130
53 135
53 140
54 59
54 69
54 74
54 86
54 87
54 90
54 91
54 102
54 136
55 65
55 94
55 101
55 128
56 73
56 78
56 79
56 96
56 133
56 145
57 93
57 112
57 121
57 132
57 149
58 65
58 73
58 77
58 88
58 106
58 107
58 110
58 112
58 117
58 122
58 124
58 131
58 141
59 63
59 64
59 65
59 87
59 90
59 102
59 103
59 108
59 111
59 130
59 141
59 146
59 147
60 66
60 79
60 93
60 117
60 122
60 124
60 128
60 138
61 67
61 77
61 81
61 92
61 102
61 109
61 118
61 121
61 122
61 127
61 129
61 131
61 141
62 82
62 84
62 88
62 92
62 127
62 147
63 90
63 96
63 101
63 113
63 119
63 135
63 137
63 141
64 73
64 84
64 85
64 91
64 93
64 115
64 144
65 85
65 107
65 109
65 110
65 126
65 133
66 93
66 94
66 101
66 102
66 108
66 110
66 120
66 129
66 139
66 144
66 146
67 89
67 91
67 108
67 114
67 122
67 123
67 143
68 80
68 97
68 100
68 104
68 105
68 108
68 111
68 112
68 119
68 125
68 126
68 146
69 72
69 82
69 83
69 87
69 92
69 95
69 100
69 105
69 106
69 132
69 142
69 145
70 76
70 77
70 82
70 118
70 120
70 137
70 143
71 76
71 79
71 82
71 86
71 95
71 98
71 111
71 123
71 135
71 139
71 145
72 83
72 85
72 105
72 139
72 141
72 149
73 84
73 93
73 94
73 111
73 113
73 117
73 119
73 120
73 129
73 130
73 132
73 133
73 136
73 141
74 116
74 125
74 129
74 143
75 80
75 88
75 90
75 91
75 102
75 103
75 121
75 126
75 131
76 78
76 85
76 86
76 106
76 109
76 112
76 117
76 122
76 125
76 126
76 132
77 78
77 79
77 88
77 89
77 107
77 115
77 139
77 147
78 79
78 88
78 100
78 103
78 108
78 117
78 121
78 128
78 129
78 147
78 148
79 88
79 92
79 96
79 102
79 136
79 143
80 87
80 96
80 104
80 105
80 110
80 138
80 141
81 82
81 108
81 125
82 89
82 90
82 106
82 123
82 126
82 145
83 91
83 98
83 103
83 108
83 109
83 125
83 138
84 127
84 148
85 108
85 116
85 117
85 118
85 121
85 124
85 130
85 133
85 134
85 138
85 144
86 88
86 93
86 101
86 106
86 111
86 117
86 120
86 130
86 136
87 99
87 102
87 121
87 134
88 89
88 103
88 113
88 123
88 129
88 133
89 92
89 111
89 113
89 114
89 118
89 132
89 140
90 91
90 93
90 94
90 95
90 98
90 114
90 125
90 128
90 130
90 131
90 144
91 103
91 110
91 115
91 119
91 135
91 137
91 142
92 93
92 100
92 104
92 105
92 112
92 120
92 126
92 127
92 131
92 139
92 147
92 148
93 100
93 103
93 108
93 119
93 123
94 96
94 99
94 105
94 110
94 126
94 127
94 138
94 144
94 148
95 104
95 108
95 122
95 126
95 127
95 134
95 144
96 98
96 101
96 103
96 113
96 115
96 129
96 136
96 142
97 113
97 115
97 137
97 140
98 124
98 136
98 141
99 103
99 105
99 117
99 118
99 119
99 135
99 142
99 145
100 102
100 105
100 112
100 127
101 102
101 110
101 128
101 148
102 105
102 108
102 112
102 115
102 120
102 146
103 123
103 135
103 141
104 123
104 124
104 133
105 111
105 134
105 141
106 117
106 119
106 127
106 128
106 138
106 141
106 148
107 112
107 119
107 136
108 123
108 142
109 124
109 126
109 132
109 138
109 139
110 120
110 123
110 135
110 138
110 140
110 146
111 112
111 122
111 149
112 120
113 123
113 126
113 128
113 141
113 143
114 115
114 136
114 137
115 127
115 142
115 144
115 149
116 118
116 127
116 139
116 141
116 144
116 148
116 149
117 118
118 128
118 149
119 131
119 135
119 142
119 143
120 147
120 148
121 129
121 138
121 141
121 143
122 125
122 131
123 124
124 133
124 145
125 132
126 133
126 134
128 138
129 130
129 144
129 146
130 133
131 143
131 147
132 138
132 147
136 139
136 142
136 145
136 146
141 147
142 148
142 149
143 144
145 148

0 0 0 0 1 0 0 0 0 0 1 0 0 1 0 0 1 0 1 0 0 1 1 1 1 1 0 0 1 1 1 1 0 0 1 0 0 1 0 0 1 1 0 0 1 1 1 0 0 1 1 1 1 0 1 0 0 0 0 1 1 1 0 1 1 1 0 1 0 1 1 0 1 0 0 1 0 1 0 0 0 0 0 1 1 1 1 1 1 1 0 0 1 0 1 1 0 1 0 1 0 1 1 1 1 0 0 0 0 0 0 0 1 0 0 1 0 0 0 1 1 0 0 0 0 1 1 1 0 1 0 1 1 1 1 1 0 0 1 1 0 0 1 1 1 1 0 0 1 1