100 507
0 1 2 3 4 5 6 7 8 9 10 11 12 13 14 15 16 17 18 19 20 21 22 23 24 25 26 27 28 29 30 31 32 33 34 35 36 37 38 39 40 41 42 43 44 45 46 47 48 49 50 51 52 53 54 55 56 57 58 59 60 61 62 63 64 65 66 67 68 69 70 71 72 73 74 75 76 77 78 79 80 81 82 83 84 85 86 87 88 89 90 91 92 93 94 95 96 97 98 99
0 6
0 8
0 10
0 16
0 33
0 35
0 39
0 47
0 48
0 51
0 53
0 55
0 85
0 92
0 94
0 97
1 26
1 30
1 34
1 36
1 42
1 50
1 60
1 75
2 14
2 47
2 56
2 57
2 69
2 72
2 93
3 10
3 22
3 36
3 43
3 44
3 48
3 52
3 54
3 65
3 70
3 78
3 81
3 92
4 17
4 21
4 30
4 42
4 43
4 46
4 48
4 67
4 70
4 84
4 85
4 93
4 97
5 6
5 10
5 23
5 28
5 60
5 75
5 76
5 84
6 13
6 25
6 27
6 68
6 96
7 12
7 56
7 58
7 66
7 72
7 82
8 14
8 40
8 50
8 60
8 73
8 76
8 78
8 92
9 16
9 17
9 18
9 26
9 38
9 43
9 66
9 79
10 21
10 30
10 40
10 43
10 44
10 45
10 49
10 61
10 75
10 90
10 91
10 97
11 15
11 25
11 34
11 39
11 42
11 45
11 57
11 68
11 80
11 97
12 44
12 47
12 64
12 85
12 96
13 32
13 34
13 41
13 44
13 45
13 49
13 54
13 58
13 63
13 86
13 87
13 94
14 30
14 33
14 39
14 42
14 44
14 63
14 89
14 91
15 20
15 35
15 37
15 52
15 54
15 55
15 59
15 76
15 77
15 86
15 96
16 25
16 26
16 43
16 46
16 52
16 66
16 89
16 90
17 25
17 40
17 43
17 44
17 48
17 65
17 69
17 98
18 25
18 35
18 51
18 52
18 58
18 60
18 62
18 63
18 80
18 82
18 85
18 89
19 20
19 29
19 48
19 56
19 60
19 68
19 88
19 95
20 22
20 28
20 29
20 35
20 45
20 49
20 72
20 78
21 43
21 45
21 75
22 26
22 43
22 44
22 51
22 67
22 82
22 86
22 89
22 96
23 41
23 51
23 52
23 56
23 59
23 68
23 77
23 78
23 94
23 97
24 25
24 38
24 40
24 42
24 43
24 55
24 84
24 94
25 29
25 34
25 56
25 58
25 71
25 92
25 99
26 34
26 37
26 43
26 49
26 71
26 82
26 86
26 98
27 42
27 65
27 72
27 80
27 83
27 88
28 31
28 47
28 52
28 59
28 62
28 65
28 68
28 79
28 86
28 87
29 30
29 35
29 50
29 54
29 64
29 66
29 74
29 76
29 88
30 34
30 39
30 43
30 47
30 85
30 91
30 93
30 97
31 44
31 66
31 79
31 92
32 36
32 40
32 52
32 63
32 78
33 34
33 39
33 48
33 49
33 68
33 72
33 83
34 40
34 45
34 48
34 76
34 79
34 84
34 93
34 94
34 99
35 39
35 51
35 70
35 74
35 79
35 81
35 92
36 37
36 49
36 63
36 90
36 97
37 44
37 52
37 82
37 95
38 81
38 98
39 42
39 61
39 67
39 74
39 95
40 59
40 68
40 98
41 44
41 54
41 64
41 77
41 78
41 92
41 93
41 94
41 98
42 46
42 53
42 70
42 82
42 99
43 49
43 53
43 58
43 62
43 68
43 69
43 77
43 85
44 45
44 48
44 64
44 65
44 87
45 50
45 60
45 75
45 81
45 84
45 91
45 96
45 97
46 68
46 80
46 86
46 95
47 68
48 49
48 55
48 62
48 64
48 88
48 95
48 98
49 50
49 51
49 54
49 66
49 68
49 88
50 80
50 92
50 96
51 57
51 62
51 70
51 71
51 80
51 96
52 57
52 60
52 63
53 63
53 72
53 77
53 78
54 55
54 62
54 69
54 72
54 76
54 77
55 58
55 61
55 62
55 68
55 70
55 74
55 81
56 58
56 59
56 62
56 79
56 86
56 93
56 98
57 64
57 84
57 95
57 97
58 75
58 95
59 68
59 78
59 81
59 88
59 95
60 63
60 66
60 67
60 71
60 80
60 89
60 93
61 72
61 73
61 97
62 70
63 77
63 85
63 89
63 95
64 72
64 75
64 78
64 84
64 97
64 99
65 68
65 70
65 71
65 77
65 81
65 85
65 86
65 98
66 83
66 97
66 98
67 86
68 72
68 77
68 86
68 93
68 94
69 78
69 95
70 73
71 75
71 89
71 94
72 90
73 80
74 75
74 78
74 81
74 85
75 77
75 80
75 82
76 77
76 84
76 86
77 80
77 85
77 88
77 92
78 90
78 92
79 85
79 98
80 85
80 90
81 84
81 97
82 86
82 97
84 92
84 95
86 90
86 98
87 90
87 98
87 99
88 98
89 99
91 93
93 99
94 97
94 99
96 99

0 0 1 0 0 1 0 1 0 0 1 0 1 1 0 1 0 0 1 1 1 0 1 1 1 1 1 1 0 1 1 1 1 0 1 0 0 0 0 0 1 1 0 1 1 1 1 1 1 0 0 1 1 0 1 0 1 1 1 0 0 0 0 0 1 1 1 0 1 0 0 1 1 0 1 0 0 0 0 0 0 0 0 0 0 1 0 1 1 0 0 0 0 1 1 1 0 1 1 0