50 628
0 1 2 3 4 5 6 7 8 9 10 11 12 13 14 15 16 17 18 19 20 21 22 23 24 25 26 27 28 29 30 31 32 33 34 35 36 37 38 39 40 41 42 43 44 45 46 47 48 49
0 1
0 2
0 4
0 5
0 6
0 9
0 11
0 13
0 14
0 19
0 23
0 25
0 29
0 30
0 32
0 37
0 39
0 40
0 41
0 42
0 43
0 44
0 45
0 47
0 48
1 5
1 9
1 14
1 15
1 16
1 18
1 20
1 22
1 24
1 27
1 28
1 31
1 32
1 33
1 34
1 37
1 40
1 41
1 43
1 49
2 3
2 4
2 5
2 8
2 9
2 10
2 11
2 13
2 14
2 16
2 17
2 18
2 19
2 21
2 22
2 24
2 25
2 27
2 29
2 30
2 31
2 32
2 36
2 38
2 39
2 47
2 48
2 49
3 4
3 5
3 6
3 8
3 9
3 13
3 14
3 16
3 18
3 19
3 21
3 22
3 25
3 26
3 28
3 29
3 30
3 31
3 32
3 34
3 35
3 36
3 37
3 38
3 39
3 40
3 41
3 42
3 43
3 46
3 47
3 48
4 6
4 8
4 11
4 12
4 13
4 14
4 15
4 17
4 18
4 21
4 24
4 29
4 31
4 32
4 34
4 36
4 38
4 39
4 41
4 42
4 43
4 45
4 49
5 6
5 8
5 12
5 14
5 16
5 17
5 19
5 21
5 28
5 29
5 30
5 31
5 34
5 35
5 36
5 37
5 38
5 44
5 46
5 47
6 8
6 9
6 11
6 12
6 14
6 16
6 20
6 23
6 25
6 26
6 28
6 29
6 30
6 31
6 34
6 35
6 36
6 38
6 39
6 44
6 45
6 49
7 9
7 10
7 12
7 13
7 14
7 16
7 19
7 20
7 21
7 24
7 26
7 27
7 30
7 31
7 34
7 35
7 36
7 37
7 38
7 39
7 40
7 42
7 45
7 46
7 49
8 9
8 18
8 19
8 21
8 25
8 29
8 32
8 33
8 34
8 35
8 36
8 38
8 39
8 40
8 43
8 47
9 10
9 12
9 13
9 15
9 16
9 18
9 20
9 22
9 24
9 26
9 27
9 29
9 30
9 31
9 32
9 34
9 35
9 36
9 38
9 42
9 43
9 44
9 46
9 47
10 15
10 16
10 17
10 20
10 21
10 22
10 24
10 25
10 26
10 27
10 28
10 29
10 32
10 34
10 38
10 39
10 45
10 49
11 12
11 13
11 14
11 22
11 26
11 27
11 28
11 29
11 33
11 36
11 39
11 41
11 42
11 43
11 47
12 13
12 15
12 19
12 20
12 24
12 25
12 26
12 27
12 32
12 33
12 34
12 35
12 37
12 38
12 41
12 43
12 46
12 48
12 49
13 15
13 17
13 20
13 22
13 25
13 28
13 29
13 31
13 34
13 39
13 40
13 42
13 43
13 49
14 15
14 18
14 20
14 21
14 24
14 25
14 26
14 28
14 30
14 34
14 35
14 36
14 38
14 40
14 41
14 43
14 45
14 47
14 49
15 16
15 20
15 28
15 30
15 32
15 33
15 37
15 39
15 40
15 41
15 42
15 44
15 45
15 49
16 17
16 18
16 19
16 20
16 21
16 22
16 23
16 25
16 26
16 27
16 28
16 31
16 32
16 33
16 34
16 35
16 36
16 39
16 40
16 42
16 44
16 46
16 47
17 21
17 23
17 24
17 27
17 29
17 30
17 34
17 36
17 39
17 41
17 42
17 44
17 45
17 46
17 47
17 49
18 22
18 23
18 26
18 27
18 30
18 31
18 34
18 35
18 37
18 39
18 46
18 47
18 48
19 23
19 24
19 25
19 26
19 32
19 33
19 37
19 38
19 39
19 41
19 44
19 46
19 49
20 21
20 22
20 27
20 32
20 33
20 36
20 37
20 38
20 42
20 44
20 45
20 46
20 47
21 22
21 25
21 26
21 27
21 30
21 32
21 33
21 34
21 36
21 37
21 39
21 40
21 42
21 44
21 45
21 47
22 25
22 26
22 27
22 30
22 31
22 33
22 34
22 35
22 36
22 37
22 39
22 40
22 41
22 42
22 43
22 44
22 48
23 24
23 25
23 26
23 27
23 29
23 31
23 32
23 33
23 34
23 36
23 38
23 41
23 43
23 44
23 45
23 49
24 27
24 29
24 36
24 37
24 39
24 41
24 42
24 45
24 47
25 27
25 28
25 31
25 33
25 34
25 38
25 39
25 43
25 44
25 45
25 46
25 47
25 49
26 27
26 31
26 32
26 33
26 35
26 36
26 37
26 38
26 41
26 43
26 45
26 47
26 48
26 49
27 29
27 30
27 33
27 35
27 36
27 38
27 41
27 43
27 49
28 29
28 32
28 35
28 38
28 39
28 40
28 43
28 45
28 46
28 47
28 48
28 49
29 31
29 32
29 34
29 35
29 36
29 40
29 41
29 44
29 46
29 47
29 49
30 31
30 32
30 35
30 37
30 39
30 40
30 41
30 43
30 47
31 32
31 33
31 40
31 42
31 43
31 44
31 46
31 48
31 49
32 35
32 36
32 37
32 38
32 39
32 40
32 41
32 46
32 48
32 49
33 35
33 42
33 43
33 45
33 48
34 36
34 39
34 41
34 42
34 48
35 37
35 40
35 41
35 45
35 47
36 37
36 40
36 41
36 42
36 44
36 45
36 46
36 48
36 49
37 41
37 42
37 43
37 44
37 48
38 39
38 41
38 42
38 43
38 47
38 48
39 41
39 42
39 43
39 45
39 46
39 47
39 48
39 49
40 41
40 44
40 45
40 47
40 48
40 49
41 43
41 45
41 46
41 47
41 48
41 49
42 45
42 46
42 47
42 48
42 49
43 44
43 45
43 49
44 45
44 46
44 49
45 48
46 47
46 48
47 49
48 49

1 0 0 1 0 1 1 1 0 1 1 0 0 1 1 0 1 0 0 1 0 0 0 0 1 0 1 1 1 0 0 1 0 1 0 0 1 1 1 1 0 0 0 0 1 1 1 1 0 0