100 493
0 1 2 3 4 5 6 7 8 9 10 11 12 13 14 15 16 17 18 19 20 21 22 23 24 25 26 27 28 29 30 31 32 33 34 35 36 37 38 39 40 41 42 43 44 45 46 47 48 49 50 51 52 53 54 55 56 57 58 59 60 61 62 63 64 65 66 67 68 69 70 71 72 73 74 75 76 77 78 79 80 81 82 83 84 85 86 87 88 89 90 91 92 93 94 95 96 97 98 99
0 19
0 20
0 41
0 69
0 77
0 78
0 95
1 15
1 16
1 19
1 58
1 65
1 80
1 95
2 5
2 13
2 20
2 27
2 32
2 35
2 53
2 56
2 65
2 66
2 78
2 88
3 6
3 12
3 22
3 41
3 45
3 48
3 59
3 61
3 72
3 83
3 87
4 19
4 24
4 64
5 16
5 24
5 35
5 43
5 47
5 52
5 81
5 82
5 86
5 92
5 95
6 12
6 13
6 14
6 22
6 30
6 42
6 43
6 64
6 78
6 80
6 82
6 84
6 87
6 96
7 30
7 31
7 33
7 42
7 44
7 48
7 52
7 62
7 67
7 72
7 96
8 24
8 34
8 40
8 51
8 62
8 64
8 69
8 74
8 88
9 13
9 14
9 21
9 25
9 30
9 66
9 68
9 76
9 77
9 85
9 93
9 97
10 13
10 52
10 72
10 75
10 84
10 85
11 16
11 23
11 52
11 55
11 64
11 73
11 96
12 20
12 29
12 56
12 59
12 79
12 80
12 81
12 83
12 87
12 99
13 15
13 22
13 27
13 28
13 54
13 56
13 57
13 60
13 88
14 33
14 39
14 60
15 36
15 40
15 58
15 59
15 72
15 73
15 74
15 76
15 87
15 94
15 95
16 21
16 46
16 51
16 53
16 83
16 94
17 18
17 23
17 37
17 44
17 51
17 58
17 62
17 63
17 70
17 72
17 75
17 76
17 80
18 23
18 27
18 42
18 43
18 47
18 56
18 62
18 70
18 73
18 74
18 75
19 34
19 43
19 57
19 62
19 64
19 75
19 81
20 24
20 34
20 38
20 39
20 41
20 48
20 49
20 55
20 63
20 72
20 85
20 90
21 22
21 23
21 40
21 46
21 62
21 67
21 91
21 92
21 93
22 26
22 32
22 34
22 56
22 75
22 80
22 83
23 28
23 31
23 35
23 65
23 67
23 78
23 97
24 33
24 38
24 45
24 47
24 75
24 85
24 86
24 88
24 94
24 96
25 27
25 31
25 32
25 33
25 41
25 43
25 51
25 58
25 76
25 78
25 85
25 87
25 94
25 96
26 27
26 28
26 35
26 45
26 46
26 73
26 81
26 82
26 83
26 87
26 90
26 91
27 36
27 42
27 44
27 55
27 64
27 77
27 95
28 56
28 64
28 86
28 87
29 41
29 52
29 88
29 94
30 35
30 41
30 48
30 53
30 58
30 61
30 70
30 76
31 32
31 33
31 39
31 42
31 45
31 59
31 81
31 99
32 37
32 41
32 48
32 74
32 76
32 81
32 94
33 51
33 53
33 75
33 96
34 42
34 50
34 51
34 55
34 60
34 69
34 87
34 90
34 91
34 92
35 36
35 53
35 55
35 74
35 99
36 40
36 61
36 65
36 86
36 88
36 92
36 94
37 47
37 50
37 53
37 72
37 74
38 62
38 71
38 76
38 78
38 86
39 46
39 60
39 73
39 74
39 95
40 41
40 42
40 93
40 98
41 46
41 56
41 80
41 93
41 95
42 45
42 75
42 78
42 99
43 57
43 66
43 73
43 80
43 94
43 97
44 46
44 56
44 64
44 78
44 95
44 97
44 99
45 60
46 51
46 58
46 61
46 63
46 67
46 71
46 83
46 85
47 49
47 51
47 53
47 64
47 71
47 83
47 86
48 49
48 80
48 88
49 50
49 59
49 80
49 86
49 93
49 95
50 51
50 56
50 60
50 74
50 76
51 55
51 60
51 69
51 75
51 80
51 89
51 94
51 95
52 54
52 59
52 75
52 87
53 56
53 75
53 76
53 81
54 76
54 94
55 73
55 74
55 81
56 62
56 64
56 67
56 73
56 86
56 88
56 90
57 67
57 70
57 82
58 62
58 63
58 65
58 74
58 77
58 91
59 87
59 90
59 95
60 71
60 75
60 79
60 87
60 88
61 68
61 78
61 91
62 91
62 92
63 70
63 75
63 84
63 86
64 73
64 83
64 88
66 78
66 88
66 89
66 94
67 69
67 73
67 80
67 82
68 71
68 80
68 85
69 71
69 83
69 97
70 89
71 81
71 84
71 90
71 97
72 74
72 75
72 88
72 92
73 81
73 84
73 93
74 79
74 92
74 98
75 80
75 96
75 97
76 78
77 98
77 99
81 93
81 95
81 97
82 98
83 97
84 98
87 88
88 89
88 94
88 95
90 99
96 97
96 99
97 99
98 99

0 1 0 1 0 1 0 1 1 0 1 0 1 0 1 1 0 1 0 1 1 1 1 1 1 0 0 0 1 1 1 1 1 1 0 0 0 0 0 1 0 0 1 1 0 1 0 1 0 0 1 1 1 1 0 0 0 0 0 1 0 0 0 0 0 1 0 0 0 0 1 0 0 1 1 1 1 1 1 1 0 1 1 0 1 0 0 1 0 0 0 1 0 0 0 0 1 1 1 1