250 6188
0 1 2 3 4 5 6 7 8 9 10 11 12 13 14 15 16 17 18 19 20 21 22 23 24 25 26 27 28 29 30 31 32 33 34 35 36 37 38 39 40 41 42 43 44 45 46 47 48 49 50 51 52 53 54 55 56 57 58 59 60 61 62 63 64 65 66 67 68 69 70 71 72 73 74 75 76 77 78 79 80 81 82 83 84 85 86 87 88 89 90 91 92 93 94 95 96 97 98 99 100 101 102 103 104 105 106 107 108 109 110 111 112 113 114 115 116 117 118 119 120 121 122 123 124 125 126 127 128 129 130 131 132 133 134 135 136 137 138 139 140 141 142 143 144 145 146 147 148 149 150 151 152 153 154 155 156 157 158 159 160 161 162 163 164 165 166 167 168 169 170 171 172 173 174 175 176 177 178 179 180 181 182 183 184 185 186 187 188 189 190 191 192 193 194 195 196 197 198 199 200 201 202 203 204 205 206 207 208 209 210 211 212 213 214 215 216 217 218 219 220 221 222 223 224 225 226 227 228 229 230 231 232 233 234 235 236 237 238 239 240 241 242 243 244 245 246 247 248 249
0 4
0 15
0 18
0 20
0 45
0 53
0 58
0 59
0 64
0 73
0 88
0 96
0 104
0 105
0 107
0 109
0 110
0 117
0 123
0 124
0 127
0 136
0 150
0 151
0 156
0 161
0 162
0 163
0 171
0 173
0 179
0 183
0 188
0 200
0 211
0 215
0 218
0 221
0 245
0 246
0 247
0 248
1 4
1 11
1 19
1 28
1 30
1 35
1 36
1 38
1 39
1 54
1 58
1 74
1 77
1 79
1 83
1 85
1 89
1 96
1 100
1 102
1 108
1 112
1 114
1 115
1 121
1 122
1 128
1 130
1 136
1 137
1 142
1 148
1 150
1 155
1 156
1 157
1 158
1 159
1 161
1 169
1 174
1 181
1 189
1 198
1 203
1 204
1 207
1 211
1 220
1 222
1 223
1 224
1 229
1 233
1 240
1 245
2 5
2 10
2 15
2 20
2 23
2 24
2 28
2 34
2 39
2 48
2 52
2 57
2 61
2 64
2 68
2 74
2 75
2 80
2 81
2 84
2 85
2 91
2 95
2 101
2 116
2 123
2 124
2 126
2 127
2 134
2 142
2 144
2 148
2 153
2 158
2 181
2 185
2 189
2 191
2 196
2 203
2 207
2 210
2 215
2 216
2 233
2 236
2 238
2 245
3 8
3 11
3 21
3 22
3 24
3 26
3 27
3 28
3 37
3 39
3 40
3 44
3 48
3 59
3 62
3 68
3 69
3 72
3 74
3 86
3 89
3 90
3 92
3 105
3 106
3 107
3 108
3 110
3 115
3 116
3 119
3 125
3 126
3 130
3 138
3 141
3 149
3 156
3 158
3 159
3 165
3 171
3 184
3 190
3 194
3 200
3 207
3 208
3 209
3 210
3 216
3 223
3 225
3 229
3 231
3 232
3 234
3 238
4 9
4 15
4 16
4 17
4 18
4 29
4 30
4 33
4 35
4 37
4 41
4 42
4 47
4 55
4 62
4 65
4 67
4 78
4 81
4 92
4 93
4 99
4 100
4 102
4 104
4 105
4 109
4 115
4 124
4 125
4 127
4 128
4 143
4 144
4 154
4 161
4 166
4 168
4 181
4 196
4 200
4 206
4 210
4 212
4 215
4 216
4 217
4 223
4 228
4 231
4 241
4 244
5 27
5 28
5 29
5 30
5 47
5 56
5 59
5 70
5 78
5 85
5 86
5 93
5 94
5 102
5 103
5 105
5 107
5 112
5 119
5 123
5 131
5 147
5 149
5 157
5 160
5 165
5 166
5 168
5 180
5 182
5 183
5 184
5 192
5 194
5 199
5 208
5 216
5 219
5 227
5 233
5 245
5 246
5 247
5 249
6 8
6 17
6 25
6 29
6 30
6 32
6 38
6 56
6 64
6 76
6 79
6 88
6 95
6 97
6 100
6 118
6 126
6 132
6 134
6 140
6 154
6 161
6 163
6 168
6 169
6 177
6 178
6 192
6 194
6 199
6 200
6 205
6 207
6 213
6 217
6 222
6 226
6 229
6 246
6 247
7 10
7 12
7 24
7 27
7 34
7 40
7 41
7 51
7 53
7 54
7 59
7 61
7 66
7 72
7 77
7 81
7 82
7 84
7 91
7 92
7 93
7 99
7 104
7 105
7 109
7 110
7 116
7 117
7 129
7 134
7 144
7 152
7 155
7 158
7 162
7 166
7 167
7 170
7 174
7 175
7 192
7 200
7 205
7 209
7 211
7 221
7 239
7 243
7 245
8 9
8 11
8 16
8 19
8 22
8 28
8 33
8 38
8 39
8 40
8 45
8 47
8 50
8 57
8 60
8 66
8 67
8 81
8 85
8 98
8 102
8 112
8 114
8 117
8 119
8 138
8 141
8 142
8 146
8 152
8 155
8 164
8 166
8 171
8 174
8 175
8 176
8 183
8 190
8 195
8 201
8 209
8 212
8 216
8 225
8 232
8 233
8 234
8 235
8 241
9 11
9 38
9 43
9 54
9 57
9 67
9 69
9 71
9 79
9 96
9 107
9 108
9 120
9 130
9 134
9 138
9 144
9 145
9 146
9 155
9 158
9 160
9 162
9 168
9 169
9 174
9 177
9 178
9 183
9 185
9 190
9 191
9 197
9 198
9 199
9 202
9 203
9 222
9 225
9 229
10 12
10 24
10 37
10 40
10 46
10 47
10 65
10 73
10 81
10 86
10 87
10 92
10 93
10 94
10 95
10 96
10 103
10 105
10 110
10 114
10 118
10 122
10 124
10 128
10 130
10 132
10 137
10 153
10 156
10 163
10 165
10 169
10 195
10 205
10 228
10 234
10 248
11 12
11 15
11 25
11 31
11 37
11 39
11 52
11 54
11 57
11 59
11 62
11 72
11 79
11 81
11 83
11 90
11 98
11 100
11 109
11 112
11 114
11 117
11 119
11 121
11 123
11 125
11 128
11 133
11 142
11 149
11 156
11 158
11 164
11 170
11 172
11 180
11 184
11 187
11 189
11 192
11 202
11 206
11 209
11 213
11 215
11 216
11 222
11 227
11 229
11 231
11 234
11 238
11 240
11 248
12 16
12 40
12 41
12 44
12 55
12 68
12 70
12 71
12 73
12 75
12 81
12 88
12 92
12 93
12 100
12 118
12 134
12 136
12 141
12 142
12 144
12 147
12 149
12 152
12 155
12 156
12 157
12 159
12 178
12 182
12 183
12 185
12 186
12 188
12 198
12 200
12 210
12 214
12 215
12 234
12 238
12 239
12 246
13 15
13 16
13 26
13 38
13 53
13 62
13 73
13 76
13 82
13 83
13 89
13 100
13 120
13 121
13 127
13 139
13 141
13 144
13 146
13 149
13 152
13 155
13 156
13 163
13 164
13 171
13 177
13 180
13 192
13 195
13 208
13 210
13 211
13 216
13 224
13 231
13 232
13 233
13 238
13 240
14 20
14 22
14 37
14 40
14 41
14 42
14 43
14 45
14 46
14 54
14 62
14 66
14 68
14 75
14 81
14 84
14 93
14 94
14 103
14 105
14 113
14 114
14 116
14 121
14 122
14 126
14 128
14 132
14 133
14 134
14 136
14 142
14 143
14 145
14 146
14 149
14 163
14 164
14 172
14 180
14 181
14 188
14 191
14 201
14 206
14 207
14 210
14 215
14 218
14 221
14 225
14 227
14 228
14 232
14 234
15 20
15 24
15 25
15 34
15 35
15 37
15 42
15 43
15 44
15 46
15 50
15 51
15 58
15 64
15 68
15 75
15 76
15 80
15 82
15 89
15 111
15 118
15 122
15 127
15 145
15 148
15 150
15 161
15 173
15 176
15 180
15 182
15 183
15 184
15 185
15 189
15 197
15 200
15 201
15 203
15 205
15 214
15 219
15 220
15 224
15 226
15 231
15 240
15 241
15 242
15 243
16 26
16 29
16 33
16 35
16 36
16 38
16 41
16 53
16 56
16 57
16 67
16 77
16 86
16 91
16 92
16 93
16 106
16 113
16 123
16 124
16 126
16 127
16 140
16 150
16 152
16 159
16 162
16 166
16 172
16 182
16 199
16 215
16 216
16 218
16 223
16 233
16 235
17 19
17 23
17 28
17 30
17 31
17 35
17 38
17 41
17 42
17 44
17 54
17 71
17 82
17 86
17 88
17 94
17 95
17 101
17 106
17 111
17 113
17 120
17 125
17 130
17 139
17 143
17 150
17 155
17 159
17 173
17 178
17 179
17 180
17 188
17 193
17 194
17 195
17 209
17 216
17 217
17 223
17 226
17 227
17 231
17 233
17 234
17 237
17 244
18 40
18 41
18 42
18 48
18 56
18 75
18 80
18 83
18 85
18 88
18 107
18 109
18 111
18 118
18 145
18 154
18 156
18 161
18 162
18 167
18 174
18 175
18 179
18 181
18 188
18 194
18 197
18 206
18 213
18 216
18 217
18 221
18 222
18 224
18 225
18 228
18 236
18 239
18 246
18 247
19 21
19 26
19 30
19 31
19 37
19 43
19 44
19 53
19 59
19 62
19 63
19 65
19 66
19 77
19 81
19 86
19 92
19 95
19 101
19 112
19 121
19 123
19 124
19 132
19 137
19 139
19 144
19 147
19 149
19 163
19 184
19 190
19 191
19 192
19 193
19 196
19 197
19 198
19 200
19 207
19 215
19 217
19 218
19 226
19 230
19 233
19 235
19 236
19 242
20 31
20 41
20 46
20 49
20 52
20 53
20 73
20 78
20 84
20 87
20 95
20 99
20 100
20 104
20 108
20 114
20 115
20 122
20 127
20 130
20 136
20 140
20 141
20 143
20 155
20 159
20 160
20 161
20 168
20 170
20 176
20 180
20 182
20 187
20 190
20 199
20 204
20 205
20 206
20 207
20 214
20 220
20 222
20 228
20 234
20 235
20 247
20 249
21 22
21 25
21 30
21 32
21 39
21 44
21 48
21 50
21 52
21 56
21 60
21 63
21 69
21 70
21 72
21 73
21 75
21 77
21 82
21 89
21 94
21 97
21 103
21 105
21 110
21 114
21 124
21 133
21 138
21 140
21 146
21 151
21 155
21 161
21 169
21 173
21 176
21 179
21 183
21 186
21 187
21 203
21 208
21 209
21 210
21 211
21 227
21 228
21 229
21 235
21 241
21 242
21 246
22 29
22 31
22 33
22 39
22 40
22 43
22 44
22 46
22 49
22 58
22 59
22 68
22 71
22 75
22 77
22 80
22 84
22 85
22 89
22 97
22 108
22 113
22 124
22 132
22 134
22 137
22 142
22 151
22 156
22 162
22 167
22 180
22 186
22 188
22 189
22 208
22 211
22 218
22 221
22 222
22 224
22 225
22 229
22 230
22 236
22 237
22 243
22 246
22 247
22 248
23 24
23 25
23 27
23 29
23 37
23 39
23 40
23 43
23 48
23 58
23 62
23 65
23 78
23 80
23 81
23 89
23 90
23 91
23 94
23 103
23 108
23 111
23 114
23 116
23 122
23 124
23 125
23 135
23 140
23 144
23 149
23 157
23 163
23 165
23 169
23 171
23 172
23 173
23 175
23 177
23 178
23 181
23 182
23 184
23 187
23 190
23 200
23 203
23 205
23 207
23 209
23 214
23 223
23 226
23 233
23 235
23 236
23 244
24 29
24 31
24 53
24 60
24 61
24 73
24 75
24 82
24 86
24 90
24 92
24 103
24 110
24 112
24 117
24 121
24 136
24 142
24 145
24 154
24 173
24 181
24 182
24 192
24 196
24 205
24 207
24 208
24 219
24 220
24 221
24 226
24 234
24 238
24 242
24 244
25 30
25 33
25 38
25 42
25 45
25 48
25 60
25 64
25 74
25 76
25 82
25 83
25 86
25 89
25 91
25 93
25 97
25 111
25 112
25 116
25 120
25 125
25 139
25 146
25 148
25 152
25 157
25 189
25 194
25 197
25 200
25 213
25 215
25 218
25 225
25 231
25 234
25 235
25 236
25 237
25 248
26 27
26 31
26 36
26 37
26 61
26 63
26 66
26 72
26 77
26 78
26 82
26 83
26 84
26 99
26 116
26 134
26 135
26 145
26 147
26 165
26 167
26 172
26 173
26 176
26 183
26 185
26 190
26 209
26 211
26 212
26 213
26 214
26 221
26 222
26 229
26 230
26 240
26 241
26 242
27 29
27 30
27 40
27 42
27 45
27 47
27 51
27 56
27 66
27 70
27 72
27 82
27 87
27 88
27 90
27 104
27 106
27 107
27 112
27 113
27 118
27 124
27 140
27 142
27 144
27 153
27 157
27 166
27 167
27 178
27 182
27 190
27 207
27 211
27 218
27 220
27 227
27 238
27 244
27 247
28 33
28 37
28 40
28 52
28 53
28 57
28 69
28 71
28 72
28 77
28 79
28 82
28 85
28 87
28 95
28 101
28 122
28 126
28 134
28 151
28 152
28 155
28 164
28 165
28 169
28 172
28 173
28 176
28 187
28 190
28 194
28 203
28 208
28 209
28 220
28 223
28 224
28 231
28 237
28 241
28 246
28 248
29 43
29 46
29 47
29 51
29 58
29 60
29 70
29 71
29 82
29 94
29 97
29 100
29 102
29 106
29 110
29 114
29 119
29 123
29 127
29 130
29 134
29 135
29 136
29 139
29 142
29 147
29 157
29 158
29 161
29 168
29 169
29 172
29 177
29 181
29 182
29 193
29 195
29 196
29 202
29 203
29 211
29 223
29 224
29 227
29 231
29 232
29 239
29 245
30 33
30 35
30 38
30 39
30 40
30 46
30 47
30 52
30 59
30 60
30 72
30 74
30 78
30 80
30 81
30 84
30 87
30 91
30 94
30 106
30 109
30 110
30 115
30 126
30 127
30 129
30 130
30 132
30 134
30 139
30 144
30 146
30 150
30 160
30 169
30 182
30 189
30 195
30 201
30 204
30 216
30 217
30 219
30 220
30 225
30 233
30 249
31 33
31 38
31 43
31 46
31 56
31 62
31 67
31 68
31 69
31 72
31 73
31 77
31 88
31 89
31 93
31 94
31 98
31 99
31 101
31 102
31 108
31 125
31 140
31 141
31 142
31 144
31 147
31 151
31 152
31 157
31 159
31 164
31 165
31 168
31 170
31 176
31 177
31 183
31 190
31 194
31 197
31 201
31 202
31 205
31 207
31 209
31 212
31 213
31 217
31 220
31 223
31 230
31 246
31 249
32 35
32 48
32 50
32 51
32 57
32 61
32 63
32 65
32 72
32 80
32 81
32 86
32 87
32 89
32 90
32 95
32 96
32 105
32 112
32 113
32 115
32 120
32 122
32 124
32 125
32 127
32 145
32 165
32 166
32 167
32 169
32 171
32 185
32 195
32 201
32 212
32 213
32 227
32 229
32 231
32 232
32 236
32 237
32 238
32 243
33 35
33 41
33 62
33 76
33 77
33 79
33 81
33 84
33 90
33 98
33 107
33 121
33 127
33 138
33 139
33 146
33 148
33 151
33 152
33 155
33 157
33 167
33 170
33 174
33 180
33 183
33 187
33 189
33 205
33 206
33 207
33 212
33 225
33 229
33 234
33 241
33 243
33 247
33 248
34 35
34 42
34 46
34 49
34 50
34 53
34 62
34 64
34 72
34 78
34 79
34 97
34 100
34 107
34 118
34 122
34 143
34 145
34 149
34 156
34 165
34 172
34 173
34 178
34 181
34 185
34 190
34 199
34 208
34 220
34 231
34 234
34 237
34 239
34 245
34 248
35 42
35 47
35 49
35 55
35 64
35 72
35 81
35 86
35 87
35 91
35 98
35 100
35 103
35 106
35 107
35 109
35 115
35 117
35 121
35 127
35 129
35 131
35 134
35 135
35 136
35 137
35 144
35 151
35 161
35 165
35 166
35 175
35 180
35 184
35 191
35 192
35 194
35 196
35 197
35 202
35 210
35 211
35 220
35 227
35 228
35 232
35 247
36 39
36 44
36 47
36 54
36 56
36 61
36 72
36 73
36 74
36 76
36 80
36 83
36 86
36 94
36 102
36 105
36 118
36 122
36 126
36 127
36 135
36 141
36 145
36 146
36 160
36 164
36 165
36 167
36 171
36 179
36 185
36 187
36 201
36 204
36 205
36 208
36 215
36 223
36 230
36 238
36 241
37 43
37 44
37 46
37 47
37 54
37 60
37 65
37 72
37 94
37 95
37 99
37 105
37 110
37 116
37 125
37 140
37 148
37 159
37 164
37 166
37 177
37 183
37 184
37 186
37 188
37 196
37 203
37 206
37 209
37 212
37 213
37 215
37 223
37 224
37 230
37 236
37 240
37 241
37 243
38 54
38 55
38 74
38 101
38 104
38 106
38 110
38 111
38 112
38 114
38 119
38 128
38 135
38 143
38 148
38 150
38 151
38 156
38 166
38 172
38 177
38 182
38 189
38 192
38 195
38 201
38 205
38 206
38 214
38 217
38 223
38 231
38 233
38 240
38 242
38 245
39 49
39 50
39 57
39 62
39 65
39 67
39 72
39 76
39 77
39 78
39 79
39 80
39 84
39 85
39 97
39 106
39 114
39 121
39 126
39 132
39 137
39 139
39 142
39 144
39 148
39 152
39 154
39 165
39 172
39 175
39 185
39 191
39 192
39 197
39 199
39 217
39 223
39 230
39 234
39 239
39 242
39 246
40 44
40 50
40 51
40 56
40 61
40 63
40 78
40 80
40 82
40 86
40 91
40 92
40 98
40 100
40 104
40 105
40 109
40 114
40 116
40 130
40 131
40 132
40 135
40 140
40 141
40 147
40 148
40 156
40 161
40 164
40 169
40 170
40 174
40 179
40 181
40 186
40 189
40 192
40 205
40 215
40 222
40 226
40 227
40 231
40 233
40 238
40 241
40 244
40 245
41 44
41 52
41 63
41 69
41 77
41 90
41 93
41 98
41 99
41 100
41 103
41 107
41 108
41 109
41 110
41 112
41 127
41 128
41 133
41 134
41 138
41 144
41 147
41 155
41 159
41 167
41 170
41 185
41 192
41 194
41 202
41 204
41 207
41 215
41 223
41 225
41 226
41 228
41 231
41 234
41 235
41 236
41 241
41 246
41 248
41 249
42 50
42 71
42 72
42 80
42 92
42 98
42 132
42 151
42 153
42 178
42 180
42 185
42 191
42 195
42 197
42 200
42 217
42 233
42 235
42 239
42 248
43 46
43 54
43 61
43 62
43 65
43 68
43 69
43 75
43 76
43 79
43 80
43 81
43 82
43 87
43 88
43 90
43 105
43 107
43 112
43 117
43 126
43 135
43 136
43 148
43 149
43 156
43 161
43 164
43 166
43 174
43 186
43 192
43 195
43 199
43 207
43 210
43 217
43 230
43 235
43 239
43 240
43 249
44 72
44 80
44 98
44 103
44 106
44 109
44 118
44 138
44 147
44 185
44 189
44 195
44 197
44 201
44 206
44 216
44 221
44 223
44 226
44 229
44 233
44 239
44 240
44 245
44 247
45 48
45 49
45 52
45 56
45 62
45 73
45 75
45 78
45 80
45 82
45 89
45 100
45 101
45 106
45 109
45 110
45 119
45 123
45 128
45 138
45 145
45 152
45 161
45 166
45 167
45 170
45 172
45 174
45 176
45 179
45 180
45 182
45 184
45 188
45 193
45 208
45 212
45 240
45 243
45 249
46 60
46 70
46 77
46 79
46 86
46 89
46 104
46 114
46 125
46 128
46 130
46 135
46 140
46 148
46 149
46 151
46 155
46 162
46 165
46 167
46 169
46 171
46 173
46 174
46 181
46 182
46 186
46 190
46 199
46 204
46 215
46 216
46 217
46 219
46 221
46 224
46 227
46 229
46 235
46 242
47 53
47 57
47 58
47 62
47 64
47 70
47 71
47 72
47 74
47 76
47 80
47 82
47 91
47 93
47 95
47 96
47 100
47 105
47 118
47 127
47 132
47 138
47 139
47 146
47 155
47 164
47 167
47 168
47 170
47 174
47 179
47 181
47 183
47 188
47 189
47 190
47 192
47 194
47 202
47 213
47 224
47 227
47 230
47 236
47 237
47 238
47 241
47 249
48 51
48 53
48 67
48 68
48 69
48 71
48 87
48 88
48 91
48 93
48 99
48 104
48 106
48 121
48 128
48 129
48 133
48 136
48 140
48 145
48 146
48 158
48 162
48 163
48 165
48 174
48 175
48 186
48 188
48 193
48 200
48 204
48 210
48 217
48 219
48 224
48 226
48 230
48 245
49 53
49 54
49 63
49 65
49 67
49 68
49 72
49 75
49 81
49 84
49 85
49 89
49 97
49 103
49 104
49 106
49 109
49 112
49 123
49 124
49 135
49 138
49 144
49 157
49 175
49 183
49 188
49 194
49 198
49 199
49 205
49 231
49 233
49 237
49 238
49 241
49 242
49 244
49 246
50 64
50 69
50 73
50 74
50 78
50 80
50 83
50 94
50 101
50 111
50 113
50 115
50 129
50 130
50 135
50 146
50 156
50 166
50 169
50 170
50 173
50 192
50 195
50 197
50 205
50 207
50 210
50 216
50 221
50 226
50 228
50 232
50 233
50 240
50 242
50 248
50 249
51 54
51 65
51 67
51 77
51 87
51 97
51 101
51 102
51 110
51 112
51 121
51 122
51 124
51 130
51 131
51 132
51 133
51 137
51 140
51 149
51 154
51 172
51 180
51 195
51 198
51 199
51 204
51 208
51 212
51 214
51 226
51 232
51 233
51 234
51 235
51 236
51 239
51 246
52 53
52 57
52 63
52 67
52 71
52 72
52 84
52 89
52 90
52 95
52 97
52 101
52 103
52 105
52 109
52 125
52 127
52 128
52 129
52 134
52 135
52 138
52 150
52 153
52 154
52 157
52 161
52 167
52 171
52 173
52 190
52 198
52 199
52 200
52 202
52 204
52 223
52 227
52 240
52 241
52 242
53 62
53 63
53 70
53 72
53 73
53 75
53 77
53 80
53 82
53 86
53 102
53 103
53 105
53 118
53 123
53 126
53 132
53 134
53 135
53 140
53 143
53 152
53 155
53 156
53 170
53 176
53 178
53 182
53 186
53 187
53 200
53 201
53 206
53 207
53 210
53 211
53 212
53 229
53 230
53 233
53 234
53 235
53 236
53 238
53 239
53 243
53 247
54 62
54 64
54 78
54 79
54 85
54 91
54 98
54 102
54 106
54 107
54 112
54 114
54 118
54 120
54 122
54 124
54 126
54 130
54 132
54 137
54 141
54 143
54 144
54 147
54 148
54 155
54 160
54 165
54 166
54 174
54 176
54 177
54 180
54 183
54 184
54 190
54 200
54 206
54 208
54 217
54 219
54 221
54 222
54 230
54 246
54 248
55 58
55 64
55 65
55 71
55 76
55 81
55 87
55 89
55 93
55 96
55 97
55 101
55 104
55 106
55 128
55 135
55 138
55 155
55 161
55 171
55 172
55 174
55 184
55 187
55 188
55 190
55 199
55 200
55 204
55 205
55 209
55 212
55 216
55 217
55 222
55 238
55 240
55 246
56 60
56 63
56 69
56 71
56 73
56 74
56 92
56 102
56 106
56 107
56 129
56 130
56 133
56 135
56 136
56 145
56 148
56 151
56 152
56 153
56 157
56 162
56 167
56 171
56 173
56 183
56 185
56 187
56 194
56 195
56 196
56 201
56 204
56 209
56 210
56 211
56 215
56 216
56 220
56 223
56 231
56 239
57 65
57 68
57 70
57 84
57 94
57 95
57 98
57 102
57 108
57 111
57 114
57 117
57 119
57 122
57 123
57 124
57 126
57 133
57 137
57 141
57 143
57 146
57 147
57 149
57 155
57 164
57 168
57 174
57 179
57 181
57 183
57 187
57 192
57 195
57 200
57 203
57 208
57 210
57 217
57 221
57 228
57 237
57 241
57 242
57 248
58 63
58 69
58 70
58 71
58 88
58 90
58 124
58 131
58 141
58 142
58 164
58 168
58 169
58 173
58 188
58 196
58 197
58 198
58 202
58 206
58 208
58 209
58 215
58 225
58 226
58 229
58 241
58 242
58 243
59 66
59 67
59 70
59 71
59 74
59 77
59 86
59 88
59 90
59 92
59 93
59 98
59 99
59 101
59 111
59 112
59 114
59 115
59 117
59 118
59 121
59 127
59 134
59 137
59 141
59 158
59 159
59 162
59 163
59 165
59 173
59 182
59 187
59 194
59 196
59 197
59 202
59 203
59 213
59 214
59 215
59 219
59 224
59 229
59 239
59 240
59 243
59 248
60 68
60 70
60 87
60 89
60 96
60 109
60 110
60 115
60 123
60 127
60 130
60 134
60 135
60 138
60 139
60 141
60 142
60 149
60 152
60 157
60 159
60 161
60 162
60 163
60 164
60 180
60 181
60 183
60 187
60 189
60 193
60 204
60 206
60 209
60 212
60 214
60 216
60 227
60 229
60 230
60 233
60 239
60 244
61 66
61 69
61 72
61 73
61 74
61 80
61 85
61 86
61 87
61 90
61 98
61 99
61 101
61 105
61 111
61 116
61 120
61 121
61 133
61 136
61 143
61 159
61 162
61 174
61 178
61 181
61 185
61 191
61 195
61 204
61 205
61 207
61 216
61 221
61 226
61 232
61 247
61 249
62 66
62 70
62 76
62 77
62 80
62 87
62 88
62 95
62 99
62 107
62 110
62 122
62 123
62 128
62 130
62 138
62 143
62 145
62 147
62 148
62 149
62 173
62 191
62 194
62 195
62 196
62 197
62 199
62 204
62 207
62 209
62 216
62 217
62 222
62 231
62 234
62 236
63 65
63 69
63 79
63 84
63 92
63 99
63 100
63 104
63 108
63 116
63 127
63 130
63 132
63 134
63 142
63 148
63 153
63 160
63 161
63 163
63 164
63 165
63 171
63 174
63 192
63 196
63 199
63 202
63 216
63 217
63 218
63 220
63 229
63 234
63 237
63 239
63 243
64 67
64 76
64 77
64 80
64 87
64 88
64 99
64 101
64 109
64 116
64 122
64 125
64 128
64 143
64 149
64 153
64 154
64 157
64 158
64 164
64 165
64 169
64 170
64 172
64 179
64 187
64 190
64 191
64 194
64 195
64 200
64 215
64 222
64 225
64 226
65 79
65 94
65 98
65 99
65 109
65 113
65 123
65 128
65 133
65 139
65 140
65 157
65 158
65 160
65 161
65 165
65 173
65 175
65 184
65 186
65 188
65 192
65 201
65 204
65 205
65 216
65 217
65 220
65 223
65 227
65 249
66 73
66 76
66 79
66 81
66 85
66 87
66 88
66 89
66 93
66 98
66 101
66 103
66 105
66 120
66 121
66 125
66 136
66 146
66 152
66 155
66 158
66 161
66 165
66 171
66 175
66 178
66 180
66 181
66 183
66 190
66 192
66 196
66 203
66 207
66 208
66 213
66 217
66 218
66 229
66 231
66 232
66 234
66 237
66 238
66 243
67 68
67 80
67 81
67 84
67 88
67 96
67 98
67 104
67 106
67 111
67 122
67 124
67 125
67 136
67 137
67 143
67 148
67 156
67 158
67 171
67 174
67 184
67 201
67 203
67 212
67 215
67 225
67 234
67 238
67 240
67 248
68 73
68 78
68 83
68 88
68 94
68 96
68 108
68 114
68 118
68 142
68 144
68 154
68 159
68 168
68 192
68 206
68 220
68 221
68 230
68 232
68 238
68 248
69 71
69 74
69 78
69 79
69 82
69 88
69 92
69 103
69 114
69 120
69 123
69 137
69 138
69 139
69 143
69 146
69 147
69 148
69 165
69 173
69 174
69 178
69 182
69 196
69 202
69 205
69 209
69 213
69 216
69 218
69 222
69 224
69 231
69 235
69 241
70 71
70 72
70 75
70 87
70 91
70 92
70 93
70 102
70 107
70 116
70 118
70 129
70 130
70 131
70 135
70 138
70 140
70 150
70 154
70 157
70 163
70 165
70 170
70 176
70 177
70 186
70 192
70 210
70 215
70 223
70 225
70 227
70 229
70 231
70 233
70 236
70 238
70 247
70 248
71 72
71 75
71 76
71 79
71 81
71 84
71 103
71 111
71 117
71 126
71 138
71 154
71 155
71 156
71 164
71 169
71 173
71 181
71 182
71 184
71 185
71 187
71 195
71 201
71 210
71 212
71 216
71 223
71 226
71 227
71 229
71 230
71 231
71 234
71 236
71 238
71 244
71 248
72 75
72 84
72 102
72 103
72 109
72 111
72 112
72 113
72 114
72 116
72 117
72 120
72 121
72 126
72 133
72 137
72 142
72 149
72 159
72 162
72 176
72 178
72 188
72 191
72 193
72 198
72 210
72 211
72 216
72 238
72 244
73 76
73 82
73 83
73 87
73 89
73 90
73 94
73 105
73 108
73 110
73 112
73 115
73 123
73 124
73 131
73 133
73 135
73 137
73 144
73 145
73 147
73 149
73 159
73 163
73 168
73 169
73 182
73 184
73 190
73 192
73 198
73 199
73 202
73 204
73 208
73 211
73 218
73 219
73 224
73 226
73 228
73 229
73 237
73 240
73 245
74 76
74 86
74 91
74 94
74 96
74 101
74 103
74 104
74 107
74 111
74 112
74 116
74 120
74 122
74 132
74 140
74 147
74 153
74 154
74 155
74 156
74 172
74 174
74 195
74 198
74 206
74 208
74 210
74 217
74 219
74 220
74 221
74 225
74 226
74 228
74 230
74 231
74 234
74 239
74 243
74 248
75 78
75 83
75 87
75 91
75 93
75 104
75 105
75 106
75 114
75 122
75 136
75 140
75 143
75 146
75 148
75 161
75 167
75 170
75 177
75 178
75 180
75 190
75 191
75 194
75 195
75 197
75 206
75 211
75 212
75 217
75 219
75 221
75 223
75 232
75 245
76 88
76 94
76 97
76 101
76 110
76 112
76 123
76 132
76 136
76 144
76 152
76 155
76 157
76 161
76 167
76 171
76 177
76 182
76 183
76 186
76 191
76 192
76 197
76 198
76 201
76 212
76 216
76 217
76 220
76 221
76 233
76 242
76 246
77 91
77 109
77 123
77 126
77 138
77 144
77 176
77 177
77 178
77 196
77 198
77 200
77 211
77 212
77 216
77 220
77 223
77 229
77 231
77 236
77 237
77 241
77 242
77 248
78 79
78 84
78 87
78 92
78 98
78 105
78 109
78 117
78 131
78 132
78 134
78 135
78 139
78 140
78 142
78 158
78 173
78 174
78 175
78 182
78 189
78 191
78 193
78 194
78 205
78 207
78 211
78 213
78 215
78 216
78 220
78 230
78 232
78 236
78 240
79 87
79 89
79 98
79 103
79 115
79 117
79 120
79 124
79 126
79 136
79 151
79 159
79 164
79 165
79 171
79 180
79 188
79 193
79 194
79 214
79 231
79 234
79 238
80 92
80 95
80 99
80 100
80 102
80 106
80 107
80 108
80 117
80 119
80 122
80 128
80 137
80 142
80 146
80 147
80 150
80 157
80 158
80 159
80 163
80 164
80 168
80 169
80 174
80 176
80 182
80 184
80 188
80 195
80 201
80 221
80 225
80 232
80 233
80 247
80 248
81 89
81 92
81 93
81 113
81 115
81 117
81 121
81 126
81 127
81 129
81 133
81 136
81 138
81 141
81 144
81 152
81 159
81 166
81 170
81 174
81 175
81 181
81 187
81 190
81 191
81 195
81 197
81 199
81 207
81 215
81 228
81 247
82 86
82 87
82 96
82 100
82 102
82 110
82 112
82 123
82 129
82 132
82 133
82 134
82 145
82 147
82 152
82 153
82 154
82 157
82 163
82 166
82 171
82 172
82 174
82 180
82 182
82 184
82 187
82 190
82 196
82 203
82 209
82 210
82 213
82 220
82 226
82 229
82 230
82 233
82 235
82 241
82 243
82 244
83 89
83 91
83 94
83 96
83 97
83 113
83 116
83 119
83 128
83 132
83 136
83 147
83 148
83 149
83 151
83 153
83 157
83 169
83 186
83 189
83 198
83 201
83 206
83 221
83 228
83 230
83 231
83 237
83 246
83 248
84 92
84 98
84 101
84 104
84 110
84 113
84 115
84 116
84 119
84 126
84 135
84 139
84 152
84 159
84 163
84 164
84 165
84 170
84 187
84 204
84 211
84 219
84 223
84 228
84 230
84 231
84 233
85 87
85 91
85 96
85 102
85 106
85 116
85 120
85 121
85 126
85 132
85 144
85 151
85 160
85 166
85 169
85 180
85 181
85 183
85 196
85 197
85 198
85 211
85 219
85 225
85 228
85 230
85 231
85 242
85 243
85 246
85 249
86 101
86 103
86 105
86 111
86 113
86 122
86 133
86 134
86 138
86 147
86 148
86 156
86 164
86 169
86 174
86 179
86 180
86 189
86 191
86 193
86 195
86 198
86 202
86 220
86 225
86 227
87 88
87 89
87 94
87 96
87 98
87 109
87 114
87 119
87 126
87 129
87 130
87 131
87 133
87 142
87 145
87 159
87 170
87 177
87 178
87 182
87 183
87 187
87 191
87 195
87 198
87 203
87 204
87 212
87 214
87 216
87 223
87 225
87 233
87 235
87 241
87 245
88 90
88 92
88 93
88 108
88 112
88 117
88 135
88 145
88 150
88 151
88 152
88 154
88 173
88 176
88 185
88 186
88 189
88 194
88 195
88 202
88 211
88 214
88 218
88 220
88 228
88 230
88 247
88 248
88 249
89 94
89 105
89 108
89 113
89 115
89 116
89 118
89 121
89 125
89 133
89 134
89 145
89 150
89 152
89 161
89 165
89 169
89 172
89 173
89 182
89 184
89 185
89 197
89 209
89 210
89 216
89 223
89 229
89 230
89 232
89 234
89 237
89 244
89 246
89 247
90 91
90 94
90 109
90 112
90 117
90 118
90 130
90 140
90 143
90 145
90 147
90 148
90 153
90 154
90 156
90 159
90 161
90 162
90 165
90 168
90 174
90 179
90 183
90 191
90 192
90 206
90 207
90 213
90 215
90 220
90 227
90 230
90 235
90 238
90 244
90 245
91 93
91 100
91 101
91 107
91 109
91 110
91 118
91 119
91 120
91 122
91 129
91 130
91 131
91 136
91 150
91 166
91 175
91 177
91 179
91 186
91 193
91 200
91 203
91 206
91 209
91 214
91 217
91 219
91 223
91 233
91 246
91 247
91 248
92 96
92 100
92 109
92 113
92 118
92 121
92 125
92 129
92 131
92 132
92 133
92 149
92 152
92 156
92 161
92 172
92 175
92 176
92 177
92 181
92 184
92 186
92 197
92 198
92 201
92 214
92 240
92 241
93 100
93 103
93 105
93 108
93 123
93 126
93 127
93 133
93 135
93 153
93 157
93 166
93 167
93 168
93 169
93 171
93 173
93 175
93 192
93 194
93 200
93 201
93 203
93 211
93 214
93 218
93 224
93 226
93 232
93 240
93 243
93 244
93 245
93 248
93 249
94 97
94 98
94 101
94 106
94 117
94 129
94 130
94 132
94 142
94 149
94 161
94 171
94 174
94 185
94 187
94 188
94 197
94 207
94 209
94 211
94 214
94 217
94 219
94 222
95 100
95 104
95 123
95 124
95 128
95 135
95 142
95 143
95 157
95 171
95 174
95 188
95 194
95 204
95 224
95 225
95 233
95 235
95 244
95 246
96 115
96 119
96 122
96 124
96 128
96 130
96 141
96 143
96 168
96 171
96 173
96 175
96 179
96 181
96 185
96 188
96 189
96 196
96 218
96 223
96 224
96 225
96 227
96 234
96 238
96 239
97 98
97 107
97 109
97 116
97 123
97 138
97 141
97 147
97 149
97 158
97 174
97 184
97 186
97 194
97 200
97 204
97 211
97 219
97 227
97 228
97 229
97 230
97 233
97 241
97 245
97 249
98 102
98 103
98 113
98 115
98 119
98 120
98 122
98 128
98 129
98 131
98 134
98 141
98 142
98 147
98 150
98 160
98 162
98 165
98 167
98 169
98 172
98 179
98 182
98 183
98 189
98 191
98 194
98 205
98 214
98 217
98 223
98 230
98 235
98 239
98 243
98 246
99 102
99 107
99 110
99 113
99 116
99 119
99 121
99 127
99 129
99 132
99 134
99 136
99 139
99 144
99 147
99 149
99 153
99 154
99 166
99 169
99 171
99 189
99 193
99 214
99 220
99 222
99 227
99 239
99 242
99 247
99 249
100 102
100 108
100 112
100 121
100 129
100 135
100 140
100 141
100 143
100 145
100 149
100 151
100 154
100 159
100 165
100 170
100 176
100 183
100 185
100 191
100 193
100 196
100 200
100 205
100 215
100 220
100 222
100 228
100 229
100 235
100 237
101 103
101 106
101 109
101 110
101 112
101 116
101 117
101 128
101 129
101 130
101 133
101 138
101 148
101 153
101 158
101 162
101 174
101 183
101 184
101 199
101 201
101 203
101 214
101 217
101 225
101 227
101 229
101 232
101 233
101 235
101 236
101 239
101 246
101 247
102 113
102 115
102 116
102 118
102 127
102 131
102 133
102 134
102 139
102 140
102 143
102 146
102 150
102 152
102 153
102 158
102 164
102 167
102 177
102 179
102 186
102 195
102 210
102 212
102 218
102 223
102 227
102 231
102 236
102 238
103 109
103 116
103 127
103 128
103 130
103 138
103 140
103 142
103 155
103 166
103 171
103 172
103 173
103 176
103 181
103 182
103 189
103 197
103 200
103 205
103 207
103 211
103 216
103 223
103 227
103 231
103 232
103 233
103 246
103 247
104 110
104 118
104 122
104 124
104 127
104 128
104 132
104 137
104 139
104 155
104 157
104 165
104 166
104 167
104 183
104 186
104 189
104 190
104 194
104 195
104 203
104 205
104 210
104 211
104 212
104 214
104 217
104 218
104 222
104 225
104 226
104 230
104 233
104 243
105 111
105 113
105 120
105 124
105 126
105 143
105 156
105 158
105 172
105 175
105 181
105 182
105 186
105 194
105 195
105 198
105 205
105 208
105 210
105 213
105 214
105 219
105 226
105 229
105 234
105 238
105 248
106 107
106 113
106 114
106 116
106 117
106 123
106 127
106 136
106 139
106 143
106 145
106 148
106 156
106 161
106 176
106 182
106 204
106 212
106 217
106 220
106 225
106 226
106 229
106 233
106 235
106 242
106 245
107 110
107 113
107 114
107 117
107 119
107 123
107 128
107 133
107 141
107 144
107 145
107 150
107 151
107 159
107 162
107 165
107 169
107 170
107 175
107 176
107 181
107 186
107 191
107 194
107 196
107 200
107 201
107 210
107 214
107 219
107 223
107 224
107 227
107 229
107 230
107 234
107 235
107 245
108 124
108 132
108 133
108 141
108 142
108 144
108 147
108 148
108 156
108 158
108 175
108 184
108 191
108 193
108 200
108 212
108 215
108 216
108 218
108 219
108 221
108 224
108 229
108 232
108 235
108 236
108 237
108 240
108 241
108 243
109 111
109 112
109 115
109 117
109 122
109 124
109 132
109 133
109 144
109 145
109 148
109 152
109 164
109 175
109 181
109 190
109 192
109 207
109 211
109 213
109 220
109 222
109 227
109 228
109 234
109 237
109 239
109 240
109 241
110 111
110 112
110 116
110 120
110 122
110 126
110 138
110 141
110 143
110 148
110 156
110 162
110 170
110 171
110 175
110 178
110 179
110 191
110 192
110 196
110 221
110 222
110 236
110 241
110 244
110 248
111 112
111 117
111 118
111 129
111 135
111 139
111 141
111 142
111 149
111 163
111 172
111 177
111 178
111 186
111 194
111 203
111 210
111 240
111 249
112 132
112 134
112 138
112 141
112 143
112 149
112 155
112 157
112 159
112 163
112 164
112 172
112 176
112 180
112 184
112 193
112 195
112 196
112 203
112 207
112 209
112 211
112 212
112 213
112 219
112 224
112 230
112 232
112 233
112 234
112 235
112 237
112 239
112 241
113 115
113 128
113 130
113 138
113 139
113 146
113 149
113 150
113 153
113 155
113 160
113 162
113 176
113 183
113 185
113 199
113 203
113 204
113 207
113 209
113 216
113 223
113 225
113 226
113 236
113 240
113 249
114 124
114 125
114 126
114 140
114 148
114 153
114 154
114 162
114 167
114 172
114 177
114 179
114 202
114 203
114 214
114 215
114 217
114 236
114 242
115 123
115 138
115 139
115 140
115 157
115 164
115 169
115 180
115 183
115 185
115 202
115 207
115 217
115 218
115 223
115 224
115 226
115 235
115 243
115 244
116 119
116 121
116 129
116 134
116 135
116 137
116 141
116 143
116 150
116 152
116 154
116 166
116 180
116 186
116 190
116 191
116 192
116 193
116 194
116 195
116 201
116 204
116 205
116 217
116 226
116 231
116 232
116 241
116 243
116 249
117 126
117 130
117 133
117 137
117 140
117 148
117 152
117 153
117 160
117 179
117 181
117 191
117 193
117 196
117 201
117 215
117 220
117 226
117 232
117 236
117 239
117 241
117 245
118 119
118 121
118 126
118 127
118 129
118 131
118 140
118 148
118 150
118 155
118 159
118 170
118 177
118 182
118 191
118 193
118 196
118 197
118 205
118 206
118 209
118 213
118 217
118 232
118 239
118 240
119 120
119 128
119 133
119 138
119 140
119 148
119 149
119 155
119 158
119 159
119 161
119 162
119 175
119 193
119 198
119 203
119 206
119 207
119 211
119 222
119 223
119 226
119 228
119 245
120 121
120 127
120 137
120 140
120 143
120 156
120 157
120 164
120 167
120 179
120 181
120 185
120 189
120 193
120 204
120 205
120 206
120 213
120 218
120 223
120 232
120 233
120 236
120 243
121 131
121 132
121 173
121 176
121 183
121 184
121 191
121 196
121 205
121 212
121 219
121 223
121 245
122 126
122 132
122 134
122 137
122 142
122 147
122 151
122 157
122 168
122 174
122 177
122 178
122 182
122 185
122 192
122 194
122 196
122 198
122 221
122 223
122 227
122 234
122 238
122 241
122 242
122 248
122 249
123 125
123 130
123 131
123 135
123 139
123 143
123 146
123 151
123 153
123 167
123 168
123 174
123 180
123 181
123 187
123 188
123 189
123 193
123 198
123 201
123 212
123 213
123 222
123 231
123 238
123 241
123 247
124 128
124 138
124 139
124 141
124 144
124 148
124 152
124 156
124 168
124 173
124 181
124 190
124 200
124 204
124 211
124 212
124 213
124 240
124 242
124 243
124 248
125 126
125 127
125 133
125 139
125 141
125 153
125 160
125 162
125 164
125 169
125 194
125 196
125 199
125 202
125 203
125 208
125 210
125 211
125 214
125 220
125 221
125 230
125 234
125 241
125 248
126 127
126 135
126 137
126 141
126 154
126 160
126 162
126 163
126 168
126 170
126 172
126 177
126 184
126 185
126 192
126 194
126 197
126 202
126 203
126 206
126 224
126 225
126 226
126 228
126 231
126 238
126 240
126 243
127 129
127 131
127 138
127 140
127 144
127 145
127 146
127 150
127 153
127 166
127 169
127 174
127 179
127 181
127 184
127 195
127 196
127 197
127 199
127 203
127 205
127 207
127 211
127 215
127 219
127 226
127 231
127 233
127 236
127 237
127 238
128 132
128 158
128 164
128 170
128 173
128 184
128 187
128 190
128 193
128 195
128 202
128 204
128 211
128 220
128 221
128 227
128 229
128 233
128 242
128 249
129 133
129 134
129 153
129 154
129 155
129 156
129 164
129 166
129 172
129 183
129 191
129 196
129 197
129 202
129 207
129 212
129 218
129 220
129 224
129 230
129 246
129 248
130 153
130 163
130 164
130 166
130 174
130 178
130 179
130 183
130 186
130 192
130 194
130 195
130 201
130 205
130 206
130 208
130 211
130 213
130 216
130 224
130 226
130 232
131 140
131 145
131 151
131 158
131 162
131 164
131 177
131 184
131 193
131 196
131 202
131 214
131 227
131 238
131 248
132 138
132 139
132 144
132 145
132 158
132 159
132 162
132 164
132 168
132 170
132 172
132 178
132 184
132 192
132 195
132 200
132 205
132 207
132 208
132 213
132 226
132 228
132 229
132 232
132 233
132 234
132 237
132 239
132 241
132 246
132 247
133 135
133 146
133 154
133 155
133 156
133 158
133 161
133 163
133 171
133 177
133 178
133 186
133 188
133 192
133 202
133 204
133 212
133 213
133 223
133 224
133 226
133 231
133 234
133 236
133 237
133 245
134 136
134 138
134 144
134 148
134 150
134 157
134 162
134 169
134 186
134 187
134 194
134 198
134 199
134 203
134 207
134 210
134 211
134 212
134 216
134 218
134 226
134 227
134 231
134 234
134 235
134 237
134 238
134 242
134 243
134 248
135 136
135 139
135 144
135 154
135 172
135 176
135 178
135 180
135 184
135 191
135 193
135 195
135 210
135 211
135 212
135 214
135 215
135 232
135 236
135 238
135 239
135 245
135 246
135 247
136 145
136 146
136 149
136 150
136 168
136 172
136 176
136 181
136 189
136 193
136 199
136 202
136 203
136 211
136 212
136 213
136 218
136 227
136 229
136 239
136 241
136 242
136 244
136 246
136 248
137 142
137 152
137 162
137 168
137 173
137 175
137 178
137 186
137 190
137 195
137 201
137 203
137 206
137 212
137 214
137 215
137 219
137 220
137 222
137 223
137 226
137 227
137 239
137 242
137 247
138 145
138 148
138 149
138 151
138 154
138 159
138 163
138 171
138 174
138 187
138 188
138 193
138 198
138 201
138 202
138 204
138 207
138 208
138 217
138 219
138 221
138 222
138 234
138 236
138 237
138 241
138 246
138 247
139 146
139 158
139 160
139 162
139 168
139 179
139 180
139 186
139 188
139 189
139 190
139 194
139 202
139 205
139 217
139 219
139 222
139 224
139 233
139 244
139 249
140 142
140 143
140 150
140 153
140 155
140 156
140 160
140 161
140 162
140 166
140 172
140 176
140 178
140 181
140 191
140 196
140 203
140 204
140 207
140 217
140 218
140 220
140 226
140 229
140 232
140 235
140 239
140 246
140 248
141 144
141 145
141 146
141 155
141 166
141 167
141 168
141 184
141 189
141 190
141 198
141 202
141 205
141 217
141 226
141 239
141 240
141 242
141 249
142 145
142 150
142 154
142 155
142 156
142 158
142 160
142 168
142 175
142 176
142 180
142 182
142 183
142 185
142 191
142 196
142 201
142 205
142 206
142 209
142 210
142 214
142 221
142 224
142 225
142 230
142 231
142 232
142 234
142 236
142 237
142 238
142 240
142 241
143 148
143 155
143 156
143 159
143 168
143 177
143 185
143 186
143 188
143 190
143 200
143 206
143 208
143 210
143 218
143 231
143 232
143 234
143 242
143 246
144 165
144 169
144 185
144 197
144 199
144 200
144 206
144 211
144 212
144 217
144 219
144 226
144 234
144 242
144 246
144 247
144 249
145 154
145 163
145 169
145 171
145 174
145 186
145 190
145 207
145 213
145 216
145 217
145 218
145 231
146 154
146 155
146 158
146 162
146 163
146 166
146 169
146 186
146 187
146 191
146 198
146 205
146 207
146 208
146 209
146 211
146 213
146 214
146 216
146 218
146 219
146 233
146 238
146 246
146 248
147 149
147 153
147 158
147 159
147 160
147 164
147 168
147 176
147 177
147 178
147 180
147 182
147 185
147 187
147 194
147 197
147 203
147 215
147 223
147 225
147 230
147 237
147 243
147 249
148 154
148 155
148 161
148 169
148 172
148 178
148 180
148 185
148 191
148 196
148 209
148 216
148 218
148 236
148 237
148 239
148 243
148 245
148 247
148 248
149 150
149 153
149 162
149 164
149 174
149 180
149 188
149 197
149 198
149 200
149 201
149 202
149 204
149 207
149 208
149 214
149 216
149 217
149 220
149 227
149 228
149 238
149 245
149 248
150 153
150 154
150 161
150 163
150 169
150 194
150 199
150 206
150 213
150 217
150 222
150 225
150 230
150 231
150 240
150 249
151 157
151 160
151 161
151 165
151 168
151 169
151 172
151 175
151 178
151 185
151 188
151 189
151 191
151 202
151 208
151 210
151 216
151 220
151 223
151 232
151 237
151 241
151 243
151 244
151 249
152 154
152 158
152 160
152 163
152 164
152 175
152 180
152 195
152 200
152 202
152 212
152 213
152 217
152 222
152 230
152 236
152 241
152 246
152 249
153 157
153 165
153 177
153 181
153 183
153 195
153 196
153 219
153 223
153 224
153 226
153 232
153 234
153 237
153 239
153 242
153 245
153 249
154 159
154 163
154 168
154 173
154 180
154 181
154 188
154 189
154 194
154 204
154 205
154 208
154 211
154 222
154 224
154 226
154 229
154 233
154 235
154 238
154 241
155 156
155 165
155 168
155 173
155 187
155 195
155 198
155 208
155 209
155 211
155 213
155 220
155 221
155 224
155 227
155 229
155 231
155 232
155 236
155 239
156 159
156 161
156 166
156 167
156 168
156 172
156 179
156 181
156 182
156 183
156 187
156 190
156 191
156 198
156 201
156 213
156 216
156 219
156 234
156 238
156 242
156 243
156 246
156 247
156 248
156 249
157 158
157 162
157 167
157 170
157 186
157 187
157 197
157 201
157 203
157 204
157 210
157 238
157 240
157 244
158 162
158 166
158 173
158 174
158 184
158 189
158 201
158 203
158 206
158 217
158 221
158 222
158 230
159 170
159 172
159 181
159 187
159 189
159 191
159 192
159 193
159 202
159 211
159 212
159 220
159 228
159 232
159 240
159 244
159 247
160 162
160 168
160 186
160 188
160 195
160 199
160 207
160 210
160 211
160 225
160 229
160 233
160 235
160 238
160 240
160 241
160 242
161 170
161 173
161 175
161 177
161 182
161 184
161 205
161 207
161 208
161 225
161 226
161 232
161 239
161 243
161 249
162 165
162 167
162 170
162 174
162 194
162 198
162 200
162 211
162 217
162 222
162 233
162 236
162 242
162 245
162 248
163 164
163 177
163 181
163 189
163 190
163 192
163 202
163 205
163 211
163 215
163 218
163 226
163 232
163 244
163 245
163 248
164 169
164 177
164 178
164 186
164 193
164 195
164 201
164 220
164 225
164 234
164 240
164 242
164 243
164 246
164 249
165 174
165 190
165 194
165 200
165 201
165 205
165 208
165 209
165 210
165 213
165 225
165 229
165 237
165 238
165 239
165 246
166 167
166 170
166 174
166 183
166 184
166 185
166 193
166 196
166 199
166 201
166 203
166 205
166 209
166 222
166 225
166 229
166 231
166 233
166 249
167 168
167 170
167 171
167 173
167 189
167 190
167 207
167 209
167 222
167 226
167 228
167 233
167 234
167 236
167 239
167 243
167 246
168 176
168 191
168 193
168 197
168 202
168 204
168 209
168 215
168 225
168 227
168 241
168 246
169 182
169 188
169 190
169 195
169 204
169 207
169 216
169 219
169 222
169 228
169 232
169 238
169 249
170 183
170 185
170 186
170 188
170 189
170 197
170 210
170 224
170 235
170 236
170 238
170 240
170 241
170 242
170 246
171 173
171 179
171 180
171 192
171 193
171 202
171 208
171 222
171 223
171 224
171 227
171 233
171 236
171 241
171 243
171 244
172 174
172 178
172 187
172 193
172 194
172 216
172 218
172 221
172 223
172 226
172 231
172 239
172 240
172 243
172 247
173 176
173 177
173 188
173 190
173 192
173 201
173 202
173 206
173 207
173 208
173 210
173 223
173 224
173 225
173 229
173 230
173 231
173 235
173 236
173 244
174 181
174 188
174 192
174 197
174 199
174 209
174 210
174 211
174 214
174 223
174 231
174 233
174 238
175 176
175 179
175 192
175 199
175 202
175 216
175 249
176 178
176 182
176 183
176 185
176 188
176 189
176 192
176 196
176 199
176 201
176 204
176 220
176 221
176 226
176 231
176 234
176 235
176 243
176 245
176 247
177 178
177 179
177 191
177 198
177 201
177 204
177 218
177 225
177 231
177 237
177 239
177 240
178 181
178 182
178 189
178 204
178 208
178 213
178 224
178 225
178 227
178 232
178 234
178 243
178 245
179 180
179 183
179 186
179 192
179 194
179 200
179 208
179 209
179 216
179 218
179 219
179 225
179 228
179 229
179 232
179 235
179 238
179 244
180 197
180 198
180 200
180 202
180 208
180 215
180 217
180 218
180 222
180 225
180 227
180 231
180 232
180 240
180 243
180 246
181 185
181 188
181 193
181 196
181 204
181 213
181 218
181 221
181 223
181 245
182 183
182 187
182 189
182 194
182 198
182 200
182 207
182 208
182 218
182 221
182 223
182 238
182 239
182 240
183 186
183 197
183 208
183 209
183 213
183 216
183 219
183 220
183 221
183 232
183 234
183 236
183 241
183 245
183 248
184 185
184 190
184 196
184 202
184 210
184 216
184 223
184 227
184 235
184 237
184 246
185 187
185 189
185 195
185 196
185 201
185 203
185 211
185 212
185 214
185 217
185 227
185 241
185 249
186 190
186 198
186 201
186 202
186 203
186 208
186 225
186 232
186 237
186 238
186 242
186 244
186 247
186 248
186 249
187 198
187 208
187 211
187 218
187 228
187 229
187 233
187 244
187 247
188 189
188 190
188 197
188 200
188 210
188 212
188 218
188 219
188 222
188 229
188 233
188 245
188 248
189 196
189 197
189 200
189 204
189 206
189 222
189 223
189 234
189 237
189 244
190 194
190 195
190 196
190 201
190 203
190 204
190 207
190 219
190 222
190 223
190 226
190 232
190 233
190 236
190 242
191 192
191 203
191 208
191 210
191 213
191 214
191 215
191 217
191 219
191 220
191 240
191 242
191 248
191 249
192 202
192 206
192 214
192 217
192 218
192 220
192 223
192 226
192 236
192 245
192 246
192 247
193 196
193 200
193 204
193 214
193 222
193 224
193 226
193 232
193 233
193 236
193 237
193 241
194 201
194 203
194 205
194 209
194 210
194 218
194 224
194 225
194 229
194 242
194 247
195 203
195 208
195 223
195 224
195 226
195 231
195 242
195 247
196 201
196 204
196 212
196 213
196 217
196 224
196 231
196 233
196 235
196 237
196 238
196 240
196 241
196 244
197 199
197 200
197 207
197 215
197 216
197 219
197 226
197 230
197 237
197 238
197 243
198 200
198 203
198 208
198 209
198 223
198 226
198 235
198 238
198 242
198 244
198 246
199 200
199 201
199 203
199 204
199 205
199 213
199 214
199 216
199 227
199 228
199 230
199 232
199 238
199 246
199 248
200 205
200 209
200 211
200 219
200 223
200 229
200 233
200 241
200 242
200 244
200 247
201 205
201 207
201 210
201 215
201 224
201 236
201 237
201 248
202 203
202 205
202 208
202 213
202 227
202 230
202 233
202 234
202 243
203 206
203 207
203 209
203 212
203 215
203 221
203 223
203 228
203 233
203 235
203 240
204 218
204 223
204 228
204 239
204 246
205 220
205 221
205 222
205 224
205 235
205 237
205 246
205 247
206 209
206 211
206 218
206 227
206 231
206 233
206 235
206 236
206 237
206 239
206 240
206 242
207 208
207 209
207 217
207 220
207 221
207 238
207 239
207 242
207 246
207 248
208 210
208 211
208 224
208 236
208 239
208 243
208 244
208 247
209 215
209 217
209 226
209 230
209 237
209 241
209 249
210 211
210 212
210 216
210 220
210 221
210 225
210 233
210 235
210 239
211 213
211 215
211 223
211 225
211 232
211 235
211 245
212 213
212 230
212 231
212 232
212 241
212 243
212 248
213 216
213 218
213 235
213 236
213 237
213 240
213 241
213 242
213 249
214 223
214 224
214 226
214 231
214 244
214 245
214 248
215 216
215 217
215 225
215 226
215 232
215 234
215 237
215 239
215 244
215 245
215 246
216 231
216 237
217 220
217 226
217 234
217 240
217 244
218 220
218 226
218 232
218 234
218 237
218 243
218 244
219 225
219 226
219 236
219 240
219 241
219 243
219 246
220 236
220 239
221 223
221 235
221 238
221 240
221 241
221 244
222 229
222 239
222 241
222 243
223 226
223 236
223 243
223 246
224 230
224 238
224 239
224 240
224 246
225 231
225 238
225 247
226 230
226 240
226 246
226 247
226 248
227 228
227 238
227 240
227 249
228 231
228 237
228 238
228 242
228 244
229 240
229 243
229 247
230 232
230 235
230 239
230 240
230 241
230 244
231 236
231 239
231 243
231 244
231 246
231 247
232 238
233 238
233 246
234 240
234 246
235 239
235 244
235 245
235 247
235 249
236 237
236 240
236 243
236 245
236 246
237 246
237 248
238 241
238 244
238 245
239 241
239 242
239 248
240 241
240 245
240 249
242 243
242 244
243 247
243 249
245 247
248 249

1 1 0 1 1 0 0 0 1 1 0 0 0 1 1 0 1 1 1 0 0 1 0 0 0 0 0 1 0 1 1 1 1 1 1 0 1 1 0 1 0 1 0 1 0 1 0 1 1 1 0 0 0 1 1 1 1 1 0 1 0 0 0 1 1 1 1 0 0 0 0 0 1 0 0 0 1 1 0 0 0 0 1 1 0 0 1 1 0 0 1 0 1 1 1 0 1 0 1 1 1 0 1 1 0 1 0 0 0 1 0 1 0 0 1 1 1 0 1 0 1 0 1 0 0 0 0 0 0 0 0 0 0 1 0 1 0 0 1 0 0 1 0 1 0 1 1 1 1 1 1 1 1 1 1 0 1 1 1 1 1 0 1 1 1 1 0 0 0 0 0 0 1 1 1 1 0 0 0 0 0 1 0 1 0 0 0 0 0 1 1 1 1 0 0 0 0 0 1 0 0 1 1 1 0 0 0 1 0 0 0 1 1 1 0 1 0 1 0 1 1 0 1 1 0 0 0 0 1 1 1 1 1 0 0 1 1 0 0 0 1 0 0 1 1 1 0 0 1 1