250 3092
0 1 2 3 4 5 6 7 8 9 10 11 12 13 14 15 16 17 18 19 20 21 22 23 24 25 26 27 28 29 30 31 32 33 34 35 36 37 38 39 40 41 42 43 44 45 46 47 48 49 50 51 52 53 54 55 56 57 58 59 60 61 62 63 64 65 66 67 68 69 70 71 72 73 74 75 76 77 78 79 80 81 82 83 84 85 86 87 88 89 90 91 92 93 94 95 96 97 98 99 100 101 102 103 104 105 106 107 108 109 110 111 112 113 114 115 116 117 118 119 120 121 122 123 124 125 126 127 128 129 130 131 132 133 134 135 136 137 138 139 140 141 142 143 144 145 146 147 148 149 150 151 152 153 154 155 156 157 158 159 160 161 162 163 164 165 166 167 168 169 170 171 172 173 174 175 176 177 178 179 180 181 182 183 184 185 186 187 188 189 190 191 192 193 194 195 196 197 198 199 200 201 202 203 204 205 206 207 208 209 210 211 212 213 214 215 216 217 218 219 220 221 222 223 224 225 226 227 228 229 230 231 232 233 234 235 236 237 238 239 240 241 242 243 244 245 246 247 248 249
0 3
0 5
0 6
0 18
0 25
0 54
0 67
0 69
0 77
0 95
0 101
0 108
0 128
0 129
0 131
0 141
0 155
0 169
0 171
0 179
0 181
0 182
0 199
0 200
0 202
0 210
0 212
0 220
0 222
0 223
0 230
0 232
0 233
0 245
0 249
1 8
1 20
1 32
1 39
1 48
1 61
1 68
1 69
1 75
1 76
1 82
1 92
1 97
1 129
1 131
1 133
1 137
1 138
1 148
1 151
1 163
1 166
1 169
1 171
1 174
1 191
1 194
1 196
1 202
1 236
1 238
2 24
2 31
2 40
2 53
2 57
2 67
2 88
2 96
2 110
2 119
2 125
2 129
2 130
2 131
2 135
2 142
2 145
2 153
2 162
2 168
2 189
2 220
2 223
2 227
2 233
2 246
3 8
3 22
3 26
3 29
3 32
3 41
3 62
3 71
3 73
3 76
3 84
3 85
3 88
3 94
3 96
3 102
3 107
3 113
3 124
3 125
3 131
3 138
3 144
3 147
3 149
3 161
3 188
3 200
3 216
3 217
3 220
3 226
3 235
3 236
3 237
3 248
4 6
4 11
4 12
4 25
4 32
4 39
4 52
4 67
4 94
4 102
4 106
4 116
4 142
4 154
4 157
4 170
4 173
4 185
4 197
4 207
4 211
4 221
4 222
4 224
4 235
4 248
5 18
5 25
5 26
5 37
5 39
5 47
5 58
5 90
5 95
5 119
5 127
5 158
5 171
5 192
5 193
5 195
5 205
5 208
5 229
5 234
5 236
5 242
5 246
5 248
6 11
6 24
6 25
6 62
6 79
6 86
6 89
6 93
6 114
6 117
6 133
6 138
6 140
6 145
6 150
6 160
6 165
6 166
6 169
6 179
6 184
6 191
6 195
6 200
6 206
6 214
6 215
6 216
6 217
6 234
6 243
6 247
7 33
7 57
7 63
7 64
7 67
7 74
7 90
7 100
7 127
7 135
7 145
7 177
7 181
7 188
7 191
7 192
7 216
7 224
7 244
8 13
8 23
8 30
8 53
8 55
8 66
8 87
8 88
8 93
8 95
8 100
8 101
8 105
8 116
8 119
8 121
8 135
8 143
8 152
8 173
8 176
8 178
8 179
8 185
8 186
8 198
8 207
8 214
8 223
9 12
9 18
9 26
9 31
9 34
9 49
9 51
9 52
9 53
9 56
9 76
9 80
9 89
9 96
9 107
9 121
9 123
9 129
9 131
9 149
9 154
9 162
9 174
9 176
9 179
9 185
9 186
9 206
9 217
9 228
9 232
9 234
9 240
9 244
9 245
10 23
10 35
10 48
10 53
10 61
10 68
10 79
10 93
10 98
10 119
10 123
10 125
10 131
10 143
10 145
10 148
10 158
10 159
10 176
10 180
10 204
10 209
10 219
10 221
10 226
11 60
11 66
11 77
11 81
11 82
11 84
11 93
11 103
11 111
11 135
11 142
11 153
11 154
11 160
11 172
11 174
11 178
11 187
11 198
11 207
11 216
11 221
11 244
12 13
12 23
12 32
12 63
12 65
12 72
12 75
12 90
12 102
12 110
12 111
12 114
12 118
12 120
12 122
12 127
12 138
12 140
12 145
12 156
12 172
12 189
12 200
12 206
12 225
12 235
12 239
12 248
13 25
13 36
13 38
13 45
13 63
13 72
13 78
13 81
13 101
13 108
13 145
13 154
13 156
13 172
13 174
13 210
13 217
13 230
13 239
13 248
14 24
14 28
14 32
14 35
14 39
14 51
14 58
14 64
14 66
14 86
14 91
14 97
14 120
14 127
14 129
14 154
14 156
14 159
14 165
14 172
14 197
14 208
14 209
14 211
14 219
14 228
14 230
15 21
15 32
15 40
15 47
15 87
15 103
15 106
15 145
15 150
15 155
15 159
15 182
15 193
15 204
15 208
15 221
15 226
15 232
15 239
15 242
15 249
16 17
16 25
16 33
16 65
16 68
16 87
16 88
16 90
16 103
16 110
16 120
16 134
16 140
16 147
16 154
16 155
16 163
16 167
16 174
16 187
16 196
16 225
16 228
16 237
17 21
17 33
17 64
17 69
17 72
17 137
17 148
17 157
17 158
17 167
17 176
17 195
17 216
18 22
18 32
18 33
18 39
18 49
18 59
18 63
18 65
18 67
18 72
18 105
18 107
18 111
18 114
18 130
18 134
18 153
18 157
18 173
18 179
18 192
18 193
18 218
18 230
18 240
18 246
19 30
19 39
19 62
19 69
19 81
19 97
19 105
19 114
19 116
19 119
19 142
19 157
19 159
19 162
19 167
19 171
19 189
19 212
19 216
19 248
20 31
20 36
20 44
20 46
20 50
20 55
20 58
20 66
20 74
20 81
20 85
20 87
20 89
20 92
20 120
20 124
20 150
20 155
20 170
20 171
20 172
20 175
20 177
20 180
20 200
20 216
20 220
20 230
20 235
20 244
20 245
20 246
21 24
21 57
21 88
21 91
21 124
21 127
21 130
21 136
21 141
21 149
21 171
21 180
21 181
21 192
21 198
21 210
21 217
21 226
21 234
22 37
22 42
22 51
22 53
22 57
22 65
22 70
22 74
22 75
22 80
22 110
22 112
22 114
22 119
22 122
22 123
22 132
22 134
22 135
22 163
22 164
22 182
22 198
22 203
22 210
22 214
22 217
22 224
22 236
22 241
22 247
23 24
23 35
23 56
23 79
23 110
23 143
23 149
23 150
23 163
23 168
23 181
23 182
23 185
23 194
23 198
23 199
23 219
23 224
23 228
23 236
23 242
24 53
24 63
24 70
24 82
24 91
24 94
24 95
24 96
24 101
24 119
24 169
24 176
24 185
24 187
24 194
24 199
25 26
25 49
25 71
25 80
25 84
25 85
25 118
25 133
25 147
25 148
25 157
25 161
25 176
25 192
25 197
25 200
25 201
25 212
25 216
25 217
25 223
25 225
25 228
25 238
26 35
26 39
26 43
26 51
26 64
26 112
26 114
26 119
26 137
26 149
26 156
26 165
26 169
26 174
26 187
26 194
26 200
26 203
26 207
26 209
26 210
26 228
26 235
26 240
26 246
27 31
27 35
27 36
27 44
27 92
27 103
27 109
27 111
27 134
27 158
27 162
27 177
27 186
27 192
27 200
27 213
27 220
27 233
28 42
28 45
28 49
28 60
28 64
28 66
28 67
28 90
28 95
28 100
28 103
28 104
28 107
28 114
28 120
28 122
28 133
28 148
28 186
28 191
28 217
28 238
28 242
29 30
29 46
29 53
29 56
29 68
29 69
29 84
29 85
29 86
29 88
29 120
29 127
29 151
29 155
29 175
29 200
29 212
29 216
29 221
29 225
29 234
29 236
29 241
30 41
30 42
30 62
30 68
30 93
30 108
30 128
30 152
30 159
30 175
30 179
30 197
30 214
30 216
30 220
30 224
30 237
30 242
30 244
30 247
30 248
31 33
31 38
31 40
31 49
31 67
31 75
31 76
31 87
31 89
31 101
31 103
31 129
31 139
31 140
31 141
31 187
31 189
31 193
31 200
31 208
31 213
31 215
31 238
31 242
31 247
32 38
32 53
32 63
32 69
32 82
32 137
32 155
32 157
32 163
32 165
32 169
32 176
32 192
32 209
32 219
32 220
32 232
32 240
33 42
33 55
33 64
33 69
33 78
33 84
33 87
33 90
33 104
33 114
33 122
33 135
33 147
33 158
33 163
33 193
33 194
33 195
33 197
33 201
33 225
33 227
33 238
34 38
34 45
34 50
34 55
34 67
34 83
34 89
34 114
34 121
34 131
34 136
34 137
34 139
34 157
34 164
34 166
34 175
34 183
34 203
34 216
34 220
34 231
34 233
34 239
35 37
35 40
35 46
35 52
35 62
35 69
35 70
35 72
35 80
35 81
35 97
35 107
35 109
35 111
35 113
35 165
35 166
35 178
35 181
35 195
35 202
35 203
35 207
35 208
35 212
35 217
35 227
35 230
35 242
36 37
36 44
36 46
36 51
36 93
36 103
36 128
36 129
36 142
36 145
36 146
36 177
36 180
36 186
36 213
36 234
36 236
36 240
36 243
37 41
37 49
37 56
37 60
37 83
37 84
37 88
37 116
37 153
37 178
37 188
37 213
37 218
37 228
37 229
37 231
37 232
37 233
38 53
38 54
38 69
38 74
38 119
38 121
38 151
38 155
38 163
38 181
38 197
38 202
38 212
38 213
38 221
38 228
38 241
39 55
39 56
39 79
39 81
39 82
39 86
39 89
39 90
39 103
39 111
39 119
39 136
39 214
39 235
40 48
40 63
40 70
40 93
40 115
40 162
40 191
40 192
40 193
40 196
40 205
40 209
40 210
40 211
40 217
40 230
40 236
40 239
40 240
40 242
41 82
41 85
41 95
41 112
41 117
41 135
41 136
41 139
41 145
41 159
41 173
41 177
41 198
41 220
41 226
41 228
41 229
41 231
41 240
41 244
42 50
42 65
42 68
42 69
42 83
42 86
42 88
42 104
42 113
42 126
42 132
42 135
42 147
42 155
42 179
42 189
42 196
42 207
42 213
42 238
43 45
43 50
43 88
43 97
43 117
43 138
43 151
43 162
43 164
43 170
43 187
43 198
43 226
43 234
43 242
43 246
43 248
43 249
44 48
44 52
44 75
44 83
44 91
44 105
44 110
44 152
44 180
44 185
44 189
44 198
44 208
44 221
44 234
44 239
44 243
45 50
45 53
45 61
45 78
45 88
45 100
45 105
45 114
45 115
45 119
45 125
45 132
45 134
45 139
45 141
45 143
45 152
45 155
45 156
45 160
45 169
45 184
45 194
45 196
45 206
45 209
45 219
45 220
45 224
45 235
45 245
46 49
46 82
46 90
46 96
46 108
46 130
46 140
46 161
46 167
46 216
46 222
46 243
46 245
47 48
47 49
47 89
47 100
47 114
47 117
47 121
47 128
47 139
47 145
47 160
47 161
47 189
47 196
47 197
47 206
47 215
47 222
47 234
47 242
48 60
48 67
48 72
48 81
48 84
48 95
48 110
48 134
48 136
48 137
48 144
48 146
48 156
48 166
48 183
48 192
48 193
48 195
48 200
48 210
48 211
48 220
48 223
48 227
48 232
48 238
48 239
48 248
49 67
49 72
49 80
49 107
49 129
49 149
49 152
49 168
49 187
49 214
49 230
49 239
49 240
49 242
49 246
50 52
50 61
50 65
50 70
50 80
50 92
50 104
50 109
50 119
50 139
50 141
50 146
50 183
50 194
50 205
50 211
50 212
50 215
50 221
50 236
50 239
50 245
51 91
51 94
51 104
51 119
51 124
51 132
51 137
51 153
51 156
51 157
51 164
51 177
51 183
51 184
51 192
51 203
51 205
51 206
51 207
51 226
51 243
52 62
52 64
52 78
52 81
52 85
52 87
52 95
52 102
52 118
52 120
52 123
52 125
52 146
52 152
52 173
52 203
52 224
52 246
52 247
53 57
53 64
53 69
53 95
53 99
53 105
53 111
53 114
53 120
53 135
53 141
53 143
53 179
53 190
53 195
53 214
53 232
53 237
53 239
53 241
53 249
54 62
54 68
54 80
54 110
54 112
54 114
54 123
54 147
54 150
54 207
54 210
54 212
54 227
54 234
54 239
54 244
54 247
55 71
55 85
55 86
55 88
55 105
55 111
55 131
55 132
55 137
55 140
55 180
55 190
55 209
55 230
55 236
55 245
56 69
56 100
56 104
56 105
56 114
56 132
56 133
56 142
56 198
56 213
56 215
56 237
57 58
57 70
57 91
57 98
57 111
57 116
57 138
57 153
57 191
57 194
57 196
57 204
57 205
57 210
57 228
57 242
58 62
58 66
58 86
58 98
58 133
58 146
58 160
58 200
58 223
58 228
58 231
58 235
59 103
59 156
59 162
59 172
59 175
59 180
59 231
59 233
59 239
59 242
60 80
60 91
60 99
60 115
60 134
60 174
60 175
60 205
60 209
60 222
60 225
60 226
60 235
60 237
61 65
61 74
61 88
61 93
61 104
61 119
61 147
61 159
61 161
61 168
61 176
61 186
61 189
61 196
61 204
61 215
61 224
61 226
61 230
61 240
61 245
62 76
62 80
62 83
62 101
62 120
62 128
62 155
62 162
62 166
62 172
62 177
62 182
62 183
62 185
62 196
62 205
62 207
62 220
62 222
63 71
63 72
63 74
63 102
63 117
63 126
63 131
63 133
63 135
63 145
63 153
63 158
63 182
63 184
63 205
63 212
63 223
63 245
64 67
64 70
64 77
64 80
64 96
64 98
64 128
64 140
64 158
64 164
64 167
64 175
64 179
64 183
64 207
64 214
64 221
64 225
64 235
64 240
64 243
64 249
65 67
65 68
65 73
65 119
65 121
65 122
65 130
65 145
65 154
65 164
65 178
65 187
65 191
65 203
65 219
65 222
65 232
65 247
66 70
66 85
66 99
66 116
66 148
66 162
66 165
66 200
66 201
66 207
66 208
66 226
66 246
67 68
67 72
67 80
67 97
67 98
67 114
67 122
67 136
67 141
67 145
67 170
67 172
67 178
67 179
67 186
67 194
67 198
67 221
67 222
67 243
68 113
68 130
68 145
68 156
68 161
68 176
68 197
68 208
69 71
69 72
69 86
69 96
69 101
69 116
69 127
69 166
69 173
69 174
69 187
69 190
69 218
69 238
69 240
69 244
69 247
70 75
70 105
70 109
70 133
70 134
70 137
70 139
70 144
70 150
70 161
70 163
70 167
70 205
70 214
70 216
70 224
70 238
70 242
71 76
71 81
71 86
71 116
71 129
71 136
71 143
71 147
71 186
71 197
71 199
71 211
71 214
71 216
71 217
71 224
71 235
71 237
71 238
72 77
72 78
72 89
72 96
72 97
72 104
72 122
72 137
72 138
72 152
72 153
72 156
72 161
72 171
72 173
72 175
72 186
72 200
72 210
72 230
72 240
72 245
73 76
73 92
73 101
73 111
73 116
73 124
73 127
73 137
73 140
73 181
73 216
73 220
73 223
73 231
73 237
73 244
74 88
74 98
74 114
74 116
74 122
74 128
74 135
74 140
74 163
74 166
74 181
74 188
74 190
74 193
74 194
74 198
74 202
74 205
74 209
75 84
75 87
75 95
75 97
75 131
75 138
75 139
75 146
75 149
75 151
75 157
75 167
75 177
75 181
75 192
75 200
75 220
75 223
75 230
75 238
75 248
76 82
76 83
76 102
76 104
76 105
76 106
76 112
76 113
76 144
76 149
76 153
76 205
76 210
76 212
76 220
76 221
77 87
77 89
77 107
77 120
77 131
77 136
77 138
77 146
77 162
77 169
77 170
77 179
77 184
77 186
77 189
77 193
77 198
77 206
77 215
77 222
77 229
77 232
77 238
77 246
78 115
78 136
78 139
78 145
78 151
78 152
78 161
78 164
78 172
78 181
78 199
78 205
78 213
78 225
78 246
78 247
78 249
79 104
79 111
79 122
79 123
79 132
79 135
79 148
79 150
79 156
79 163
79 164
79 171
79 174
79 197
79 198
79 200
79 202
79 203
79 206
79 207
79 230
80 84
80 109
80 117
80 124
80 131
80 137
80 177
80 185
80 197
80 199
80 227
80 236
81 96
81 105
81 108
81 163
81 193
81 203
81 205
81 220
81 225
81 233
82 83
82 88
82 92
82 93
82 101
82 103
82 134
82 167
82 168
82 174
82 193
82 203
82 238
83 85
83 86
83 91
83 104
83 111
83 117
83 118
83 171
83 174
83 183
83 185
83 187
83 188
83 194
83 200
83 213
83 224
83 230
83 243
84 100
84 105
84 113
84 129
84 130
84 132
84 141
84 159
84 170
84 190
84 191
84 197
84 199
84 206
84 211
84 240
85 86
85 89
85 111
85 116
85 126
85 129
85 130
85 133
85 147
85 149
85 155
85 182
85 194
85 220
85 228
85 229
85 236
86 139
86 159
86 167
86 169
86 178
86 179
86 185
86 189
86 190
86 193
86 196
86 207
86 210
86 222
86 225
86 230
86 244
86 245
87 93
87 111
87 120
87 126
87 132
87 152
87 176
87 180
87 184
87 198
87 208
87 224
87 227
87 237
87 239
88 104
88 109
88 110
88 112
88 130
88 131
88 144
88 156
88 159
88 160
88 176
88 215
88 247
89 90
89 91
89 97
89 104
89 110
89 111
89 112
89 113
89 120
89 129
89 132
89 134
89 138
89 153
89 165
89 181
89 191
89 193
89 194
89 195
89 202
89 214
89 225
89 227
89 233
89 237
89 241
89 248
90 93
90 99
90 102
90 104
90 126
90 139
90 163
90 171
90 172
90 174
90 187
90 188
90 192
90 202
90 204
90 216
90 220
90 246
91 106
91 129
91 134
91 141
91 142
91 149
91 150
91 170
91 177
91 183
91 186
91 187
91 214
91 224
91 226
92 93
92 95
92 123
92 153
92 171
92 182
92 186
92 187
92 192
92 216
92 218
92 220
92 225
92 236
93 114
93 116
93 130
93 131
93 135
93 144
93 159
93 161
93 178
93 193
93 195
93 213
93 229
93 248
94 96
94 113
94 121
94 126
94 133
94 137
94 160
94 165
94 175
94 176
94 200
94 206
94 228
95 102
95 103
95 107
95 108
95 131
95 135
95 137
95 157
95 158
95 159
95 168
95 176
95 182
95 187
95 188
95 231
95 234
96 142
96 162
96 165
96 166
96 167
96 169
96 183
96 213
96 220
96 235
97 126
97 131
97 135
97 138
97 140
97 148
97 162
97 166
97 168
97 170
97 172
97 186
97 192
97 218
97 234
97 240
97 244
97 245
97 248
98 125
98 130
98 147
98 174
98 177
98 192
98 211
98 213
98 218
98 222
98 223
98 241
99 105
99 125
99 129
99 139
99 174
99 190
99 193
99 203
99 206
99 213
99 237
99 239
99 248
100 119
100 126
100 128
100 131
100 137
100 138
100 139
100 147
100 149
100 173
100 176
100 179
100 182
100 202
100 216
100 221
100 222
100 240
101 102
101 108
101 111
101 116
101 129
101 132
101 133
101 147
101 148
101 155
101 157
101 160
101 162
101 200
101 203
101 204
101 228
102 104
102 121
102 130
102 133
102 138
102 144
102 159
102 165
102 172
102 179
102 202
102 211
102 223
102 236
102 244
103 104
103 108
103 117
103 132
103 149
103 187
103 204
103 229
103 239
104 123
104 130
104 132
104 137
104 138
104 142
104 146
104 155
104 178
104 186
104 197
104 208
104 216
104 220
104 222
104 224
104 227
104 238
104 240
104 241
105 112
105 115
105 129
105 142
105 144
105 147
105 151
105 154
105 162
105 171
105 174
105 177
105 207
106 115
106 119
106 127
106 154
106 166
106 170
106 210
106 218
106 221
106 240
106 241
106 244
106 247
107 112
107 113
107 114
107 127
107 149
107 154
107 159
107 172
107 183
107 189
107 198
107 208
107 222
107 231
107 246
108 119
108 122
108 124
108 135
108 149
108 167
108 214
108 220
108 224
108 231
108 235
108 237
108 239
109 126
109 144
109 150
109 164
109 177
109 198
109 201
109 206
109 216
109 226
109 227
109 231
110 113
110 138
110 165
110 180
110 182
110 190
110 213
110 220
110 225
110 227
110 229
111 116
111 143
111 147
111 150
111 152
111 174
111 175
111 177
111 202
111 204
111 207
111 216
111 217
111 221
111 227
111 228
111 237
112 121
112 153
112 154
112 158
112 167
112 169
112 181
112 187
112 200
112 202
112 221
112 224
112 237
112 241
112 242
113 127
113 136
113 143
113 149
113 154
113 155
113 163
113 168
113 172
113 182
113 209
113 221
113 227
113 237
113 239
113 244
113 249
114 123
114 129
114 135
114 150
114 154
114 165
114 166
114 171
114 174
114 187
114 206
114 218
114 229
115 119
115 120
115 125
115 127
115 155
115 167
115 179
115 180
115 186
115 190
115 194
115 200
115 207
115 211
115 249
116 126
116 147
116 165
116 208
116 210
116 233
116 242
117 126
117 130
117 154
117 160
117 174
117 176
117 188
117 202
117 206
117 209
117 217
117 229
117 232
117 241
118 133
118 145
118 165
118 176
118 190
118 191
118 196
118 207
118 211
118 213
118 232
118 235
119 122
119 144
119 145
119 150
119 151
119 158
119 160
119 169
119 172
119 187
119 191
119 199
119 206
119 209
119 211
119 223
119 234
120 141
120 157
120 169
120 171
120 176
120 239
121 126
121 129
121 130
121 135
121 160
121 167
121 188
121 191
121 198
121 210
121 227
121 235
121 239
121 249
122 129
122 139
122 151
122 152
122 156
122 157
122 160
122 171
122 172
122 176
122 177
122 187
122 200
122 216
122 221
122 222
123 139
123 155
123 158
123 176
123 182
123 190
123 195
123 196
123 203
123 206
123 215
123 217
123 238
123 242
124 141
124 151
124 175
124 178
124 192
124 195
124 202
124 241
125 131
125 135
125 173
125 192
125 194
125 199
125 204
125 208
125 213
125 219
125 233
125 234
125 242
126 130
126 141
126 150
126 158
126 178
126 179
126 186
126 187
126 189
126 191
126 203
126 205
126 216
126 218
126 220
126 231
126 242
126 247
127 128
127 130
127 144
127 162
127 166
127 172
127 177
127 189
127 193
127 197
127 200
127 211
127 213
127 216
128 133
128 150
128 180
128 196
128 205
128 208
128 211
128 212
128 218
128 224
128 243
128 244
129 135
129 151
129 158
129 161
129 179
129 183
129 199
129 202
129 225
129 226
129 233
130 131
130 134
130 135
130 138
130 151
130 166
130 170
130 181
130 189
130 191
130 195
130 200
130 239
131 139
131 144
131 148
131 167
131 178
131 181
131 183
131 190
131 191
131 194
131 234
131 243
131 244
132 133
132 139
132 144
132 148
132 154
132 159
132 160
132 163
132 166
132 167
132 175
132 178
132 198
132 209
132 210
132 220
132 226
132 237
133 156
133 165
133 194
133 197
133 226
133 234
133 236
133 244
133 249
134 135
134 137
134 138
134 166
134 167
134 206
134 207
134 208
134 220
134 234
134 237
134 238
134 241
134 244
134 245
135 142
135 151
135 157
135 160
135 164
135 205
135 212
135 218
135 219
135 248
136 166
136 196
136 203
136 206
136 218
136 223
136 227
136 247
137 146
137 152
137 177
137 179
137 212
137 221
137 229
137 231
138 140
138 144
138 152
138 155
138 156
138 189
138 194
138 205
138 207
138 222
138 234
138 248
139 146
139 152
139 160
139 166
139 174
139 179
139 186
139 188
139 194
139 228
139 245
140 144
140 186
140 209
140 221
140 240
140 244
140 247
141 164
141 167
141 172
141 204
141 210
141 218
141 225
141 229
141 235
141 245
141 248
142 176
142 180
142 190
142 205
142 210
142 211
142 221
142 231
142 239
142 242
143 151
143 154
143 170
143 173
143 187
143 206
143 212
143 220
143 224
143 233
143 249
144 158
144 163
144 178
144 189
144 195
144 201
144 229
144 230
144 231
145 148
145 189
145 203
145 207
145 213
145 223
145 224
145 231
145 236
145 237
145 248
146 152
146 168
146 181
146 185
146 212
146 216
146 220
146 232
146 245
146 249
147 164
147 167
147 171
147 175
147 189
147 213
147 221
147 225
147 229
147 236
147 241
148 160
148 192
148 214
148 217
148 237
148 238
149 163
149 173
149 176
149 179
149 192
149 213
149 221
149 235
149 239
149 240
149 243
150 158
150 166
150 191
150 193
150 195
150 217
150 225
150 235
150 247
151 154
151 157
151 200
151 208
151 216
151 224
151 226
151 242
151 247
152 173
152 185
152 206
152 216
152 217
152 223
152 233
152 240
152 241
152 246
152 248
153 158
153 164
153 169
153 171
153 205
153 215
153 216
153 223
153 224
153 231
154 172
154 179
154 192
154 195
154 199
154 202
154 209
154 220
154 225
154 230
154 238
154 240
155 173
155 189
155 193
155 195
155 197
155 214
155 234
155 241
155 247
156 167
156 176
156 185
156 186
156 193
156 214
156 217
156 229
156 231
156 237
156 241
157 165
157 178
157 184
157 185
157 188
157 202
157 207
157 220
157 238
158 163
158 172
158 179
158 193
158 196
158 203
158 215
158 219
158 222
158 244
159 170
159 188
159 189
159 196
159 203
159 216
159 229
159 232
159 247
160 181
160 188
160 190
160 192
160 193
160 195
160 200
160 222
161 162
161 165
161 177
161 194
161 199
161 200
161 202
161 205
161 234
161 249
162 178
162 185
162 186
162 187
162 210
162 220
162 224
163 167
163 189
163 190
163 196
163 206
163 216
163 219
163 226
163 229
163 233
164 166
164 181
164 194
164 209
164 235
164 236
164 243
164 244
164 249
165 168
165 176
165 182
165 184
165 190
165 204
165 211
165 235
165 239
165 248
166 174
166 176
166 190
166 242
167 185
167 202
167 206
167 208
167 210
167 211
167 213
167 223
167 243
167 244
168 208
168 213
168 219
168 229
169 185
169 200
169 201
169 211
169 215
169 233
169 248
170 171
170 176
170 188
170 210
170 212
170 216
170 221
171 176
171 181
171 182
171 185
171 193
171 194
171 195
171 232
171 233
172 184
172 185
172 194
172 200
172 204
172 219
172 221
172 245
172 247
173 190
173 211
173 222
173 225
173 226
173 228
174 182
174 197
174 200
174 208
174 213
174 218
174 232
174 245
175 176
175 181
175 190
175 203
175 235
175 249
176 185
176 186
176 191
176 192
176 226
176 244
177 179
177 199
177 216
177 236
178 186
178 192
178 194
178 196
178 221
178 225
178 226
178 228
178 236
179 181
179 183
179 191
179 205
179 207
179 219
179 236
179 237
179 242
180 205
180 224
180 225
180 245
181 196
181 200
181 206
181 214
181 235
182 199
182 210
182 211
182 214
182 221
182 236
182 242
183 200
184 213
184 228
184 229
184 242
184 243
184 246
185 219
185 230
186 200
186 207
186 218
186 222
186 225
187 202
187 213
187 228
187 240
187 247
188 190
188 209
188 236
189 191
189 195
189 200
189 207
189 225
189 229
189 232
189 243
189 249
190 214
190 218
190 219
191 194
191 195
191 197
191 202
191 206
191 218
191 220
191 225
192 194
192 206
192 207
192 221
192 223
192 236
192 241
193 195
193 196
193 201
193 208
193 214
193 216
193 217
193 219
193 221
193 229
193 236
193 237
194 227
195 203
195 209
195 225
195 232
195 234
195 247
196 235
196 236
197 198
197 202
197 217
197 220
197 222
197 223
197 248
198 218
198 241
198 243
199 205
199 208
199 223
199 226
199 237
199 242
199 248
200 201
200 202
200 205
200 215
200 238
200 239
200 244
201 205
201 218
201 219
201 221
201 233
202 211
202 219
202 230
202 231
202 232
202 233
202 235
203 229
203 237
203 248
204 207
204 211
204 225
204 236
205 217
205 218
205 221
205 222
205 233
205 244
206 209
206 215
206 221
206 240
207 214
207 215
207 218
207 221
207 222
207 227
207 232
208 218
208 231
208 235
208 247
209 213
209 229
209 230
209 240
209 242
209 244
210 229
210 234
210 236
210 245
211 218
211 227
211 237
211 240
212 235
212 247
213 238
213 247
214 215
214 218
214 237
215 234
215 238
216 228
217 227
217 232
217 240
217 244
218 220
218 223
218 244
219 223
219 225
219 239
219 245
219 247
219 249
220 223
220 228
221 231
222 244
222 245
223 233
224 234
224 241
224 242
225 246
226 229
226 247
227 228
227 237
227 244
227 246
229 235
229 239
230 235
230 240
231 247
231 248
232 241
232 244
232 245
232 246
237 246
238 248
240 241
241 246
241 248
241 249
242 249
244 245

0 0 0 0 1 0 1 0 0 1 0 0 1 0 0 1 0 1 1 1 1 0 0 1 0 0 1 1 0 1 0 0 0 0 0 1 0 1 1 0 0 1 0 0 1 0 1 0 1 1 1 0 0 1 0 0 1 1 0 1 1 1 0 0 1 1 0 1 0 0 1 1 0 0 0 0 1 1 0 1 1 0 1 0 0 0 1 1 1 0 1 1 0 1 0 0 1 0 0 1 0 1 0 0 1 1 1 0 0 1 1 1 0 1 1 1 0 1 0 1 0 0 1 1 0 0 1 0 1 1 0 1 0 1 1 1 1 1 0 1 1 1 1 1 1 1 0 0 1 0 0 1 0 1 0 1 1 0 1 1 0 1 1 0 1 0 0 1 1 0 1 1 0 0 0 1 0 0 0 1 1 1 0 0 0 0 0 1 1 1 1 0 1 1 0 0 1 1 1 0 1 1 0 1 1 0 1 0 0 1 0 0 0 0 0 0 1 0 0 0 0 0 0 0 1 0 0 0 1 0 0 0 0 0 1 1 0 1 1 1 1 1 0 0 1 1 1 1 1 1