200 10100
0 1 2 3 4 5 6 7 8 9 10 11 12 13 14 15 16 17 18 19 20 21 22 23 24 25 26 27 28 29 30 31 32 33 34 35 36 37 38 39 40 41 42 43 44 45 46 47 48 49 50 51 52 53 54 55 56 57 58 59 60 61 62 63 64 65 66 67 68 69 70 71 72 73 74 75 76 77 78 79 80 81 82 83 84 85 86 87 88 89 90 91 92 93 94 95 96 97 98 99 100 101 102 103 104 105 106 107 108 109 110 111 112 113 114 115 116 117 118 119 120 121 122 123 124 125 126 127 128 129 130 131 132 133 134 135 136 137 138 139 140 141 142 143 144 145 146 147 148 149 150 151 152 153 154 155 156 157 158 159 160 161 162 163 164 165 166 167 168 169 170 171 172 173 174 175 176 177 178 179 180 181 182 183 184 185 186 187 188 189 190 191 192 193 194 195 196 197 198 199
0 1
0 3
0 5
0 8
0 9
0 10
0 11
0 13
0 15
0 19
0 21
0 22
0 23
0 24
0 25
0 26
0 28
0 30
0 31
0 33
0 34
0 35
0 36
0 37
0 39
0 41
0 42
0 44
0 46
0 47
0 49
0 51
0 54
0 56
0 58
0 60
0 61
0 64
0 66
0 68
0 69
0 72
0 74
0 76
0 77
0 79
0 80
0 81
0 89
0 93
0 94
0 96
0 97
0 99
0 101
0 102
0 103
0 109
0 110
0 112
0 113
0 114
0 115
0 116
0 117
0 118
0 119
0 120
0 121
0 123
0 125
0 126
0 127
0 128
0 130
0 131
0 132
0 133
0 134
0 135
0 137
0 139
0 140
0 141
0 144
0 145
0 147
0 149
0 151
0 152
0 153
0 155
0 157
0 158
0 159
0 161
0 162
0 164
0 165
0 167
0 168
0 169
0 171
0 172
0 173
0 175
0 177
0 178
0 180
0 181
0 182
0 184
0 187
0 188
0 189
0 195
1 4
1 5
1 7
1 10
1 12
1 15
1 16
1 20
1 23
1 25
1 26
1 28
1 29
1 30
1 33
1 34
1 35
1 36
1 39
1 42
1 43
1 44
1 47
1 49
1 51
1 54
1 57
1 60
1 61
1 63
1 65
1 69
1 70
1 71
1 73
1 74
1 75
1 77
1 78
1 80
1 82
1 83
1 84
1 86
1 89
1 90
1 91
1 92
1 93
1 96
1 97
1 98
1 100
1 101
1 103
1 104
1 106
1 107
1 108
1 110
1 114
1 117
1 119
1 125
1 126
1 128
1 129
1 131
1 134
1 137
1 138
1 139
1 140
1 143
1 144
1 146
1 149
1 154
1 155
1 158
1 159
1 162
1 163
1 165
1 166
1 169
1 171
1 176
1 179
1 183
1 185
1 186
1 188
1 189
1 190
1 194
1 196
2 3
2 4
2 5
2 12
2 14
2 22
2 24
2 27
2 31
2 32
2 33
2 35
2 38
2 41
2 45
2 46
2 47
2 48
2 50
2 51
2 52
2 55
2 56
2 57
2 60
2 61
2 62
2 63
2 65
2 67
2 72
2 73
2 75
2 76
2 77
2 79
2 80
2 82
2 83
2 85
2 86
2 87
2 89
2 90
2 92
2 94
2 96
2 97
2 98
2 99
2 103
2 106
2 107
2 108
2 109
2 110
2 111
2 112
2 115
2 116
2 117
2 118
2 121
2 122
2 125
2 126
2 128
2 129
2 130
2 131
2 132
2 133
2 136
2 137
2 138
2 139
2 142
2 145
2 147
2 148
2 152
2 154
2 156
2 159
2 161
2 165
2 166
2 172
2 173
2 176
2 177
2 178
2 179
2 180
2 184
2 185
2 186
2 187
2 188
2 190
2 195
2 196
2 198
3 6
3 8
3 10
3 12
3 13
3 17
3 18
3 19
3 20
3 21
3 22
3 24
3 25
3 26
3 28
3 31
3 32
3 36
3 39
3 41
3 43
3 44
3 51
3 53
3 56
3 57
3 58
3 60
3 61
3 68
3 70
3 73
3 74
3 75
3 79
3 80
3 82
3 83
3 85
3 89
3 91
3 94
3 95
3 96
3 99
3 100
3 102
3 107
3 108
3 109
3 112
3 113
3 114
3 115
3 118
3 119
3 126
3 127
3 129
3 131
3 133
3 134
3 136
3 137
3 138
3 140
3 142
3 150
3 152
3 156
3 160
3 163
3 170
3 172
3 173
3 175
3 177
3 178
3 183
3 184
3 186
3 189
3 190
3 192
3 194
3 197
3 199
4 5
4 10
4 14
4 15
4 16
4 17
4 18
4 21
4 26
4 28
4 30
4 31
4 36
4 40
4 41
4 42
4 43
4 44
4 46
4 47
4 48
4 50
4 53
4 55
4 57
4 59
4 60
4 63
4 64
4 65
4 71
4 74
4 78
4 79
4 80
4 82
4 87
4 92
4 93
4 97
4 98
4 100
4 103
4 105
4 106
4 107
4 108
4 109
4 112
4 114
4 117
4 118
4 121
4 122
4 124
4 125
4 131
4 132
4 133
4 134
4 136
4 138
4 139
4 143
4 145
4 148
4 149
4 150
4 151
4 152
4 154
4 157
4 158
4 159
4 163
4 164
4 165
4 171
4 172
4 173
4 174
4 176
4 178
4 180
4 181
4 182
4 184
4 187
4 188
4 191
4 193
4 196
4 197
4 199
5 8
5 11
5 13
5 15
5 20
5 21
5 23
5 24
5 25
5 26
5 30
5 31
5 35
5 36
5 41
5 45
5 46
5 47
5 48
5 49
5 51
5 53
5 56
5 57
5 58
5 59
5 61
5 62
5 63
5 65
5 69
5 71
5 72
5 79
5 81
5 86
5 89
5 90
5 92
5 93
5 95
5 101
5 102
5 103
5 106
5 107
5 108
5 109
5 111
5 113
5 114
5 116
5 118
5 119
5 121
5 123
5 124
5 125
5 126
5 127
5 128
5 130
5 131
5 134
5 135
5 136
5 137
5 138
5 140
5 146
5 147
5 149
5 151
5 152
5 153
5 154
5 158
5 159
5 162
5 164
5 166
5 169
5 170
5 171
5 175
5 176
5 179
5 180
5 181
5 182
5 183
5 186
5 187
5 188
5 191
5 192
5 194
5 195
5 196
6 8
6 11
6 12
6 13
6 15
6 17
6 18
6 19
6 25
6 26
6 28
6 31
6 32
6 35
6 39
6 42
6 43
6 44
6 45
6 46
6 47
6 51
6 52
6 56
6 57
6 59
6 60
6 61
6 64
6 65
6 66
6 69
6 70
6 75
6 78
6 84
6 85
6 86
6 88
6 90
6 91
6 93
6 95
6 97
6 98
6 99
6 101
6 107
6 110
6 111
6 116
6 117
6 120
6 121
6 126
6 127
6 128
6 130
6 133
6 134
6 135
6 136
6 137
6 139
6 140
6 141
6 142
6 143
6 146
6 149
6 150
6 152
6 154
6 155
6 159
6 162
6 168
6 169
6 170
6 171
6 173
6 175
6 177
6 178
6 180
6 183
6 184
6 185
6 187
6 191
6 193
6 194
6 195
6 198
7 8
7 9
7 10
7 16
7 17
7 20
7 22
7 23
7 24
7 26
7 31
7 33
7 34
7 35
7 40
7 43
7 44
7 47
7 48
7 49
7 50
7 51
7 55
7 57
7 58
7 59
7 60
7 61
7 63
7 64
7 67
7 68
7 70
7 72
7 73
7 74
7 75
7 76
7 78
7 79
7 80
7 82
7 87
7 88
7 89
7 91
7 98
7 103
7 105
7 107
7 109
7 110
7 113
7 116
7 118
7 122
7 123
7 126
7 127
7 132
7 135
7 141
7 142
7 143
7 148
7 149
7 152
7 154
7 155
7 156
7 159
7 160
7 162
7 163
7 170
7 174
7 175
7 177
7 178
7 179
7 180
7 181
7 183
7 184
7 185
7 186
7 187
7 188
7 189
7 191
7 193
7 194
7 196
8 9
8 10
8 11
8 14
8 16
8 20
8 21
8 22
8 24
8 29
8 32
8 34
8 35
8 36
8 39
8 40
8 41
8 42
8 43
8 47
8 48
8 50
8 53
8 54
8 56
8 57
8 58
8 60
8 62
8 64
8 65
8 67
8 69
8 70
8 77
8 78
8 80
8 83
8 84
8 85
8 86
8 87
8 91
8 92
8 93
8 94
8 98
8 101
8 102
8 104
8 105
8 106
8 110
8 111
8 112
8 115
8 116
8 117
8 119
8 120
8 121
8 122
8 123
8 124
8 130
8 135
8 136
8 137
8 138
8 140
8 142
8 144
8 146
8 147
8 151
8 154
8 156
8 157
8 158
8 160
8 161
8 164
8 165
8 166
8 168
8 169
8 170
8 172
8 173
8 181
8 184
8 188
8 192
8 193
8 194
8 195
8 197
8 198
9 10
9 12
9 15
9 16
9 19
9 20
9 21
9 22
9 24
9 25
9 27
9 28
9 29
9 36
9 38
9 45
9 46
9 48
9 49
9 51
9 52
9 53
9 54
9 56
9 57
9 58
9 59
9 60
9 61
9 70
9 72
9 73
9 74
9 75
9 78
9 80
9 82
9 84
9 85
9 86
9 89
9 92
9 98
9 100
9 102
9 107
9 108
9 110
9 111
9 113
9 114
9 115
9 116
9 117
9 119
9 121
9 122
9 124
9 131
9 132
9 133
9 134
9 135
9 138
9 144
9 147
9 148
9 150
9 152
9 154
9 157
9 160
9 161
9 162
9 166
9 167
9 169
9 171
9 172
9 174
9 177
9 181
9 182
9 183
9 184
9 187
9 189
9 192
9 193
9 194
9 199
10 16
10 18
10 21
10 22
10 25
10 27
10 28
10 29
10 31
10 32
10 33
10 38
10 39
10 40
10 41
10 42
10 43
10 49
10 51
10 52
10 54
10 56
10 63
10 65
10 67
10 68
10 69
10 71
10 72
10 73
10 74
10 76
10 77
10 82
10 83
10 84
10 85
10 86
10 87
10 89
10 90
10 92
10 96
10 98
10 99
10 100
10 104
10 108
10 110
10 111
10 112
10 113
10 114
10 116
10 117
10 118
10 125
10 126
10 128
10 129
10 132
10 133
10 136
10 138
10 140
10 141
10 142
10 143
10 144
10 145
10 146
10 147
10 149
10 153
10 155
10 156
10 157
10 158
10 161
10 163
10 168
10 169
10 171
10 177
10 179
10 180
10 181
10 182
10 184
10 191
10 194
10 195
10 196
10 197
10 198
11 14
11 16
11 18
11 19
11 20
11 24
11 27
11 29
11 32
11 33
11 34
11 37
11 38
11 39
11 42
11 45
11 46
11 47
11 48
11 52
11 53
11 55
11 56
11 61
11 63
11 64
11 65
11 66
11 67
11 69
11 76
11 78
11 80
11 81
11 82
11 84
11 90
11 92
11 94
11 96
11 97
11 98
11 100
11 101
11 102
11 103
11 109
11 110
11 111
11 113
11 114
11 115
11 117
11 118
11 119
11 121
11 123
11 124
11 125
11 126
11 131
11 133
11 134
11 136
11 139
11 140
11 142
11 143
11 146
11 147
11 148
11 149
11 154
11 155
11 157
11 158
11 159
11 160
11 163
11 164
11 168
11 169
11 170
11 175
11 177
11 182
11 183
11 184
11 185
11 191
11 194
11 198
11 199
12 17
12 21
12 24
12 25
12 27
12 28
12 33
12 36
12 37
12 38
12 42
12 57
12 58
12 61
12 64
12 66
12 67
12 68
12 73
12 77
12 80
12 83
12 85
12 86
12 88
12 89
12 90
12 91
12 92
12 93
12 94
12 96
12 98
12 99
12 101
12 103
12 106
12 108
12 112
12 113
12 114
12 117
12 120
12 121
12 122
12 123
12 128
12 129
12 131
12 133
12 134
12 136
12 138
12 140
12 141
12 142
12 143
12 144
12 145
12 147
12 148
12 149
12 150
12 151
12 153
12 157
12 158
12 159
12 160
12 163
12 164
12 165
12 166
12 167
12 168
12 170
12 171
12 173
12 174
12 175
12 176
12 177
12 178
12 183
12 184
12 185
12 186
12 192
12 193
12 194
12 196
13 14
13 16
13 23
13 24
13 27
13 28
13 30
13 31
13 34
13 36
13 40
13 43
13 44
13 47
13 49
13 50
13 52
13 53
13 55
13 56
13 57
13 58
13 59
13 61
13 62
13 63
13 64
13 65
13 66
13 67
13 70
13 71
13 72
13 73
13 75
13 76
13 78
13 79
13 80
13 83
13 84
13 87
13 88
13 89
13 91
13 93
13 94
13 102
13 103
13 104
13 105
13 106
13 107
13 109
13 110
13 112
13 113
13 114
13 115
13 118
13 119
13 122
13 126
13 128
13 130
13 131
13 132
13 133
13 135
13 136
13 138
13 140
13 141
13 142
13 145
13 146
13 147
13 148
13 149
13 154
13 157
13 159
13 160
13 162
13 163
13 164
13 165
13 166
13 167
13 168
13 170
13 172
13 173
13 174
13 176
13 179
13 181
13 185
13 188
13 195
13 196
13 198
14 16
14 18
14 19
14 20
14 21
14 23
14 27
14 28
14 29
14 30
14 31
14 32
14 33
14 37
14 38
14 41
14 44
14 45
14 46
14 48
14 52
14 53
14 55
14 56
14 57
14 58
14 59
14 61
14 62
14 63
14 65
14 70
14 72
14 75
14 76
14 81
14 82
14 83
14 85
14 86
14 87
14 89
14 99
14 102
14 103
14 105
14 106
14 107
14 114
14 115
14 118
14 119
14 120
14 121
14 123
14 124
14 128
14 129
14 131
14 133
14 135
14 136
14 138
14 141
14 142
14 144
14 146
14 148
14 149
14 154
14 155
14 156
14 158
14 159
14 161
14 162
14 163
14 164
14 168
14 170
14 171
14 172
14 175
14 176
14 180
14 181
14 183
14 184
14 185
14 186
14 187
14 191
14 192
14 195
14 199
15 16
15 17
15 18
15 20
15 21
15 22
15 23
15 26
15 29
15 31
15 34
15 39
15 40
15 41
15 42
15 47
15 48
15 50
15 58
15 60
15 61
15 63
15 65
15 69
15 71
15 73
15 77
15 80
15 82
15 83
15 84
15 85
15 86
15 88
15 89
15 90
15 92
15 93
15 94
15 95
15 97
15 99
15 101
15 102
15 103
15 105
15 110
15 111
15 115
15 116
15 117
15 119
15 120
15 123
15 124
15 126
15 129
15 130
15 131
15 132
15 133
15 136
15 137
15 139
15 142
15 143
15 144
15 147
15 148
15 149
15 150
15 151
15 153
15 156
15 157
15 158
15 160
15 162
15 167
15 168
15 169
15 170
15 171
15 172
15 173
15 174
15 175
15 176
15 178
15 181
15 183
15 187
15 188
15 189
15 191
15 192
15 193
15 198
15 199
16 17
16 20
16 24
16 28
16 30
16 32
16 33
16 36
16 37
16 39
16 40
16 41
16 42
16 43
16 48
16 51
16 53
16 54
16 55
16 57
16 60
16 63
16 66
16 67
16 68
16 70
16 72
16 73
16 74
16 75
16 77
16 78
16 79
16 80
16 82
16 83
16 84
16 85
16 87
16 91
16 92
16 93
16 95
16 96
16 99
16 105
16 106
16 109
16 110
16 114
16 121
16 122
16 123
16 126
16 129
16 132
16 134
16 136
16 137
16 138
16 140
16 143
16 144
16 147
16 149
16 150
16 152
16 155
16 157
16 158
16 160
16 161
16 162
16 163
16 164
16 167
16 168
16 169
16 174
16 175
16 178
16 181
16 183
16 184
16 186
16 187
16 188
16 189
16 191
16 192
16 194
16 196
16 197
16 198
17 20
17 22
17 23
17 26
17 27
17 28
17 29
17 33
17 35
17 37
17 39
17 40
17 41
17 44
17 45
17 46
17 47
17 48
17 50
17 53
17 55
17 56
17 57
17 62
17 64
17 65
17 66
17 67
17 75
17 76
17 79
17 81
17 82
17 86
17 88
17 89
17 90
17 92
17 93
17 94
17 96
17 97
17 102
17 105
17 106
17 108
17 109
17 112
17 113
17 115
17 117
17 121
17 122
17 124
17 125
17 126
17 127
17 131
17 133
17 134
17 135
17 138
17 139
17 145
17 146
17 147
17 150
17 152
17 154
17 157
17 158
17 159
17 162
17 163
17 164
17 168
17 170
17 173
17 174
17 175
17 177
17 178
17 181
17 182
17 183
17 186
17 189
17 190
17 191
17 193
17 195
17 196
17 197
17 198
18 19
18 22
18 25
18 32
18 35
18 36
18 45
18 48
18 49
18 52
18 55
18 57
18 58
18 62
18 65
18 67
18 68
18 69
18 70
18 71
18 73
18 74
18 75
18 78
18 82
18 83
18 84
18 85
18 92
18 95
18 96
18 99
18 100
18 101
18 102
18 103
18 104
18 105
18 107
18 110
18 114
18 115
18 117
18 118
18 120
18 122
18 123
18 126
18 128
18 129
18 133
18 136
18 140
18 142
18 144
18 150
18 151
18 152
18 153
18 156
18 159
18 160
18 164
18 165
18 166
18 168
18 171
18 172
18 174
18 176
18 178
18 179
18 181
18 182
18 185
18 186
18 187
18 191
18 192
18 194
18 198
19 21
19 22
19 23
19 24
19 25
19 29
19 31
19 33
19 35
19 36
19 37
19 39
19 41
19 42
19 44
19 45
19 46
19 47
19 49
19 51
19 52
19 61
19 66
19 68
19 71
19 75
19 76
19 78
19 79
19 80
19 81
19 82
19 86
19 94
19 97
19 101
19 102
19 103
19 106
19 108
19 109
19 111
19 114
19 115
19 117
19 118
19 119
19 123
19 126
19 127
19 131
19 132
19 134
19 136
19 138
19 140
19 143
19 146
19 147
19 150
19 153
19 154
19 157
19 159
19 160
19 162
19 163
19 165
19 166
19 168
19 169
19 172
19 174
19 175
19 176
19 179
19 181
19 182
19 183
19 184
19 185
19 188
19 189
19 190
19 191
19 193
19 194
19 195
19 197
19 199
20 21
20 24
20 27
20 29
20 30
20 31
20 37
20 39
20 40
20 46
20 48
20 50
20 51
20 53
20 54
20 56
20 57
20 58
20 59
20 60
20 62
20 63
20 65
20 66
20 67
20 69
20 71
20 74
20 75
20 76
20 77
20 82
20 85
20 87
20 89
20 91
20 92
20 93
20 94
20 95
20 98
20 102
20 103
20 104
20 107
20 109
20 112
20 113
20 117
20 118
20 120
20 122
20 123
20 125
20 126
20 130
20 133
20 135
20 136
20 141
20 142
20 147
20 148
20 149
20 150
20 152
20 155
20 157
20 158
20 159
20 162
20 164
20 167
20 168
20 169
20 170
20 172
20 173
20 176
20 178
20 180
20 182
20 187
20 189
20 191
20 193
20 194
20 195
20 198
21 23
21 24
21 25
21 26
21 31
21 33
21 37
21 38
21 39
21 41
21 43
21 44
21 47
21 49
21 53
21 55
21 56
21 57
21 59
21 61
21 65
21 67
21 70
21 71
21 72
21 73
21 75
21 82
21 83
21 84
21 88
21 92
21 94
21 96
21 98
21 100
21 101
21 102
21 104
21 105
21 106
21 107
21 108
21 110
21 113
21 114
21 115
21 117
21 118
21 121
21 122
21 125
21 127
21 128
21 129
21 131
21 132
21 137
21 138
21 141
21 142
21 143
21 144
21 145
21 146
21 150
21 151
21 153
21 159
21 160
21 161
21 162
21 164
21 166
21 169
21 170
21 171
21 173
21 174
21 175
21 177
21 178
21 183
21 184
21 185
21 187
21 188
21 192
21 193
21 194
21 195
21 196
21 199
22 27
22 28
22 30
22 32
22 34
22 40
22 43
22 44
22 47
22 48
22 49
22 52
22 57
22 59
22 61
22 64
22 69
22 70
22 72
22 74
22 75
22 77
22 80
22 82
22 85
22 86
22 90
22 92
22 93
22 94
22 96
22 97
22 101
22 102
22 106
22 107
22 109
22 110
22 111
22 112
22 115
22 116
22 117
22 120
22 122
22 123
22 124
22 127
22 128
22 129
22 130
22 131
22 135
22 138
22 139
22 140
22 146
22 147
22 148
22 151
22 154
22 155
22 157
22 159
22 161
22 163
22 165
22 167
22 168
22 170
22 173
22 175
22 176
22 178
22 179
22 181
22 182
22 183
22 184
22 185
22 187
22 189
22 192
22 195
22 198
23 24
23 26
23 27
23 28
23 29
23 31
23 32
23 34
23 35
23 36
23 39
23 42
23 43
23 45
23 46
23 52
23 53
23 54
23 56
23 63
23 64
23 67
23 69
23 70
23 75
23 77
23 80
23 82
23 85
23 91
23 93
23 94
23 96
23 97
23 98
23 101
23 104
23 105
23 106
23 107
23 108
23 109
23 110
23 111
23 114
23 116
23 117
23 120
23 122
23 123
23 124
23 125
23 127
23 128
23 129
23 131
23 132
23 135
23 139
23 140
23 141
23 143
23 145
23 148
23 149
23 154
23 157
23 161
23 163
23 164
23 165
23 169
23 171
23 176
23 177
23 180
23 181
23 182
23 183
23 186
23 187
23 194
23 195
23 196
23 197
23 199
24 25
24 26
24 30
24 32
24 33
24 34
24 35
24 37
24 43
24 52
24 53
24 56
24 59
24 60
24 62
24 64
24 66
24 67
24 69
24 71
24 72
24 73
24 75
24 76
24 77
24 79
24 80
24 81
24 82
24 83
24 84
24 85
24 88
24 89
24 90
24 92
24 97
24 98
24 100
24 101
24 104
24 109
24 111
24 115
24 116
24 117
24 123
24 124
24 125
24 127
24 128
24 130
24 131
24 135
24 136
24 137
24 139
24 141
24 144
24 146
24 147
24 153
24 154
24 156
24 157
24 158
24 160
24 161
24 166
24 169
24 175
24 176
24 177
24 178
24 179
24 180
24 183
24 184
24 185
24 190
24 192
24 193
24 196
24 198
24 199
25 28
25 30
25 31
25 34
25 35
25 44
25 46
25 48
25 51
25 57
25 58
25 59
25 60
25 61
25 63
25 65
25 67
25 69
25 76
25 77
25 79
25 81
25 82
25 83
25 85
25 86
25 87
25 88
25 91
25 94
25 96
25 98
25 101
25 103
25 105
25 106
25 109
25 112
25 113
25 115
25 119
25 120
25 122
25 123
25 127
25 129
25 130
25 131
25 132
25 136
25 138
25 139
25 140
25 141
25 142
25 143
25 147
25 148
25 150
25 153
25 158
25 159
25 161
25 163
25 164
25 165
25 167
25 168
25 170
25 171
25 174
25 175
25 177
25 179
25 181
25 182
25 183
25 185
25 186
25 187
25 188
25 191
25 193
25 194
25 195
25 196
25 197
25 198
25 199
26 29
26 31
26 32
26 34
26 36
26 37
26 40
26 41
26 45
26 46
26 47
26 48
26 49
26 50
26 54
26 55
26 60
26 63
26 64
26 65
26 66
26 67
26 70
26 71
26 73
26 74
26 75
26 76
26 77
26 78
26 79
26 80
26 83
26 86
26 87
26 88
26 89
26 90
26 95
26 96
26 98
26 100
26 101
26 103
26 106
26 107
26 109
26 110
26 111
26 112
26 113
26 116
26 119
26 122
26 123
26 124
26 125
26 130
26 133
26 135
26 136
26 137
26 140
26 144
26 145
26 146
26 149
26 150
26 151
26 153
26 154
26 155
26 156
26 157
26 164
26 168
26 169
26 173
26 175
26 176
26 177
26 180
26 183
26 185
26 186
26 189
26 191
26 192
26 195
26 197
27 29
27 32
27 34
27 36
27 38
27 42
27 44
27 45
27 46
27 47
27 49
27 52
27 53
27 55
27 56
27 57
27 59
27 60
27 61
27 62
27 67
27 68
27 70
27 71
27 74
27 77
27 78
27 79
27 80
27 81
27 82
27 85
27 86
27 89
27 93
27 94
27 96
27 97
27 98
27 99
27 101
27 104
27 106
27 107
27 109
27 110
27 111
27 116
27 118
27 120
27 122
27 124
27 126
27 129
27 130
27 131
27 133
27 134
27 140
27 143
27 144
27 149
27 152
27 153
27 155
27 156
27 159
27 162
27 166
27 167
27 168
27 169
27 170
27 172
27 173
27 175
27 177
27 180
27 181
27 182
27 186
27 187
27 190
27 195
27 198
27 199
28 29
28 30
28 32
28 33
28 34
28 36
28 37
28 38
28 39
28 40
28 43
28 44
28 46
28 47
28 48
28 51
28 52
28 53
28 54
28 56
28 60
28 61
28 62
28 63
28 65
28 69
28 74
28 75
28 77
28 80
28 84
28 85
28 86
28 88
28 89
28 91
28 95
28 96
28 98
28 105
28 106
28 109
28 110
28 113
28 114
28 116
28 117
28 119
28 120
28 122
28 124
28 125
28 129
28 130
28 134
28 135
28 136
28 137
28 141
28 142
28 145
28 146
28 149
28 150
28 152
28 153
28 154
28 157
28 161
28 165
28 167
28 170
28 171
28 172
28 173
28 174
28 176
28 177
28 178
28 180
28 181
28 182
28 184
28 185
28 188
28 189
28 190
28 191
28 192
28 193
28 199
29 31
29 32
29 34
29 35
29 38
29 39
29 42
29 49
29 50
29 51
29 53
29 55
29 56
29 57
29 59
29 62
29 64
29 65
29 66
29 69
29 70
29 71
29 73
29 77
29 81
29 82
29 83
29 84
29 86
29 88
29 89
29 92
29 94
29 98
29 101
29 103
29 104
29 105
29 107
29 109
29 110
29 111
29 121
29 124
29 128
29 129
29 130
29 133
29 134
29 136
29 137
29 138
29 139
29 142
29 143
29 146
29 147
29 149
29 151
29 154
29 155
29 156
29 157
29 159
29 160
29 161
29 164
29 165
29 166
29 168
29 169
29 170
29 171
29 172
29 174
29 175
29 176
29 177
29 179
29 180
29 183
29 184
29 185
29 186
29 187
29 188
29 189
29 194
29 195
29 197
30 32
30 34
30 37
30 39
30 42
30 43
30 45
30 46
30 50
30 52
30 54
30 56
30 57
30 58
30 59
30 63
30 65
30 66
30 69
30 70
30 72
30 73
30 77
30 78
30 79
30 80
30 81
30 83
30 85
30 86
30 90
30 91
30 92
30 93
30 94
30 95
30 96
30 97
30 98
30 99
30 100
30 103
30 104
30 106
30 107
30 110
30 113
30 114
30 115
30 117
30 118
30 120
30 122
30 123
30 125
30 126
30 128
30 129
30 130
30 131
30 132
30 135
30 138
30 139
30 140
30 141
30 143
30 144
30 145
30 147
30 148
30 150
30 151
30 152
30 153
30 156
30 157
30 158
30 160
30 162
30 163
30 164
30 170
30 173
30 175
30 176
30 177
30 183
30 189
30 190
30 191
30 192
30 195
30 196
30 197
31 33
31 35
31 38
31 39
31 40
31 41
31 43
31 45
31 50
31 51
31 54
31 56
31 58
31 60
31 61
31 62
31 67
31 68
31 69
31 70
31 74
31 75
31 77
31 79
31 80
31 81
31 84
31 85
31 86
31 90
31 91
31 95
31 96
31 97
31 98
31 101
31 102
31 103
31 104
31 106
31 107
31 109
31 114
31 116
31 119
31 120
31 124
31 127
31 130
31 131
31 134
31 136
31 138
31 145
31 147
31 149
31 150
31 151
31 152
31 154
31 156
31 157
31 158
31 159
31 160
31 161
31 163
31 164
31 169
31 170
31 172
31 175
31 178
31 180
31 182
31 184
31 186
31 187
31 192
31 193
31 196
31 198
32 33
32 34
32 35
32 36
32 38
32 39
32 40
32 41
32 42
32 43
32 44
32 45
32 49
32 50
32 60
32 62
32 63
32 74
32 75
32 76
32 79
32 81
32 82
32 84
32 87
32 92
32 98
32 100
32 101
32 102
32 103
32 106
32 110
32 115
32 117
32 118
32 119
32 120
32 121
32 123
32 125
32 128
32 132
32 134
32 136
32 137
32 141
32 144
32 146
32 148
32 150
32 151
32 152
32 158
32 159
32 161
32 162
32 163
32 165
32 167
32 168
32 170
32 171
32 172
32 174
32 176
32 179
32 180
32 181
32 182
32 189
32 191
32 192
32 193
32 194
32 195
33 35
33 37
33 38
33 39
33 40
33 42
33 43
33 46
33 47
33 49
33 50
33 51
33 52
33 53
33 54
33 56
33 60
33 61
33 64
33 65
33 66
33 67
33 68
33 70
33 71
33 75
33 79
33 81
33 82
33 85
33 86
33 88
33 89
33 90
33 91
33 92
33 93
33 94
33 96
33 100
33 102
33 104
33 106
33 107
33 108
33 109
33 112
33 115
33 116
33 120
33 122
33 123
33 124
33 129
33 133
33 134
33 135
33 137
33 141
33 142
33 144
33 145
33 146
33 147
33 149
33 150
33 153
33 156
33 157
33 158
33 160
33 161
33 162
33 163
33 169
33 170
33 172
33 173
33 179
33 181
33 188
33 190
33 191
33 192
33 193
33 194
34 35
34 36
34 39
34 41
34 46
34 47
34 48
34 51
34 52
34 53
34 54
34 56
34 57
34 60
34 61
34 64
34 67
34 69
34 71
34 74
34 76
34 77
34 78
34 79
34 80
34 81
34 82
34 85
34 86
34 87
34 88
34 90
34 91
34 92
34 93
34 97
34 100
34 101
34 102
34 106
34 108
34 109
34 110
34 112
34 115
34 118
34 121
34 123
34 124
34 128
34 129
34 133
34 134
34 135
34 137
34 138
34 139
34 140
34 141
34 143
34 144
34 149
34 150
34 151
34 155
34 156
34 158
34 161
34 164
34 168
34 169
34 170
34 173
34 177
34 178
34 181
34 182
34 183
34 184
34 185
34 186
34 187
34 188
34 189
34 190
34 191
34 193
34 194
34 196
34 197
34 198
35 39
35 40
35 41
35 43
35 44
35 47
35 50
35 56
35 58
35 59
35 60
35 62
35 64
35 65
35 66
35 67
35 72
35 73
35 77
35 79
35 82
35 83
35 84
35 85
35 86
35 89
35 92
35 93
35 94
35 96
35 102
35 103
35 104
35 105
35 108
35 109
35 110
35 111
35 112
35 113
35 115
35 118
35 119
35 120
35 122
35 123
35 124
35 125
35 126
35 127
35 129
35 132
35 133
35 134
35 135
35 136
35 137
35 139
35 140
35 141
35 143
35 144
35 145
35 149
35 150
35 151
35 153
35 154
35 155
35 156
35 157
35 158
35 159
35 160
35 165
35 167
35 168
35 169
35 170
35 171
35 172
35 174
35 176
35 177
35 178
35 179
35 183
35 184
35 185
35 186
35 188
35 191
35 194
35 195
35 197
36 39
36 42
36 43
36 45
36 47
36 48
36 50
36 52
36 53
36 54
36 56
36 58
36 59
36 65
36 69
36 70
36 72
36 73
36 76
36 83
36 85
36 86
36 88
36 89
36 90
36 93
36 95
36 96
36 100
36 101
36 103
36 104
36 107
36 109
36 110
36 111
36 112
36 114
36 115
36 116
36 118
36 119
36 121
36 127
36 128
36 131
36 132
36 133
36 134
36 140
36 141
36 146
36 148
36 150
36 152
36 154
36 157
36 158
36 161
36 162
36 163
36 165
36 170
36 171
36 176
36 177
36 179
36 181
36 182
36 183
36 184
36 186
36 188
36 191
36 192
36 193
36 198
37 38
37 39
37 45
37 48
37 49
37 51
37 52
37 54
37 55
37 56
37 57
37 58
37 60
37 61
37 62
37 63
37 64
37 67
37 68
37 70
37 74
37 78
37 79
37 81
37 82
37 84
37 85
37 86
37 93
37 94
37 95
37 97
37 99
37 103
37 104
37 105
37 108
37 109
37 111
37 113
37 114
37 115
37 117
37 118
37 122
37 124
37 126
37 127
37 128
37 131
37 132
37 133
37 135
37 137
37 138
37 139
37 141
37 144
37 145
37 146
37 148
37 149
37 151
37 153
37 155
37 156
37 157
37 159
37 163
37 164
37 166
37 171
37 175
37 176
37 177
37 180
37 181
37 182
37 183
37 185
37 186
37 191
37 195
37 197
37 198
38 39
38 40
38 41
38 43
38 44
38 47
38 49
38 50
38 52
38 53
38 55
38 56
38 59
38 60
38 63
38 64
38 65
38 70
38 73
38 81
38 82
38 83
38 84
38 85
38 87
38 88
38 93
38 94
38 95
38 97
38 98
38 101
38 105
38 106
38 107
38 109
38 112
38 115
38 117
38 118
38 119
38 120
38 129
38 130
38 135
38 138
38 139
38 140
38 142
38 144
38 149
38 150
38 153
38 154
38 155
38 156
38 157
38 158
38 159
38 161
38 166
38 169
38 171
38 178
38 180
38 182
38 183
38 184
38 192
38 194
38 195
38 197
38 198
39 40
39 41
39 42
39 43
39 46
39 48
39 49
39 54
39 55
39 57
39 59
39 60
39 63
39 64
39 66
39 67
39 68
39 70
39 74
39 75
39 76
39 77
39 79
39 81
39 82
39 83
39 85
39 86
39 87
39 88
39 90
39 97
39 98
39 100
39 103
39 105
39 107
39 109
39 111
39 112
39 113
39 118
39 120
39 123
39 126
39 127
39 136
39 142
39 143
39 147
39 148
39 149
39 151
39 153
39 155
39 156
39 159
39 162
39 163
39 164
39 166
39 168
39 169
39 170
39 172
39 176
39 177
39 179
39 183
39 187
39 189
39 190
39 191
39 192
39 193
39 194
39 195
39 197
39 198
39 199
40 42
40 44
40 45
40 46
40 48
40 49
40 52
40 53
40 56
40 57
40 60
40 61
40 62
40 64
40 66
40 68
40 69
40 70
40 71
40 74
40 76
40 77
40 78
40 80
40 81
40 83
40 84
40 86
40 87
40 91
40 93
40 95
40 97
40 100
40 103
40 105
40 106
40 107
40 108
40 109
40 110
40 115
40 116
40 117
40 118
40 120
40 122
40 123
40 124
40 125
40 126
40 131
40 133
40 134
40 135
40 136
40 137
40 138
40 140
40 143
40 150
40 151
40 155
40 156
40 157
40 158
40 159
40 160
40 161
40 164
40 165
40 166
40 168
40 169
40 170
40 171
40 178
40 179
40 181
40 184
40 186
40 189
40 190
40 192
40 194
40 196
40 198
41 43
41 44
41 45
41 46
41 47
41 48
41 49
41 50
41 52
41 53
41 54
41 58
41 60
41 61
41 64
41 65
41 68
41 69
41 73
41 74
41 75
41 79
41 80
41 82
41 83
41 84
41 89
41 90
41 91
41 93
41 96
41 98
41 105
41 106
41 110
41 112
41 113
41 118
41 122
41 123
41 124
41 125
41 129
41 132
41 133
41 134
41 135
41 138
41 145
41 149
41 152
41 158
41 159
41 162
41 165
41 166
41 167
41 171
41 172
41 173
41 174
41 175
41 176
41 179
41 181
41 183
41 184
41 189
41 191
41 194
41 197
42 44
42 46
42 47
42 48
42 50
42 51
42 54
42 56
42 61
42 64
42 68
42 69
42 70
42 72
42 73
42 76
42 79
42 80
42 81
42 82
42 83
42 84
42 88
42 89
42 91
42 94
42 100
42 102
42 103
42 106
42 108
42 110
42 115
42 116
42 117
42 119
42 123
42 127
42 132
42 133
42 136
42 137
42 139
42 140
42 142
42 144
42 145
42 151
42 152
42 157
42 159
42 163
42 165
42 166
42 167
42 169
42 172
42 174
42 175
42 177
42 178
42 181
42 182
42 183
42 184
42 186
42 187
42 189
42 190
42 191
42 193
42 194
43 45
43 47
43 49
43 52
43 54
43 55
43 63
43 65
43 69
43 72
43 73
43 75
43 77
43 80
43 81
43 82
43 83
43 85
43 89
43 90
43 91
43 92
43 99
43 100
43 106
43 108
43 109
43 110
43 111
43 112
43 113
43 114
43 117
43 120
43 125
43 127
43 128
43 129
43 132
43 134
43 137
43 139
43 140
43 141
43 142
43 145
43 146
43 147
43 148
43 149
43 151
43 152
43 154
43 155
43 156
43 157
43 159
43 160
43 163
43 167
43 168
43 169
43 171
43 172
43 173
43 174
43 176
43 178
43 181
43 182
43 183
43 184
43 186
43 189
43 191
43 192
43 193
43 196
43 197
43 198
43 199
44 45
44 48
44 50
44 51
44 52
44 53
44 55
44 57
44 59
44 60
44 61
44 62
44 63
44 64
44 65
44 68
44 76
44 77
44 78
44 82
44 83
44 85
44 86
44 90
44 92
44 93
44 94
44 96
44 98
44 99
44 105
44 106
44 109
44 110
44 111
44 113
44 115
44 119
44 120
44 123
44 126
44 128
44 129
44 130
44 133
44 136
44 137
44 141
44 149
44 150
44 151
44 154
44 156
44 158
44 160
44 161
44 165
44 166
44 168
44 171
44 173
44 174
44 175
44 178
44 179
44 182
44 184
44 187
44 188
44 192
44 193
44 194
44 196
44 197
44 198
44 199
45 47
45 50
45 51
45 52
45 54
45 56
45 58
45 59
45 62
45 65
45 66
45 68
45 71
45 72
45 74
45 76
45 77
45 78
45 83
45 84
45 88
45 89
45 91
45 95
45 98
45 102
45 105
45 107
45 111
45 117
45 118
45 119
45 120
45 121
45 122
45 123
45 124
45 127
45 129
45 131
45 136
45 139
45 141
45 144
45 146
45 148
45 149
45 150
45 151
45 152
45 153
45 155
45 157
45 158
45 159
45 160
45 162
45 163
45 164
45 166
45 167
45 169
45 170
45 171
45 173
45 174
45 175
45 176
45 178
45 179
45 184
45 188
45 191
45 192
45 195
45 197
45 198
46 47
46 48
46 51
46 57
46 58
46 60
46 63
46 64
46 65
46 66
46 67
46 68
46 69
46 71
46 74
46 75
46 76
46 78
46 79
46 80
46 82
46 83
46 84
46 85
46 86
46 87
46 89
46 92
46 94
46 95
46 97
46 100
46 101
46 103
46 104
46 106
46 107
46 109
46 111
46 112
46 113
46 114
46 115
46 116
46 117
46 118
46 120
46 121
46 122
46 123
46 124
46 126
46 127
46 128
46 130
46 132
46 133
46 135
46 136
46 137
46 138
46 141
46 142
46 145
46 146
46 148
46 150
46 154
46 157
46 159
46 164
46 165
46 166
46 168
46 170
46 171
46 172
46 174
46 177
46 182
46 183
46 186
46 188
46 190
46 191
46 192
46 194
46 196
46 198
47 49
47 51
47 52
47 53
47 55
47 57
47 59
47 60
47 63
47 64
47 65
47 67
47 69
47 76
47 79
47 80
47 81
47 83
47 88
47 92
47 96
47 97
47 101
47 107
47 108
47 111
47 112
47 115
47 117
47 122
47 123
47 124
47 126
47 127
47 132
47 134
47 136
47 138
47 139
47 143
47 145
47 146
47 148
47 149
47 150
47 151
47 152
47 153
47 156
47 161
47 163
47 167
47 169
47 176
47 177
47 179
47 180
47 182
47 185
47 188
47 189
47 191
47 192
47 194
47 196
48 49
48 52
48 53
48 54
48 57
48 58
48 59
48 61
48 63
48 66
48 70
48 74
48 76
48 77
48 78
48 80
48 83
48 86
48 88
48 89
48 91
48 92
48 93
48 95
48 96
48 98
48 99
48 102
48 104
48 106
48 108
48 110
48 111
48 112
48 113
48 114
48 115
48 116
48 117
48 120
48 123
48 124
48 126
48 127
48 129
48 130
48 135
48 136
48 137
48 138
48 139
48 140
48 141
48 143
48 144
48 145
48 146
48 149
48 151
48 153
48 155
48 158
48 159
48 160
48 163
48 164
48 166
48 167
48 168
48 169
48 171
48 172
48 173
48 177
48 181
48 182
48 184
48 185
48 189
48 191
48 192
48 194
48 196
48 197
48 198
48 199
49 50
49 51
49 55
49 57
49 59
49 60
49 61
49 62
49 64
49 65
49 68
49 69
49 70
49 72
49 74
49 75
49 76
49 82
49 84
49 88
49 89
49 90
49 92
49 93
49 95
49 96
49 98
49 99
49 102
49 103
49 104
49 106
49 107
49 108
49 109
49 110
49 112
49 113
49 114
49 116
49 117
49 119
49 125
49 127
49 131
49 133
49 135
49 136
49 138
49 139
49 140
49 141
49 142
49 143
49 147
49 148
49 149
49 153
49 155
49 156
49 157
49 158
49 159
49 160
49 161
49 162
49 164
49 165
49 166
49 170
49 171
49 172
49 174
49 176
49 177
49 179
49 181
49 185
49 186
49 187
49 189
49 190
49 191
49 194
49 195
49 196
49 197
50 51
50 52
50 56
50 58
50 59
50 62
50 64
50 69
50 70
50 71
50 75
50 76
50 77
50 78
50 81
50 82
50 84
50 86
50 88
50 94
50 97
50 99
50 102
50 104
50 106
50 109
50 116
50 118
50 120
50 122
50 124
50 125
50 126
50 131
50 132
50 137
50 139
50 141
50 144
50 145
50 147
50 148
50 152
50 154
50 155
50 156
50 157
50 158
50 159
50 162
50 165
50 167
50 168
50 172
50 174
50 175
50 185
50 189
50 191
50 193
50 194
50 195
50 196
50 197
51 52
51 53
51 55
51 58
51 59
51 62
51 63
51 64
51 67
51 68
51 69
51 71
51 73
51 78
51 81
51 82
51 83
51 84
51 85
51 87
51 90
51 91
51 93
51 95
51 96
51 97
51 98
51 101
51 102
51 105
51 106
51 109
51 111
51 113
51 114
51 115
51 116
51 118
51 119
51 121
51 125
51 126
51 127
51 131
51 132
51 134
51 136
51 137
51 141
51 142
51 145
51 150
51 153
51 154
51 156
51 157
51 159
51 161
51 166
51 167
51 169
51 170
51 171
51 172
51 173
51 174
51 178
51 180
51 183
51 184
51 187
51 189
51 190
51 191
51 193
51 194
51 195
51 196
51 197
51 199
52 53
52 56
52 61
52 62
52 63
52 64
52 65
52 66
52 67
52 68
52 70
52 71
52 72
52 74
52 75
52 76
52 79
52 80
52 81
52 83
52 84
52 85
52 87
52 88
52 89
52 90
52 91
52 93
52 94
52 95
52 97
52 98
52 102
52 103
52 105
52 107
52 108
52 109
52 111
52 113
52 115
52 117
52 118
52 119
52 122
52 123
52 126
52 127
52 128
52 130
52 132
52 133
52 135
52 137
52 141
52 142
52 143
52 144
52 145
52 147
52 148
52 149
52 152
52 153
52 154
52 155
52 156
52 157
52 159
52 160
52 164
52 166
52 170
52 172
52 174
52 175
52 177
52 178
52 179
52 180
52 181
52 182
52 183
52 187
52 188
52 191
52 192
52 193
52 197
52 198
53 54
53 56
53 57
53 59
53 64
53 66
53 69
53 70
53 72
53 73
53 74
53 75
53 76
53 77
53 79
53 80
53 83
53 84
53 86
53 90
53 94
53 96
53 97
53 99
53 102
53 103
53 104
53 107
53 108
53 109
53 112
53 115
53 118
53 119
53 121
53 122
53 123
53 124
53 126
53 127
53 128
53 129
53 135
53 136
53 139
53 141
53 142
53 143
53 144
53 145
53 146
53 147
53 152
53 153
53 154
53 155
53 156
53 160
53 162
53 163
53 164
53 166
53 171
53 172
53 173
53 174
53 177
53 183
53 184
53 185
53 186
53 188
53 192
53 193
53 195
53 197
53 198
53 199
54 56
54 58
54 60
54 61
54 64
54 67
54 68
54 69
54 75
54 77
54 81
54 84
54 85
54 87
54 89
54 90
54 91
54 93
54 94
54 95
54 96
54 97
54 98
54 102
54 106
54 108
54 110
54 116
54 118
54 119
54 121
54 122
54 128
54 129
54 130
54 133
54 134
54 135
54 138
54 139
54 140
54 141
54 142
54 143
54 144
54 146
54 147
54 149
54 150
54 154
54 156
54 157
54 158
54 160
54 162
54 163
54 166
54 167
54 170
54 172
54 177
54 180
54 184
54 185
54 188
54 192
54 194
54 195
54 196
54 198
54 199
55 56
55 57
55 60
55 62
55 63
55 65
55 66
55 67
55 68
55 73
55 76
55 78
55 79
55 83
55 85
55 87
55 88
55 89
55 90
55 95
55 99
55 103
55 108
55 119
55 120
55 121
55 122
55 123
55 125
55 127
55 129
55 131
55 134
55 135
55 140
55 141
55 144
55 146
55 147
55 151
55 154
55 156
55 158
55 161
55 162
55 166
55 169
55 170
55 171
55 173
55 174
55 177
55 178
55 181
55 182
55 183
55 187
55 189
55 190
55 192
55 193
55 195
55 196
55 197
55 198
56 57
56 58
56 60
56 61
56 62
56 63
56 64
56 69
56 70
56 71
56 72
56 73
56 74
56 75
56 76
56 77
56 78
56 80
56 88
56 91
56 93
56 95
56 96
56 97
56 98
56 102
56 105
56 106
56 107
56 110
56 111
56 112
56 113
56 114
56 115
56 116
56 118
56 119
56 120
56 121
56 122
56 124
56 127
56 128
56 129
56 130
56 131
56 132
56 133
56 135
56 136
56 137
56 138
56 139
56 141
56 142
56 143
56 145
56 146
56 147
56 150
56 153
56 155
56 156
56 158
56 159
56 160
56 162
56 163
56 164
56 165
56 166
56 168
56 171
56 175
56 181
56 182
56 184
56 185
56 187
56 188
56 189
56 193
56 194
57 58
57 61
57 62
57 63
57 64
57 66
57 67
57 68
57 70
57 71
57 74
57 76
57 77
57 78
57 80
57 81
57 83
57 84
57 85
57 87
57 88
57 89
57 90
57 91
57 93
57 95
57 96
57 97
57 99
57 102
57 105
57 106
57 107
57 108
57 111
57 115
57 116
57 122
57 125
57 128
57 130
57 132
57 133
57 135
57 136
57 137
57 138
57 139
57 142
57 143
57 148
57 149
57 151
57 152
57 153
57 155
57 157
57 162
57 167
57 168
57 169
57 170
57 174
57 176
57 177
57 178
57 181
57 182
57 185
57 186
57 187
57 189
57 190
57 196
57 198
57 199
58 59
58 61
58 64
58 65
58 66
58 67
58 68
58 69
58 70
58 71
58 72
58 73
58 74
58 77
58 79
58 80
58 81
58 82
58 83
58 84
58 85
58 86
58 87
58 88
58 89
58 92
58 99
58 100
58 101
58 104
58 105
58 108
58 109
58 110
58 111
58 112
58 113
58 115
58 117
58 119
58 120
58 123
58 124
58 125
58 128
58 129
58 131
58 132
58 133
58 136
58 143
58 147
58 148
58 151
58 152
58 153
58 158
58 159
58 161
58 165
58 170
58 171
58 175
58 178
58 179
58 181
58 183
58 184
58 185
58 189
58 190
58 192
58 193
58 195
58 197
59 61
59 63
59 64
59 68
59 69
59 70
59 73
59 78
59 79
59 81
59 82
59 85
59 86
59 87
59 88
59 89
59 91
59 92
59 93
59 98
59 99
59 102
59 104
59 105
59 107
59 109
59 111
59 113
59 114
59 115
59 117
59 120
59 121
59 123
59 127
59 128
59 132
59 133
59 135
59 136
59 137
59 140
59 141
59 142
59 145
59 146
59 147
59 148
59 149
59 150
59 156
59 157
59 158
59 159
59 160
59 161
59 163
59 164
59 168
59 169
59 170
59 171
59 174
59 175
59 176
59 181
59 184
59 185
59 188
59 190
59 191
59 192
59 193
59 196
60 62
60 63
60 65
60 66
60 68
60 69
60 71
60 73
60 77
60 80
60 83
60 85
60 86
60 87
60 91
60 95
60 98
60 101
60 103
60 104
60 105
60 106
60 107
60 109
60 110
60 116
60 118
60 121
60 123
60 124
60 125
60 128
60 135
60 136
60 139
60 142
60 144
60 146
60 148
60 150
60 151
60 152
60 153
60 156
60 157
60 160
60 161
60 163
60 170
60 173
60 176
60 178
60 179
60 183
60 185
60 186
60 187
60 188
60 190
60 194
60 196
60 198
60 199
61 63
61 64
61 66
61 71
61 73
61 74
61 77
61 79
61 80
61 81
61 82
61 83
61 85
61 86
61 87
61 88
61 90
61 92
61 93
61 97
61 98
61 99
61 100
61 101
61 103
61 104
61 105
61 106
61 108
61 110
61 111
61 112
61 113
61 114
61 115
61 118
61 119
61 120
61 123
61 124
61 125
61 130
61 131
61 135
61 136
61 137
61 138
61 140
61 145
61 146
61 149
61 150
61 151
61 153
61 154
61 156
61 157
61 158
61 159
61 162
61 163
61 165
61 170
61 176
61 179
61 181
61 182
61 183
61 185
61 186
61 187
61 188
61 189
61 190
61 193
61 194
61 195
61 197
61 198
62 63
62 64
62 66
62 67
62 68
62 72
62 74
62 75
62 78
62 81
62 83
62 84
62 87
62 88
62 89
62 90
62 91
62 92
62 93
62 95
62 96
62 98
62 102
62 103
62 107
62 110
62 111
62 115
62 117
62 118
62 119
62 120
62 121
62 122
62 123
62 124
62 126
62 129
62 131
62 137
62 138
62 139
62 142
62 147
62 149
62 154
62 155
62 156
62 160
62 161
62 164
62 166
62 168
62 170
62 171
62 172
62 174
62 175
62 184
62 186
62 187
62 188
62 190
62 191
62 192
62 194
62 198
62 199
63 64
63 66
63 69
63 70
63 72
63 73
63 75
63 76
63 78
63 79
63 80
63 84
63 87
63 91
63 93
63 95
63 97
63 101
63 104
63 105
63 106
63 108
63 113
63 114
63 117
63 118
63 122
63 124
63 125
63 128
63 131
63 132
63 137
63 140
63 143
63 144
63 145
63 146
63 148
63 149
63 151
63 152
63 156
63 157
63 158
63 166
63 168
63 171
63 172
63 173
63 174
63 177
63 184
63 186
63 188
63 189
63 190
63 191
63 193
63 194
63 199
64 65
64 66
64 68
64 69
64 71
64 73
64 76
64 77
64 78
64 79
64 80
64 83
64 84
64 86
64 89
64 90
64 91
64 92
64 93
64 94
64 95
64 97
64 99
64 100
64 101
64 103
64 104
64 105
64 106
64 107
64 108
64 109
64 110
64 113
64 116
64 118
64 119
64 120
64 123
64 126
64 131
64 132
64 133
64 135
64 138
64 139
64 140
64 142
64 143
64 147
64 148
64 150
64 151
64 155
64 156
64 157
64 160
64 161
64 162
64 164
64 165
64 170
64 172
64 174
64 177
64 181
64 183
64 187
64 188
64 189
64 194
64 196
64 197
64 198
65 66
65 67
65 69
65 71
65 76
65 77
65 79
65 85
65 88
65 89
65 91
65 93
65 94
65 96
65 97
65 101
65 104
65 109
65 112
65 114
65 120
65 121
65 122
65 125
65 127
65 128
65 130
65 132
65 133
65 135
65 136
65 138
65 139
65 144
65 148
65 149
65 155
65 156
65 157
65 158
65 159
65 160
65 163
65 164
65 174
65 178
65 180
65 181
65 186
65 187
65 188
65 189
65 190
65 191
65 193
65 196
65 197
65 199
66 67
66 70
66 71
66 72
66 73
66 76
66 78
66 79
66 82
66 85
66 86
66 89
66 90
66 92
66 94
66 95
66 98
66 100
66 101
66 102
66 103
66 106
66 108
66 114
66 118
66 120
66 121
66 122
66 130
66 132
66 134
66 137
66 138
66 139
66 140
66 141
66 142
66 145
66 147
66 153
66 157
66 160
66 161
66 168
66 172
66 174
66 177
66 180
66 182
66 183
66 184
66 185
66 187
66 188
66 190
66 191
66 194
66 197
67 68
67 75
67 76
67 77
67 78
67 80
67 85
67 92
67 93
67 96
67 97
67 100
67 101
67 104
67 105
67 106
67 109
67 111
67 112
67 114
67 115
67 117
67 121
67 122
67 123
67 125
67 127
67 128
67 129
67 132
67 133
67 137
67 138
67 139
67 141
67 145
67 146
67 148
67 151
67 152
67 153
67 154
67 155
67 156
67 157
67 158
67 164
67 165
67 169
67 174
67 177
67 179
67 181
67 183
67 184
67 185
67 188
67 190
67 191
67 192
67 193
67 196
67 198
67 199
68 69
68 72
68 75
68 76
68 78
68 81
68 82
68 83
68 85
68 88
68 90
68 92
68 93
68 95
68 97
68 99
68 105
68 107
68 109
68 110
68 111
68 112
68 113
68 114
68 115
68 118
68 121
68 122
68 123
68 126
68 127
68 129
68 132
68 135
68 140
68 142
68 144
68 145
68 149
68 153
68 155
68 159
68 160
68 161
68 162
68 163
68 164
68 167
68 168
68 169
68 172
68 173
68 179
68 181
68 184
68 185
68 190
68 192
68 194
68 195
68 196
68 197
68 198
69 71
69 75
69 76
69 77
69 78
69 80
69 82
69 84
69 85
69 86
69 87
69 88
69 93
69 94
69 97
69 98
69 100
69 101
69 102
69 106
69 107
69 108
69 111
69 116
69 119
69 122
69 123
69 124
69 126
69 128
69 129
69 131
69 133
69 134
69 135
69 136
69 142
69 143
69 146
69 147
69 148
69 149
69 150
69 156
69 157
69 159
69 166
69 168
69 169
69 172
69 174
69 175
69 176
69 177
69 178
69 180
69 183
69 184
69 185
69 188
69 190
69 191
69 192
69 194
69 195
69 196
69 197
69 198
70 71
70 72
70 73
70 76
70 77
70 78
70 79
70 85
70 86
70 90
70 91
70 93
70 96
70 98
70 99
70 100
70 103
70 105
70 106
70 107
70 109
70 116
70 117
70 118
70 120
70 121
70 123
70 124
70 129
70 133
70 137
70 139
70 141
70 142
70 143
70 144
70 146
70 147
70 148
70 150
70 152
70 154
70 155
70 158
70 159
70 160
70 161
70 162
70 164
70 167
70 168
70 169
70 172
70 175
70 178
70 179
70 180
70 181
70 182
70 183
70 184
70 186
70 187
70 189
70 190
70 191
70 192
70 193
70 194
70 196
71 72
71 73
71 74
71 77
71 78
71 79
71 82
71 84
71 87
71 89
71 91
71 92
71 93
71 95
71 97
71 98
71 100
71 101
71 102
71 103
71 104
71 105
71 106
71 109
71 110
71 112
71 115
71 116
71 117
71 119
71 120
71 122
71 123
71 125
71 127
71 128
71 129
71 132
71 134
71 137
71 138
71 139
71 141
71 142
71 143
71 144
71 146
71 149
71 151
71 152
71 153
71 156
71 157
71 158
71 159
71 162
71 163
71 164
71 165
71 166
71 168
71 170
71 171
71 172
71 173
71 174
71 175
71 183
71 186
71 188
71 190
71 192
71 193
71 195
71 196
71 197
71 199
72 73
72 74
72 76
72 77
72 78
72 79
72 80
72 81
72 82
72 87
72 89
72 94
72 95
72 102
72 104
72 105
72 108
72 109
72 112
72 113
72 114
72 115
72 116
72 118
72 119
72 120
72 121
72 122
72 123
72 125
72 130
72 131
72 133
72 135
72 136
72 137
72 138
72 139
72 140
72 141
72 142
72 143
72 144
72 145
72 148
72 150
72 153
72 154
72 156
72 158
72 159
72 161
72 165
72 168
72 169
72 172
72 175
72 176
72 177
72 178
72 179
72 180
72 181
72 186
72 189
72 191
72 192
72 193
72 194
72 195
72 196
72 197
72 198
72 199
73 75
73 76
73 77
73 80
73 87
73 89
73 94
73 96
73 100
73 101
73 106
73 107
73 109
73 110
73 113
73 114
73 115
73 116
73 119
73 122
73 123
73 124
73 126
73 128
73 130
73 131
73 134
73 136
73 137
73 140
73 141
73 142
73 143
73 146
73 148
73 150
73 151
73 154
73 156
73 158
73 159
73 161
73 163
73 167
73 169
73 175
73 176
73 177
73 182
73 185
73 186
73 187
73 190
73 193
73 194
73 195
73 197
74 76
74 77
74 78
74 79
74 80
74 81
74 84
74 86
74 87
74 88
74 90
74 91
74 92
74 93
74 94
74 95
74 97
74 100
74 101
74 103
74 104
74 105
74 107
74 112
74 113
74 115
74 116
74 117
74 118
74 120
74 121
74 124
74 125
74 126
74 127
74 128
74 129
74 131
74 133
74 134
74 135
74 136
74 137
74 139
74 140
74 142
74 143
74 146
74 147
74 151
74 152
74 155
74 157
74 158
74 159
74 160
74 161
74 165
74 166
74 167
74 168
74 170
74 171
74 172
74 174
74 175
74 178
74 179
74 180
74 181
74 182
74 184
74 185
74 190
74 191
74 192
74 194
74 195
74 197
74 199
75 78
75 79
75 80
75 81
75 83
75 84
75 85
75 86
75 88
75 90
75 94
75 95
75 96
75 102
75 106
75 108
75 109
75 114
75 117
75 118
75 119
75 120
75 121
75 122
75 124
75 125
75 128
75 131
75 134
75 137
75 139
75 140
75 142
75 145
75 147
75 148
75 150
75 152
75 154
75 155
75 156
75 157
75 160
75 164
75 165
75 166
75 167
75 172
75 173
75 174
75 180
75 181
75 183
75 187
75 188
75 190
75 193
75 195
75 196
75 197
76 78
76 79
76 84
76 89
76 92
76 93
76 95
76 96
76 100
76 104
76 105
76 106
76 108
76 109
76 111
76 112
76 113
76 115
76 117
76 118
76 121
76 122
76 124
76 126
76 127
76 129
76 131
76 136
76 137
76 138
76 139
76 140
76 141
76 142
76 147
76 148
76 150
76 153
76 157
76 162
76 165
76 166
76 170
76 172
76 173
76 174
76 175
76 176
76 177
76 179
76 180
76 182
76 183
76 185
76 186
76 188
76 190
76 191
76 193
76 194
76 197
76 198
77 80
77 81
77 83
77 85
77 86
77 89
77 92
77 94
77 95
77 96
77 97
77 99
77 100
77 103
77 104
77 105
77 106
77 108
77 109
77 110
77 111
77 112
77 114
77 115
77 118
77 120
77 123
77 127
77 128
77 131
77 132
77 138
77 139
77 141
77 144
77 148
77 149
77 150
77 151
77 154
77 155
77 156
77 157
77 158
77 159
77 160
77 161
77 166
77 169
77 170
77 171
77 172
77 173
77 178
77 180
77 184
77 187
77 190
77 191
77 192
77 194
77 195
77 197
78 81
78 83
78 85
78 88
78 89
78 90
78 92
78 93
78 94
78 95
78 96
78 97
78 98
78 103
78 104
78 105
78 106
78 109
78 112
78 114
78 115
78 116
78 117
78 118
78 119
78 120
78 122
78 123
78 127
78 129
78 130
78 133
78 134
78 136
78 143
78 146
78 148
78 149
78 150
78 151
78 152
78 153
78 156
78 161
78 167
78 169
78 171
78 173
78 178
78 179
78 182
78 183
78 184
78 187
78 188
78 189
78 190
78 192
78 194
78 199
79 81
79 83
79 84
79 87
79 90
79 91
79 93
79 94
79 95
79 96
79 98
79 99
79 101
79 103
79 104
79 105
79 106
79 107
79 114
79 115
79 116
79 121
79 122
79 124
79 125
79 128
79 129
79 130
79 131
79 132
79 133
79 134
79 135
79 136
79 137
79 138
79 140
79 141
79 142
79 143
79 148
79 150
79 151
79 152
79 153
79 154
79 155
79 158
79 159
79 162
79 163
79 164
79 165
79 166
79 167
79 171
79 172
79 174
79 175
79 177
79 181
79 183
79 185
79 186
79 187
79 188
79 190
79 192
79 195
79 197
79 198
79 199
80 81
80 82
80 83
80 84
80 87
80 89
80 90
80 91
80 92
80 93
80 98
80 100
80 101
80 105
80 110
80 111
80 113
80 114
80 116
80 117
80 118
80 119
80 126
80 129
80 130
80 131
80 134
80 136
80 137
80 139
80 143
80 144
80 147
80 149
80 150
80 152
80 153
80 158
80 159
80 161
80 165
80 166
80 167
80 168
80 169
80 171
80 173
80 177
80 178
80 180
80 184
80 185
80 194
80 197
80 198
81 82
81 83
81 85
81 88
81 89
81 90
81 97
81 98
81 102
81 103
81 105
81 107
81 112
81 113
81 114
81 116
81 117
81 118
81 122
81 127
81 130
81 135
81 136
81 138
81 143
81 144
81 145
81 147
81 150
81 155
81 156
81 157
81 158
81 160
81 162
81 165
81 167
81 168
81 169
81 171
81 175
81 183
81 184
81 185
81 189
81 191
81 192
81 195
81 199
82 84
82 85
82 86
82 87
82 89
82 90
82 92
82 94
82 97
82 98
82 100
82 105
82 106
82 107
82 108
82 109
82 110
82 111
82 112
82 115
82 117
82 118
82 119
82 122
82 124
82 126
82 127
82 129
82 131
82 133
82 135
82 136
82 138
82 139
82 142
82 144
82 145
82 146
82 147
82 148
82 149
82 150
82 151
82 152
82 155
82 156
82 157
82 158
82 160
82 163
82 166
82 167
82 169
82 173
82 176
82 177
82 181
82 182
82 184
82 187
82 188
82 190
82 192
82 193
82 194
82 196
82 197
82 198
82 199
83 84
83 85
83 86
83 88
83 89
83 91
83 92
83 94
83 95
83 96
83 98
83 102
83 103
83 105
83 106
83 110
83 111
83 113
83 117
83 118
83 120
83 121
83 122
83 123
83 124
83 125
83 127
83 134
83 135
83 136
83 137
83 138
83 140
83 142
83 143
83 144
83 146
83 148
83 150
83 154
83 158
83 159
83 160
83 162
83 163
83 166
83 167
83 171
83 173
83 176
83 181
83 183
83 194
83 195
83 196
83 197
83 199
84 85
84 87
84 91
84 97
84 99
84 101
84 102
84 104
84 105
84 106
84 107
84 110
84 111
84 112
84 115
84 116
84 118
84 119
84 121
84 122
84 123
84 125
84 126
84 127
84 128
84 133
84 134
84 137
84 141
84 142
84 143
84 146
84 147
84 149
84 150
84 153
84 154
84 157
84 160
84 162
84 163
84 165
84 167
84 168
84 170
84 172
84 176
84 178
84 179
84 180
84 181
84 183
84 184
84 187
84 188
84 189
84 190
84 191
84 193
84 196
85 86
85 90
85 91
85 93
85 94
85 96
85 97
85 99
85 100
85 101
85 103
85 104
85 105
85 107
85 108
85 109
85 110
85 112
85 113
85 114
85 116
85 118
85 120
85 122
85 126
85 130
85 132
85 133
85 137
85 139
85 142
85 143
85 145
85 146
85 149
85 151
85 152
85 153
85 154
85 157
85 158
85 159
85 162
85 169
85 171
85 177
85 178
85 181
85 182
85 185
85 186
85 189
85 190
85 191
85 193
85 194
85 195
85 196
86 89
86 90
86 94
86 95
86 96
86 97
86 101
86 102
86 104
86 105
86 106
86 107
86 108
86 109
86 110
86 111
86 112
86 113
86 116
86 119
86 121
86 122
86 123
86 124
86 131
86 132
86 136
86 137
86 138
86 139
86 140
86 142
86 143
86 145
86 150
86 151
86 153
86 154
86 156
86 158
86 159
86 160
86 161
86 162
86 163
86 164
86 167
86 168
86 172
86 174
86 175
86 179
86 184
86 185
86 186
86 188
86 189
86 190
86 191
86 192
86 193
86 196
86 198
87 92
87 97
87 101
87 103
87 105
87 106
87 115
87 116
87 120
87 121
87 124
87 125
87 141
87 142
87 143
87 146
87 147
87 149
87 150
87 151
87 152
87 155
87 157
87 160
87 164
87 165
87 171
87 174
87 175
87 178
87 179
87 180
87 181
87 183
87 185
87 186
87 187
87 192
87 194
87 198
88 89
88 90
88 91
88 92
88 96
88 101
88 104
88 107
88 108
88 110
88 113
88 114
88 115
88 116
88 117
88 119
88 120
88 121
88 122
88 123
88 124
88 126
88 128
88 131
88 132
88 133
88 134
88 135
88 136
88 137
88 138
88 139
88 140
88 141
88 143
88 145
88 146
88 148
88 151
88 152
88 153
88 155
88 156
88 157
88 161
88 163
88 164
88 165
88 166
88 169
88 170
88 174
88 175
88 177
88 181
88 182
88 183
88 184
88 190
88 193
88 196
88 198
89 95
89 98
89 100
89 101
89 102
89 104
89 106
89 109
89 112
89 113
89 114
89 116
89 118
89 127
89 128
89 132
89 136
89 137
89 138
89 139
89 142
89 144
89 149
89 151
89 152
89 154
89 155
89 156
89 158
89 161
89 162
89 163
89 165
89 166
89 167
89 168
89 169
89 171
89 172
89 175
89 181
89 182
89 183
89 184
89 186
89 191
89 192
89 193
89 194
89 195
89 196
89 199
90 91
90 92
90 93
90 96
90 103
90 106
90 108
90 111
90 112
90 115
90 117
90 119
90 122
90 123
90 127
90 130
90 132
90 133
90 134
90 135
90 137
90 138
90 139
90 140
90 141
90 143
90 144
90 146
90 149
90 150
90 152
90 153
90 155
90 157
90 158
90 159
90 160
90 164
90 166
90 167
90 168
90 169
90 170
90 171
90 172
90 173
90 174
90 175
90 176
90 178
90 180
90 181
90 182
90 183
90 184
90 186
90 187
90 193
90 194
90 195
90 196
90 197
90 198
91 94
91 98
91 100
91 101
91 102
91 104
91 105
91 106
91 107
91 108
91 110
91 111
91 112
91 117
91 118
91 124
91 125
91 127
91 129
91 130
91 133
91 134
91 136
91 141
91 144
91 145
91 146
91 147
91 149
91 150
91 151
91 153
91 157
91 158
91 161
91 162
91 164
91 165
91 166
91 167
91 168
91 169
91 170
91 171
91 172
91 174
91 175
91 176
91 177
91 178
91 181
91 182
91 183
91 188
91 190
91 194
91 195
91 196
91 197
91 199
92 93
92 94
92 97
92 102
92 107
92 109
92 111
92 113
92 114
92 115
92 116
92 117
92 126
92 127
92 130
92 131
92 132
92 133
92 135
92 136
92 137
92 138
92 139
92 144
92 145
92 147
92 148
92 151
92 152
92 153
92 156
92 157
92 164
92 165
92 172
92 174
92 176
92 180
92 181
92 182
92 184
92 185
92 189
92 192
92 193
92 195
92 196
92 198
92 199
93 94
93 96
93 97
93 101
93 105
93 106
93 107
93 108
93 112
93 113
93 114
93 115
93 117
93 119
93 120
93 125
93 126
93 127
93 128
93 129
93 131
93 134
93 135
93 136
93 139
93 141
93 142
93 144
93 146
93 148
93 152
93 153
93 154
93 159
93 161
93 165
93 166
93 167
93 169
93 170
93 171
93 173
93 175
93 176
93 181
93 182
93 183
93 184
93 185
93 186
93 187
93 188
93 190
93 192
93 193
93 194
93 196
93 199
94 95
94 97
94 98
94 99
94 100
94 103
94 104
94 105
94 106
94 107
94 109
94 110
94 112
94 113
94 114
94 115
94 116
94 117
94 118
94 121
94 129
94 131
94 134
94 136
94 138
94 139
94 141
94 143
94 144
94 145
94 147
94 148
94 150
94 151
94 152
94 154
94 156
94 157
94 159
94 160
94 163
94 167
94 172
94 174
94 176
94 177
94 178
94 183
94 188
94 189
94 192
94 197
94 198
95 96
95 97
95 99
95 100
95 101
95 102
95 103
95 107
95 108
95 109
95 114
95 115
95 119
95 122
95 123
95 124
95 126
95 127
95 133
95 134
95 136
95 137
95 138
95 144
95 145
95 151
95 153
95 154
95 158
95 159
95 162
95 165
95 167
95 168
95 169
95 170
95 174
95 175
95 177
95 181
95 186
95 187
95 189
95 192
95 194
95 195
95 196
96 98
96 99
96 100
96 101
96 102
96 103
96 106
96 107
96 109
96 110
96 111
96 113
96 114
96 115
96 116
96 119
96 126
96 127
96 128
96 130
96 134
96 136
96 140
96 148
96 149
96 153
96 154
96 155
96 156
96 158
96 159
96 161
96 163
96 167
96 168
96 170
96 172
96 176
96 178
96 179
96 181
96 183
96 185
96 186
96 187
96 188
96 189
96 190
96 195
96 198
97 98
97 99
97 100
97 101
97 102
97 105
97 107
97 110
97 112
97 113
97 116
97 118
97 122
97 126
97 127
97 128
97 131
97 135
97 137
97 138
97 139
97 140
97 147
97 150
97 151
97 152
97 153
97 155
97 156
97 158
97 160
97 161
97 165
97 167
97 169
97 170
97 174
97 179
97 180
97 181
97 183
97 185
97 191
97 192
97 194
97 195
97 196
97 198
98 99
98 101
98 103
98 104
98 105
98 106
98 110
98 112
98 113
98 118
98 123
98 126
98 127
98 131
98 133
98 135
98 136
98 140
98 141
98 142
98 143
98 144
98 147
98 149
98 150
98 151
98 152
98 153
98 155
98 160
98 163
98 166
98 167
98 168
98 169
98 170
98 173
98 175
98 176
98 178
98 179
98 181
98 182
98 184
98 187
98 188
98 189
98 193
98 195
98 199
99 100
99 106
99 107
99 108
99 109
99 112
99 116
99 118
99 119
99 122
99 123
99 125
99 127
99 130
99 131
99 132
99 134
99 136
99 137
99 139
99 141
99 143
99 145
99 149
99 151
99 154
99 155
99 157
99 158
99 160
99 161
99 162
99 163
99 165
99 168
99 169
99 175
99 179
99 180
99 181
99 183
99 185
99 188
99 189
99 190
99 191
99 193
99 196
99 197
99 198
99 199
100 101
100 102
100 103
100 105
100 106
100 109
100 111
100 115
100 116
100 117
100 118
100 121
100 122
100 124
100 126
100 129
100 132
100 133
100 135
100 137
100 138
100 140
100 142
100 143
100 146
100 150
100 153
100 155
100 156
100 159
100 163
100 164
100 165
100 167
100 169
100 170
100 171
100 173
100 174
100 175
100 176
100 178
100 179
100 180
100 182
100 183
100 184
100 185
100 187
100 188
100 190
100 192
100 194
100 195
100 196
100 197
100 198
101 102
101 103
101 105
101 107
101 109
101 110
101 120
101 121
101 123
101 126
101 133
101 137
101 139
101 141
101 142
101 146
101 148
101 150
101 151
101 152
101 153
101 156
101 157
101 158
101 159
101 163
101 165
101 168
101 169
101 170
101 172
101 173
101 174
101 175
101 182
101 188
101 189
101 191
101 192
101 193
101 195
101 197
101 198
102 104
102 108
102 111
102 112
102 113
102 114
102 115
102 118
102 119
102 120
102 122
102 123
102 124
102 128
102 131
102 132
102 135
102 137
102 139
102 140
102 143
102 147
102 149
102 152
102 153
102 158
102 159
102 161
102 162
102 163
102 166
102 170
102 171
102 174
102 176
102 180
102 181
102 182
102 183
102 187
102 193
103 104
103 105
103 110
103 111
103 114
103 115
103 116
103 118
103 119
103 121
103 123
103 124
103 125
103 128
103 131
103 132
103 134
103 135
103 137
103 139
103 141
103 143
103 145
103 148
103 149
103 151
103 154
103 155
103 156
103 157
103 158
103 159
103 160
103 162
103 165
103 166
103 167
103 168
103 169
103 172
103 176
103 180
103 181
103 182
103 187
103 191
103 195
103 196
104 105
104 107
104 108
104 109
104 110
104 111
104 114
104 117
104 118
104 123
104 124
104 125
104 126
104 127
104 128
104 129
104 131
104 132
104 134
104 142
104 143
104 145
104 146
104 148
104 149
104 150
104 151
104 153
104 156
104 157
104 159
104 160
104 161
104 162
104 163
104 167
104 168
104 169
104 170
104 171
104 173
104 174
104 175
104 176
104 177
104 178
104 179
104 180
104 181
104 182
104 184
104 185
104 186
104 187
104 188
104 189
104 190
104 191
104 192
104 195
104 199
105 109
105 110
105 111
105 112
105 113
105 116
105 117
105 121
105 122
105 123
105 124
105 127
105 132
105 134
105 139
105 141
105 142
105 143
105 147
105 148
105 149
105 151
105 156
105 158
105 159
105 164
105 166
105 167
105 168
105 171
105 172
105 173
105 175
105 177
105 179
105 182
105 183
105 190
105 191
105 192
105 195
105 197
106 107
106 112
106 113
106 117
106 119
106 120
106 122
106 124
106 125
106 130
106 133
106 134
106 136
106 137
106 138
106 142
106 143
106 146
106 148
106 149
106 150
106 151
106 152
106 154
106 156
106 159
106 161
106 163
106 164
106 168
106 171
106 172
106 174
106 175
106 180
106 181
106 183
106 184
106 185
106 189
106 190
106 194
106 195
106 197
106 199
107 108
107 109
107 112
107 113
107 114
107 120
107 121
107 122
107 123
107 125
107 126
107 129
107 132
107 134
107 135
107 136
107 138
107 139
107 143
107 144
107 145
107 149
107 150
107 158
107 159
107 160
107 161
107 163
107 164
107 165
107 166
107 167
107 170
107 172
107 173
107 177
107 180
107 181
107 182
107 183
107 188
107 190
107 191
107 192
107 194
107 196
107 198
108 109
108 111
108 113
108 115
108 116
108 117
108 118
108 119
108 120
108 123
108 124
108 129
108 130
108 131
108 134
108 137
108 138
108 139
108 143
108 145
108 146
108 147
108 149
108 150
108 151
108 152
108 154
108 155
108 156
108 158
108 161
108 163
108 166
108 169
108 170
108 173
108 174
108 176
108 177
108 182
108 186
108 189
108 191
108 192
108 193
108 194
108 196
108 197
108 198
109 110
109 111
109 112
109 113
109 115
109 116
109 118
109 119
109 120
109 123
109 124
109 130
109 131
109 132
109 134
109 135
109 144
109 145
109 146
109 147
109 151
109 154
109 156
109 159
109 161
109 163
109 166
109 167
109 171
109 172
109 173
109 174
109 179
109 181
109 182
109 183
109 185
109 187
109 188
109 189
109 190
109 191
109 193
109 197
110 111
110 112
110 113
110 114
110 115
110 116
110 117
110 119
110 125
110 126
110 129
110 132
110 135
110 137
110 139
110 140
110 142
110 143
110 144
110 145
110 146
110 148
110 149
110 150
110 154
110 155
110 158
110 160
110 164
110 165
110 167
110 171
110 173
110 176
110 177
110 179
110 181
110 182
110 183
110 187
110 188
110 189
110 190
110 191
110 193
110 194
110 195
110 197
110 199
111 112
111 113
111 114
111 117
111 119
111 121
111 122
111 124
111 127
111 130
111 131
111 133
111 134
111 137
111 139
111 147
111 150
111 151
111 152
111 153
111 154
111 156
111 161
111 162
111 164
111 165
111 166
111 167
111 169
111 171
111 172
111 173
111 176
111 178
111 179
111 180
111 182
111 184
111 186
111 187
111 188
111 193
111 194
111 196
111 198
111 199
112 113
112 114
112 115
112 116
112 119
112 120
112 127
112 128
112 131
112 136
112 138
112 139
112 141
112 142
112 143
112 144
112 148
112 155
112 156
112 157
112 158
112 159
112 160
112 161
112 163
112 165
112 172
112 173
112 176
112 178
112 180
112 181
112 183
112 184
112 185
112 187
112 188
112 190
112 191
112 193
112 195
112 197
113 116
113 121
113 122
113 125
113 126
113 133
113 138
113 140
113 142
113 143
113 144
113 146
113 148
113 149
113 153
113 155
113 156
113 157
113 159
113 160
113 161
113 162
113 164
113 165
113 170
113 174
113 175
113 177
113 182
113 183
113 184
113 185
113 187
113 188
113 190
113 191
113 194
113 198
114 118
114 121
114 123
114 124
114 125
114 126
114 129
114 130
114 131
114 134
114 136
114 137
114 138
114 140
114 143
114 145
114 147
114 150
114 152
114 154
114 155
114 157
114 158
114 160
114 162
114 163
114 164
114 167
114 169
114 170
114 171
114 173
114 174
114 176
114 177
114 178
114 179
114 182
114 186
114 189
114 190
114 193
114 194
114 195
114 198
114 199
115 116
115 121
115 124
115 128
115 129
115 130
115 131
115 134
115 136
115 137
115 144
115 145
115 147
115 148
115 149
115 154
115 157
115 159
115 161
115 167
115 168
115 169
115 174
115 177
115 178
115 181
115 182
115 184
115 185
115 186
115 188
115 190
115 191
115 192
115 193
115 195
115 197
115 198
116 119
116 122
116 123
116 126
116 128
116 130
116 131
116 133
116 135
116 136
116 137
116 140
116 145
116 147
116 149
116 151
116 154
116 155
116 157
116 160
116 164
116 166
116 167
116 170
116 171
116 173
116 178
116 183
116 184
116 186
116 190
116 191
116 196
116 197
116 198
116 199
117 118
117 119
117 121
117 122
117 123
117 130
117 131
117 134
117 135
117 136
117 138
117 139
117 143
117 144
117 145
117 146
117 149
117 156
117 158
117 159
117 160
117 164
117 166
117 170
117 171
117 172
117 175
117 176
117 178
117 184
117 185
117 187
117 196
117 198
117 199
118 120
118 122
118 124
118 125
118 126
118 127
118 128
118 132
118 133
118 134
118 135
118 137
118 139
118 140
118 142
118 146
118 147
118 149
118 151
118 154
118 156
118 157
118 158
118 159
118 160
118 161
118 163
118 164
118 168
118 173
118 178
118 179
118 180
118 182
118 184
118 185
118 186
118 189
118 191
118 194
118 195
118 196
118 197
119 120
119 121
119 122
119 123
119 126
119 127
119 129
119 130
119 131
119 135
119 136
119 138
119 140
119 142
119 143
119 144
119 146
119 150
119 151
119 156
119 157
119 158
119 160
119 161
119 163
119 164
119 165
119 168
119 170
119 171
119 173
119 174
119 177
119 178
119 179
119 180
119 182
119 183
119 185
119 186
119 187
119 192
119 193
119 194
119 196
119 198
119 199
120 121
120 124
120 125
120 128
120 129
120 131
120 132
120 134
120 136
120 137
120 139
120 141
120 142
120 145
120 146
120 147
120 149
120 150
120 151
120 152
120 154
120 156
120 157
120 158
120 159
120 162
120 164
120 165
120 168
120 169
120 172
120 174
120 177
120 178
120 179
120 180
120 182
120 184
120 188
120 191
120 195
120 197
120 199
121 122
121 123
121 124
121 126
121 128
121 129
121 131
121 133
121 134
121 135
121 136
121 138
121 144
121 145
121 146
121 147
121 151
121 156
121 158
121 160
121 163
121 165
121 171
121 172
121 175
121 176
121 178
121 182
121 186
121 188
121 192
121 193
121 194
121 196
121 198
121 199
122 124
122 125
122 129
122 132
122 135
122 137
122 140
122 142
122 144
122 146
122 147
122 152
122 153
122 154
122 155
122 159
122 160
122 164
122 165
122 167
122 169
122 170
122 171
122 174
122 176
122 177
122 178
122 180
122 181
122 183
122 184
122 188
122 190
122 192
122 195
122 198
122 199
123 126
123 127
123 128
123 130
123 132
123 134
123 136
123 138
123 139
123 140
123 141
123 143
123 144
123 146
123 149
123 150
123 151
123 155
123 156
123 157
123 159
123 160
123 164
123 168
123 169
123 171
123 174
123 176
123 178
123 182
123 183
123 184
123 185
123 186
123 188
123 190
123 193
123 194
123 195
124 126
124 132
124 134
124 135
124 136
124 145
124 148
124 151
124 152
124 153
124 154
124 157
124 158
124 160
124 162
124 164
124 165
124 166
124 170
124 172
124 173
124 174
124 179
124 181
124 183
124 184
124 185
124 186
124 187
124 188
124 189
124 190
124 191
124 192
124 193
124 196
124 197
124 199
125 127
125 131
125 135
125 136
125 138
125 139
125 141
125 142
125 145
125 147
125 149
125 151
125 152
125 153
125 155
125 156
125 157
125 158
125 160
125 161
125 162
125 163
125 164
125 165
125 167
125 170
125 171
125 174
125 175
125 176
125 177
125 178
125 180
125 182
125 185
125 191
125 192
125 193
125 197
125 199
126 127
126 128
126 130
126 132
126 133
126 135
126 141
126 142
126 144
126 145
126 148
126 149
126 150
126 151
126 152
126 154
126 155
126 157
126 166
126 170
126 171
126 175
126 177
126 178
126 180
126 181
126 182
126 185
126 187
126 188
126 189
126 190
126 192
126 193
126 197
126 198
126 199
127 128
127 129
127 130
127 131
127 132
127 133
127 134
127 135
127 136
127 137
127 141
127 143
127 148
127 149
127 153
127 154
127 155
127 156
127 157
127 158
127 160
127 164
127 168
127 170
127 171
127 172
127 178
127 179
127 181
127 182
127 184
127 185
127 187
127 189
127 191
127 193
127 199
128 129
128 131
128 133
128 140
128 142
128 144
128 145
128 146
128 147
128 148
128 151
128 152
128 153
128 154
128 158
128 160
128 161
128 162
128 164
128 165
128 169
128 170
128 171
128 172
128 181
128 185
128 187
128 188
128 189
128 190
128 191
128 195
128 198
128 199
129 130
129 133
129 140
129 141
129 142
129 146
129 147
129 149
129 150
129 151
129 153
129 155
129 161
129 162
129 163
129 165
129 166
129 168
129 169
129 170
129 174
129 175
129 176
129 180
129 182
129 186
129 187
129 189
129 190
129 191
129 193
129 194
129 198
129 199
130 131
130 132
130 133
130 134
130 136
130 138
130 139
130 140
130 144
130 145
130 150
130 152
130 153
130 154
130 155
130 161
130 164
130 166
130 176
130 177
130 178
130 179
130 181
130 182
130 186
130 188
130 190
130 191
130 193
130 196
130 197
130 198
130 199
131 133
131 135
131 136
131 137
131 138
131 140
131 141
131 142
131 146
131 147
131 152
131 153
131 156
131 157
131 158
131 161
131 162
131 164
131 165
131 170
131 171
131 174
131 175
131 176
131 177
131 183
131 185
131 186
131 187
131 189
131 194
131 198
131 199
132 134
132 136
132 137
132 139
132 140
132 143
132 144
132 145
132 146
132 150
132 151
132 154
132 158
132 159
132 160
132 161
132 162
132 163
132 164
132 166
132 167
132 168
132 172
132 174
132 175
132 176
132 178
132 180
132 182
132 187
132 188
132 190
132 192
132 195
132 197
132 199
133 134
133 135
133 137
133 138
133 141
133 145
133 146
133 147
133 148
133 150
133 151
133 152
133 153
133 154
133 155
133 157
133 158
133 159
133 164
133 165
133 170
133 176
133 182
133 189
133 190
133 191
133 195
133 196
133 197
133 198
134 135
134 136
134 138
134 139
134 140
134 142
134 144
134 148
134 149
134 150
134 151
134 154
134 157
134 160
134 163
134 165
134 170
134 176
134 177
134 178
134 179
134 180
134 181
134 182
134 185
134 187
134 188
134 189
134 190
134 191
134 192
134 193
134 194
134 195
134 197
134 198
135 136
135 139
135 140
135 143
135 145
135 147
135 149
135 152
135 153
135 156
135 157
135 159
135 160
135 162
135 163
135 165
135 167
135 169
135 170
135 172
135 174
135 178
135 182
135 184
135 188
135 191
135 193
135 195
135 196
136 138
136 140
136 141
136 142
136 143
136 149
136 150
136 151
136 152
136 153
136 156
136 157
136 160
136 164
136 166
136 167
136 168
136 169
136 171
136 172
136 177
136 180
136 181
136 182
136 184
136 186
136 188
136 189
136 190
136 194
136 198
136 199
137 141
137 146
137 149
137 151
137 154
137 156
137 158
137 162
137 165
137 166
137 172
137 173
137 174
137 175
137 178
137 181
137 182
137 184
137 185
137 187
137 193
137 196
137 199
138 139
138 142
138 144
138 146
138 147
138 149
138 151
138 155
138 157
138 158
138 159
138 162
138 163
138 164
138 165
138 170
138 171
138 175
138 177
138 178
138 179
138 180
138 181
138 183
138 184
138 185
138 186
138 187
138 189
138 191
138 197
138 198
138 199
139 140
139 141
139 142
139 144
139 147
139 148
139 149
139 152
139 153
139 154
139 155
139 159
139 163
139 165
139 166
139 168
139 174
139 176
139 178
139 181
139 182
139 183
139 184
139 185
139 186
139 189
139 190
139 192
139 193
139 195
139 196
139 197
139 198
140 142
140 144
140 145
140 148
140 149
140 150
140 151
140 152
140 161
140 162
140 163
140 166
140 168
140 172
140 173
140 174
140 175
140 176
140 178
140 179
140 181
140 183
140 189
140 190
140 191
140 192
140 193
140 194
140 195
140 197
141 143
141 144
141 147
141 148
141 151
141 152
141 153
141 155
141 157
141 160
141 162
141 163
141 165
141 167
141 169
141 170
141 173
141 174
141 177
141 178
141 180
141 183
141 184
141 185
141 187
141 188
141 193
141 195
141 196
141 197
141 198
141 199
142 143
142 144
142 147
142 148
142 150
142 156
142 157
142 160
142 161
142 168
142 169
142 170
142 171
142 172
142 174
142 175
142 176
142 180
142 181
142 182
142 184
142 185
142 186
142 187
142 188
142 191
142 192
142 194
142 199
143 145
143 149
143 158
143 160
143 167
143 168
143 170
143 171
143 173
143 174
143 175
143 176
143 178
143 181
143 182
143 186
143 189
143 190
143 192
143 193
143 194
143 196
143 197
144 145
144 147
144 148
144 149
144 150
144 151
144 154
144 155
144 156
144 161
144 162
144 163
144 164
144 165
144 167
144 168
144 169
144 170
144 171
144 172
144 173
144 174
144 175
144 178
144 180
144 182
144 183
144 186
144 187
144 188
144 189
144 192
144 193
144 195
144 196
144 198
144 199
145 146
145 147
145 148
145 149
145 151
145 152
145 153
145 154
145 155
145 159
145 160
145 161
145 162
145 167
145 168
145 170
145 174
145 176
145 178
145 179
145 180
145 181
145 183
145 184
145 186
145 188
145 189
145 191
145 197
145 198
146 148
146 149
146 150
146 151
146 159
146 160
146 162
146 164
146 165
146 169
146 170
146 172
146 174
146 177
146 179
146 181
146 184
146 185
146 187
146 188
146 189
146 191
146 192
146 197
146 198
147 148
147 152
147 153
147 154
147 156
147 157
147 159
147 161
147 162
147 164
147 165
147 166
147 169
147 170
147 171
147 172
147 173
147 174
147 175
147 177
147 179
147 180
147 182
147 185
147 187
147 190
147 191
147 192
147 193
147 196
147 197
147 198
148 149
148 151
148 163
148 167
148 168
148 169
148 171
148 174
148 177
148 178
148 179
148 181
148 182
148 186
148 187
148 188
148 190
148 191
148 192
148 194
148 198
148 199
149 150
149 154
149 156
149 160
149 162
149 165
149 167
149 169
149 170
149 172
149 174
149 175
149 176
149 177
149 178
149 180
149 181
149 182
149 183
149 186
149 187
149 189
149 190
149 191
149 192
149 197
149 199
150 152
150 153
150 155
150 156
150 157
150 159
150 164
150 168
150 172
150 175
150 176
150 177
150 179
150 181
150 182
150 183
150 184
150 188
150 190
150 191
150 195
150 196
150 198
150 199
151 154
151 156
151 158
151 159
151 160
151 161
151 162
151 168
151 169
151 173
151 176
151 179
151 181
151 182
151 187
151 189
151 192
151 193
152 156
152 157
152 161
152 165
152 168
152 169
152 171
152 172
152 177
152 178
152 180
152 181
152 182
152 183
152 185
152 186
152 187
152 188
152 191
152 192
152 197
152 198
152 199
153 154
153 157
153 161
153 162
153 163
153 165
153 166
153 167
153 171
153 172
153 173
153 175
153 180
153 183
153 185
153 187
153 188
153 189
153 191
153 192
153 196
153 198
153 199
154 157
154 158
154 161
154 162
154 163
154 164
154 165
154 169
154 172
154 174
154 175
154 176
154 177
154 178
154 179
154 181
154 186
154 187
154 188
154 189
154 198
155 156
155 157
155 158
155 161
155 162
155 163
155 166
155 167
155 171
155 172
155 174
155 175
155 180
155 181
155 182
155 183
155 184
155 185
155 186
155 187
155 192
155 194
155 195
156 158
156 161
156 162
156 163
156 165
156 166
156 167
156 169
156 174
156 175
156 180
156 183
156 185
156 186
156 188
156 189
156 190
156 194
156 197
156 199
157 161
157 162
157 163
157 174
157 175
157 176
157 179
157 182
157 185
157 186
157 188
157 191
157 192
157 196
157 197
157 198
157 199
158 160
158 162
158 168
158 170
158 171
158 173
158 174
158 176
158 177
158 179
158 181
158 185
158 187
158 190
158 191
158 192
158 194
158 195
158 196
159 160
159 166
159 168
159 169
159 172
159 173
159 174
159 175
159 176
159 178
159 180
159 181
159 184
159 185
159 186
159 187
159 191
159 192
159 193
159 195
159 196
159 197
159 198
160 161
160 166
160 167
160 168
160 169
160 170
160 175
160 176
160 178
160 179
160 180
160 182
160 185
160 187
160 188
160 189
160 191
160 192
160 196
160 198
161 162
161 163
161 164
161 166
161 167
161 168
161 169
161 170
161 172
161 173
161 175
161 178
161 179
161 182
161 183
161 184
161 185
161 186
161 187
161 188
161 189
161 191
161 195
161 198
161 199
162 163
162 169
162 170
162 172
162 173
162 179
162 180
162 181
162 182
162 183
162 184
162 185
162 186
162 189
162 192
162 193
162 196
162 198
162 199
163 164
163 165
163 167
163 168
163 170
163 174
163 175
163 176
163 178
163 179
163 180
163 183
163 190
163 195
163 198
163 199
164 167
164 174
164 177
164 178
164 181
164 182
164 183
164 184
164 185
164 190
164 191
164 192
164 194
164 199
165 166
165 169
165 172
165 177
165 179
165 181
165 182
165 183
165 184
165 186
165 188
165 190
165 191
165 192
165 194
165 195
165 197
166 167
166 168
166 170
166 171
166 175
166 176
166 177
166 178
166 180
166 181
166 184
166 186
166 187
166 188
166 190
166 192
166 194
166 195
166 199
167 170
167 173
167 175
167 176
167 177
167 178
167 179
167 181
167 182
167 185
167 188
167 189
167 190
167 194
167 196
167 197
168 171
168 172
168 175
168 176
168 177
168 178
168 179
168 181
168 184
168 186
168 189
168 191
168 192
168 193
168 194
168 198
168 199
169 172
169 173
169 174
169 175
169 176
169 177
169 178
169 180
169 186
169 187
169 188
169 190
169 192
169 193
169 196
169 197
169 198
170 172
170 173
170 175
170 176
170 179
170 180
170 182
170 183
170 184
170 185
170 186
170 187
170 188
170 189
170 191
170 192
170 194
170 195
170 196
170 197
170 198
171 173
171 175
171 177
171 179
171 181
171 183
171 186
171 188
171 190
171 191
171 196
171 198
171 199
172 173
172 174
172 175
172 176
172 177
172 182
172 184
172 185
172 187
172 189
172 191
172 193
172 194
172 195
172 196
172 198
173 174
173 176
173 178
173 179
173 181
173 182
173 185
173 186
173 188
173 190
173 192
173 194
173 197
173 198
173 199
174 176
174 177
174 180
174 181
174 182
174 184
174 187
174 190
174 194
174 195
174 196
174 199
175 180
175 187
175 188
175 189
175 196
175 197
175 198
176 178
176 180
176 182
176 184
176 186
176 188
176 189
176 191
176 194
176 199
177 178
177 179
177 183
177 184
177 188
177 189
177 192
177 193
177 194
177 198
177 199
178 179
178 180
178 184
178 188
178 189
178 190
178 191
178 193
178 194
178 195
178 197
178 198
179 181
179 182
179 183
179 184
179 186
179 190
179 194
179 195
179 196
179 199
180 181
180 183
180 186
180 187
180 188
180 189
180 192
180 194
180 195
180 198
181 182
181 183
181 184
181 185
181 190
181 191
181 195
181 197
182 183
182 185
182 188
182 190
182 191
182 193
182 195
182 198
182 199
183 186
183 189
183 190
183 193
183 194
183 195
183 196
183 198
184 187
184 188
184 190
184 191
184 192
184 195
184 196
184 197
184 199
185 187
185 189
185 193
185 194
185 195
185 196
185 197
186 189
186 190
186 194
186 195
186 196
186 197
186 198
186 199
187 188
187 190
187 191
187 192
187 193
187 195
187 196
187 198
187 199
188 189
188 193
188 194
188 197
188 198
188 199
189 194
189 195
189 196
189 197
190 192
190 194
190 195
190 197
190 198
190 199
191 192
191 193
191 194
191 195
191 196
191 197
191 199
192 196
193 194
193 195
193 198
193 199
194 196
194 197
194 198
195 196
195 198
195 199

0 0 0 0 1 1 0 1 1 1 0 0 0 1 0 1 1 0 1 1 0 1 0 1 0 1 1 1 0 0 1 0 0 1 0 1 1 0 1 1 1 1 0 1 1 1 0 1 1 0 0 1 1 0 1 1 0 0 1 1 1 1 0 0 0 1 1 0 0 1 0 1 0 0 1 0 1 0 0 1 1 0 0 0 0 1 1 1 0 0 0 0 1 0 0 1 1 1 1 1 0 0 0 0 0 1 1 1 0 0 0 0 0 0 0 0 0 1 1 1 1 1 1 1 1 0 1 1 1 0 0 0 1 1 1 0 1 1 0 1 1 0 1 0 1 1 0 1 0 0 1 0 0 1 0 0 0 0 0 0 0 1 1 1 1 0 0 1 0 0 1 1 1 1 0 0 0 0 0 1 1 0 1 0 0 0 0 1 1 1 0 1 0 1 0 0 0 1 1 1