150 103
0 1 2 3 4 5 6 7 8 9 10 11 12 13 14 15 16 17 18 19 20 21 22 23 24 25 26 27 28 29 30 31 32 33 34 35 36 37 38 39 40 41 42 43 44 45 46 47 48 49 50 51 52 53 54 55 56 57 58 59 60 61 62 63 64 65 66 67 68 69 70 71 72 73 74 75 76 77 78 79 80 81 82 83 84 85 86 87 88 89 90 91 92 93 94 95 96 97 98 99 100 101 102 103 104 105 106 107 108 109 110 111 112 113 114 115 116 117 118 119 120 121 122 123 124 125 126 127 128 129 130 131 132 133 134 135 136 137 138 139 140 141 142 143 144 145 146 147 148 149
0 67
2 42
2 59
3 48
4 50
4 64
4 67
6 41
6 140
8 98
9 46
9 62
10 113
11 38
12 21
12 117
14 53
14 65
16 106
17 148
20 126
21 130
22 44
23 59
24 52
26 32
26 64
27 149
29 32
29 125
29 127
30 39
30 93
30 145
32 127
33 41
33 67
36 38
36 77
37 74
37 97
38 70
41 141
42 47
42 68
42 74
43 82
44 79
46 87
47 56
47 83
47 135
48 90
49 73
49 148
50 93
51 89
51 93
52 54
56 70
57 75
57 125
58 96
59 113
62 104
67 100
67 139
69 81
69 98
70 106
74 82
75 142
76 148
79 100
79 149
81 110
81 124
82 121
82 125
83 119
84 112
84 113
84 146
85 121
88 124
91 104
91 108
92 135
97 113
99 115
100 114
103 106
103 114
103 121
105 130
108 138
109 143
111 119
111 128
113 116
113 137
117 143
135 146

1 1 0 0 1 0 0 0 1 0 0 1 0 0 0 1 1 0 1 1 0 0 0 1 0 0 0 1 1 0 0 0 0 0 1 0 0 0 1 1 1 1 0 1 1 0 1 0 0 1 1 0 1 0 0 1 1 0 0 1 1 1 1 1 0 0 0 1 0 1 0 1 1 1 1 1 1 0 0 0 1 1 1 1 0 0 0 0 1 0 1 1 1 0 0 0 1 1 0 1 0 1 0 1 0 1 1 1 1 0 1 1 0 1 1 0 0 0 0 1 0 0 1 0 0 0 1 1 1 0 1 1 1 1 1 0 1 0 1 0 1 1 0 1 0 1 0 0 0 0