150 2232
0 1 2 3 4 5 6 7 8 9 10 11 12 13 14 15 16 17 18 19 20 21 22 23 24 25 26 27 28 29 30 31 32 33 34 35 36 37 38 39 40 41 42 43 44 45 46 47 48 49 50 51 52 53 54 55 56 57 58 59 60 61 62 63 64 65 66 67 68 69 70 71 72 73 74 75 76 77 78 79 80 81 82 83 84 85 86 87 88 89 90 91 92 93 94 95 96 97 98 99 100 101 102 103 104 105 106 107 108 109 110 111 112 113 114 115 116 117 118 119 120 121 122 123 124 125 126 127 128 129 130 131 132 133 134 135 136 137 138 139 140 141 142 143 144 145 146 147 148 149
0 6
0 8
0 10
0 14
0 16
0 18
0 27
0 30
0 35
0 37
0 38
0 42
0 45
0 48
0 57
0 63
0 64
0 70
0 71
0 73
0 76
0 78
0 81
0 85
0 95
0 101
0 103
0 104
0 107
0 108
0 112
0 113
0 114
0 118
0 122
0 128
0 131
0 132
0 134
0 138
1 20
1 24
1 26
1 31
1 32
1 36
1 37
1 45
1 48
1 52
1 54
1 56
1 57
1 58
1 73
1 76
1 82
1 87
1 88
1 97
1 98
1 99
1 107
1 109
1 116
1 118
1 121
1 122
1 123
1 126
1 139
1 140
1 142
1 143
1 149
2 8
2 9
2 12
2 14
2 17
2 28
2 35
2 38
2 42
2 47
2 48
2 50
2 53
2 61
2 68
2 72
2 78
2 79
2 85
2 86
2 91
2 92
2 93
2 105
2 107
2 117
2 120
2 123
2 129
2 132
2 137
2 138
2 141
2 145
3 4
3 9
3 15
3 19
3 20
3 21
3 27
3 31
3 45
3 48
3 53
3 59
3 73
3 82
3 83
3 86
3 87
3 88
3 90
3 92
3 97
3 103
3 115
3 123
3 130
3 139
4 5
4 19
4 27
4 29
4 34
4 40
4 45
4 53
4 60
4 61
4 65
4 73
4 75
4 81
4 84
4 87
4 88
4 95
4 97
4 100
4 102
4 113
4 116
4 119
4 120
4 121
4 126
4 129
4 132
4 135
4 137
4 144
4 146
5 9
5 11
5 13
5 18
5 21
5 22
5 23
5 27
5 31
5 32
5 37
5 38
5 39
5 47
5 51
5 54
5 65
5 69
5 70
5 74
5 75
5 78
5 79
5 82
5 89
5 97
5 105
5 106
5 110
5 114
5 117
5 121
5 129
5 134
5 149
6 11
6 18
6 19
6 32
6 37
6 50
6 56
6 66
6 75
6 79
6 82
6 85
6 87
6 96
6 100
6 104
6 105
6 108
6 111
6 115
6 120
6 131
6 140
6 144
6 146
7 13
7 15
7 32
7 33
7 36
7 39
7 40
7 49
7 58
7 61
7 70
7 72
7 76
7 80
7 88
7 95
7 96
7 99
7 105
7 109
7 117
7 120
7 121
7 130
7 138
7 140
7 145
8 11
8 17
8 18
8 19
8 25
8 42
8 45
8 51
8 53
8 55
8 56
8 60
8 63
8 70
8 74
8 79
8 82
8 85
8 87
8 88
8 91
8 92
8 94
8 96
8 105
8 115
8 117
8 120
8 121
8 137
8 144
9 21
9 22
9 26
9 34
9 39
9 48
9 53
9 54
9 56
9 57
9 65
9 66
9 69
9 78
9 79
9 82
9 96
9 97
9 101
9 109
9 115
9 120
9 126
9 134
9 135
9 145
9 149
10 16
10 23
10 28
10 38
10 44
10 63
10 68
10 73
10 75
10 79
10 84
10 86
10 89
10 94
10 95
10 99
10 100
10 101
10 102
10 110
10 122
10 124
10 125
10 126
10 127
10 128
10 132
10 137
10 138
10 143
10 144
10 149
11 12
11 17
11 18
11 22
11 24
11 25
11 29
11 32
11 36
11 41
11 51
11 52
11 54
11 56
11 59
11 61
11 79
11 81
11 100
11 106
11 107
11 113
11 117
11 121
11 126
11 129
11 132
11 137
11 141
11 146
12 16
12 23
12 45
12 46
12 47
12 50
12 53
12 68
12 71
12 76
12 82
12 83
12 104
12 107
12 116
12 119
12 120
12 127
12 134
12 135
12 142
12 145
12 146
13 14
13 15
13 18
13 23
13 27
13 29
13 30
13 33
13 38
13 43
13 61
13 66
13 76
13 88
13 102
13 110
13 114
13 117
13 123
13 124
13 130
13 132
13 143
14 20
14 24
14 31
14 32
14 34
14 40
14 44
14 51
14 55
14 60
14 67
14 68
14 69
14 72
14 75
14 78
14 80
14 81
14 83
14 84
14 90
14 92
14 100
14 103
14 105
14 120
14 124
14 132
14 133
14 135
14 136
14 141
14 143
14 144
15 17
15 22
15 26
15 30
15 37
15 42
15 50
15 57
15 58
15 68
15 74
15 84
15 93
15 102
15 106
15 107
15 108
15 114
15 115
15 116
15 117
15 120
15 134
15 135
15 147
16 18
16 24
16 26
16 29
16 35
16 45
16 51
16 53
16 55
16 65
16 68
16 76
16 77
16 78
16 80
16 81
16 82
16 89
16 90
16 101
16 103
16 104
16 105
16 109
16 111
16 113
16 121
16 124
16 127
16 131
16 132
16 139
16 145
17 20
17 24
17 33
17 35
17 65
17 69
17 75
17 77
17 79
17 82
17 84
17 109
17 110
17 117
17 119
17 120
17 127
17 130
17 143
17 147
18 19
18 27
18 34
18 51
18 52
18 56
18 60
18 68
18 76
18 80
18 86
18 88
18 89
18 90
18 99
18 101
18 109
18 112
18 113
18 114
18 123
18 127
18 135
18 137
18 143
18 146
18 147
19 24
19 29
19 33
19 36
19 38
19 46
19 50
19 56
19 67
19 69
19 79
19 80
19 81
19 86
19 101
19 103
19 119
19 128
19 129
19 130
19 131
20 29
20 31
20 37
20 41
20 44
20 45
20 49
20 50
20 55
20 60
20 63
20 64
20 69
20 74
20 75
20 77
20 80
20 83
20 84
20 86
20 88
20 95
20 99
20 102
20 103
20 107
20 110
20 114
20 119
20 121
20 122
20 125
20 127
20 141
21 28
21 36
21 46
21 49
21 53
21 54
21 55
21 56
21 58
21 86
21 89
21 91
21 93
21 101
21 106
21 107
21 108
21 117
21 119
21 120
21 121
21 123
21 127
21 129
21 138
21 140
21 141
21 142
21 145
21 147
22 30
22 31
22 33
22 34
22 36
22 38
22 40
22 44
22 47
22 66
22 67
22 69
22 80
22 86
22 97
22 104
22 107
22 108
22 110
22 111
22 115
23 30
23 35
23 37
23 39
23 40
23 46
23 48
23 57
23 58
23 59
23 66
23 68
23 70
23 71
23 73
23 83
23 89
23 93
23 100
23 103
23 107
23 114
23 129
23 133
23 135
23 139
23 145
24 40
24 47
24 49
24 56
24 60
24 62
24 65
24 67
24 71
24 80
24 93
24 95
24 96
24 97
24 98
24 120
24 122
24 136
24 139
24 140
24 142
24 146
24 147
24 148
25 26
25 37
25 41
25 45
25 46
25 51
25 58
25 63
25 81
25 84
25 88
25 94
25 95
25 98
25 101
25 108
25 113
25 121
25 126
25 148
26 29
26 31
26 40
26 51
26 64
26 69
26 74
26 87
26 88
26 90
26 95
26 98
26 109
26 115
26 118
26 126
26 138
26 143
27 37
27 40
27 47
27 50
27 55
27 57
27 59
27 63
27 64
27 67
27 79
27 83
27 84
27 88
27 90
27 92
27 96
27 97
27 98
27 104
27 110
27 112
27 113
27 114
27 124
27 126
27 135
27 138
27 139
27 141
27 144
27 149
28 33
28 35
28 38
28 42
28 45
28 53
28 54
28 58
28 62
28 67
28 71
28 79
28 80
28 84
28 86
28 91
28 93
28 94
28 98
28 100
28 103
28 107
28 112
28 119
28 126
28 132
29 41
29 50
29 51
29 52
29 56
29 57
29 59
29 69
29 76
29 86
29 87
29 89
29 90
29 91
29 102
29 130
29 134
29 135
29 139
29 140
29 149
30 31
30 39
30 43
30 46
30 48
30 51
30 52
30 55
30 57
30 81
30 83
30 87
30 89
30 96
30 101
30 103
30 107
30 113
30 114
30 117
30 119
30 121
30 123
30 132
30 137
30 143
30 145
31 38
31 42
31 43
31 46
31 47
31 50
31 53
31 58
31 62
31 65
31 71
31 81
31 90
31 91
31 94
31 95
31 98
31 101
31 107
31 109
31 110
31 115
31 120
31 122
31 131
31 132
31 135
31 145
31 146
31 148
32 34
32 38
32 44
32 48
32 59
32 63
32 69
32 73
32 86
32 92
32 93
32 97
32 101
32 104
32 107
32 109
32 115
32 116
32 122
32 128
32 129
32 132
32 137
32 145
32 149
33 43
33 56
33 57
33 72
33 73
33 78
33 82
33 89
33 90
33 107
33 114
33 116
33 118
33 120
33 122
33 127
33 130
33 131
33 138
33 142
33 143
33 144
34 39
34 47
34 48
34 50
34 52
34 53
34 57
34 70
34 72
34 82
34 91
34 92
34 98
34 102
34 107
34 112
34 113
34 121
34 125
34 131
34 141
34 145
35 37
35 45
35 57
35 62
35 67
35 70
35 72
35 75
35 87
35 88
35 96
35 100
35 106
35 107
35 122
35 136
35 139
35 141
35 144
36 37
36 38
36 49
36 51
36 57
36 68
36 70
36 97
36 99
36 105
36 106
36 107
36 108
36 110
36 117
36 125
36 127
36 129
36 137
36 139
36 142
36 143
36 145
36 147
36 149
37 40
37 41
37 47
37 55
37 59
37 90
37 93
37 100
37 107
37 108
37 112
37 118
37 119
37 121
37 139
37 145
38 40
38 42
38 51
38 54
38 56
38 57
38 58
38 60
38 63
38 73
38 76
38 77
38 78
38 84
38 85
38 90
38 97
38 99
38 103
38 106
38 113
38 115
38 116
38 117
38 122
38 124
38 132
38 142
38 146
39 42
39 47
39 48
39 55
39 56
39 64
39 70
39 80
39 81
39 83
39 87
39 91
39 93
39 94
39 114
39 115
39 116
39 117
39 118
39 127
39 128
39 130
39 138
39 142
39 143
40 41
40 50
40 55
40 58
40 62
40 84
40 94
40 103
40 127
40 141
40 142
41 44
41 50
41 54
41 55
41 57
41 61
41 69
41 70
41 85
41 86
41 87
41 94
41 97
41 100
41 106
41 109
41 119
41 122
41 137
41 139
41 140
41 147
41 148
42 44
42 45
42 51
42 83
42 92
42 93
42 97
42 100
42 101
42 104
42 115
42 124
42 125
42 131
42 141
43 44
43 53
43 64
43 78
43 80
43 83
43 85
43 90
43 91
43 97
43 98
43 99
43 103
43 113
43 118
43 119
43 126
43 131
43 135
43 136
43 140
43 143
43 149
44 50
44 52
44 60
44 62
44 66
44 73
44 82
44 90
44 95
44 96
44 97
44 101
44 105
44 118
44 119
44 123
44 127
44 141
44 143
44 144
44 145
44 146
45 53
45 58
45 63
45 64
45 65
45 68
45 70
45 72
45 75
45 83
45 84
45 91
45 93
45 96
45 100
45 103
45 124
45 131
45 132
45 134
45 137
45 139
45 144
46 51
46 57
46 58
46 66
46 76
46 78
46 80
46 93
46 100
46 102
46 120
46 140
46 143
47 54
47 55
47 56
47 57
47 69
47 72
47 78
47 82
47 84
47 101
47 111
47 118
47 140
47 146
47 147
47 149
48 52
48 55
48 58
48 63
48 73
48 74
48 78
48 80
48 82
48 84
48 85
48 90
48 91
48 97
48 110
48 115
48 116
48 118
48 126
48 129
48 130
48 135
48 142
48 145
48 146
48 148
48 149
49 53
49 56
49 61
49 64
49 67
49 69
49 130
49 136
49 137
49 140
49 143
50 57
50 62
50 66
50 69
50 72
50 77
50 82
50 88
50 92
50 95
50 110
50 116
50 119
50 125
50 126
50 132
50 136
50 139
50 142
51 70
51 72
51 77
51 78
51 80
51 82
51 83
51 96
51 97
51 103
51 107
51 109
51 116
51 120
51 128
51 133
51 134
51 142
52 58
52 60
52 62
52 64
52 68
52 70
52 71
52 72
52 81
52 83
52 84
52 89
52 90
52 103
52 106
52 110
52 116
52 120
52 132
52 134
52 143
53 55
53 56
53 59
53 61
53 79
53 91
53 95
53 99
53 116
53 119
53 121
53 124
53 134
53 138
53 146
53 147
54 65
54 67
54 78
54 81
54 91
54 95
54 97
54 98
54 100
54 128
54 135
54 138
54 140
54 143
54 145
55 60
55 70
55 71
55 74
55 80
55 83
55 89
55 94
55 101
55 102
55 107
55 109
55 112
55 113
55 115
55 117
55 119
55 123
55 131
55 148
56 58
56 61
56 65
56 66
56 67
56 72
56 81
56 85
56 98
56 101
56 104
56 118
56 126
56 128
56 131
56 135
56 139
56 144
56 147
57 59
57 60
57 64
57 68
57 79
57 81
57 86
57 92
57 101
57 102
57 113
57 115
57 122
57 125
57 126
57 129
57 137
57 139
57 142
57 149
58 71
58 89
58 90
58 91
58 92
58 98
58 109
58 110
58 116
58 120
58 121
58 124
58 136
58 143
58 146
59 66
59 68
59 73
59 75
59 77
59 87
59 89
59 97
59 98
59 99
59 101
59 103
59 105
59 110
59 121
59 128
59 131
59 132
59 135
59 144
59 146
60 62
60 66
60 68
60 69
60 78
60 90
60 99
60 101
60 113
60 115
60 116
60 117
60 118
60 120
60 122
60 142
61 62
61 66
61 70
61 73
61 74
61 77
61 88
61 90
61 94
61 95
61 103
61 105
61 117
61 118
61 124
61 125
61 133
61 149
62 72
62 87
62 94
62 96
62 97
62 104
62 105
62 109
62 130
63 65
63 69
63 81
63 85
63 86
63 88
63 91
63 95
63 101
63 103
63 108
63 110
63 119
63 123
63 127
63 142
64 70
64 73
64 75
64 80
64 82
64 85
64 87
64 89
64 102
64 103
64 111
64 112
64 120
64 121
64 130
64 133
64 140
64 143
64 148
65 84
65 89
65 97
65 112
65 114
65 122
65 127
65 129
65 133
65 139
65 141
65 144
65 145
65 149
66 86
66 98
66 99
66 109
66 112
66 115
66 117
66 118
66 121
66 122
66 128
66 133
66 135
66 148
67 72
67 74
67 79
67 84
67 92
67 95
67 97
67 100
67 110
67 113
67 115
67 116
67 118
67 129
67 143
68 71
68 75
68 84
68 87
68 96
68 99
68 100
68 113
68 118
68 127
68 137
68 143
69 75
69 79
69 92
69 94
69 104
69 105
69 114
69 128
69 132
69 146
70 71
70 77
70 80
70 85
70 89
70 96
70 97
70 98
70 102
70 103
70 110
70 114
70 128
70 129
70 134
70 138
70 140
70 142
70 143
70 144
71 77
71 79
71 83
71 100
71 107
71 120
71 121
71 122
71 125
71 129
71 135
71 147
71 148
72 73
72 76
72 80
72 83
72 95
72 99
72 104
72 105
72 121
72 123
72 127
72 128
72 129
72 137
72 143
72 145
73 85
73 88
73 97
73 104
73 110
73 115
73 118
73 126
73 140
74 75
74 78
74 83
74 89
74 92
74 98
74 105
74 106
74 111
74 114
74 124
74 130
74 149
75 81
75 84
75 85
75 90
75 96
75 97
75 103
75 110
75 119
75 122
75 123
75 136
75 137
75 138
75 140
75 141
75 145
75 146
75 148
76 77
76 80
76 81
76 83
76 88
76 94
76 97
76 108
76 111
76 112
76 114
76 132
76 145
76 148
77 81
77 88
77 91
77 104
77 110
77 117
77 118
77 126
77 131
77 133
77 138
77 142
77 149
78 79
78 91
78 96
78 98
78 100
78 106
78 115
78 117
78 118
78 123
78 125
78 130
78 131
78 135
78 138
78 141
78 144
78 145
78 147
78 148
79 87
79 88
79 105
79 117
79 120
79 126
79 128
79 129
79 131
79 133
79 137
79 141
79 143
79 148
80 81
80 87
80 92
80 95
80 99
80 103
80 107
80 115
80 117
80 122
80 123
80 124
80 130
80 131
80 135
80 137
80 138
80 139
80 145
80 149
81 89
81 94
81 96
81 97
81 103
81 107
81 112
81 116
81 125
81 126
81 129
81 130
81 133
81 137
81 140
81 144
82 100
82 103
82 111
82 114
82 119
82 120
82 122
82 123
82 126
82 133
82 134
82 136
82 137
82 143
82 144
82 148
82 149
83 87
83 89
83 93
83 94
83 97
83 100
83 104
83 106
83 112
83 115
83 125
83 136
83 138
84 88
84 90
84 104
84 110
84 112
84 118
84 123
84 124
84 127
84 131
84 143
84 148
85 92
85 99
85 108
85 112
85 120
85 128
85 129
85 133
85 138
86 91
86 96
86 100
86 103
86 105
86 115
86 116
86 122
86 123
86 126
86 127
86 130
86 135
86 136
86 140
87 89
87 92
87 100
87 132
87 133
87 140
87 141
87 144
87 146
88 101
88 116
88 124
88 129
88 134
88 136
88 149
89 91
89 101
89 106
89 108
89 114
89 115
89 122
89 126
89 127
89 130
89 131
89 132
89 135
89 140
90 91
90 94
90 99
90 114
90 118
90 125
90 126
90 127
90 130
90 132
90 142
90 144
90 148
91 94
91 104
91 111
91 112
91 114
91 116
91 117
91 119
91 124
91 135
91 136
91 142
91 144
91 148
91 149
92 95
92 96
92 99
92 103
92 115
92 123
92 127
92 135
92 143
93 95
93 96
93 98
93 110
93 114
93 116
93 118
93 124
93 137
93 140
93 144
93 148
94 95
94 97
94 98
94 109
94 134
94 136
94 140
94 145
94 146
95 112
95 122
95 123
95 126
95 128
95 130
95 131
95 136
95 144
95 146
96 102
96 107
96 108
96 113
96 115
96 117
96 118
96 119
96 123
96 125
96 128
96 132
96 143
96 145
97 103
97 106
97 109
97 112
97 117
97 121
97 125
97 136
97 137
97 142
97 147
98 100
98 101
98 103
98 113
98 116
98 119
98 125
98 138
98 139
98 140
98 145
99 102
99 108
99 112
99 113
99 119
99 125
99 133
99 138
99 148
100 106
100 109
100 115
100 120
100 122
100 126
100 128
100 132
100 141
100 142
100 143
100 146
101 103
101 111
101 112
101 113
101 118
101 126
101 129
101 130
101 143
101 148
102 103
102 105
102 106
102 110
102 114
102 119
102 120
102 122
102 125
102 132
102 134
102 140
102 144
103 107
103 110
103 111
103 116
103 123
103 124
103 129
103 131
103 133
103 134
103 141
103 149
104 108
104 117
104 121
104 126
104 127
104 140
104 141
104 146
104 148
105 108
105 111
105 118
105 120
105 129
105 131
105 135
105 141
105 144
105 147
105 148
106 107
106 110
106 111
106 118
106 129
106 130
106 138
106 146
107 109
107 114
107 126
107 130
107 138
107 140
107 143
107 146
107 149
108 113
108 114
108 116
108 124
108 131
108 140
108 144
109 114
109 119
109 120
109 122
109 125
109 128
109 138
109 139
109 148
110 113
110 117
110 122
110 128
110 129
110 131
110 139
110 144
111 112
111 115
111 117
111 118
111 128
111 136
111 141
111 145
111 146
112 118
112 132
112 137
112 139
112 140
112 141
112 143
112 145
112 146
112 149
113 122
113 131
114 115
114 119
114 123
114 127
114 132
115 123
115 130
115 139
115 143
115 144
116 117
116 119
116 127
116 136
116 137
116 138
116 140
116 144
117 118
117 128
117 130
117 134
117 135
117 142
117 144
117 146
118 127
118 137
118 138
118 140
118 141
118 147
119 123
119 126
119 127
119 133
119 136
119 139
119 140
119 148
120 124
120 126
120 127
120 135
120 138
120 149
121 122
121 127
121 128
121 132
121 134
121 137
122 128
122 135
122 137
122 139
122 146
122 148
123 132
123 134
123 136
124 128
124 142
124 148
125 132
125 145
125 149
126 142
126 145
126 147
127 133
127 137
127 139
127 141
127 145
127 148
128 131
128 132
128 134
128 148
129 133
129 134
129 135
129 138
129 142
129 144
129 147
129 148
130 134
130 138
130 144
130 146
130 147
131 137
131 142
131 143
131 146
133 134
133 137
134 144
134 145
134 146
134 147
135 138
135 139
135 142
135 143
135 145
136 144
137 138
137 142
137 146
138 143
138 146
139 142
139 146
140 142
140 145
141 147
142 143
143 148
146 149

1 0 0 0 0 1 1 1 0 0 1 1 0 0 1 1 1 0 1 1 0 0 1 1 1 1 1 1 0 0 0 0 1 1 0 1 0 1 1 1 0 0 0 1 0 0 0 1 1 1 1 0 1 1 0 1 0 1 1 0 0 0 0 1 1 0 0 1 1 0 0 0 0 1 1 0 1 1 1 0 1 1 1 0 0 0 1 1 1 0 0 1 1 0 1 1 0 0 0 0 0 0 0 0 1 0 1 0 1 1 1 1 0 1 0 1 0 1 1 0 1 0 1 0 0 1 0 0 0 0 1 1 1 1 1 1 0 0 0 0 1 0 1 1 0 0 1 0 0 0