200 4035
0 1 2 3 4 5 6 7 8 9 10 11 12 13 14 15 16 17 18 19 20 21 22 23 24 25 26 27 28 29 30 31 32 33 34 35 36 37 38 39 40 41 42 43 44 45 46 47 48 49 50 51 52 53 54 55 56 57 58 59 60 61 62 63 64 65 66 67 68 69 70 71 72 73 74 75 76 77 78 79 80 81 82 83 84 85 86 87 88 89 90 91 92 93 94 95 96 97 98 99 100 101 102 103 104 105 106 107 108 109 110 111 112 113 114 115 116 117 118 119 120 121 122 123 124 125 126 127 128 129 130 131 132 133 134 135 136 137 138 139 140 141 142 143 144 145 146 147 148 149 150 151 152 153 154 155 156 157 158 159 160 161 162 163 164 165 166 167 168 169 170 171 172 173 174 175 176 177 178 179 180 181 182 183 184 185 186 187 188 189 190 191 192 193 194 195 196 197 198 199
0 3
0 12
0 13
0 23
0 24
0 39
0 42
0 45
0 47
0 50
0 51
0 52
0 62
0 74
0 78
0 79
0 88
0 90
0 95
0 114
0 117
0 120
0 121
0 128
0 133
0 143
0 149
0 150
0 152
0 153
0 155
0 163
0 164
0 166
0 167
0 169
0 172
0 173
0 177
0 180
0 183
0 188
1 4
1 16
1 24
1 25
1 35
1 42
1 46
1 52
1 58
1 64
1 65
1 67
1 76
1 79
1 82
1 83
1 94
1 95
1 97
1 104
1 114
1 116
1 125
1 130
1 133
1 142
1 148
1 149
1 153
1 154
1 155
1 169
1 170
1 173
1 174
1 175
1 179
1 184
1 191
2 3
2 4
2 8
2 11
2 12
2 16
2 18
2 22
2 37
2 43
2 53
2 58
2 63
2 74
2 82
2 91
2 99
2 108
2 125
2 126
2 128
2 134
2 137
2 142
2 143
2 151
2 152
2 153
2 154
2 157
2 161
2 162
2 163
2 175
2 178
2 183
2 190
2 198
3 34
3 50
3 53
3 54
3 74
3 75
3 81
3 82
3 87
3 89
3 98
3 99
3 102
3 103
3 105
3 109
3 119
3 120
3 123
3 129
3 132
3 133
3 144
3 147
3 169
3 172
3 180
3 185
4 8
4 9
4 12
4 13
4 29
4 30
4 32
4 35
4 40
4 43
4 44
4 58
4 62
4 74
4 82
4 87
4 93
4 96
4 104
4 108
4 112
4 115
4 116
4 125
4 133
4 134
4 144
4 145
4 150
4 152
4 157
4 166
4 175
4 182
4 183
4 189
4 193
5 12
5 15
5 22
5 24
5 27
5 30
5 34
5 35
5 38
5 50
5 54
5 55
5 62
5 65
5 72
5 82
5 83
5 90
5 95
5 99
5 101
5 102
5 108
5 109
5 114
5 116
5 124
5 125
5 127
5 132
5 134
5 136
5 148
5 159
5 163
5 174
5 190
5 191
5 193
5 196
5 198
6 19
6 21
6 29
6 30
6 32
6 34
6 39
6 51
6 57
6 61
6 64
6 65
6 81
6 91
6 97
6 101
6 105
6 106
6 108
6 111
6 116
6 123
6 124
6 126
6 130
6 147
6 157
6 161
6 166
6 168
6 170
6 172
6 173
6 175
6 179
6 183
6 186
6 193
6 198
7 8
7 14
7 23
7 29
7 36
7 38
7 45
7 53
7 55
7 56
7 58
7 67
7 72
7 74
7 85
7 87
7 94
7 96
7 105
7 109
7 113
7 114
7 117
7 121
7 128
7 133
7 137
7 138
7 147
7 159
7 173
7 174
7 175
7 178
7 183
7 185
7 190
7 192
7 193
8 13
8 24
8 27
8 28
8 30
8 33
8 42
8 45
8 46
8 47
8 48
8 50
8 51
8 55
8 70
8 71
8 85
8 92
8 93
8 99
8 110
8 111
8 117
8 118
8 119
8 124
8 125
8 131
8 133
8 136
8 138
8 150
8 155
8 156
8 162
8 169
8 176
8 181
8 189
9 10
9 13
9 21
9 23
9 28
9 32
9 40
9 51
9 56
9 64
9 69
9 71
9 73
9 74
9 88
9 93
9 96
9 119
9 133
9 140
9 141
9 143
9 148
9 149
9 150
9 151
9 158
9 161
9 162
9 180
9 183
9 188
9 189
9 192
10 11
10 12
10 17
10 25
10 27
10 35
10 41
10 45
10 47
10 48
10 59
10 76
10 79
10 80
10 83
10 87
10 98
10 102
10 104
10 105
10 113
10 121
10 124
10 130
10 133
10 136
10 148
10 149
10 156
10 160
10 164
10 167
10 174
10 175
10 180
10 184
10 190
10 197
10 198
11 13
11 16
11 17
11 26
11 33
11 34
11 39
11 45
11 52
11 69
11 72
11 76
11 79
11 84
11 92
11 96
11 99
11 102
11 118
11 122
11 124
11 128
11 129
11 137
11 143
11 144
11 145
11 150
11 152
11 155
11 162
11 169
11 181
11 183
11 184
11 193
11 195
12 25
12 27
12 28
12 33
12 34
12 37
12 42
12 48
12 51
12 60
12 73
12 74
12 76
12 81
12 83
12 90
12 92
12 93
12 94
12 95
12 102
12 104
12 112
12 117
12 125
12 142
12 147
12 149
12 151
12 155
12 158
12 169
12 170
12 171
12 175
12 181
12 182
12 186
13 15
13 17
13 21
13 23
13 28
13 42
13 45
13 46
13 49
13 51
13 55
13 64
13 66
13 69
13 79
13 92
13 93
13 97
13 105
13 111
13 114
13 127
13 128
13 129
13 133
13 134
13 137
13 144
13 145
13 147
13 152
13 154
13 158
13 159
13 166
13 177
13 181
13 182
13 183
13 187
13 190
13 193
14 16
14 31
14 48
14 49
14 53
14 55
14 60
14 66
14 68
14 83
14 87
14 90
14 104
14 108
14 111
14 112
14 117
14 127
14 139
14 140
14 144
14 145
14 150
14 153
14 154
14 163
14 174
14 183
14 185
14 188
14 190
14 191
14 195
14 199
15 16
15 20
15 25
15 28
15 30
15 34
15 40
15 42
15 45
15 60
15 72
15 84
15 85
15 86
15 89
15 92
15 99
15 103
15 104
15 109
15 112
15 123
15 131
15 133
15 142
15 147
15 157
15 158
15 163
15 165
15 180
15 191
15 195
16 19
16 22
16 23
16 26
16 45
16 47
16 50
16 52
16 62
16 65
16 66
16 68
16 74
16 78
16 80
16 86
16 87
16 97
16 101
16 103
16 104
16 105
16 109
16 113
16 115
16 116
16 122
16 128
16 129
16 130
16 131
16 132
16 133
16 138
16 139
16 144
16 145
16 146
16 149
16 150
16 163
16 169
16 181
16 184
16 192
16 195
17 32
17 44
17 45
17 52
17 56
17 58
17 63
17 66
17 71
17 86
17 91
17 108
17 110
17 111
17 129
17 137
17 146
17 148
17 154
17 156
17 158
17 162
17 163
17 165
17 166
17 172
17 173
17 178
17 185
17 189
17 190
17 192
18 19
18 24
18 30
18 35
18 36
18 37
18 38
18 39
18 43
18 46
18 63
18 69
18 73
18 76
18 77
18 84
18 89
18 95
18 101
18 104
18 106
18 113
18 114
18 123
18 132
18 136
18 138
18 140
18 142
18 143
18 144
18 146
18 150
18 151
18 152
18 160
18 161
18 165
18 166
18 167
18 174
18 179
18 181
18 191
19 21
19 23
19 26
19 31
19 33
19 36
19 39
19 45
19 49
19 51
19 57
19 59
19 78
19 80
19 89
19 93
19 107
19 115
19 119
19 124
19 128
19 135
19 139
19 143
19 146
19 154
19 161
19 164
19 173
19 177
19 178
19 179
19 183
19 189
19 193
20 22
20 28
20 29
20 37
20 41
20 45
20 50
20 51
20 62
20 63
20 68
20 78
20 80
20 81
20 90
20 105
20 107
20 114
20 118
20 119
20 121
20 123
20 125
20 130
20 133
20 143
20 144
20 146
20 154
20 157
20 158
20 161
20 166
20 172
20 173
20 175
20 176
20 177
20 182
20 183
20 193
20 195
20 197
21 23
21 27
21 29
21 39
21 48
21 56
21 63
21 66
21 69
21 70
21 76
21 77
21 81
21 82
21 85
21 88
21 93
21 101
21 103
21 106
21 107
21 118
21 120
21 127
21 128
21 129
21 131
21 134
21 139
21 153
21 157
21 158
21 162
21 167
21 170
21 173
21 178
21 186
21 187
21 189
21 190
22 24
22 29
22 47
22 50
22 59
22 65
22 68
22 69
22 70
22 72
22 75
22 76
22 79
22 83
22 84
22 86
22 94
22 96
22 103
22 106
22 112
22 113
22 114
22 115
22 117
22 120
22 123
22 127
22 131
22 134
22 150
22 153
22 158
22 160
22 167
22 168
22 172
22 174
22 182
22 185
22 189
22 192
22 194
22 197
22 198
23 32
23 41
23 46
23 49
23 50
23 52
23 55
23 56
23 64
23 68
23 69
23 76
23 80
23 81
23 86
23 90
23 93
23 105
23 113
23 116
23 117
23 123
23 125
23 126
23 130
23 134
23 139
23 141
23 151
23 154
23 161
23 165
23 167
23 175
23 183
23 186
23 188
23 191
23 196
24 29
24 31
24 33
24 34
24 37
24 41
24 45
24 49
24 50
24 52
24 57
24 62
24 68
24 76
24 78
24 79
24 85
24 86
24 91
24 94
24 112
24 116
24 118
24 120
24 123
24 127
24 134
24 136
24 138
24 142
24 147
24 151
24 157
24 161
24 162
24 166
24 169
24 194
25 26
25 36
25 46
25 59
25 60
25 77
25 78
25 82
25 87
25 90
25 104
25 119
25 129
25 135
25 138
25 150
25 164
25 169
25 174
25 189
25 197
25 199
26 29
26 31
26 58
26 66
26 69
26 79
26 83
26 84
26 94
26 98
26 99
26 100
26 105
26 110
26 117
26 118
26 122
26 131
26 132
26 140
26 144
26 154
26 160
26 163
26 164
26 165
26 167
26 173
26 177
26 186
26 187
26 188
26 191
26 193
27 32
27 36
27 37
27 39
27 40
27 42
27 43
27 46
27 53
27 57
27 62
27 66
27 71
27 74
27 76
27 78
27 83
27 92
27 97
27 108
27 111
27 114
27 116
27 125
27 129
27 135
27 140
27 144
27 147
27 165
27 181
28 29
28 31
28 42
28 44
28 47
28 49
28 53
28 57
28 59
28 61
28 62
28 67
28 86
28 88
28 96
28 98
28 99
28 104
28 110
28 112
28 113
28 116
28 119
28 125
28 130
28 136
28 138
28 148
28 150
28 155
28 156
28 162
28 164
28 179
28 189
28 190
28 192
29 31
29 41
29 49
29 52
29 54
29 60
29 61
29 73
29 76
29 77
29 86
29 87
29 92
29 98
29 111
29 113
29 114
29 124
29 127
29 133
29 138
29 149
29 152
29 153
29 161
29 164
29 166
29 170
29 171
29 186
29 189
29 191
30 31
30 42
30 48
30 49
30 56
30 57
30 58
30 59
30 60
30 62
30 63
30 65
30 67
30 74
30 88
30 90
30 92
30 93
30 98
30 100
30 107
30 108
30 113
30 114
30 118
30 120
30 121
30 131
30 134
30 136
30 138
30 141
30 143
30 152
30 168
30 169
30 174
30 176
30 177
30 184
30 185
30 190
30 191
30 192
30 194
30 196
31 35
31 42
31 43
31 49
31 53
31 56
31 59
31 65
31 73
31 75
31 77
31 82
31 87
31 93
31 96
31 98
31 101
31 102
31 109
31 120
31 136
31 144
31 145
31 152
31 160
31 164
31 168
31 173
31 175
31 183
31 195
32 36
32 43
32 49
32 56
32 58
32 60
32 66
32 71
32 80
32 81
32 82
32 89
32 90
32 92
32 95
32 97
32 99
32 101
32 102
32 103
32 107
32 108
32 109
32 115
32 120
32 133
32 135
32 145
32 148
32 149
32 157
32 161
32 162
32 166
32 168
32 175
32 179
32 181
32 183
32 194
33 34
33 39
33 42
33 43
33 45
33 51
33 58
33 59
33 63
33 65
33 72
33 73
33 77
33 78
33 83
33 85
33 86
33 87
33 88
33 89
33 92
33 100
33 105
33 106
33 108
33 110
33 138
33 145
33 152
33 165
33 169
33 170
33 179
33 186
34 35
34 40
34 41
34 43
34 45
34 53
34 54
34 61
34 69
34 80
34 105
34 106
34 107
34 112
34 115
34 128
34 129
34 134
34 139
34 147
34 157
34 170
34 176
34 181
34 187
34 190
34 191
34 193
34 198
34 199
35 36
35 38
35 40
35 42
35 47
35 52
35 53
35 61
35 63
35 74
35 88
35 93
35 102
35 103
35 109
35 110
35 113
35 119
35 141
35 144
35 152
35 161
35 165
35 170
35 181
35 183
35 188
35 199
36 42
36 47
36 49
36 58
36 59
36 61
36 65
36 70
36 71
36 82
36 87
36 89
36 90
36 98
36 104
36 106
36 108
36 114
36 125
36 135
36 144
36 147
36 152
36 153
36 178
36 179
36 181
36 182
36 183
36 184
36 187
36 190
36 198
37 38
37 41
37 57
37 66
37 70
37 81
37 84
37 87
37 88
37 94
37 96
37 100
37 103
37 104
37 106
37 117
37 120
37 130
37 132
37 161
37 174
37 177
37 178
37 189
37 193
37 194
38 39
38 41
38 44
38 47
38 52
38 53
38 56
38 61
38 68
38 69
38 70
38 73
38 80
38 83
38 84
38 96
38 99
38 103
38 105
38 112
38 122
38 126
38 130
38 132
38 136
38 139
38 142
38 143
38 152
38 157
38 164
38 165
38 184
38 193
38 194
38 199
39 51
39 56
39 57
39 58
39 60
39 61
39 67
39 70
39 87
39 93
39 102
39 115
39 118
39 129
39 131
39 134
39 140
39 141
39 142
39 143
39 150
39 156
39 166
39 174
39 175
39 178
39 181
39 187
39 191
39 192
39 194
39 195
39 196
39 199
40 46
40 47
40 51
40 52
40 55
40 73
40 77
40 100
40 104
40 120
40 165
40 166
40 173
40 175
40 180
40 181
40 183
40 184
40 186
40 196
40 199
41 42
41 43
41 44
41 51
41 55
41 56
41 63
41 67
41 68
41 74
41 78
41 82
41 91
41 95
41 96
41 101
41 103
41 105
41 124
41 130
41 134
41 140
41 155
41 161
41 168
41 170
41 173
41 177
41 183
41 185
41 192
41 194
42 61
42 62
42 65
42 67
42 69
42 75
42 80
42 81
42 82
42 83
42 87
42 100
42 105
42 107
42 113
42 114
42 116
42 117
42 124
42 126
42 133
42 141
42 149
42 150
42 160
42 162
42 164
42 170
42 179
42 181
42 183
42 187
42 188
42 195
42 197
42 198
43 61
43 62
43 70
43 75
43 76
43 83
43 97
43 103
43 111
43 117
43 119
43 120
43 122
43 123
43 131
43 153
43 157
43 163
43 165
43 167
43 171
43 180
43 186
43 188
43 190
43 192
44 46
44 48
44 50
44 61
44 64
44 72
44 76
44 99
44 101
44 108
44 121
44 123
44 124
44 126
44 135
44 144
44 149
44 150
44 154
44 155
44 156
44 158
44 160
44 164
44 170
44 175
44 185
44 187
44 192
44 195
44 198
45 47
45 48
45 51
45 55
45 56
45 61
45 63
45 66
45 72
45 73
45 76
45 84
45 86
45 88
45 89
45 91
45 97
45 113
45 114
45 118
45 119
45 126
45 135
45 138
45 142
45 150
45 159
45 165
45 167
45 170
45 175
45 176
45 181
45 182
45 183
45 184
45 186
45 190
45 193
46 50
46 53
46 59
46 61
46 62
46 63
46 68
46 71
46 75
46 91
46 96
46 101
46 104
46 107
46 123
46 128
46 135
46 136
46 138
46 146
46 149
46 155
46 160
46 168
46 174
46 175
46 179
46 180
46 197
47 48
47 55
47 56
47 67
47 76
47 86
47 94
47 101
47 105
47 108
47 112
47 116
47 118
47 119
47 126
47 134
47 148
47 150
47 158
47 166
47 172
47 175
47 186
47 195
48 49
48 55
48 56
48 57
48 66
48 72
48 73
48 75
48 84
48 93
48 101
48 103
48 115
48 120
48 127
48 128
48 134
48 136
48 138
48 144
48 145
48 146
48 152
48 154
48 164
48 167
48 169
48 183
48 198
49 56
49 66
49 67
49 78
49 92
49 98
49 105
49 111
49 116
49 117
49 122
49 125
49 134
49 137
49 142
49 145
49 147
49 149
49 152
49 155
49 163
49 170
49 173
49 177
49 182
49 183
49 185
49 191
49 193
49 195
49 197
50 52
50 67
50 72
50 74
50 75
50 76
50 77
50 78
50 97
50 125
50 136
50 140
50 145
50 148
50 154
50 159
50 167
50 172
50 173
50 185
51 62
51 64
51 65
51 73
51 76
51 83
51 88
51 90
51 100
51 103
51 112
51 113
51 123
51 124
51 142
51 143
51 150
51 153
51 158
51 164
51 175
51 177
51 179
51 184
51 185
51 187
51 193
51 196
52 54
52 57
52 58
52 62
52 63
52 69
52 70
52 89
52 91
52 95
52 97
52 98
52 105
52 112
52 115
52 122
52 127
52 128
52 136
52 138
52 143
52 144
52 150
52 155
52 158
52 163
52 165
52 170
52 171
52 174
52 181
52 186
52 187
52 191
52 193
52 196
53 54
53 68
53 73
53 75
53 78
53 86
53 92
53 93
53 94
53 96
53 105
53 109
53 112
53 125
53 132
53 137
53 138
53 139
53 143
53 149
53 150
53 158
53 160
53 164
53 169
53 173
53 174
53 179
53 186
53 188
54 56
54 59
54 63
54 74
54 79
54 80
54 90
54 93
54 103
54 106
54 110
54 118
54 119
54 121
54 123
54 141
54 143
54 150
54 152
54 157
54 159
54 174
54 176
54 177
54 191
54 194
54 197
55 62
55 71
55 72
55 89
55 90
55 92
55 95
55 98
55 100
55 103
55 123
55 124
55 125
55 129
55 132
55 135
55 136
55 138
55 140
55 147
55 148
55 151
55 155
55 161
55 162
55 163
55 168
55 176
55 178
55 179
55 180
55 183
55 187
55 199
56 61
56 62
56 72
56 80
56 84
56 102
56 106
56 108
56 110
56 111
56 117
56 127
56 132
56 135
56 145
56 149
56 156
56 157
56 167
56 169
56 178
56 185
56 196
57 64
57 71
57 72
57 74
57 96
57 101
57 102
57 108
57 120
57 121
57 124
57 125
57 127
57 140
57 144
57 145
57 154
57 181
57 184
57 189
57 191
57 196
58 63
58 73
58 77
58 79
58 84
58 92
58 101
58 102
58 103
58 104
58 108
58 109
58 116
58 134
58 135
58 140
58 144
58 148
58 153
58 158
58 166
58 178
58 194
59 60
59 63
59 64
59 69
59 72
59 74
59 87
59 89
59 91
59 95
59 100
59 108
59 109
59 142
59 147
59 148
59 154
59 159
59 162
59 165
59 168
59 169
59 174
59 181
59 190
59 192
59 194
59 198
59 199
60 68
60 69
60 71
60 74
60 81
60 91
60 96
60 97
60 103
60 104
60 105
60 109
60 111
60 112
60 114
60 117
60 122
60 131
60 136
60 141
60 144
60 156
60 162
60 179
60 182
60 190
60 199
61 64
61 69
61 73
61 87
61 88
61 89
61 94
61 96
61 99
61 117
61 118
61 122
61 138
61 142
61 149
61 152
61 153
61 156
61 166
61 171
61 177
61 179
61 187
61 193
61 195
62 65
62 67
62 73
62 78
62 81
62 82
62 86
62 99
62 105
62 106
62 112
62 116
62 117
62 118
62 129
62 131
62 134
62 137
62 141
62 151
62 152
62 153
62 154
62 158
62 159
62 160
62 162
62 170
62 174
62 185
62 193
62 194
63 66
63 67
63 84
63 92
63 95
63 106
63 107
63 117
63 124
63 125
63 130
63 153
63 162
63 164
63 165
63 173
63 174
63 175
63 177
63 190
63 193
64 67
64 70
64 71
64 72
64 81
64 88
64 91
64 92
64 97
64 105
64 106
64 107
64 120
64 128
64 132
64 134
64 135
64 140
64 142
64 143
64 144
64 145
64 160
64 161
64 162
64 166
64 175
64 176
64 182
64 185
64 188
64 193
64 194
64 197
64 198
65 68
65 76
65 78
65 81
65 82
65 95
65 97
65 99
65 101
65 102
65 107
65 112
65 115
65 119
65 131
65 142
65 143
65 146
65 151
65 153
65 157
65 162
65 165
65 168
65 170
65 171
65 173
65 174
65 175
65 182
65 186
65 192
65 195
65 198
65 199
66 68
66 70
66 71
66 73
66 75
66 76
66 87
66 96
66 98
66 103
66 107
66 108
66 115
66 118
66 122
66 123
66 124
66 125
66 126
66 127
66 128
66 130
66 139
66 141
66 151
66 152
66 155
66 162
66 166
66 168
66 171
66 172
66 186
66 188
66 189
67 70
67 81
67 84
67 85
67 89
67 93
67 97
67 108
67 111
67 112
67 113
67 122
67 125
67 131
67 145
67 149
67 153
67 156
67 172
67 173
67 185
67 190
67 191
67 194
67 199
68 70
68 75
68 79
68 88
68 93
68 95
68 98
68 104
68 110
68 126
68 129
68 134
68 135
68 150
68 151
68 152
68 153
68 160
68 165
68 172
68 173
68 183
68 184
68 190
68 197
68 199
69 71
69 76
69 79
69 81
69 93
69 96
69 101
69 108
69 109
69 111
69 117
69 127
69 128
69 130
69 136
69 139
69 141
69 146
69 155
69 156
69 169
69 180
69 181
69 182
69 183
69 186
69 188
69 193
69 194
69 199
70 73
70 74
70 77
70 79
70 84
70 87
70 92
70 93
70 100
70 103
70 104
70 108
70 114
70 115
70 124
70 132
70 136
70 138
70 141
70 144
70 152
70 162
70 167
70 174
70 182
70 183
70 186
70 188
70 192
70 197
71 82
71 84
71 88
71 93
71 97
71 110
71 111
71 123
71 126
71 127
71 129
71 136
71 139
71 149
71 152
71 153
71 155
71 162
71 166
71 174
71 179
71 180
71 194
71 195
72 74
72 76
72 85
72 89
72 92
72 96
72 97
72 99
72 112
72 119
72 127
72 128
72 134
72 136
72 138
72 140
72 148
72 153
72 154
72 156
72 162
72 163
72 164
72 168
72 169
72 177
72 180
72 181
72 185
73 75
73 79
73 82
73 85
73 90
73 91
73 95
73 98
73 100
73 106
73 108
73 116
73 117
73 127
73 132
73 133
73 136
73 137
73 138
73 142
73 143
73 144
73 146
73 148
73 153
73 156
73 157
73 160
73 161
73 162
73 165
73 166
73 178
73 180
73 186
73 194
73 195
74 87
74 109
74 112
74 122
74 124
74 128
74 132
74 133
74 135
74 136
74 138
74 140
74 141
74 142
74 149
74 150
74 151
74 153
74 154
74 162
74 166
74 168
74 171
74 179
74 182
74 185
75 82
75 88
75 99
75 108
75 109
75 115
75 117
75 119
75 122
75 124
75 125
75 126
75 129
75 135
75 140
75 156
75 164
75 169
75 170
75 172
75 173
75 179
75 180
75 185
75 196
76 92
76 93
76 95
76 96
76 102
76 105
76 107
76 112
76 115
76 120
76 122
76 129
76 136
76 142
76 144
76 156
76 177
76 181
76 187
76 193
77 81
77 88
77 90
77 93
77 94
77 97
77 99
77 101
77 126
77 128
77 132
77 141
77 142
77 143
77 144
77 153
77 155
77 165
77 184
77 190
77 195
77 196
78 87
78 97
78 100
78 103
78 116
78 121
78 138
78 149
78 155
78 161
78 168
78 172
78 186
78 193
78 194
78 198
78 199
79 81
79 88
79 97
79 101
79 102
79 109
79 112
79 118
79 119
79 121
79 124
79 127
79 130
79 132
79 147
79 162
79 163
79 168
79 178
79 186
79 191
80 84
80 86
80 88
80 94
80 96
80 101
80 102
80 103
80 108
80 113
80 118
80 120
80 128
80 129
80 135
80 141
80 146
80 148
80 152
80 153
80 158
80 165
80 167
80 169
80 171
80 178
80 197
81 86
81 88
81 96
81 99
81 100
81 107
81 117
81 123
81 129
81 131
81 137
81 140
81 141
81 153
81 156
81 160
81 170
81 177
81 178
81 179
81 181
81 194
81 198
82 85
82 93
82 95
82 101
82 102
82 107
82 110
82 111
82 112
82 115
82 120
82 124
82 130
82 131
82 132
82 136
82 141
82 142
82 151
82 152
82 162
82 166
82 167
82 168
82 171
82 172
82 174
82 180
82 186
82 187
82 189
82 190
82 191
82 192
82 193
83 85
83 92
83 93
83 101
83 104
83 109
83 110
83 111
83 114
83 131
83 140
83 143
83 152
83 160
83 169
83 171
83 178
83 182
83 186
83 188
83 194
83 199
84 87
84 89
84 93
84 109
84 112
84 113
84 124
84 128
84 139
84 142
84 143
84 144
84 146
84 148
84 165
84 171
84 175
84 176
84 181
84 183
84 186
84 193
85 86
85 88
85 90
85 99
85 100
85 101
85 102
85 111
85 115
85 117
85 120
85 129
85 132
85 145
85 159
85 168
85 169
85 170
85 177
85 180
85 192
85 198
86 91
86 105
86 108
86 115
86 122
86 129
86 131
86 133
86 135
86 136
86 139
86 143
86 150
86 152
86 154
86 156
86 157
86 160
86 168
86 169
86 171
87 91
87 94
87 100
87 102
87 112
87 116
87 124
87 129
87 131
87 132
87 136
87 138
87 139
87 140
87 141
87 156
87 168
87 175
87 186
87 188
87 191
88 97
88 109
88 110
88 113
88 116
88 125
88 128
88 129
88 137
88 139
88 147
88 149
88 152
88 164
88 165
88 169
88 186
89 92
89 96
89 98
89 102
89 104
89 112
89 128
89 134
89 136
89 142
89 144
89 147
89 151
89 156
89 176
89 182
89 186
89 188
89 189
89 190
89 192
90 97
90 100
90 103
90 105
90 108
90 112
90 115
90 116
90 119
90 120
90 122
90 126
90 161
90 162
90 175
90 177
90 187
90 188
90 194
90 196
91 95
91 99
91 100
91 112
91 114
91 116
91 121
91 124
91 126
91 149
91 157
91 165
91 170
91 182
91 187
91 190
91 191
91 192
92 99
92 101
92 114
92 116
92 128
92 135
92 136
92 137
92 141
92 150
92 156
92 162
92 165
92 168
92 177
92 189
92 190
92 197
92 198
92 199
93 99
93 108
93 109
93 110
93 111
93 115
93 120
93 122
93 140
93 141
93 142
93 159
93 163
93 164
93 193
93 196
93 197
94 96
94 103
94 123
94 131
94 132
94 136
94 137
94 139
94 143
94 155
94 161
94 162
94 164
94 165
94 180
95 99
95 103
95 105
95 106
95 110
95 116
95 117
95 118
95 119
95 120
95 126
95 130
95 132
95 133
95 135
95 138
95 143
95 144
95 149
95 157
95 158
95 160
95 161
95 166
95 168
95 169
95 179
95 182
95 189
96 101
96 113
96 121
96 123
96 124
96 127
96 128
96 131
96 135
96 136
96 144
96 145
96 148
96 152
96 157
96 169
96 185
96 189
96 193
97 105
97 113
97 115
97 118
97 120
97 121
97 122
97 123
97 128
97 130
97 140
97 141
97 151
97 157
97 158
97 161
97 164
97 168
97 171
97 189
97 192
98 101
98 106
98 108
98 109
98 115
98 117
98 124
98 129
98 131
98 138
98 141
98 143
98 149
98 162
98 169
98 186
98 187
98 188
98 195
98 199
99 105
99 113
99 115
99 127
99 135
99 137
99 152
99 158
99 160
99 168
99 169
99 178
99 183
99 192
100 103
100 104
100 106
100 112
100 118
100 120
100 122
100 125
100 126
100 127
100 132
100 133
100 137
100 139
100 154
100 157
100 160
100 162
100 164
100 171
100 173
100 174
101 103
101 116
101 125
101 127
101 134
101 140
101 142
101 143
101 155
101 161
101 165
101 169
101 171
101 172
101 176
101 179
101 180
101 184
101 186
101 187
101 189
101 193
101 196
102 109
102 111
102 112
102 116
102 132
102 141
102 143
102 144
102 145
102 146
102 148
102 157
102 158
102 166
102 175
102 176
102 178
102 181
102 192
102 193
102 195
103 104
103 107
103 117
103 118
103 127
103 138
103 146
103 147
103 149
103 165
103 167
103 168
103 170
103 189
104 111
104 124
104 125
104 137
104 141
104 143
104 147
104 149
104 152
104 160
104 161
104 163
104 167
104 174
104 176
104 180
104 184
104 189
105 106
105 122
105 123
105 125
105 128
105 130
105 135
105 136
105 139
105 141
105 146
105 154
105 158
105 161
105 175
105 179
105 181
105 183
105 190
105 195
105 198
106 110
106 114
106 117
106 120
106 122
106 128
106 131
106 145
106 146
106 150
106 151
106 153
106 155
106 158
106 160
106 173
106 176
106 179
106 182
106 188
106 195
106 197
106 199
107 124
107 129
107 133
107 136
107 140
107 148
107 154
107 155
107 160
107 161
107 165
107 171
107 174
107 180
107 183
107 188
107 196
108 109
108 112
108 117
108 119
108 120
108 121
108 124
108 130
108 136
108 144
108 148
108 150
108 151
108 152
108 155
108 160
108 165
108 169
108 171
108 172
108 179
108 182
108 196
108 198
108 199
109 118
109 120
109 122
109 125
109 128
109 133
109 134
109 135
109 142
109 145
109 151
109 154
109 158
109 163
109 165
109 166
109 177
109 178
109 181
109 182
109 183
109 193
109 197
109 199
110 113
110 114
110 124
110 125
110 133
110 135
110 136
110 137
110 142
110 145
110 154
110 159
110 162
110 166
110 183
110 187
110 191
110 192
110 193
110 197
111 119
111 127
111 133
111 134
111 136
111 139
111 143
111 159
111 161
111 163
111 166
111 172
111 176
111 179
111 183
111 186
111 194
111 196
112 113
112 114
112 122
112 125
112 131
112 153
112 158
112 162
112 165
112 168
112 171
112 175
112 177
112 178
112 182
112 190
112 197
112 199
113 120
113 121
113 142
113 143
113 146
113 158
113 160
113 161
113 165
113 166
113 172
113 183
113 187
113 189
113 196
114 119
114 121
114 123
114 131
114 132
114 133
114 135
114 141
114 148
114 152
114 154
114 155
114 160
114 175
114 181
114 182
114 184
114 190
115 123
115 130
115 132
115 139
115 142
115 155
115 158
115 159
115 165
115 169
115 170
115 174
115 182
115 185
115 191
115 193
115 197
116 129
116 130
116 138
116 141
116 143
116 150
116 178
116 187
116 188
116 194
117 120
117 126
117 128
117 130
117 132
117 147
117 153
117 165
117 166
117 168
117 169
117 170
117 177
117 189
117 190
117 193
118 123
118 124
118 134
118 139
118 140
118 149
118 150
118 156
118 160
118 165
118 168
118 174
118 178
118 180
118 183
118 184
118 192
119 120
119 131
119 132
119 136
119 149
119 161
119 167
119 170
119 171
119 177
119 186
119 189
119 190
119 193
120 128
120 130
120 144
120 145
120 147
120 150
120 155
120 159
120 161
120 162
120 173
120 179
120 182
120 189
120 191
120 199
121 125
121 128
121 129
121 130
121 136
121 137
121 145
121 151
121 158
121 161
121 164
121 166
121 171
121 174
121 181
121 184
122 125
122 127
122 128
122 141
122 143
122 150
122 153
122 154
122 157
122 160
122 161
122 162
122 163
122 164
122 167
122 173
122 174
122 176
122 179
122 181
122 190
122 194
122 195
122 196
123 125
123 126
123 133
123 136
123 159
123 163
123 164
123 168
123 170
123 172
123 178
123 182
123 186
123 189
123 198
124 153
124 156
124 173
124 181
124 184
124 187
124 189
124 190
124 194
124 195
124 197
124 198
125 130
125 135
125 136
125 137
125 138
125 139
125 142
125 148
125 154
125 168
125 173
125 176
125 178
125 183
125 184
125 185
125 186
125 187
125 194
126 140
126 154
126 156
126 163
126 165
126 172
126 182
126 185
127 131
127 134
127 137
127 147
127 149
127 164
127 165
127 168
127 170
127 175
127 176
127 177
127 179
127 184
127 196
128 139
128 140
128 143
128 146
128 151
128 160
128 162
128 170
128 172
128 180
128 181
128 182
128 183
128 184
128 194
128 195
128 196
129 130
129 131
129 136
129 156
129 157
129 158
129 163
129 165
129 184
129 185
129 186
129 190
129 191
130 134
130 138
130 143
130 144
130 145
130 147
130 148
130 149
130 152
130 153
130 159
130 160
130 164
130 170
130 172
130 176
130 179
130 181
130 182
130 184
130 190
130 195
131 137
131 144
131 146
131 147
131 152
131 154
131 168
131 173
131 174
131 177
131 181
131 185
131 189
131 192
131 199
132 137
132 144
132 146
132 157
132 160
132 171
132 175
132 176
132 177
132 180
132 184
132 190
132 191
133 134
133 138
133 144
133 145
133 147
133 154
133 155
133 163
133 171
133 174
133 175
133 176
133 177
133 185
134 139
134 140
134 148
134 152
134 153
134 155
134 165
134 170
134 176
134 177
134 180
134 192
134 197
134 199
135 139
135 141
135 142
135 149
135 152
135 160
135 166
135 167
135 175
135 180
135 184
135 194
135 199
136 140
136 145
136 147
136 153
136 156
136 165
136 169
136 170
136 172
136 176
136 182
136 187
136 194
136 195
136 196
137 150
137 153
137 154
137 155
137 158
137 161
137 163
137 164
137 168
137 170
137 176
137 178
137 182
137 189
137 193
137 195
138 143
138 146
138 148
138 150
138 157
138 160
138 161
138 163
138 165
138 166
138 169
138 175
138 179
138 180
138 182
138 188
138 190
138 193
139 142
139 145
139 147
139 149
139 152
139 161
139 168
139 171
139 176
139 184
139 187
139 189
139 192
139 195
139 198
139 199
140 144
140 145
140 159
140 164
140 169
140 178
140 181
140 190
140 196
140 199
141 148
141 150
141 152
141 154
141 156
141 160
141 169
141 174
141 175
141 179
141 183
141 184
141 191
141 193
141 196
142 145
142 147
142 150
142 154
142 157
142 159
142 161
142 163
142 164
142 165
142 170
142 174
142 179
142 185
142 186
143 153
143 156
143 157
143 162
143 164
143 168
143 169
143 195
144 148
144 160
144 163
144 167
144 170
144 173
144 174
144 193
144 195
144 196
144 197
145 154
145 155
145 158
145 161
145 183
145 192
145 194
145 197
145 198
146 162
146 165
146 167
146 175
146 177
146 183
146 185
146 187
146 198
146 199
147 151
147 153
147 159
147 166
147 170
147 172
147 177
147 179
147 197
147 198
147 199
148 152
148 168
148 169
148 175
148 179
148 183
148 184
148 188
149 151
149 155
149 160
149 161
149 171
149 176
149 179
149 183
149 186
149 192
149 194
149 196
149 197
150 153
150 157
150 161
150 176
150 183
150 193
150 197
150 199
151 155
151 159
151 164
151 165
151 167
151 170
151 171
151 186
151 196
152 154
152 155
152 157
152 158
152 160
152 161
152 177
152 185
152 188
152 192
153 164
153 167
153 168
153 170
153 171
153 182
153 194
153 199
154 159
154 162
154 174
154 176
154 177
154 182
154 187
154 188
154 191
154 198
154 199
155 158
155 161
155 176
155 192
155 194
155 195
155 198
156 160
156 161
156 164
156 174
156 193
157 164
157 172
157 174
157 179
157 186
157 193
157 198
157 199
158 160
158 162
158 163
158 165
158 174
158 177
158 185
158 187
158 199
159 162
159 165
159 167
159 168
159 171
159 172
159 174
159 176
159 178
159 185
159 197
160 166
160 169
160 170
160 172
160 175
160 178
160 190
160 192
161 171
161 187
161 195
162 164
162 167
162 174
162 176
162 186
162 188
163 175
163 176
163 180
163 184
163 192
164 175
164 179
164 180
164 181
164 183
164 184
164 190
164 191
164 193
164 198
165 168
165 174
165 176
165 181
165 183
165 186
165 190
166 170
166 174
166 175
166 181
166 184
166 186
166 190
167 172
167 176
167 196
167 197
168 171
168 175
168 176
168 178
168 183
168 186
168 187
168 188
168 189
168 192
168 195
168 196
168 197
169 174
169 175
169 179
169 181
169 182
169 186
169 192
169 194
169 196
169 199
170 173
170 177
170 180
170 181
170 187
170 195
170 198
170 199
171 174
171 178
171 179
171 187
171 191
171 197
172 177
172 178
172 180
172 181
172 185
172 189
172 194
173 177
173 178
173 193
174 177
174 178
174 180
174 184
174 195
174 196
174 199
175 177
175 181
175 184
175 185
175 190
175 193
175 195
176 178
176 186
176 192
176 193
176 194
176 198
177 180
177 182
177 184
177 199
178 186
179 181
179 189
180 185
180 186
180 190
180 196
180 198
181 182
181 184
181 188
181 192
181 193
181 194
182 186
182 187
182 191
182 192
182 196
184 187
184 197
185 190
185 193
186 188
186 190
186 195
186 199
187 189
187 191
187 196
188 191
188 196
188 198
189 190
189 192
189 197
190 196
190 198
191 197
192 198
192 199
193 199
194 199
197 199

1 1 0 1 0 0 0 1 1 1 0 1 1 0 1 0 1 0 0 1 0 1 1 1 0 1 0 0 1 1 0 0 1 0 1 1 0 0 1 0 1 1 1 1 0 0 1 0 0 0 0 1 0 0 0 0 1 0 1 1 0 1 0 1 0 1 0 1 1 0 1 1 1 1 0 1 1 1 0 1 0 0 1 0 1 0 1 0 1 0 0 0 0 1 1 0 1 0 0 0 0 1 0 1 0 1 1 1 0 0 1 1 1 1 0 0 1 1 0 1 0 0 1 0 0 0 1 1 1 0 1 1 1 0 0 0 0 0 0 1 1 1 1 0 1 1 0 0 0 0 0 1 1 1 0 1 1 0 0 0 1 0 1 0 0 1 0 1 0 0 1 1 0 1 1 1 1 1 0 0 0 0 0 1 0 1 1 0 0 1 0 0 0 1 1 1 0 0 1 1