250 6094
0 1 2 3 4 5 6 7 8 9 10 11 12 13 14 15 16 17 18 19 20 21 22 23 24 25 26 27 28 29 30 31 32 33 34 35 36 37 38 39 40 41 42 43 44 45 46 47 48 49 50 51 52 53 54 55 56 57 58 59 60 61 62 63 64 65 66 67 68 69 70 71 72 73 74 75 76 77 78 79 80 81 82 83 84 85 86 87 88 89 90 91 92 93 94 95 96 97 98 99 100 101 102 103 104 105 106 107 108 109 110 111 112 113 114 115 116 117 118 119 120 121 122 123 124 125 126 127 128 129 130 131 132 133 134 135 136 137 138 139 140 141 142 143 144 145 146 147 148 149 150 151 152 153 154 155 156 157 158 159 160 161 162 163 164 165 166 167 168 169 170 171 172 173 174 175 176 177 178 179 180 181 182 183 184 185 186 187 188 189 190 191 192 193 194 195 196 197 198 199 200 201 202 203 204 205 206 207 208 209 210 211 212 213 214 215 216 217 218 219 220 221 222 223 224 225 226 227 228 229 230 231 232 233 234 235 236 237 238 239 240 241 242 243 244 245 246 247 248 249
0 2
0 4
0 5
0 12
0 19
0 26
0 31
0 36
0 37
0 39
0 43
0 46
0 47
0 49
0 50
0 52
0 54
0 55
0 74
0 77
0 81
0 84
0 96
0 97
0 101
0 109
0 118
0 120
0 124
0 125
0 141
0 144
0 148
0 150
0 154
0 156
0 158
0 169
0 170
0 173
0 174
0 175
0 180
0 184
0 185
0 189
0 195
0 199
0 205
0 211
0 212
0 213
0 222
0 223
0 225
0 226
0 230
0 233
0 236
0 237
0 242
0 249
1 5
1 7
1 9
1 14
1 17
1 21
1 26
1 27
1 28
1 33
1 39
1 45
1 46
1 50
1 54
1 57
1 69
1 76
1 78
1 79
1 81
1 83
1 84
1 96
1 98
1 102
1 105
1 111
1 119
1 120
1 121
1 124
1 126
1 135
1 141
1 144
1 146
1 152
1 156
1 160
1 161
1 164
1 169
1 170
1 178
1 179
1 182
1 186
1 187
1 189
1 192
1 200
1 210
1 215
1 221
1 222
1 227
1 236
1 243
1 244
1 246
1 247
1 248
1 249
2 8
2 17
2 19
2 20
2 36
2 41
2 46
2 47
2 48
2 50
2 51
2 56
2 57
2 58
2 72
2 76
2 91
2 102
2 108
2 109
2 113
2 116
2 118
2 124
2 125
2 137
2 147
2 152
2 155
2 163
2 164
2 170
2 175
2 181
2 194
2 199
2 204
2 217
2 227
2 232
2 234
2 235
3 11
3 18
3 19
3 24
3 27
3 31
3 51
3 52
3 53
3 59
3 68
3 69
3 75
3 85
3 88
3 89
3 91
3 104
3 105
3 107
3 109
3 113
3 115
3 122
3 126
3 130
3 134
3 136
3 146
3 147
3 150
3 152
3 156
3 160
3 164
3 166
3 170
3 174
3 193
3 194
3 198
3 203
3 207
3 229
3 238
3 242
3 244
3 247
3 249
4 9
4 10
4 25
4 26
4 33
4 35
4 36
4 37
4 40
4 46
4 48
4 69
4 71
4 74
4 75
4 76
4 78
4 81
4 86
4 92
4 111
4 113
4 126
4 135
4 136
4 137
4 138
4 153
4 155
4 156
4 161
4 164
4 165
4 174
4 177
4 178
4 189
4 190
4 192
4 201
4 203
4 207
4 208
4 209
4 219
4 221
4 228
4 229
4 234
4 236
4 237
4 241
4 242
4 245
4 247
5 9
5 11
5 19
5 22
5 34
5 35
5 38
5 41
5 42
5 45
5 47
5 70
5 79
5 82
5 85
5 89
5 100
5 104
5 111
5 122
5 124
5 125
5 130
5 131
5 132
5 136
5 140
5 144
5 156
5 161
5 169
5 171
5 174
5 180
5 183
5 184
5 185
5 190
5 193
5 199
5 200
5 209
5 211
5 212
5 216
5 225
5 233
5 234
5 243
6 15
6 16
6 20
6 22
6 23
6 27
6 28
6 34
6 37
6 41
6 59
6 65
6 67
6 74
6 92
6 95
6 107
6 112
6 115
6 118
6 121
6 124
6 128
6 145
6 151
6 153
6 160
6 162
6 168
6 174
6 180
6 181
6 187
6 204
6 208
6 209
6 211
6 228
6 229
6 232
6 243
7 13
7 24
7 26
7 32
7 33
7 34
7 37
7 47
7 50
7 53
7 58
7 75
7 76
7 78
7 80
7 88
7 89
7 98
7 103
7 105
7 109
7 111
7 115
7 121
7 131
7 150
7 151
7 156
7 158
7 166
7 167
7 183
7 185
7 190
7 192
7 193
7 194
7 205
7 207
7 209
7 213
7 218
7 221
7 222
7 224
7 237
7 245
7 249
8 16
8 21
8 24
8 32
8 35
8 36
8 37
8 39
8 40
8 42
8 46
8 50
8 53
8 66
8 89
8 98
8 103
8 104
8 106
8 113
8 119
8 122
8 133
8 140
8 143
8 144
8 146
8 151
8 155
8 157
8 162
8 166
8 167
8 172
8 175
8 182
8 184
8 185
8 190
8 194
8 207
8 208
8 215
8 216
8 226
8 231
8 241
8 242
8 245
8 246
9 25
9 29
9 31
9 34
9 35
9 36
9 39
9 40
9 42
9 43
9 46
9 54
9 56
9 59
9 73
9 76
9 78
9 84
9 90
9 93
9 100
9 101
9 102
9 115
9 119
9 124
9 125
9 127
9 130
9 131
9 132
9 139
9 144
9 146
9 148
9 155
9 161
9 162
9 165
9 174
9 185
9 196
9 199
9 200
9 201
9 203
9 211
9 217
9 219
9 222
9 232
9 235
9 238
9 244
9 247
10 12
10 21
10 27
10 38
10 46
10 47
10 49
10 51
10 52
10 57
10 58
10 70
10 79
10 80
10 83
10 86
10 87
10 96
10 99
10 103
10 112
10 113
10 114
10 119
10 123
10 132
10 133
10 135
10 138
10 139
10 144
10 147
10 151
10 155
10 156
10 157
10 158
10 163
10 172
10 176
10 184
10 186
10 188
10 190
10 205
10 207
10 208
10 210
10 220
10 225
10 227
10 228
10 229
10 230
10 232
10 236
10 238
10 239
10 242
10 247
11 13
11 14
11 16
11 24
11 26
11 35
11 37
11 38
11 43
11 53
11 60
11 61
11 75
11 78
11 84
11 89
11 92
11 93
11 95
11 97
11 99
11 106
11 117
11 118
11 120
11 127
11 130
11 131
11 143
11 144
11 149
11 155
11 160
11 163
11 167
11 171
11 179
11 185
11 187
11 205
11 211
11 222
11 223
11 231
11 232
11 241
11 244
11 247
12 14
12 19
12 22
12 31
12 37
12 41
12 54
12 58
12 64
12 72
12 76
12 79
12 90
12 91
12 96
12 106
12 117
12 118
12 119
12 125
12 144
12 152
12 153
12 167
12 168
12 169
12 170
12 173
12 175
12 180
12 181
12 182
12 186
12 190
12 209
12 210
12 218
12 219
12 220
12 221
12 223
12 228
12 233
12 239
12 240
12 248
13 17
13 26
13 28
13 36
13 40
13 47
13 67
13 68
13 70
13 71
13 72
13 74
13 80
13 95
13 100
13 101
13 106
13 109
13 110
13 112
13 113
13 120
13 123
13 126
13 133
13 144
13 145
13 149
13 152
13 155
13 156
13 169
13 170
13 177
13 183
13 186
13 188
13 192
13 207
13 215
13 219
13 225
13 229
13 231
13 236
13 239
13 246
13 249
14 16
14 20
14 24
14 31
14 34
14 36
14 49
14 52
14 55
14 58
14 61
14 65
14 66
14 72
14 73
14 76
14 77
14 86
14 88
14 99
14 110
14 114
14 118
14 132
14 134
14 138
14 139
14 141
14 169
14 175
14 178
14 203
14 212
14 213
14 214
14 221
14 225
14 230
14 236
14 248
15 16
15 19
15 23
15 33
15 34
15 46
15 53
15 57
15 58
15 62
15 65
15 69
15 71
15 74
15 96
15 117
15 120
15 121
15 126
15 128
15 133
15 134
15 137
15 140
15 141
15 147
15 166
15 180
15 183
15 189
15 192
15 195
15 196
15 198
15 215
15 216
15 220
15 224
15 231
15 240
15 243
15 248
16 24
16 28
16 39
16 54
16 64
16 67
16 73
16 78
16 88
16 93
16 94
16 99
16 106
16 107
16 110
16 123
16 127
16 128
16 132
16 141
16 142
16 150
16 152
16 157
16 160
16 167
16 171
16 173
16 174
16 177
16 192
16 195
16 219
16 223
16 226
16 229
16 232
16 244
17 19
17 23
17 25
17 29
17 30
17 36
17 39
17 40
17 44
17 47
17 66
17 71
17 81
17 83
17 85
17 97
17 109
17 114
17 117
17 121
17 122
17 124
17 129
17 134
17 135
17 143
17 147
17 167
17 171
17 174
17 178
17 179
17 187
17 188
17 196
17 197
17 222
17 223
17 226
17 231
17 237
17 239
17 241
17 244
18 22
18 25
18 26
18 40
18 56
18 64
18 65
18 67
18 71
18 72
18 81
18 83
18 91
18 98
18 100
18 103
18 109
18 110
18 116
18 123
18 131
18 137
18 143
18 147
18 148
18 159
18 164
18 166
18 179
18 184
18 188
18 189
18 194
18 195
18 200
18 203
18 208
18 217
18 223
18 225
18 228
18 230
18 234
18 238
18 241
19 23
19 24
19 29
19 32
19 33
19 36
19 55
19 57
19 73
19 74
19 78
19 90
19 95
19 105
19 114
19 115
19 116
19 121
19 134
19 143
19 145
19 151
19 157
19 162
19 163
19 164
19 167
19 169
19 171
19 178
19 179
19 188
19 198
19 209
19 211
19 212
19 216
19 226
19 232
19 242
19 244
19 247
20 21
20 25
20 26
20 27
20 31
20 38
20 39
20 46
20 50
20 54
20 57
20 61
20 62
20 65
20 76
20 86
20 111
20 117
20 128
20 137
20 142
20 143
20 145
20 166
20 167
20 171
20 179
20 193
20 211
20 212
20 217
20 219
20 221
20 224
20 234
20 240
21 24
21 28
21 32
21 33
21 36
21 40
21 46
21 50
21 52
21 54
21 60
21 61
21 62
21 63
21 66
21 81
21 83
21 85
21 86
21 93
21 96
21 105
21 108
21 116
21 117
21 127
21 133
21 134
21 139
21 147
21 150
21 152
21 153
21 154
21 155
21 157
21 160
21 172
21 174
21 186
21 191
21 199
21 204
21 206
21 210
21 219
21 224
21 231
21 233
21 238
21 242
21 249
22 23
22 31
22 32
22 36
22 38
22 39
22 41
22 42
22 44
22 54
22 59
22 61
22 67
22 69
22 77
22 82
22 89
22 95
22 108
22 109
22 111
22 127
22 131
22 132
22 135
22 138
22 142
22 143
22 164
22 165
22 167
22 169
22 170
22 172
22 180
22 181
22 190
22 192
22 195
22 200
22 209
22 216
22 223
22 230
22 232
22 241
22 243
22 248
23 25
23 38
23 39
23 40
23 46
23 56
23 58
23 59
23 61
23 63
23 71
23 76
23 80
23 83
23 84
23 89
23 95
23 99
23 100
23 106
23 107
23 109
23 121
23 122
23 123
23 124
23 128
23 131
23 134
23 137
23 139
23 145
23 149
23 154
23 156
23 161
23 162
23 165
23 168
23 173
23 176
23 184
23 186
23 187
23 193
23 194
23 195
23 198
23 200
23 210
23 213
23 214
23 226
23 229
23 235
23 237
23 240
23 247
23 248
24 29
24 35
24 42
24 44
24 47
24 50
24 53
24 55
24 59
24 74
24 88
24 99
24 103
24 107
24 109
24 117
24 118
24 119
24 121
24 131
24 138
24 149
24 151
24 154
24 156
24 158
24 161
24 166
24 168
24 172
24 182
24 186
24 197
24 198
24 202
24 209
24 214
24 225
24 234
24 236
24 238
24 242
24 244
25 29
25 30
25 31
25 36
25 41
25 47
25 53
25 57
25 63
25 65
25 74
25 79
25 81
25 83
25 88
25 96
25 100
25 116
25 126
25 128
25 140
25 150
25 152
25 155
25 161
25 163
25 164
25 173
25 175
25 177
25 179
25 184
25 191
25 199
25 200
25 220
25 226
25 233
25 234
25 240
25 244
26 27
26 28
26 30
26 37
26 40
26 43
26 45
26 61
26 62
26 84
26 88
26 90
26 92
26 95
26 96
26 102
26 103
26 119
26 123
26 139
26 143
26 147
26 148
26 150
26 151
26 156
26 157
26 159
26 163
26 165
26 170
26 171
26 178
26 181
26 195
26 205
26 206
26 216
26 224
26 229
26 230
26 240
26 241
26 242
26 246
27 37
27 38
27 50
27 54
27 58
27 62
27 69
27 70
27 73
27 76
27 78
27 84
27 88
27 90
27 94
27 95
27 111
27 116
27 124
27 136
27 137
27 150
27 157
27 171
27 172
27 173
27 179
27 184
27 192
27 193
27 197
27 201
27 214
27 222
27 223
27 224
27 226
27 233
27 236
27 238
27 241
27 246
28 43
28 45
28 49
28 51
28 52
28 54
28 56
28 58
28 60
28 65
28 67
28 71
28 77
28 79
28 80
28 90
28 100
28 105
28 112
28 121
28 124
28 128
28 129
28 142
28 148
28 154
28 156
28 163
28 164
28 167
28 168
28 170
28 176
28 184
28 192
28 197
28 198
28 203
28 208
28 218
28 222
28 228
28 241
28 244
28 245
29 32
29 45
29 48
29 52
29 53
29 59
29 69
29 71
29 79
29 90
29 93
29 94
29 95
29 98
29 101
29 103
29 110
29 111
29 112
29 113
29 115
29 116
29 129
29 130
29 134
29 137
29 139
29 141
29 145
29 146
29 160
29 164
29 169
29 175
29 176
29 177
29 180
29 186
29 189
29 190
29 198
29 204
29 221
29 223
29 226
29 229
29 236
29 238
30 35
30 55
30 62
30 65
30 77
30 88
30 90
30 92
30 101
30 112
30 114
30 120
30 123
30 127
30 131
30 152
30 157
30 158
30 165
30 178
30 197
30 198
30 202
30 224
30 230
30 233
30 235
30 242
30 247
31 40
31 41
31 44
31 47
31 50
31 51
31 69
31 70
31 76
31 79
31 80
31 82
31 84
31 91
31 95
31 109
31 111
31 112
31 114
31 120
31 122
31 123
31 127
31 132
31 139
31 142
31 152
31 157
31 160
31 170
31 179
31 180
31 194
31 199
31 202
31 205
31 207
31 208
31 210
31 214
31 218
31 229
31 233
31 238
31 239
31 241
31 242
32 38
32 41
32 46
32 48
32 49
32 50
32 55
32 56
32 59
32 62
32 68
32 69
32 71
32 74
32 75
32 85
32 87
32 90
32 108
32 119
32 125
32 132
32 137
32 145
32 149
32 152
32 165
32 170
32 172
32 176
32 181
32 187
32 188
32 195
32 196
32 199
32 201
32 212
32 217
32 221
32 223
32 226
32 227
32 228
32 240
32 241
32 244
33 35
33 39
33 76
33 83
33 85
33 86
33 95
33 108
33 112
33 113
33 116
33 130
33 137
33 138
33 140
33 144
33 145
33 150
33 152
33 154
33 156
33 163
33 174
33 177
33 189
33 198
33 201
33 214
33 218
33 227
33 230
33 233
33 234
33 237
33 245
34 35
34 38
34 41
34 43
34 45
34 46
34 61
34 70
34 73
34 75
34 78
34 79
34 84
34 86
34 99
34 103
34 109
34 115
34 131
34 133
34 141
34 142
34 143
34 154
34 155
34 156
34 161
34 162
34 163
34 165
34 168
34 169
34 177
34 178
34 180
34 187
34 191
34 192
34 199
34 202
34 210
34 212
34 218
34 219
34 230
34 235
34 238
34 239
34 241
34 243
34 245
35 39
35 41
35 52
35 60
35 67
35 70
35 74
35 83
35 88
35 102
35 103
35 104
35 108
35 119
35 128
35 135
35 139
35 140
35 142
35 146
35 153
35 157
35 161
35 162
35 163
35 175
35 176
35 179
35 180
35 190
35 191
35 192
35 196
35 238
35 240
36 43
36 44
36 50
36 52
36 56
36 57
36 60
36 61
36 66
36 73
36 75
36 78
36 85
36 90
36 92
36 93
36 95
36 98
36 100
36 101
36 105
36 117
36 119
36 123
36 128
36 129
36 132
36 136
36 148
36 149
36 154
36 159
36 167
36 171
36 172
36 176
36 177
36 178
36 181
36 183
36 191
36 192
36 193
36 196
36 198
36 203
36 206
36 208
36 210
36 212
36 216
36 231
36 246
36 247
37 39
37 41
37 42
37 56
37 63
37 66
37 78
37 81
37 90
37 92
37 94
37 95
37 98
37 100
37 102
37 106
37 109
37 112
37 113
37 115
37 117
37 122
37 127
37 128
37 129
37 138
37 139
37 141
37 144
37 148
37 154
37 160
37 161
37 163
37 166
37 173
37 195
37 201
37 207
37 215
37 218
37 222
37 225
37 226
37 232
37 233
37 242
37 245
37 246
38 52
38 61
38 74
38 80
38 81
38 84
38 85
38 86
38 91
38 98
38 101
38 107
38 109
38 113
38 116
38 121
38 134
38 137
38 139
38 142
38 152
38 155
38 169
38 185
38 192
38 193
38 199
38 205
38 215
38 219
38 225
38 226
38 236
39 48
39 54
39 55
39 61
39 65
39 69
39 72
39 77
39 82
39 92
39 107
39 111
39 121
39 125
39 128
39 142
39 143
39 144
39 149
39 157
39 160
39 161
39 174
39 175
39 179
39 183
39 187
39 188
39 189
39 191
39 205
39 207
39 208
39 210
39 215
39 226
39 227
39 229
39 231
39 236
39 246
40 41
40 42
40 43
40 50
40 51
40 54
40 55
40 56
40 67
40 75
40 81
40 89
40 91
40 93
40 97
40 105
40 107
40 110
40 115
40 124
40 155
40 158
40 163
40 164
40 168
40 176
40 177
40 178
40 180
40 188
40 219
40 226
40 228
40 233
40 236
40 242
40 245
41 44
41 46
41 60
41 65
41 66
41 78
41 79
41 81
41 87
41 99
41 100
41 107
41 108
41 109
41 116
41 117
41 119
41 133
41 144
41 150
41 155
41 157
41 161
41 167
41 180
41 192
41 196
41 200
41 207
41 217
41 220
41 223
41 235
41 239
41 241
41 243
41 246
42 45
42 48
42 49
42 61
42 64
42 69
42 70
42 74
42 77
42 83
42 89
42 94
42 99
42 113
42 116
42 121
42 127
42 131
42 132
42 139
42 140
42 142
42 153
42 161
42 172
42 175
42 176
42 183
42 184
42 186
42 188
42 202
42 211
42 214
42 220
42 221
42 222
42 223
42 229
42 234
42 236
42 240
42 244
42 245
42 247
42 249
43 47
43 49
43 54
43 59
43 61
43 69
43 76
43 77
43 85
43 92
43 94
43 95
43 98
43 101
43 104
43 125
43 134
43 146
43 149
43 150
43 167
43 168
43 174
43 177
43 178
43 182
43 188
43 192
43 194
43 207
43 209
43 213
43 216
43 219
43 220
43 225
43 233
43 242
43 244
43 248
44 56
44 57
44 60
44 66
44 80
44 81
44 87
44 102
44 111
44 114
44 117
44 125
44 126
44 132
44 138
44 140
44 143
44 150
44 152
44 160
44 167
44 170
44 176
44 179
44 185
44 192
44 195
44 199
44 209
44 210
44 214
44 230
44 233
44 235
44 241
44 242
44 247
45 47
45 48
45 50
45 54
45 57
45 60
45 64
45 66
45 69
45 73
45 74
45 85
45 92
45 99
45 104
45 107
45 108
45 109
45 111
45 112
45 115
45 117
45 122
45 142
45 147
45 152
45 158
45 159
45 162
45 167
45 169
45 173
45 177
45 178
45 180
45 183
45 186
45 189
45 191
45 212
45 217
45 227
45 228
45 243
45 247
46 52
46 53
46 54
46 59
46 62
46 64
46 66
46 70
46 86
46 88
46 92
46 96
46 107
46 117
46 121
46 127
46 130
46 132
46 134
46 136
46 149
46 161
46 167
46 170
46 171
46 172
46 175
46 178
46 185
46 190
46 197
46 205
46 208
46 213
46 218
46 229
46 235
47 49
47 54
47 55
47 61
47 63
47 64
47 71
47 88
47 92
47 97
47 98
47 108
47 109
47 111
47 116
47 119
47 121
47 125
47 126
47 130
47 137
47 157
47 161
47 165
47 166
47 169
47 183
47 192
47 211
47 213
47 219
47 221
47 227
47 229
47 238
47 245
47 246
48 52
48 56
48 57
48 58
48 65
48 79
48 82
48 91
48 95
48 100
48 101
48 105
48 107
48 113
48 120
48 124
48 143
48 160
48 162
48 180
48 183
48 189
48 199
48 203
48 205
48 207
48 215
48 217
48 228
48 232
48 243
48 245
49 56
49 58
49 80
49 84
49 86
49 92
49 93
49 99
49 101
49 114
49 133
49 139
49 143
49 144
49 145
49 146
49 156
49 157
49 168
49 169
49 172
49 182
49 190
49 193
49 198
49 200
49 204
49 207
49 216
49 221
49 222
49 243
49 244
50 51
50 52
50 61
50 64
50 66
50 67
50 69
50 70
50 78
50 84
50 90
50 93
50 114
50 115
50 116
50 118
50 121
50 128
50 129
50 130
50 133
50 136
50 139
50 143
50 152
50 155
50 159
50 165
50 170
50 185
50 186
50 198
50 200
50 206
50 209
50 212
50 217
50 220
50 222
50 223
50 237
50 241
50 242
51 52
51 61
51 65
51 72
51 84
51 99
51 100
51 105
51 110
51 111
51 123
51 134
51 139
51 140
51 143
51 145
51 149
51 150
51 152
51 155
51 160
51 164
51 171
51 173
51 174
51 183
51 206
51 212
51 217
51 219
51 220
51 232
51 239
52 54
52 64
52 70
52 82
52 85
52 91
52 93
52 97
52 102
52 105
52 107
52 116
52 127
52 137
52 141
52 144
52 149
52 162
52 163
52 172
52 201
52 210
52 211
52 216
52 220
52 226
52 227
52 228
52 230
52 232
52 241
52 244
53 55
53 62
53 63
53 70
53 73
53 85
53 90
53 102
53 105
53 107
53 108
53 113
53 122
53 132
53 134
53 160
53 163
53 167
53 171
53 172
53 179
53 190
53 201
53 204
53 206
53 208
53 209
53 211
53 215
53 217
53 218
53 220
53 221
53 222
53 228
53 230
54 56
54 70
54 73
54 78
54 86
54 90
54 94
54 104
54 105
54 117
54 127
54 133
54 135
54 138
54 145
54 151
54 155
54 165
54 171
54 172
54 175
54 177
54 178
54 184
54 186
54 192
54 196
54 198
54 203
54 204
54 207
54 208
54 210
54 217
54 220
54 223
54 230
54 233
54 234
54 236
54 242
55 66
55 71
55 76
55 77
55 83
55 85
55 94
55 97
55 108
55 115
55 116
55 123
55 124
55 131
55 136
55 139
55 140
55 142
55 154
55 155
55 159
55 172
55 177
55 178
55 182
55 188
55 208
55 212
55 214
55 218
55 219
55 222
55 224
55 229
55 239
55 242
55 245
55 248
55 249
56 60
56 62
56 70
56 71
56 78
56 85
56 90
56 92
56 102
56 108
56 110
56 113
56 125
56 127
56 150
56 154
56 158
56 161
56 168
56 186
56 191
56 193
56 198
56 203
56 204
56 215
56 224
56 225
56 226
56 228
56 235
56 246
56 249
57 58
57 60
57 66
57 68
57 74
57 75
57 76
57 93
57 98
57 103
57 115
57 123
57 126
57 129
57 131
57 137
57 138
57 139
57 140
57 156
57 161
57 162
57 163
57 168
57 173
57 174
57 175
57 182
57 196
57 197
57 200
57 206
57 207
57 214
57 215
57 219
57 222
57 228
57 244
57 247
58 60
58 67
58 68
58 71
58 73
58 76
58 82
58 84
58 89
58 94
58 95
58 99
58 101
58 106
58 107
58 116
58 121
58 128
58 144
58 156
58 158
58 159
58 162
58 164
58 173
58 176
58 181
58 182
58 186
58 188
58 193
58 199
58 216
58 219
58 221
58 245
59 60
59 68
59 89
59 93
59 105
59 119
59 124
59 139
59 149
59 152
59 155
59 158
59 162
59 166
59 169
59 189
59 197
59 198
59 212
59 221
59 226
59 247
59 248
59 249
60 61
60 65
60 66
60 75
60 90
60 95
60 96
60 97
60 101
60 103
60 107
60 114
60 115
60 118
60 120
60 124
60 126
60 132
60 134
60 136
60 137
60 140
60 142
60 144
60 147
60 156
60 157
60 158
60 161
60 162
60 165
60 170
60 171
60 174
60 181
60 186
60 206
60 208
60 216
60 221
60 231
60 240
61 62
61 66
61 67
61 72
61 74
61 76
61 78
61 82
61 91
61 100
61 103
61 104
61 106
61 112
61 117
61 121
61 123
61 124
61 135
61 142
61 147
61 149
61 152
61 153
61 157
61 159
61 160
61 161
61 166
61 167
61 169
61 170
61 173
61 180
61 184
61 188
61 191
61 196
61 201
61 206
61 207
61 215
61 219
61 229
61 236
61 237
61 239
61 240
62 85
62 88
62 94
62 98
62 99
62 101
62 102
62 105
62 112
62 120
62 122
62 123
62 125
62 138
62 140
62 147
62 152
62 153
62 161
62 162
62 166
62 175
62 176
62 179
62 180
62 183
62 189
62 191
62 193
62 197
62 203
62 204
62 205
62 212
62 215
62 222
62 225
62 237
62 241
62 243
62 244
62 246
63 76
63 77
63 84
63 92
63 93
63 99
63 101
63 104
63 105
63 112
63 119
63 122
63 125
63 127
63 129
63 131
63 146
63 154
63 165
63 168
63 181
63 183
63 190
63 194
63 197
63 198
63 215
63 218
63 233
63 237
63 238
63 241
63 242
63 243
63 249
64 67
64 81
64 82
64 84
64 93
64 99
64 102
64 112
64 115
64 116
64 127
64 129
64 134
64 137
64 143
64 145
64 157
64 160
64 183
64 184
64 189
64 190
64 193
64 195
64 196
64 198
64 199
64 200
64 204
64 206
64 211
64 216
64 230
64 235
64 236
64 244
65 69
65 70
65 73
65 75
65 78
65 91
65 93
65 98
65 105
65 113
65 116
65 118
65 126
65 129
65 139
65 147
65 152
65 168
65 174
65 182
65 186
65 190
65 191
65 192
65 197
65 198
65 199
65 209
65 213
65 217
65 224
65 227
65 231
65 233
65 247
65 249
66 69
66 78
66 80
66 82
66 86
66 88
66 90
66 93
66 121
66 130
66 135
66 141
66 144
66 161
66 162
66 166
66 168
66 169
66 170
66 176
66 187
66 193
66 195
66 198
66 199
66 205
66 208
66 211
66 215
66 218
66 228
66 234
66 238
66 249
67 68
67 69
67 71
67 83
67 87
67 88
67 91
67 92
67 93
67 103
67 104
67 106
67 123
67 124
67 131
67 138
67 140
67 149
67 155
67 158
67 160
67 174
67 177
67 187
67 189
67 190
67 202
67 204
67 219
67 220
67 223
67 227
67 228
67 233
68 77
68 89
68 93
68 105
68 109
68 115
68 121
68 123
68 127
68 129
68 130
68 133
68 136
68 140
68 141
68 142
68 145
68 154
68 158
68 160
68 166
68 176
68 179
68 180
68 186
68 190
68 196
68 198
68 206
68 210
68 211
68 218
68 220
68 228
68 229
68 230
68 234
68 238
68 242
68 245
69 77
69 78
69 81
69 86
69 92
69 108
69 111
69 114
69 125
69 131
69 133
69 144
69 149
69 151
69 157
69 168
69 171
69 182
69 196
69 200
69 207
69 225
69 227
69 232
70 72
70 75
70 78
70 80
70 87
70 93
70 101
70 103
70 105
70 114
70 117
70 122
70 124
70 130
70 141
70 142
70 144
70 149
70 156
70 159
70 160
70 165
70 167
70 173
70 174
70 177
70 179
70 181
70 184
70 189
70 190
70 192
70 203
70 204
70 212
70 223
70 229
70 230
70 238
70 239
71 81
71 86
71 92
71 96
71 101
71 103
71 105
71 107
71 108
71 112
71 113
71 114
71 116
71 122
71 123
71 127
71 128
71 130
71 135
71 136
71 140
71 141
71 147
71 150
71 153
71 156
71 158
71 159
71 164
71 170
71 171
71 175
71 176
71 177
71 188
71 192
71 201
71 205
71 208
71 209
71 210
71 212
71 219
71 223
71 226
71 230
71 237
71 240
71 245
71 247
71 249
72 76
72 80
72 84
72 91
72 103
72 104
72 109
72 124
72 126
72 127
72 136
72 147
72 162
72 165
72 169
72 172
72 174
72 175
72 182
72 184
72 189
72 190
72 198
72 203
72 206
72 209
72 213
72 214
72 217
72 218
72 229
72 230
72 242
72 245
73 82
73 84
73 86
73 87
73 89
73 93
73 94
73 95
73 107
73 114
73 115
73 127
73 129
73 132
73 134
73 138
73 139
73 143
73 145
73 158
73 165
73 175
73 184
73 186
73 193
73 195
73 204
73 205
73 213
73 215
73 220
73 225
73 232
73 233
73 237
74 75
74 82
74 84
74 85
74 87
74 99
74 111
74 112
74 121
74 132
74 138
74 146
74 150
74 153
74 158
74 172
74 174
74 175
74 177
74 186
74 195
74 209
74 226
74 229
74 230
74 233
74 235
74 237
74 239
74 242
74 243
74 249
75 77
75 78
75 87
75 92
75 94
75 107
75 108
75 110
75 114
75 116
75 123
75 129
75 135
75 142
75 148
75 151
75 153
75 158
75 159
75 161
75 162
75 177
75 184
75 187
75 194
75 196
75 197
75 198
75 215
75 222
75 228
75 234
75 235
75 237
75 240
75 247
75 249
76 80
76 94
76 98
76 107
76 110
76 115
76 116
76 127
76 129
76 130
76 136
76 138
76 139
76 144
76 151
76 158
76 161
76 169
76 183
76 185
76 189
76 190
76 197
76 199
76 213
76 218
76 221
76 229
76 232
76 234
76 243
76 247
77 79
77 83
77 85
77 91
77 92
77 105
77 108
77 109
77 111
77 114
77 115
77 119
77 124
77 125
77 135
77 137
77 141
77 142
77 148
77 152
77 156
77 162
77 164
77 167
77 176
77 182
77 184
77 188
77 189
77 194
77 203
77 208
77 213
77 214
77 217
77 218
77 222
77 225
77 226
77 230
77 232
77 233
77 235
77 238
77 241
77 247
78 81
78 105
78 108
78 112
78 114
78 127
78 129
78 149
78 163
78 180
78 186
78 188
78 192
78 193
78 198
78 199
78 205
78 206
78 207
78 210
78 214
78 217
78 219
78 220
78 226
78 228
78 245
79 102
79 109
79 117
79 119
79 124
79 127
79 128
79 134
79 138
79 143
79 145
79 149
79 152
79 156
79 158
79 162
79 181
79 187
79 190
79 191
79 193
79 196
79 203
79 206
79 211
79 216
79 227
79 231
79 236
79 238
79 243
79 246
80 86
80 89
80 94
80 105
80 112
80 115
80 116
80 123
80 141
80 160
80 169
80 177
80 183
80 185
80 191
80 192
80 206
80 209
80 212
80 215
80 218
80 240
80 243
80 246
80 249
81 94
81 100
81 101
81 110
81 111
81 112
81 113
81 114
81 119
81 124
81 132
81 135
81 137
81 142
81 147
81 158
81 163
81 172
81 174
81 175
81 184
81 191
81 206
81 211
81 217
81 219
81 220
81 225
81 226
81 230
81 232
81 234
81 236
81 238
81 243
81 244
81 246
82 93
82 96
82 97
82 101
82 102
82 104
82 106
82 120
82 126
82 127
82 133
82 138
82 153
82 155
82 159
82 166
82 169
82 175
82 176
82 180
82 182
82 183
82 190
82 204
82 208
82 214
82 217
82 219
82 222
82 223
82 229
82 241
82 247
83 85
83 88
83 90
83 91
83 102
83 107
83 111
83 121
83 126
83 140
83 146
83 153
83 155
83 171
83 190
83 202
83 210
83 212
83 213
83 214
83 216
83 218
83 219
83 224
83 235
83 241
83 249
84 94
84 95
84 105
84 109
84 123
84 124
84 131
84 134
84 135
84 147
84 155
84 167
84 168
84 170
84 171
84 176
84 177
84 179
84 183
84 189
84 196
84 198
84 201
84 213
84 217
84 218
84 220
84 230
84 231
84 238
84 243
84 247
85 87
85 89
85 93
85 96
85 99
85 101
85 103
85 104
85 110
85 120
85 123
85 126
85 127
85 128
85 139
85 160
85 169
85 170
85 179
85 180
85 181
85 186
85 187
85 188
85 205
85 217
85 222
85 226
85 232
85 234
86 88
86 93
86 99
86 101
86 102
86 103
86 108
86 109
86 124
86 125
86 129
86 137
86 139
86 150
86 155
86 157
86 172
86 178
86 179
86 190
86 191
86 192
86 207
86 209
86 211
86 214
86 221
86 222
86 225
86 229
86 247
87 95
87 101
87 102
87 105
87 112
87 116
87 120
87 124
87 126
87 129
87 132
87 138
87 142
87 143
87 147
87 153
87 154
87 157
87 162
87 163
87 165
87 169
87 173
87 186
87 190
87 191
87 193
87 203
87 204
87 213
87 218
87 225
87 228
87 232
87 233
87 235
87 236
87 240
87 245
87 249
88 92
88 96
88 97
88 102
88 105
88 107
88 116
88 118
88 122
88 127
88 131
88 134
88 142
88 145
88 150
88 153
88 162
88 163
88 173
88 176
88 179
88 190
88 191
88 197
88 207
88 215
88 224
88 230
88 233
88 236
88 239
88 240
89 101
89 113
89 129
89 133
89 141
89 147
89 149
89 153
89 163
89 177
89 189
89 197
89 200
89 208
89 209
89 215
89 219
89 231
89 238
90 91
90 92
90 96
90 105
90 110
90 112
90 125
90 137
90 144
90 150
90 155
90 168
90 175
90 176
90 178
90 184
90 185
90 202
90 205
90 207
90 209
90 212
90 213
90 216
90 222
90 231
90 236
90 241
90 245
90 248
91 94
91 99
91 105
91 110
91 116
91 120
91 125
91 128
91 140
91 154
91 164
91 165
91 166
91 168
91 173
91 175
91 178
91 180
91 183
91 188
91 190
91 202
91 203
91 208
91 218
91 219
91 233
92 104
92 105
92 108
92 111
92 120
92 121
92 125
92 126
92 150
92 154
92 158
92 163
92 164
92 165
92 167
92 169
92 174
92 178
92 201
92 204
92 208
92 210
92 213
92 216
92 222
92 226
92 231
92 232
92 242
92 243
92 246
93 95
93 96
93 104
93 108
93 116
93 123
93 129
93 136
93 149
93 150
93 153
93 156
93 157
93 164
93 183
93 185
93 186
93 191
93 203
93 204
93 215
93 217
93 223
93 225
93 229
93 230
93 240
93 243
93 249
94 95
94 109
94 113
94 116
94 121
94 122
94 123
94 124
94 125
94 126
94 128
94 129
94 137
94 139
94 144
94 145
94 148
94 152
94 154
94 155
94 157
94 161
94 168
94 175
94 181
94 182
94 200
94 205
94 209
94 236
94 240
95 97
95 103
95 107
95 114
95 136
95 144
95 146
95 151
95 156
95 162
95 165
95 167
95 168
95 172
95 175
95 176
95 180
95 181
95 185
95 188
95 189
95 209
95 211
95 219
95 222
95 225
95 229
95 231
95 234
95 236
95 237
95 241
95 242
95 247
95 248
96 111
96 127
96 134
96 141
96 147
96 153
96 155
96 169
96 171
96 173
96 178
96 180
96 182
96 183
96 186
96 187
96 193
96 195
96 196
96 199
96 215
96 227
96 241
96 245
96 247
96 249
97 100
97 101
97 104
97 108
97 109
97 111
97 118
97 120
97 127
97 129
97 136
97 149
97 152
97 153
97 159
97 160
97 173
97 176
97 181
97 193
97 196
97 198
97 201
97 206
97 208
97 210
97 215
97 218
97 222
97 234
97 242
97 243
98 103
98 106
98 107
98 121
98 129
98 132
98 135
98 141
98 145
98 156
98 161
98 175
98 178
98 182
98 183
98 191
98 199
98 204
98 207
98 213
98 214
98 217
98 219
98 225
98 232
98 237
98 240
98 243
98 247
99 124
99 128
99 142
99 157
99 160
99 162
99 176
99 184
99 188
99 193
99 197
99 199
99 200
99 204
99 209
99 210
99 215
99 241
99 249
100 102
100 105
100 106
100 115
100 126
100 138
100 140
100 171
100 173
100 176
100 178
100 179
100 182
100 183
100 185
100 191
100 193
100 195
100 196
100 197
100 203
100 212
100 213
100 215
100 217
100 218
100 221
100 226
100 229
100 231
100 233
100 245
101 104
101 111
101 116
101 119
101 128
101 141
101 145
101 151
101 153
101 164
101 168
101 179
101 185
101 186
101 187
101 189
101 193
101 204
101 209
101 213
101 214
101 217
101 226
101 227
101 228
101 235
101 240
101 244
101 246
102 113
102 117
102 129
102 133
102 158
102 160
102 170
102 177
102 178
102 180
102 184
102 185
102 186
102 193
102 201
102 203
102 211
102 212
102 213
102 223
102 226
102 227
102 235
102 237
103 105
103 111
103 112
103 121
103 123
103 125
103 127
103 148
103 149
103 150
103 151
103 153
103 160
103 163
103 175
103 188
103 192
103 212
103 218
103 221
103 224
103 225
103 231
103 237
103 241
103 246
104 115
104 118
104 120
104 123
104 140
104 145
104 147
104 151
104 154
104 161
104 164
104 171
104 186
104 187
104 188
104 190
104 198
104 212
104 217
104 218
104 220
104 222
104 224
104 232
104 235
104 247
104 249
105 111
105 112
105 120
105 121
105 123
105 142
105 146
105 150
105 155
105 158
105 164
105 168
105 169
105 178
105 179
105 180
105 185
105 195
105 199
105 201
105 205
105 211
105 214
105 230
105 246
105 247
105 248
106 108
106 111
106 113
106 117
106 118
106 121
106 136
106 138
106 146
106 151
106 167
106 173
106 187
106 194
106 196
106 203
106 204
106 208
106 214
106 218
106 221
106 223
106 225
106 226
106 228
106 229
106 233
106 240
106 246
107 108
107 111
107 118
107 119
107 127
107 129
107 130
107 134
107 142
107 151
107 152
107 158
107 168
107 176
107 186
107 187
107 193
107 197
107 200
107 202
107 222
107 223
107 226
107 227
107 231
107 242
107 245
107 246
108 121
108 129
108 133
108 134
108 135
108 143
108 145
108 154
108 157
108 159
108 161
108 165
108 166
108 168
108 171
108 182
108 183
108 193
108 200
108 204
108 215
108 239
108 240
108 242
108 244
108 248
109 122
109 128
109 136
109 138
109 144
109 155
109 175
109 193
109 194
109 207
109 213
109 217
109 222
109 229
109 235
109 239
109 241
109 242
109 243
109 249
110 114
110 117
110 118
110 123
110 124
110 138
110 142
110 143
110 148
110 150
110 154
110 158
110 159
110 163
110 169
110 173
110 182
110 184
110 188
110 190
110 196
110 200
110 201
110 207
110 208
110 217
110 227
110 229
110 238
110 247
111 112
111 115
111 116
111 130
111 140
111 160
111 164
111 166
111 177
111 178
111 181
111 198
111 203
111 204
111 216
111 220
111 233
111 244
111 246
111 247
112 125
112 128
112 130
112 143
112 148
112 149
112 152
112 153
112 155
112 160
112 162
112 164
112 165
112 167
112 176
112 177
112 182
112 187
112 193
112 195
112 196
112 199
112 214
112 217
112 223
112 233
112 240
113 124
113 127
113 136
113 139
113 143
113 144
113 145
113 146
113 148
113 152
113 154
113 158
113 175
113 176
113 177
113 178
113 197
113 200
113 209
113 210
113 211
113 212
113 217
113 227
113 233
113 235
113 242
113 245
113 248
114 118
114 119
114 122
114 125
114 130
114 136
114 138
114 141
114 145
114 151
114 153
114 154
114 157
114 161
114 181
114 186
114 192
114 196
114 202
114 204
114 205
114 206
114 215
114 219
114 233
114 243
114 248
115 116
115 122
115 139
115 140
115 141
115 149
115 153
115 154
115 161
115 164
115 165
115 167
115 168
115 170
115 181
115 182
115 183
115 195
115 198
115 200
115 202
115 205
115 206
115 208
115 212
115 218
115 225
115 227
115 228
115 242
115 244
116 124
116 127
116 129
116 132
116 134
116 138
116 141
116 147
116 150
116 151
116 154
116 158
116 162
116 170
116 173
116 184
116 187
116 188
116 192
116 198
116 212
116 214
116 218
116 224
116 231
116 233
116 234
116 236
116 239
117 125
117 128
117 132
117 135
117 136
117 145
117 146
117 152
117 158
117 161
117 184
117 185
117 192
117 204
117 209
117 210
117 211
117 212
117 213
117 218
117 226
117 227
117 236
118 128
118 132
118 134
118 136
118 144
118 145
118 152
118 169
118 171
118 175
118 179
118 186
118 190
118 191
118 192
118 200
118 205
118 210
118 217
118 221
118 230
118 245
118 249
119 130
119 131
119 133
119 135
119 140
119 142
119 148
119 155
119 157
119 161
119 170
119 182
119 184
119 188
119 192
119 211
119 212
119 216
119 217
119 220
119 222
119 226
119 231
119 234
119 245
119 248
120 123
120 127
120 138
120 142
120 144
120 145
120 151
120 157
120 159
120 160
120 162
120 163
120 166
120 168
120 169
120 177
120 179
120 187
120 198
120 205
120 208
120 212
120 227
120 235
120 245
121 124
121 128
121 136
121 156
121 157
121 158
121 170
121 183
121 187
121 200
121 210
121 213
121 219
121 224
121 237
122 124
122 131
122 138
122 140
122 145
122 149
122 155
122 159
122 160
122 164
122 169
122 171
122 179
122 180
122 181
122 186
122 187
122 194
122 199
122 201
122 208
122 209
122 223
122 227
122 232
122 238
122 244
122 246
123 126
123 134
123 138
123 145
123 147
123 157
123 159
123 164
123 165
123 170
123 172
123 177
123 185
123 187
123 191
123 193
123 197
123 198
123 204
123 206
123 228
123 238
123 240
123 241
123 242
124 126
124 141
124 142
124 143
124 144
124 159
124 162
124 163
124 164
124 166
124 174
124 175
124 178
124 189
124 195
124 201
124 204
124 205
124 207
124 213
124 229
124 232
124 234
124 237
124 238
124 247
124 249
125 126
125 127
125 128
125 137
125 143
125 144
125 148
125 149
125 151
125 162
125 166
125 180
125 189
125 193
125 197
125 199
125 206
125 217
125 222
125 224
125 230
125 234
125 244
125 245
125 246
125 249
126 128
126 134
126 137
126 140
126 142
126 146
126 147
126 150
126 168
126 172
126 175
126 178
126 185
126 189
126 193
126 195
126 198
126 203
126 208
126 209
126 211
126 212
126 213
126 214
126 215
126 224
126 225
126 227
127 128
127 137
127 139
127 141
127 143
127 146
127 155
127 160
127 196
127 199
127 202
127 203
127 209
127 213
127 215
127 222
127 225
127 226
127 236
127 237
127 245
128 130
128 132
128 133
128 134
128 139
128 140
128 149
128 158
128 161
128 177
128 183
128 202
128 207
128 219
128 223
128 224
128 226
128 232
128 240
129 132
129 143
129 149
129 152
129 155
129 158
129 161
129 165
129 166
129 167
129 175
129 181
129 183
129 190
129 192
129 194
129 197
129 199
129 201
129 205
129 213
129 215
129 218
129 223
129 224
129 225
129 226
129 228
129 244
129 247
130 151
130 156
130 158
130 173
130 182
130 183
130 188
130 198
130 199
130 200
130 208
130 211
130 216
130 217
130 225
130 228
130 229
130 244
130 245
131 140
131 147
131 148
131 149
131 150
131 154
131 157
131 169
131 171
131 190
131 195
131 197
131 200
131 202
131 206
131 209
131 210
131 217
131 224
131 237
131 242
131 245
131 246
131 249
132 141
132 144
132 145
132 150
132 152
132 153
132 156
132 161
132 172
132 177
132 193
132 197
132 202
132 205
132 213
132 215
132 224
132 237
132 238
132 239
132 249
133 137
133 142
133 145
133 148
133 150
133 163
133 165
133 174
133 178
133 179
133 183
133 187
133 192
133 195
133 200
133 205
133 207
133 209
133 210
133 211
133 223
133 226
133 232
133 239
133 241
134 135
134 139
134 141
134 155
134 165
134 169
134 173
134 178
134 181
134 183
134 186
134 188
134 190
134 192
134 194
134 202
134 211
134 216
134 218
134 241
134 244
134 245
135 137
135 144
135 157
135 161
135 162
135 169
135 173
135 174
135 176
135 178
135 180
135 182
135 186
135 204
135 207
135 208
135 220
135 238
136 143
136 147
136 152
136 155
136 156
136 157
136 159
136 181
136 184
136 192
136 195
136 196
136 197
136 201
136 203
136 205
136 207
136 221
136 223
136 224
136 225
136 227
136 230
136 232
136 245
136 247
136 248
137 138
137 144
137 154
137 155
137 157
137 163
137 164
137 165
137 170
137 177
137 179
137 180
137 182
137 194
137 198
137 201
137 203
137 208
137 209
137 210
137 212
137 214
137 217
137 221
137 225
137 244
137 246
138 140
138 157
138 159
138 162
138 165
138 171
138 172
138 184
138 185
138 189
138 201
138 202
138 205
138 212
138 214
138 219
138 221
138 228
138 229
138 232
139 143
139 146
139 152
139 159
139 170
139 175
139 178
139 185
139 188
139 189
139 191
139 194
139 197
139 210
139 219
139 220
139 230
139 232
139 241
139 242
139 244
139 246
140 144
140 145
140 158
140 164
140 177
140 178
140 180
140 186
140 212
140 214
140 216
140 218
140 230
140 231
140 234
140 237
140 239
140 240
140 244
141 150
141 152
141 157
141 165
141 166
141 171
141 175
141 177
141 188
141 190
141 200
141 204
141 211
141 215
141 234
142 151
142 157
142 161
142 168
142 175
142 176
142 178
142 180
142 181
142 198
142 199
142 210
142 213
142 221
142 232
142 237
142 238
142 241
142 242
142 249
143 145
143 146
143 151
143 155
143 169
143 172
143 173
143 179
143 182
143 183
143 185
143 190
143 200
143 204
143 206
143 207
143 214
143 215
143 219
143 220
143 226
143 230
143 234
143 240
143 241
144 156
144 168
144 170
144 172
144 173
144 176
144 177
144 181
144 183
144 189
144 190
144 192
144 198
144 204
144 207
144 226
144 234
144 242
144 246
145 151
145 156
145 161
145 164
145 169
145 173
145 181
145 183
145 203
145 205
145 209
145 210
145 213
145 220
145 223
145 225
145 229
145 238
145 243
146 161
146 168
146 174
146 176
146 186
146 192
146 194
146 201
146 209
146 214
146 234
146 237
146 238
146 241
147 150
147 158
147 160
147 165
147 169
147 170
147 172
147 184
147 185
147 186
147 196
147 199
147 201
147 203
147 212
147 216
147 217
147 222
147 223
147 228
147 247
147 249
148 154
148 156
148 157
148 158
148 159
148 161
148 164
148 172
148 175
148 177
148 186
148 194
148 195
148 196
148 199
148 202
148 206
148 207
148 212
148 222
148 232
148 235
148 245
148 247
149 151
149 161
149 163
149 166
149 168
149 170
149 176
149 177
149 178
149 179
149 180
149 183
149 187
149 202
149 210
149 214
149 216
149 217
149 226
149 229
149 236
149 248
150 151
150 154
150 166
150 167
150 172
150 180
150 188
150 198
150 203
150 204
150 206
150 209
150 210
150 212
150 213
150 215
150 230
150 235
150 236
150 242
150 243
150 245
150 249
151 152
151 157
151 167
151 174
151 182
151 185
151 190
151 191
151 196
151 204
151 222
151 226
151 229
151 238
151 246
151 248
151 249
152 153
152 154
152 157
152 158
152 159
152 162
152 164
152 166
152 167
152 169
152 174
152 183
152 185
152 196
152 197
152 201
152 205
152 221
152 235
152 240
152 241
152 245
152 246
152 249
153 155
153 160
153 168
153 173
153 177
153 178
153 183
153 188
153 193
153 198
153 209
153 212
153 215
153 218
153 224
153 238
153 241
153 249
154 156
154 160
154 166
154 168
154 170
154 178
154 181
154 189
154 191
154 195
154 201
154 209
154 210
154 217
154 221
154 224
154 228
154 229
154 239
154 240
154 247
155 158
155 165
155 167
155 181
155 182
155 187
155 188
155 192
155 198
155 204
155 208
155 210
155 215
155 220
155 227
155 228
155 230
155 234
155 245
155 246
156 169
156 176
156 177
156 188
156 196
156 205
156 225
156 232
156 234
156 235
156 238
156 247
157 164
157 165
157 166
157 167
157 170
157 174
157 175
157 179
157 185
157 188
157 192
157 197
157 198
157 199
157 211
157 216
157 223
157 234
157 235
157 243
158 164
158 171
158 178
158 182
158 186
158 190
158 200
158 214
158 216
158 232
158 235
158 239
158 240
158 243
158 247
159 164
159 170
159 171
159 174
159 175
159 178
159 184
159 185
159 192
159 194
159 197
159 198
159 207
159 217
159 223
159 230
159 231
159 232
159 238
159 239
159 241
159 248
160 176
160 190
160 191
160 192
160 201
160 202
160 204
160 213
160 219
160 220
160 221
160 227
160 228
160 231
160 232
160 240
160 243
160 244
160 245
160 247
161 166
161 169
161 173
161 178
161 189
161 191
161 195
161 197
161 198
161 199
161 203
161 211
161 215
161 217
161 218
161 224
161 228
161 229
161 246
162 168
162 171
162 173
162 182
162 185
162 204
162 208
162 210
162 212
162 215
162 226
162 233
162 241
162 244
162 247
162 248
162 249
163 166
163 167
163 184
163 186
163 187
163 190
163 195
163 196
163 199
163 209
163 212
163 216
163 217
163 219
163 224
163 237
163 243
163 244
163 245
164 168
164 171
164 172
164 179
164 184
164 187
164 190
164 204
164 209
164 215
164 216
164 217
164 229
164 231
164 235
164 237
165 176
165 178
165 181
165 185
165 187
165 189
165 197
165 199
165 211
165 213
165 220
165 224
165 226
165 240
166 167
166 175
166 178
166 187
166 189
166 192
166 194
166 198
166 207
166 211
166 212
166 216
166 218
166 221
166 236
166 237
166 239
166 246
167 171
167 175
167 178
167 179
167 180
167 181
167 182
167 192
167 211
167 226
167 231
167 233
168 171
168 174
168 175
168 180
168 189
168 199
168 203
168 212
168 213
168 214
168 215
168 216
168 221
168 228
168 230
168 234
168 248
168 249
169 170
169 182
169 184
169 186
169 188
169 189
169 200
169 202
169 219
169 230
169 233
169 244
170 172
170 175
170 179
170 181
170 182
170 189
170 202
170 204
170 218
170 224
170 228
170 233
171 172
171 186
171 193
171 195
171 210
171 212
171 215
171 219
171 223
171 226
171 227
171 229
171 234
171 238
171 239
171 241
171 243
171 247
172 185
172 194
172 199
172 207
172 209
172 219
172 223
172 227
172 245
172 246
173 175
173 189
173 191
173 197
173 199
173 201
173 209
173 210
173 211
173 215
173 216
173 218
173 222
173 225
173 230
173 234
173 239
173 240
173 245
173 249
174 183
174 188
174 194
174 195
174 203
174 204
174 206
174 207
174 212
174 213
174 220
174 233
174 234
174 236
174 237
174 241
174 242
174 243
175 176
175 191
175 195
175 199
175 201
175 202
175 216
175 218
175 227
175 231
175 242
175 245
175 247
176 180
176 181
176 182
176 190
176 197
176 198
176 199
176 200
176 207
176 209
176 215
176 219
176 225
176 226
176 235
176 236
176 238
176 248
177 178
177 181
177 185
177 188
177 189
177 190
177 193
177 200
177 201
177 208
177 209
177 210
177 220
177 222
177 224
177 228
177 233
177 240
178 179
178 184
178 186
178 193
178 196
178 198
178 199
178 201
178 202
178 222
178 229
178 234
178 236
178 238
179 183
179 186
179 212
179 213
179 214
179 223
179 234
179 238
179 245
179 246
180 191
180 202
180 205
180 206
180 212
180 213
180 221
180 223
180 230
180 231
180 240
181 182
181 183
181 188
181 212
181 222
181 225
181 241
182 186
182 187
182 191
182 196
182 201
182 203
182 204
182 207
182 212
182 218
182 221
182 222
182 224
182 229
182 234
182 235
182 236
182 241
182 249
183 190
183 191
183 194
183 196
183 197
183 201
183 203
183 208
183 209
183 216
183 234
183 235
183 245
184 190
184 196
184 201
184 202
184 207
184 208
184 224
184 227
184 228
184 232
184 238
184 242
184 243
184 247
185 186
185 189
185 191
185 192
185 193
185 198
185 201
185 214
185 220
185 226
185 227
185 230
185 232
185 235
185 236
185 244
186 194
186 196
186 198
186 203
186 208
186 211
186 223
186 224
186 241
187 194
187 196
187 198
187 214
187 219
187 220
187 221
187 225
187 226
187 230
187 234
187 238
187 249
188 190
188 193
188 196
188 199
188 200
188 203
188 206
188 208
188 210
188 212
188 219
188 228
188 236
188 239
188 244
188 248
189 197
189 202
189 204
189 207
189 210
189 214
189 215
189 222
189 226
189 232
189 235
189 236
189 238
190 194
190 195
190 198
190 205
190 208
190 210
190 215
190 216
190 218
190 232
190 239
190 240
190 242
190 244
190 248
191 192
191 194
191 196
191 197
191 200
191 203
191 204
191 209
191 210
191 213
191 216
191 219
191 220
191 229
191 230
191 231
191 233
191 247
192 193
192 201
192 206
192 211
192 223
192 228
192 234
192 236
192 242
192 248
193 195
193 211
193 212
193 216
193 219
193 230
193 236
193 240
193 242
193 243
194 203
194 213
194 216
194 223
194 230
194 233
194 238
194 240
194 249
195 196
195 199
195 205
195 209
195 211
195 213
195 220
195 228
195 229
195 235
195 239
195 240
196 201
196 209
196 213
196 227
196 229
196 232
196 237
196 240
197 201
197 203
197 204
197 205
197 223
197 230
197 232
198 204
198 207
198 208
198 222
198 226
198 227
198 229
198 230
198 232
198 236
198 248
199 225
199 226
199 236
199 240
199 241
199 243
199 249
200 204
200 209
200 216
200 225
200 228
200 234
200 237
200 243
200 245
201 210
201 212
201 219
201 222
201 223
201 224
201 227
201 230
201 240
201 242
201 245
201 247
202 207
202 208
202 219
202 226
202 235
202 240
202 241
202 249
203 204
203 205
203 208
203 219
203 223
203 231
203 234
203 235
203 241
203 245
203 247
203 248
204 211
204 215
204 216
204 234
204 242
204 246
204 248
205 206
205 222
205 223
205 225
205 231
205 236
205 238
205 240
205 243
205 246
205 249
206 212
206 224
206 225
206 230
206 231
206 233
206 237
206 238
206 245
206 247
206 249
207 209
207 219
207 220
207 222
207 224
207 236
207 246
207 248
208 231
208 237
208 240
208 245
209 212
209 216
209 229
209 231
209 238
209 239
209 241
209 243
209 245
210 211
210 213
210 215
210 216
210 230
210 236
211 212
211 218
211 222
211 237
211 240
211 241
211 243
211 245
212 219
212 232
212 238
212 241
213 215
213 223
213 229
213 237
214 216
214 219
214 221
214 223
214 224
214 226
214 230
214 232
214 234
214 238
214 248
215 216
215 219
215 223
215 229
215 237
215 244
215 245
215 246
216 227
216 232
216 233
216 234
216 235
216 240
217 218
217 224
217 238
217 240
218 220
218 221
218 226
218 235
218 240
219 224
219 236
219 237
219 241
219 248
220 227
220 234
220 236
220 244
220 247
221 226
221 231
221 236
222 224
222 226
222 228
222 231
222 234
222 243
222 245
223 225
223 228
223 231
223 240
223 242
224 228
224 230
224 248
225 234
225 236
225 243
225 249
226 237
226 238
226 242
226 244
226 247
227 228
227 233
227 237
227 242
227 243
228 237
228 238
228 241
228 249
229 231
229 235
229 237
229 240
229 242
229 244
230 233
230 241
230 242
230 249
231 237
232 233
232 238
234 237
234 238
234 244
234 246
235 236
235 248
236 238
236 243
236 246
236 249
237 239
237 249
238 239
238 244
238 249
239 243
241 242
241 249
242 244
242 247
243 246
244 248
247 249

0 1 1 1 1 0 0 1 1 0 0 0 0 1 1 0 0 0 0 1 0 1 0 1 1 1 0 0 0 0 1 0 1 0 0 1 0 1 1 1 1 1 0 0 1 1 0 1 0 1 1 1 1 1 1 1 0 0 0 1 1 0 0 0 0 1 0 1 0 0 1 0 1 0 0 0 1 1 0 1 1 1 0 1 0 0 1 1 1 1 1 0 0 0 0 1 0 0 0 0 1 0 1 1 0 0 1 1 0 0 0 0 1 0 0 0 0 1 0 1 0 0 0 1 0 1 0 1 0 1 1 1 1 0 0 0 0 0 0 0 1 1 1 1 0 0 0 1 1 1 0 1 1 0 0 1 1 1 1 0 0 0 1 1 1 0 0 0 1 0 0 1 0 0 1 0 1 0 1 1 0 0 1 0 0 1 1 0 1 1 1 0 0 0 1 1 1 0 1 0 1 0 1 0 1 0 1 1 1 1 0 1 1 1 1 1 0 0 0 1 1 1 1 0 0 1 1 0 0 1 0 1 1 1 1 0 1 1 0 1 0 1 1 0 0 1 0 0 0 0