200 1967
0 1 2 3 4 5 6 7 8 9 10 11 12 13 14 15 16 17 18 19 20 21 22 23 24 25 26 27 28 29 30 31 32 33 34 35 36 37 38 39 40 41 42 43 44 45 46 47 48 49 50 51 52 53 54 55 56 57 58 59 60 61 62 63 64 65 66 67 68 69 70 71 72 73 74 75 76 77 78 79 80 81 82 83 84 85 86 87 88 89 90 91 92 93 94 95 96 97 98 99 100 101 102 103 104 105 106 107 108 109 110 111 112 113 114 115 116 117 118 119 120 121 122 123 124 125 126 127 128 129 130 131 132 133 134 135 136 137 138 139 140 141 142 143 144 145 146 147 148 149 150 151 152 153 154 155 156 157 158 159 160 161 162 163 164 165 166 167 168 169 170 171 172 173 174 175 176 177 178 179 180 181 182 183 184 185 186 187 188 189 190 191 192 193 194 195 196 197 198 199
0 29
0 34
0 38
0 39
0 55
0 60
0 61
0 67
0 77
0 79
0 82
0 99
0 102
0 113
0 115
0 118
0 136
0 144
0 160
0 164
0 170
0 175
0 181
0 189
1 6
1 13
1 26
1 39
1 41
1 47
1 49
1 52
1 54
1 60
1 104
1 107
1 129
1 131
1 137
1 138
1 148
1 162
1 165
1 199
2 5
2 15
2 32
2 36
2 37
2 41
2 44
2 50
2 82
2 114
2 130
2 145
2 154
2 162
2 183
2 185
3 7
3 13
3 14
3 22
3 47
3 53
3 66
3 70
3 71
3 74
3 76
3 82
3 99
3 106
3 126
3 141
3 157
3 158
3 169
3 179
3 192
4 18
4 60
4 70
4 78
4 84
4 95
4 108
4 115
4 116
4 129
4 134
4 135
4 136
4 143
4 152
4 175
4 178
4 181
5 11
5 24
5 32
5 38
5 47
5 50
5 62
5 63
5 67
5 68
5 86
5 104
5 125
5 126
5 141
5 148
5 199
6 9
6 11
6 25
6 27
6 34
6 46
6 48
6 77
6 83
6 85
6 86
6 88
6 97
6 120
6 121
6 131
6 133
6 159
6 180
7 19
7 29
7 50
7 59
7 75
7 95
7 98
7 111
7 124
7 132
7 138
7 160
7 168
7 176
7 184
7 197
8 33
8 39
8 43
8 44
8 54
8 74
8 76
8 78
8 82
8 92
8 104
8 121
8 123
8 127
8 140
8 142
8 144
8 146
8 149
8 163
8 169
9 14
9 25
9 40
9 53
9 54
9 56
9 62
9 88
9 95
9 103
9 108
9 111
9 113
9 128
9 149
9 160
9 181
9 186
10 22
10 27
10 33
10 39
10 52
10 56
10 74
10 79
10 88
10 95
10 107
10 144
10 160
10 161
10 162
10 163
10 191
11 13
11 15
11 21
11 25
11 53
11 57
11 93
11 101
11 102
11 125
11 141
11 146
11 161
11 172
11 173
11 189
11 192
11 194
11 199
12 22
12 37
12 39
12 69
12 76
12 78
12 93
12 103
12 115
12 127
12 140
12 154
12 168
12 171
12 181
12 182
13 20
13 35
13 38
13 55
13 78
13 107
13 108
13 112
13 143
13 148
13 162
13 176
13 184
14 16
14 24
14 35
14 36
14 39
14 73
14 78
14 97
14 139
14 151
14 154
14 157
14 159
14 171
14 184
15 25
15 35
15 43
15 47
15 56
15 57
15 58
15 60
15 70
15 72
15 73
15 79
15 93
15 102
15 112
15 113
15 132
15 150
15 185
15 189
15 192
15 194
16 18
16 24
16 30
16 32
16 34
16 37
16 53
16 62
16 66
16 74
16 90
16 94
16 102
16 113
16 117
16 155
16 174
16 199
17 21
17 22
17 33
17 37
17 39
17 54
17 56
17 69
17 93
17 94
17 95
17 96
17 104
17 106
17 118
17 128
17 131
17 133
17 136
17 143
17 149
17 153
17 155
17 161
17 162
17 176
17 181
17 189
18 32
18 41
18 43
18 88
18 102
18 147
18 155
18 160
18 181
19 21
19 22
19 36
19 40
19 44
19 48
19 54
19 66
19 70
19 78
19 85
19 97
19 98
19 100
19 107
19 109
19 117
19 121
19 128
19 129
19 132
19 137
19 138
19 143
19 155
19 176
19 181
19 185
19 187
19 190
19 191
20 23
20 50
20 54
20 72
20 87
20 101
20 104
20 121
20 131
20 146
20 149
20 152
20 167
20 175
20 177
20 179
20 183
20 198
21 22
21 34
21 42
21 54
21 59
21 65
21 69
21 79
21 83
21 101
21 137
21 154
21 180
21 185
21 186
21 188
21 191
21 193
21 194
21 198
22 23
22 32
22 81
22 82
22 86
22 90
22 92
22 98
22 100
22 125
22 132
22 141
22 150
22 159
22 165
22 169
22 170
22 177
22 178
22 189
23 40
23 52
23 65
23 79
23 82
23 103
23 110
23 112
23 114
23 130
23 134
23 143
23 151
23 157
23 158
23 170
23 171
24 25
24 32
24 39
24 41
24 47
24 48
24 49
24 64
24 80
24 83
24 86
24 88
24 97
24 105
24 129
24 131
24 144
24 178
24 185
24 194
24 197
25 26
25 29
25 46
25 55
25 56
25 69
25 72
25 77
25 112
25 121
25 128
25 130
25 135
25 139
25 143
25 161
25 162
25 168
25 171
25 182
25 189
26 30
26 31
26 34
26 38
26 40
26 46
26 60
26 78
26 89
26 92
26 97
26 100
26 108
26 118
26 126
26 127
26 133
26 166
26 167
26 178
26 183
26 186
26 193
26 196
27 34
27 36
27 39
27 48
27 79
27 83
27 87
27 88
27 89
27 124
27 133
27 135
27 166
27 175
27 188
27 190
27 193
27 198
28 31
28 41
28 54
28 55
28 72
28 82
28 93
28 101
28 103
28 106
28 117
28 160
28 162
28 184
29 50
29 60
29 70
29 74
29 80
29 89
29 93
29 95
29 98
29 103
29 113
29 118
29 122
29 126
29 128
29 140
29 158
29 164
29 167
29 177
29 189
29 194
29 197
30 59
30 66
30 95
30 114
30 117
30 118
30 129
30 143
30 180
30 189
30 192
31 34
31 39
31 63
31 64
31 66
31 67
31 86
31 87
31 91
31 116
31 118
31 139
31 199
32 34
32 44
32 53
32 61
32 62
32 77
32 81
32 96
32 105
32 107
32 126
32 134
32 139
32 140
32 141
32 147
32 148
32 166
32 168
32 177
32 183
33 40
33 48
33 68
33 89
33 155
33 162
33 178
33 180
33 184
33 199
34 38
34 40
34 43
34 45
34 60
34 63
34 65
34 83
34 100
34 101
34 103
34 134
34 137
34 157
34 161
34 164
34 184
34 190
34 197
35 69
35 70
35 78
35 85
35 100
35 101
35 107
35 108
35 111
35 115
35 133
35 139
35 144
35 164
35 171
36 37
36 40
36 43
36 62
36 67
36 77
36 97
36 103
36 108
36 120
36 124
36 140
36 151
36 160
36 161
36 182
36 196
37 43
37 78
37 83
37 92
37 100
37 105
37 113
37 115
37 121
37 123
37 133
37 136
37 142
37 146
37 173
37 181
37 191
37 196
38 45
38 50
38 58
38 68
38 69
38 76
38 80
38 87
38 89
38 91
38 109
38 125
38 145
38 147
38 159
38 162
38 170
38 176
38 180
38 184
38 197
39 55
39 88
39 93
39 96
39 102
39 112
39 117
39 134
39 135
39 144
39 159
39 177
39 180
39 198
40 53
40 68
40 88
40 89
40 91
40 92
40 152
40 160
40 168
40 170
40 184
40 185
41 50
41 54
41 57
41 82
41 92
41 96
41 106
41 137
41 139
41 188
42 56
42 62
42 76
42 102
42 125
42 128
42 162
42 195
43 55
43 62
43 73
43 76
43 86
43 97
43 99
43 103
43 121
43 128
43 130
43 134
43 135
43 137
43 146
43 147
43 156
43 182
43 183
43 195
44 71
44 104
44 123
44 133
44 137
44 143
44 153
44 159
44 173
44 180
45 78
45 109
45 113
45 125
45 126
45 131
45 142
45 155
45 156
45 164
45 165
45 179
45 180
45 191
45 193
45 195
46 53
46 55
46 82
46 93
46 97
46 99
46 109
46 121
46 127
46 140
46 144
46 145
46 146
46 147
46 154
46 162
46 165
46 176
47 63
47 73
47 79
47 89
47 100
47 112
47 125
47 136
47 193
47 195
48 57
48 62
48 68
48 85
48 88
48 92
48 130
48 135
48 136
48 144
48 162
48 169
48 180
48 181
49 79
49 86
49 94
49 95
49 100
49 108
49 109
49 118
49 121
49 122
49 140
49 146
49 148
49 150
49 151
49 176
49 195
49 196
50 53
50 60
50 94
50 95
50 98
50 105
50 114
50 118
50 130
50 140
50 144
50 164
50 178
50 182
50 194
51 61
51 66
51 80
51 130
51 135
51 157
51 159
51 162
52 55
52 59
52 87
52 88
52 91
52 92
52 110
52 114
52 120
52 157
52 158
52 161
52 162
52 172
52 175
52 178
52 180
52 182
53 54
53 62
53 63
53 75
53 90
53 98
53 140
53 141
53 145
53 150
53 158
53 164
53 177
53 196
54 69
54 71
54 84
54 118
54 138
54 157
54 169
54 174
54 175
54 180
54 193
55 82
55 93
55 94
55 98
55 102
55 113
55 115
55 122
55 125
55 136
55 144
55 145
55 156
55 159
55 163
55 173
55 178
55 181
55 191
56 68
56 70
56 93
56 101
56 110
56 134
56 149
56 162
56 166
56 168
56 186
56 189
56 191
56 199
57 76
57 92
57 93
57 99
57 102
57 138
57 159
57 167
57 184
57 199
58 61
58 75
58 78
58 85
58 87
58 98
58 99
58 104
58 105
58 113
58 115
58 126
58 132
58 134
58 140
58 153
58 155
58 168
58 188
58 194
59 64
59 84
59 97
59 100
59 102
59 111
59 112
59 126
59 140
59 168
59 179
59 183
59 187
59 191
59 193
60 83
60 89
60 96
60 119
60 125
60 127
60 138
60 144
60 151
60 161
60 162
60 163
60 170
60 174
60 178
60 184
60 190
61 67
61 73
61 85
61 91
61 93
61 149
61 155
61 181
61 185
61 194
62 76
62 89
62 108
62 109
62 115
62 120
62 121
62 130
62 135
62 162
62 166
62 169
62 175
62 181
62 184
62 185
63 83
63 89
63 112
63 153
63 174
63 190
63 194
63 195
64 85
64 114
64 118
64 128
64 142
64 153
64 160
64 162
64 164
64 167
64 172
64 179
64 198
65 80
65 83
65 88
65 90
65 105
65 119
65 122
65 123
65 144
65 150
65 152
65 171
65 186
65 198
66 78
66 83
66 90
66 100
66 103
66 105
66 108
66 110
66 114
66 118
66 126
66 136
66 156
66 169
66 171
66 178
66 180
66 182
66 184
66 193
67 84
67 86
67 104
67 117
67 122
67 126
67 146
67 148
67 156
67 162
67 166
67 186
67 193
67 196
68 93
68 109
68 139
68 141
68 142
68 146
68 185
69 78
69 89
69 99
69 104
69 106
69 125
69 138
69 183
70 72
70 79
70 87
70 97
70 102
70 103
70 112
70 116
70 117
70 141
70 169
70 183
70 188
70 194
71 89
71 92
71 105
71 106
71 113
71 139
71 141
71 151
71 166
71 173
71 175
71 186
71 193
72 74
72 79
72 90
72 106
72 109
72 119
72 122
72 131
72 135
72 149
72 178
72 195
73 86
73 91
73 94
73 97
73 104
73 106
73 108
73 109
73 114
73 121
73 124
73 138
73 145
73 158
73 163
74 91
74 93
74 94
74 96
74 103
74 135
74 136
74 138
74 140
74 148
74 190
74 197
74 199
75 93
75 96
75 113
75 132
75 146
75 157
75 164
75 165
75 167
75 177
75 190
75 197
76 84
76 89
76 100
76 101
76 103
76 110
76 122
76 134
76 136
76 161
76 171
76 177
76 184
77 94
77 124
77 125
77 130
77 131
77 142
77 180
77 188
77 191
78 80
78 102
78 107
78 119
78 121
78 126
78 133
78 155
78 160
78 186
78 189
79 87
79 90
79 96
79 113
79 144
79 156
79 157
79 175
79 188
79 198
80 91
80 95
80 123
80 134
80 150
80 153
80 165
80 188
81 103
81 128
81 138
81 144
81 147
81 149
81 165
82 97
82 113
82 123
82 132
82 135
82 147
82 159
82 170
82 195
83 84
83 85
83 110
83 111
83 114
83 116
83 151
83 166
83 167
83 173
83 174
83 175
83 178
83 182
83 196
84 85
84 101
84 164
84 173
84 198
85 100
85 107
85 113
85 114
85 118
85 130
85 136
85 137
85 167
85 176
85 178
85 179
85 191
86 87
86 102
86 120
86 127
86 131
86 143
86 173
86 182
86 193
86 196
87 91
87 92
87 98
87 105
87 106
87 119
87 128
87 153
87 162
87 167
87 172
87 175
87 193
88 123
88 126
88 127
88 136
88 138
88 145
88 158
88 182
88 189
88 198
89 92
89 106
89 120
89 146
89 156
89 162
89 166
89 176
90 102
90 120
90 145
90 146
90 160
90 165
90 172
90 179
90 180
90 192
91 98
91 99
91 102
91 116
91 122
91 128
91 131
91 143
91 152
91 170
91 172
91 187
91 189
91 195
91 197
92 118
92 131
92 135
92 160
92 175
92 178
92 187
92 195
93 104
93 112
93 119
93 144
93 162
93 180
93 186
93 193
94 96
94 98
94 102
94 105
94 115
94 146
94 152
94 157
94 168
94 194
95 110
95 120
95 122
95 132
95 135
95 145
95 165
95 174
95 186
96 98
96 110
96 125
96 145
96 182
96 184
97 109
97 113
97 128
97 139
97 159
97 166
97 167
97 171
97 183
98 107
98 111
98 115
98 129
98 130
98 145
98 160
98 163
98 164
98 168
98 178
98 187
98 190
98 192
98 198
99 110
99 116
99 123
99 152
99 154
99 155
99 158
99 160
100 101
100 102
100 103
100 106
100 114
100 129
100 145
100 163
100 170
100 173
100 175
100 182
100 192
101 106
101 112
101 136
101 141
101 143
101 151
101 165
101 171
101 184
102 112
102 114
102 119
102 124
102 140
102 144
102 151
102 158
102 167
102 184
102 192
103 109
103 111
103 121
103 126
103 131
103 132
103 135
103 136
103 150
103 164
103 167
103 172
104 111
104 115
104 118
104 144
104 149
104 152
104 163
104 173
104 174
104 179
104 188
104 189
104 194
104 199
105 115
105 117
105 122
105 137
105 140
105 149
105 156
105 157
105 174
105 176
105 197
106 115
106 125
106 138
106 142
106 145
106 159
106 167
106 168
106 170
107 108
107 111
107 122
107 123
107 125
107 133
107 147
107 150
107 153
107 170
107 189
108 117
108 143
108 154
108 171
108 187
108 192
109 113
109 122
109 125
109 129
109 131
109 140
109 141
109 151
109 165
109 182
109 192
110 118
110 139
110 142
110 145
110 157
110 177
110 179
110 181
110 185
110 186
110 190
110 195
110 196
110 197
111 116
111 117
111 138
111 144
111 146
111 150
111 151
111 153
111 163
111 164
111 183
112 113
112 122
112 128
112 154
112 163
112 164
112 188
112 196
113 120
113 124
113 130
113 137
113 143
113 152
113 171
113 175
114 117
114 130
114 178
115 118
115 120
115 125
115 128
115 136
115 142
115 143
115 149
115 154
115 159
115 163
115 168
115 171
115 177
115 185
116 120
116 128
116 143
116 160
116 170
116 171
116 175
116 188
117 133
117 140
117 148
117 149
117 154
117 158
117 184
117 186
117 191
117 193
117 195
118 126
118 127
118 131
118 137
118 155
118 165
118 173
118 176
118 183
118 185
118 188
119 121
119 123
119 142
119 164
119 169
119 180
119 185
119 189
120 121
120 128
120 136
120 139
120 148
120 151
120 152
120 155
120 165
120 167
120 171
120 172
120 183
121 136
121 138
121 141
122 128
122 140
122 156
122 157
122 168
122 178
122 193
122 194
122 195
122 199
123 160
123 171
123 181
123 190
123 193
123 195
124 133
124 142
124 157
124 175
124 186
124 190
124 191
124 195
125 128
125 137
125 139
125 141
125 146
125 158
125 199
126 128
126 133
126 139
126 148
126 155
126 163
126 168
126 171
126 189
126 195
127 129
127 140
127 146
127 162
127 169
127 170
127 192
128 157
128 161
128 163
128 164
128 175
128 183
129 138
129 157
129 184
130 132
130 143
130 153
130 171
130 172
130 183
130 189
131 137
131 138
131 141
131 146
131 158
131 167
131 174
131 180
131 190
132 152
132 174
132 192
132 193
132 194
133 144
133 162
133 173
133 194
134 135
134 160
134 162
134 168
134 171
134 178
134 183
135 136
135 140
135 147
135 163
135 164
135 169
135 184
136 148
136 158
136 163
136 168
136 191
136 192
136 196
137 138
137 151
137 164
137 171
137 187
137 188
137 192
138 148
138 167
138 171
138 180
138 192
139 150
139 174
139 191
139 195
140 149
140 154
140 181
140 186
140 192
141 142
141 154
141 157
141 178
142 157
142 164
142 176
142 181
142 185
142 192
142 198
142 199
143 172
143 178
143 186
144 151
144 170
144 196
145 153
145 168
145 177
145 186
145 190
145 198
146 161
146 180
146 181
146 183
146 195
147 148
147 155
147 160
147 177
147 180
147 188
147 196
147 198
148 151
148 166
148 170
148 171
148 176
148 178
148 179
148 181
148 195
148 198
149 163
149 196
149 197
150 153
150 155
150 162
150 170
150 174
151 153
151 156
151 178
151 188
152 156
152 158
152 166
152 197
152 198
153 156
153 162
153 190
153 194
153 197
153 198
154 155
154 163
154 183
154 185
154 198
155 159
155 165
155 170
155 196
156 172
156 176
156 185
156 196
156 198
157 160
158 168
158 173
159 162
159 175
159 178
159 192
160 162
160 167
160 170
160 193
160 197
161 166
161 168
161 196
162 174
162 177
162 178
163 173
163 186
163 194
163 197
164 169
164 170
165 173
165 191
166 173
166 197
168 173
168 187
169 171
169 179
169 196
169 199
170 172
170 182
170 186
170 193
171 179
171 185
172 173
172 179
172 197
173 177
173 189
173 190
173 199
174 181
174 185
174 194
175 184
175 186
175 194
175 199
176 177
176 179
177 182
177 195
177 199
178 184
179 187
179 190
179 196
180 186
180 191
183 189
183 198
184 185
184 192
184 195
184 196
185 188
185 195
186 194
186 199
187 189
188 199
190 198
190 199
192 196
197 199

1 0 1 1 0 0 1 1 1 0 0 0 0 0 0 1 1 1 1 1 1 0 1 0 0 0 0 0 0 0 0 1 0 1 0 1 0 1 0 1 0 1 1 0 1 1 1 0 1 0 1 1 0 0 1 1 1 0 1 0 0 1 1 1 1 1 0 0 0 1 0 1 0 1 1 1 0 1 0 0 0 0 0 0 1 1 0 0 1 1 0 0 1 1 0 0 0 1 1 0 0 0 0 1 1 1 0 1 0 0 0 1 1 0 0 1 1 0 0 0 0 1 1 0 0 1 1 1 1 1 1 0 0 0 0 1 1 0 0 1 1 1 1 0 0 1 0 1 0 1 1 1 1 0 0 0 1 1 0 1 0 0 1 0 0 0 1 0 0 1 1 0 1 1 0 0 0 1 1 1 1 0 0 0 0 1 1 0 1 0 1 1 0 1 0 0 1 1 1 1