30 218
0 1 2 3 4 5 6 7 8 9 10 11 12 13 14 15 16 17 18 19 20 21 22 23 24 25 26 27 28 29
0 4
0 7
0 9
0 10
0 12
0 17
0 18
0 21
0 22
0 23
0 25
0 26
0 27
0 28
1 8
1 9
1 11
1 13
1 16
1 17
1 20
1 21
1 22
1 25
1 26
2 5
2 12
2 13
2 17
2 18
2 20
2 21
2 22
2 24
2 27
2 29
3 4
3 6
3 9
3 11
3 12
3 16
3 17
3 18
3 19
3 20
3 28
4 7
4 8
4 9
4 11
4 13
4 16
4 18
4 19
4 20
4 21
4 22
4 23
4 24
4 25
4 28
4 29
5 6
5 7
5 10
5 12
5 14
5 15
5 18
5 20
5 22
5 23
5 24
5 25
5 28
6 7
6 8
6 9
6 10
6 15
6 16
6 18
6 20
6 22
6 24
6 25
6 26
6 27
6 28
7 8
7 10
7 12
7 19
7 20
7 21
7 23
7 24
8 9
8 10
8 11
8 12
8 13
8 16
8 17
8 18
8 19
8 21
8 22
8 23
8 27
8 28
9 11
9 12
9 16
9 17
9 20
9 23
9 25
9 26
9 27
9 28
10 11
10 12
10 14
10 15
10 16
10 17
10 18
10 20
10 21
10 22
10 23
10 24
10 25
10 29
11 13
11 16
11 20
11 29
12 13
12 14
12 15
12 17
12 20
12 21
12 23
12 24
12 29
13 14
13 18
13 19
13 23
13 25
13 27
13 28
13 29
14 15
14 17
14 18
14 19
14 20
14 21
14 22
14 23
14 24
14 26
14 28
14 29
15 20
15 21
15 29
16 17
16 18
16 19
16 25
16 26
16 27
17 19
17 20
17 23
17 27
17 28
17 29
18 20
18 22
18 23
18 24
18 26
18 27
18 28
18 29
19 20
19 22
19 24
19 27
20 23
20 24
21 23
21 25
21 26
21 29
22 28
23 26
23 27
23 28
23 29
24 25
24 26
24 27
24 28
25 26
25 28
25 29
26 28
27 28
27 29
28 29

1 1 0 1 1 0 1 0 0 1 0 1 0 0 1 0 1 1 0 0 1 1 1 0 0 0 1 1 0 0