100 57
0 1 2 3 4 5 6 7 8 9 10 11 12 13 14 15 16 17 18 19 20 21 22 23 24 25 26 27 28 29 30 31 32 33 34 35 36 37 38 39 40 41 42 43 44 45 46 47 48 49 50 51 52 53 54 55 56 57 58 59 60 61 62 63 64 65 66 67 68 69 70 71 72 73 74 75 76 77 78 79 80 81 82 83 84 85 86 87 88 89 90 91 92 93 94 95 96 97 98 99
0 66
1 89
3 67
3 82
3 92
6 86
7 24
7 31
7 36
7 50
7 58
7 60
8 72
9 42
9 91
11 83
12 16
13 14
13 52
14 51
14 67
15 26
15 37
15 94
15 97
16 41
16 54
18 22
18 73
18 75
19 57
26 29
27 72
30 41
30 64
30 99
32 60
36 44
38 68
43 68
45 68
45 76
47 63
47 76
48 52
48 73
49 91
53 72
57 73
58 92
63 68
64 76
65 89
65 98
69 73
78 84
79 99

0 1 1 1 0 1 1 0 1 1 0 0 0 0 1 1 1 1 1 1 1 1 1 1 0 1 1 0 0 0 1 1 0 0 0 0 0 1 1 1 0 0 0 0 0 0 0 0 1 1 0 0 1 1 0 0 0 0 1 0 0 0 0 0 0 1 1 1 1 1 1 1 1 0 1 1 0 1 0 1 0 1 0 1 1 1 0 0 0 0 0 1 0 1 0 1 0 0 1 1