30 216
0 1 2 3 4 5 6 7 8 9 10 11 12 13 14 15 16 17 18 19 20 21 22 23 24 25 26 27 28 29
0 1
0 2
0 3
0 4
0 8
0 9
0 10
0 14
0 15
0 16
0 19
0 23
0 24
0 25
0 28
1 2
1 3
1 7
1 8
1 9
1 12
1 13
1 14
1 16
1 17
1 18
1 20
1 22
1 24
1 26
1 28
2 6
2 9
2 11
2 12
2 15
2 17
2 19
2 20
2 21
2 22
2 23
2 29
3 4
3 5
3 8
3 10
3 11
3 12
3 13
3 14
3 15
3 20
3 21
3 26
3 27
3 28
4 5
4 6
4 10
4 14
4 16
4 18
4 19
4 20
4 21
4 22
4 23
4 24
4 26
4 28
5 6
5 7
5 14
5 16
5 17
5 19
5 20
5 23
5 24
5 29
6 7
6 8
6 12
6 17
6 18
6 19
6 20
6 22
6 23
6 25
6 26
6 27
6 29
7 9
7 12
7 17
7 18
7 19
7 22
7 24
7 25
7 26
7 29
8 9
8 10
8 11
8 13
8 14
8 17
8 18
8 19
8 21
8 22
8 24
8 25
9 11
9 13
9 14
9 15
9 16
9 17
9 21
9 22
9 26
10 12
10 14
10 18
10 21
10 22
10 24
10 25
10 28
10 29
11 13
11 14
11 15
11 17
11 18
11 19
11 20
11 23
11 25
11 27
11 28
11 29
12 14
12 15
12 22
12 23
12 27
12 28
13 14
13 15
13 19
13 22
13 23
13 24
13 25
13 29
14 15
14 16
14 17
14 19
14 23
14 24
14 25
14 28
14 29
15 17
15 18
15 19
15 25
15 28
16 17
16 20
16 21
16 22
16 24
16 25
17 18
17 21
17 22
17 25
17 28
17 29
18 20
18 23
18 24
18 26
19 20
19 25
19 26
19 29
20 21
20 22
20 25
20 26
20 27
21 22
21 23
21 25
21 28
22 24
22 25
22 26
22 28
23 24
23 25
23 26
23 28
24 28
25 27
26 27
26 28
27 28

1 1 0 1 0 1 0 0 1 0 1 0 1 0 0 1 1 0 0 1 0 1 0 0 0 1 1 0 1 1