100 265
0 1 2 3 4 5 6 7 8 9 10 11 12 13 14 15 16 17 18 19 20 21 22 23 24 25 26 27 28 29 30 31 32 33 34 35 36 37 38 39 40 41 42 43 44 45 46 47 48 49 50 51 52 53 54 55 56 57 58 59 60 61 62 63 64 65 66 67 68 69 70 71 72 73 74 75 76 77 78 79 80 81 82 83 84 85 86 87 88 89 90 91 92 93 94 95 96 97 98 99
0 7
0 14
0 40
0 54
0 60
1 17
1 26
1 52
1 53
1 58
2 38
2 43
2 61
2 94
3 31
3 87
4 12
4 30
4 53
4 66
4 82
4 98
5 65
5 83
5 93
6 26
6 70
6 84
6 90
7 20
7 44
7 77
8 9
8 28
8 51
8 86
9 20
9 27
9 82
9 87
10 26
10 40
10 42
10 61
10 89
11 15
11 35
11 67
11 85
11 93
12 28
12 33
12 49
12 80
12 87
13 16
13 26
13 72
14 39
14 51
14 64
14 83
14 84
15 22
15 29
15 44
15 58
15 65
15 93
16 18
16 42
16 43
16 67
16 78
17 39
17 72
17 77
17 85
17 99
18 73
18 86
19 27
19 31
19 32
19 53
19 54
19 56
19 71
20 33
20 67
21 43
21 47
21 57
21 58
21 65
21 75
22 28
22 36
22 42
23 38
23 52
24 25
24 51
24 64
24 71
24 82
25 26
25 35
25 44
25 51
25 56
25 58
25 91
26 28
26 45
26 54
26 59
26 61
26 96
27 30
27 39
27 76
27 92
27 93
28 29
28 76
28 85
29 48
29 56
29 68
29 76
29 77
29 87
30 36
30 38
30 48
30 63
30 65
30 70
31 56
31 57
31 94
31 95
32 35
32 37
32 44
32 57
32 72
33 45
33 61
33 98
34 40
34 53
34 88
35 57
35 58
35 70
35 73
36 64
36 82
37 54
37 55
37 62
37 71
37 94
38 66
38 97
39 58
39 73
40 64
40 77
40 85
40 87
41 42
41 45
41 63
42 55
42 66
42 71
43 69
43 97
44 46
44 61
44 68
45 53
46 62
46 82
46 95
48 54
48 72
49 63
51 93
52 56
52 57
53 57
53 94
54 65
54 73
54 86
55 96
56 63
56 65
56 77
57 73
57 78
58 74
59 75
60 79
61 64
61 72
61 73
61 81
61 85
61 90
62 65
62 70
62 73
62 76
62 82
62 86
62 92
63 74
64 77
64 90
65 76
66 91
67 68
67 78
67 79
67 81
68 85
69 79
69 91
70 73
71 76
71 89
72 74
73 74
73 98
74 77
74 82
75 86
75 99
76 87
76 88
77 83
77 93
77 95
78 87
78 95
78 97
79 90
79 91
80 90
80 97
81 92
82 89
82 91
83 90
83 95
84 98
87 92
88 95
91 92
96 99

1 1 0 1 0 0 1 0 0 0 0 0 0 1 0 1 1 1 0 1 0 0 0 1 0 0 1 1 1 0 0 0 1 0 0 1 0 1 1 1 1 1 1 1 0 0 1 1 1 1 0 0 0 0 0 1 0 1 1 0 0 1 1 1 1 1 0 1 1 1 1 0 0 1 0 1 1 1 0 0 0 0 1 0 1 1 0 1 1 0 1 1 0 0 0 0 0 0 0 1