100 498
0 1 2 3 4 5 6 7 8 9 10 11 12 13 14 15 16 17 18 19 20 21 22 23 24 25 26 27 28 29 30 31 32 33 34 35 36 37 38 39 40 41 42 43 44 45 46 47 48 49 50 51 52 53 54 55 56 57 58 59 60 61 62 63 64 65 66 67 68 69 70 71 72 73 74 75 76 77 78 79 80 81 82 83 84 85 86 87 88 89 90 91 92 93 94 95 96 97 98 99
0 1
0 24
0 29
0 40
0 46
0 51
0 55
0 61
0 94
1 3
1 7
1 14
1 29
1 31
1 34
1 44
1 70
1 93
1 97
2 4
2 21
2 29
2 49
2 54
2 62
2 79
2 81
2 95
3 15
3 16
3 21
3 32
3 40
3 52
3 58
3 61
3 82
4 16
4 20
4 23
4 31
4 36
4 53
4 66
4 74
4 77
5 8
5 26
5 27
5 42
5 50
5 53
5 76
5 82
5 94
5 99
6 10
6 12
6 16
6 18
6 19
6 32
6 39
6 82
6 89
7 12
7 15
7 22
7 27
7 28
7 35
7 37
7 50
7 65
7 66
7 72
8 9
8 34
8 43
8 49
8 53
8 70
8 71
8 91
8 94
9 15
9 38
9 40
9 50
9 61
9 62
9 86
9 94
10 13
10 20
10 26
10 50
10 90
11 14
11 16
11 17
11 19
11 23
11 59
11 62
11 65
11 70
11 74
11 79
11 85
11 86
11 87
11 88
11 91
12 25
12 31
12 44
12 53
12 64
12 75
12 88
13 18
13 27
13 39
13 40
13 41
13 49
13 60
13 62
13 63
13 67
13 79
13 84
13 92
13 94
14 26
14 27
14 30
14 50
14 68
14 71
14 72
14 82
14 93
14 94
14 98
15 44
15 78
15 84
15 85
15 90
16 21
16 32
16 46
16 73
16 75
16 86
16 89
17 20
17 27
17 28
17 61
17 66
17 87
17 91
17 96
17 98
18 24
18 27
18 46
18 51
18 59
18 64
18 65
18 68
18 86
18 95
19 22
19 33
19 34
19 40
19 45
19 48
19 68
19 78
20 31
20 47
20 68
20 70
20 77
20 78
20 94
20 97
21 33
21 61
21 63
21 67
21 68
21 84
21 91
21 92
22 23
22 28
22 41
22 43
22 44
22 59
22 62
22 64
22 97
23 26
23 39
23 43
23 45
23 46
23 64
23 80
23 84
23 88
23 97
23 98
24 29
24 31
24 62
24 73
24 86
24 93
25 51
25 61
25 63
25 70
25 82
25 84
25 85
25 98
26 28
26 31
26 36
26 49
26 57
26 63
26 67
27 29
27 34
27 52
27 81
27 92
27 93
28 29
28 31
28 33
28 38
28 67
28 71
28 75
28 77
28 79
28 92
29 42
29 43
29 49
29 64
29 74
29 80
29 97
30 41
30 50
30 56
30 59
30 70
30 80
30 99
31 34
31 38
31 47
31 64
31 81
32 38
32 44
32 64
32 72
32 83
33 40
33 47
33 61
33 63
33 72
33 86
33 87
33 91
34 44
34 48
34 76
34 93
35 37
35 67
35 69
35 86
35 97
36 41
36 62
36 77
36 80
36 85
37 44
37 46
37 51
37 52
37 62
37 66
37 81
37 86
37 92
37 98
37 99
38 43
38 46
38 54
38 59
38 83
38 94
39 48
39 50
39 59
40 42
40 50
40 85
41 43
41 46
41 57
41 58
41 60
41 70
41 73
41 81
41 93
41 97
41 98
42 62
42 67
42 95
42 99
43 63
43 66
43 73
43 79
43 96
44 57
44 74
44 84
44 92
44 95
45 56
45 82
45 84
45 99
46 62
46 82
46 85
46 89
46 91
47 49
47 56
47 97
48 56
48 59
48 62
48 65
48 69
48 71
48 72
48 75
48 81
48 93
48 99
49 70
49 79
49 84
49 95
49 97
50 68
50 77
50 87
50 94
50 96
50 99
51 70
51 76
51 88
52 53
52 73
52 74
52 77
52 85
52 90
52 97
53 82
54 56
54 61
54 67
54 92
55 58
55 59
55 82
55 85
55 93
55 97
55 98
56 89
57 64
57 66
57 70
57 80
57 88
57 98
58 62
58 72
58 76
58 95
59 86
59 91
60 63
60 73
60 78
60 88
60 93
61 90
62 84
63 64
63 79
63 81
63 85
63 87
64 70
64 71
64 84
64 87
64 92
64 94
65 73
65 80
65 84
66 68
66 70
66 77
66 78
66 87
66 91
66 93
67 90
67 93
67 97
68 73
68 88
69 74
69 82
69 86
69 88
69 92
70 75
70 78
70 93
71 75
71 85
72 79
72 83
75 87
75 97
75 98
77 99
78 79
78 80
78 83
78 87
78 97
79 90
80 87
80 89
80 99
82 85
82 94
82 95
83 90
83 99
84 93
84 96
84 99
85 87
85 95
85 99
86 91
87 99
89 91
89 99
94 95
94 98
94 99
95 96

1 0 1 1 0 1 0 0 1 1 0 1 1 1 1 1 1 0 0 0 1 0 0 1 1 0 0 0 0 1 1 1 0 1 1 1 0 0 1 1 0 1 0 1 0 1 1 0 0 1 1 1 0 0 0 0 1 1 0 0 0 1 0 0 1 0 1 1 1 1 0 1 1 0 0 0 1 0 0 0 0 1 1 0 0 1 0 0 0 0 0 0 1 1 1 1 0 1 1 0