50 612
0 1 2 3 4 5 6 7 8 9 10 11 12 13 14 15 16 17 18 19 20 21 22 23 24 25 26 27 28 29 30 31 32 33 34 35 36 37 38 39 40 41 42 43 44 45 46 47 48 49
0 2
0 3
0 5
0 6
0 7
0 13
0 14
0 15
0 17
0 19
0 21
0 22
0 27
0 29
0 30
0 33
0 34
0 35
0 36
0 38
0 39
0 40
0 41
0 44
0 48
1 4
1 8
1 13
1 15
1 18
1 20
1 21
1 24
1 32
1 33
1 34
1 36
1 37
1 38
1 39
1 40
1 42
1 44
1 45
1 46
1 47
2 3
2 6
2 7
2 9
2 11
2 14
2 17
2 18
2 19
2 20
2 21
2 23
2 27
2 32
2 33
2 34
2 35
2 36
2 38
2 39
2 40
2 42
2 45
2 46
2 47
2 49
3 6
3 7
3 8
3 9
3 11
3 14
3 15
3 16
3 19
3 22
3 23
3 24
3 25
3 28
3 30
3 31
3 35
3 37
3 40
3 41
3 43
3 48
3 49
4 6
4 9
4 10
4 11
4 12
4 15
4 16
4 17
4 19
4 20
4 21
4 22
4 25
4 26
4 29
4 32
4 33
4 34
4 35
4 36
4 37
4 38
4 39
4 40
4 41
4 43
4 49
5 6
5 7
5 8
5 10
5 14
5 15
5 16
5 18
5 19
5 23
5 25
5 26
5 27
5 29
5 32
5 35
5 36
5 38
5 39
5 40
5 41
5 42
5 44
5 47
5 48
5 49
6 8
6 10
6 11
6 12
6 14
6 17
6 19
6 20
6 21
6 23
6 26
6 32
6 35
6 36
6 38
6 39
6 42
6 44
6 48
7 8
7 12
7 13
7 14
7 15
7 17
7 18
7 20
7 21
7 23
7 27
7 29
7 30
7 35
7 39
7 41
7 44
7 45
8 9
8 11
8 12
8 13
8 14
8 16
8 18
8 21
8 22
8 23
8 24
8 26
8 27
8 29
8 31
8 35
8 38
8 39
8 40
8 41
8 42
8 46
8 49
9 12
9 13
9 14
9 15
9 21
9 23
9 26
9 28
9 33
9 36
9 39
9 41
9 42
9 43
9 44
9 47
9 48
10 13
10 14
10 20
10 21
10 22
10 23
10 26
10 31
10 32
10 34
10 36
10 39
10 42
10 43
10 45
11 12
11 14
11 17
11 19
11 20
11 24
11 29
11 33
11 34
11 36
11 37
11 41
11 42
12 13
12 16
12 19
12 21
12 23
12 25
12 26
12 29
12 30
12 31
12 32
12 33
12 35
12 36
12 40
12 41
12 42
12 43
12 45
12 46
12 48
12 49
13 14
13 16
13 17
13 20
13 22
13 23
13 25
13 26
13 29
13 31
13 32
13 36
13 37
13 38
13 42
13 43
13 44
13 47
13 48
13 49
14 15
14 16
14 17
14 18
14 21
14 23
14 25
14 28
14 31
14 32
14 34
14 35
14 38
14 39
14 42
14 46
14 47
14 48
15 16
15 20
15 31
15 33
15 34
15 36
15 37
15 38
15 39
15 47
15 48
15 49
16 17
16 20
16 22
16 23
16 24
16 26
16 27
16 30
16 33
16 34
16 35
16 37
16 38
16 40
16 41
16 42
16 44
16 45
16 47
17 19
17 25
17 27
17 28
17 29
17 31
17 32
17 33
17 39
17 40
17 41
17 42
17 45
17 46
18 19
18 23
18 25
18 26
18 30
18 34
18 39
18 42
18 43
18 44
18 45
18 48
18 49
19 20
19 21
19 23
19 24
19 26
19 27
19 30
19 31
19 33
19 34
19 35
19 37
19 45
19 47
19 48
20 21
20 22
20 23
20 24
20 26
20 27
20 30
20 31
20 32
20 33
20 34
20 35
20 36
20 40
20 41
20 42
20 45
20 48
20 49
21 22
21 24
21 25
21 27
21 28
21 30
21 32
21 33
21 34
21 35
21 38
21 39
21 44
21 45
21 46
21 48
22 23
22 24
22 25
22 28
22 29
22 32
22 33
22 34
22 36
22 37
22 38
22 40
22 46
22 47
22 48
22 49
23 26
23 27
23 29
23 32
23 34
23 35
23 37
23 38
23 42
23 43
23 44
23 47
24 25
24 26
24 27
24 29
24 30
24 31
24 35
24 41
24 43
24 45
24 47
25 26
25 32
25 33
25 34
25 35
25 36
25 37
25 38
25 39
25 40
25 42
25 46
25 48
26 28
26 29
26 31
26 33
26 34
26 35
26 37
26 38
26 44
26 45
26 46
26 48
26 49
27 28
27 29
27 31
27 32
27 35
27 41
27 43
27 44
27 47
27 48
27 49
28 30
28 31
28 33
28 34
28 35
28 36
28 37
28 41
28 42
28 46
28 47
28 48
28 49
29 34
29 37
29 38
29 39
29 41
29 43
29 48
30 32
30 36
30 37
30 45
30 46
30 48
31 35
31 37
31 38
31 40
31 42
31 47
31 49
32 33
32 35
32 36
32 37
32 40
32 42
32 43
32 44
32 45
32 48
33 35
33 36
33 37
33 39
33 40
33 41
33 42
33 43
33 44
33 45
33 46
33 47
33 48
34 37
34 39
34 41
34 44
34 45
34 49
35 36
35 40
35 41
35 43
35 47
35 49
36 38
36 41
36 42
36 44
36 46
36 48
37 38
37 41
37 43
37 44
37 47
37 48
37 49
38 42
38 46
38 47
39 40
39 41
39 42
39 43
39 46
39 47
40 41
40 42
40 44
40 47
40 48
41 42
41 43
41 46
41 48
42 44
42 45
42 47
42 48
43 44
43 45
43 47
44 45
44 48
45 46
45 47
45 48
46 47
46 49
47 48
48 49

0 1 1 1 1 1 0 0 0 0 0 1 1 1 0 0 1 1 0 1 0 0 0 1 1 0 1 1 0 0 1 0 1 0 1 0 0 1 0 1 0 1 1 1 1 0 0 0 1 0