250 1624
0 1 2 3 4 5 6 7 8 9 10 11 12 13 14 15 16 17 18 19 20 21 22 23 24 25 26 27 28 29 30 31 32 33 34 35 36 37 38 39 40 41 42 43 44 45 46 47 48 49 50 51 52 53 54 55 56 57 58 59 60 61 62 63 64 65 66 67 68 69 70 71 72 73 74 75 76 77 78 79 80 81 82 83 84 85 86 87 88 89 90 91 92 93 94 95 96 97 98 99 100 101 102 103 104 105 106 107 108 109 110 111 112 113 114 115 116 117 118 119 120 121 122 123 124 125 126 127 128 129 130 131 132 133 134 135 136 137 138 139 140 141 142 143 144 145 146 147 148 149 150 151 152 153 154 155 156 157 158 159 160 161 162 163 164 165 166 167 168 169 170 171 172 173 174 175 176 177 178 179 180 181 182 183 184 185 186 187 188 189 190 191 192 193 194 195 196 197 198 199 200 201 202 203 204 205 206 207 208 209 210 211 212 213 214 215 216 217 218 219 220 221 222 223 224 225 226 227 228 229 230 231 232 233 234 235 236 237 238 239 240 241 242 243 244 245 246 247 248 249
0 6
0 19
0 58
0 60
0 69
0 91
0 112
0 122
0 129
0 142
0 144
0 215
0 237
1 30
1 38
1 40
1 41
1 55
1 91
1 95
1 122
1 143
1 145
1 148
1 153
1 172
1 201
1 207
1 225
2 36
2 37
2 47
2 89
2 111
2 127
2 135
2 144
2 153
2 168
2 216
2 231
2 234
3 10
3 43
3 63
3 124
3 132
3 150
3 158
3 188
3 210
3 216
3 224
3 246
3 248
4 7
4 23
4 29
4 43
4 49
4 50
4 53
4 65
4 66
4 107
4 118
4 151
4 166
4 179
4 188
4 201
4 202
4 207
4 223
4 237
5 28
5 30
5 34
5 37
5 86
5 104
5 119
5 154
5 189
5 204
5 226
5 229
6 17
6 37
6 41
6 47
6 55
6 58
6 84
6 94
6 96
6 100
6 103
6 107
6 138
6 158
6 176
6 209
6 221
6 237
6 239
6 248
7 20
7 67
7 70
7 84
7 93
7 101
7 102
7 133
7 171
7 196
7 200
7 226
7 249
8 21
8 40
8 54
8 70
8 87
8 89
8 147
8 174
8 185
8 199
8 205
8 222
8 239
9 55
9 56
9 57
9 78
9 90
9 93
9 129
9 139
9 142
9 163
9 172
9 246
10 15
10 37
10 59
10 62
10 77
10 95
10 113
10 171
10 184
10 193
10 196
10 202
10 222
10 232
10 234
11 29
11 52
11 78
11 82
11 114
11 120
11 128
11 151
11 161
11 180
11 182
11 198
11 199
11 200
11 230
11 238
11 245
12 25
12 36
12 105
12 122
12 126
12 138
12 153
12 157
12 161
12 176
12 188
12 190
12 205
12 223
12 229
12 246
12 247
13 28
13 76
13 85
13 109
13 110
13 118
13 125
13 207
13 224
13 233
13 243
14 26
14 31
14 33
14 42
14 47
14 57
14 90
14 109
14 122
14 130
14 146
14 155
14 225
14 242
15 17
15 36
15 57
15 67
15 97
15 98
15 119
15 129
15 131
15 137
15 148
15 152
15 165
15 188
15 211
15 230
16 18
16 20
16 42
16 53
16 78
16 117
16 127
16 133
16 143
16 156
16 161
16 178
16 203
16 236
17 51
17 65
17 75
17 91
17 102
17 126
17 138
17 146
17 147
17 154
17 194
17 197
18 20
18 69
18 82
18 107
18 126
18 131
18 138
18 146
18 207
18 208
18 241
18 248
19 22
19 36
19 50
19 118
19 174
19 209
19 215
20 26
20 45
20 53
20 59
20 68
20 78
20 117
20 122
20 123
20 136
20 156
20 159
20 162
20 176
20 179
20 212
20 213
21 24
21 50
21 87
21 90
21 98
21 137
21 138
21 164
21 165
21 182
21 202
21 205
21 241
22 25
22 43
22 48
22 58
22 78
22 105
22 109
22 128
22 135
22 141
22 142
22 150
22 191
22 197
22 201
22 234
22 245
23 25
23 32
23 67
23 125
23 141
23 190
23 203
23 219
23 245
24 58
24 88
24 136
24 142
24 174
24 176
24 177
24 179
24 238
25 61
25 149
25 196
25 219
26 32
26 61
26 63
26 121
26 144
26 149
26 159
26 204
27 32
27 41
27 44
27 57
27 65
27 74
27 108
27 151
27 172
27 192
27 197
27 198
27 199
27 201
27 207
27 211
27 225
27 231
28 33
28 35
28 44
28 48
28 94
28 97
28 117
28 173
28 183
28 208
28 210
28 221
28 247
29 39
29 56
29 95
29 98
29 114
29 137
29 152
29 187
29 200
29 204
29 209
29 231
30 87
30 105
30 112
30 119
30 134
30 140
30 153
30 180
30 192
30 196
30 203
30 207
30 211
30 214
30 223
30 241
31 37
31 56
31 60
31 144
31 164
31 169
31 192
31 195
31 204
31 215
31 226
31 246
32 42
32 61
32 77
32 150
32 209
32 216
32 229
33 42
33 50
33 52
33 53
33 98
33 174
33 176
33 178
33 189
33 191
33 210
34 52
34 78
34 88
34 101
34 200
34 236
35 52
35 117
35 132
35 139
35 147
35 148
35 154
35 160
35 198
35 249
36 48
36 85
36 89
36 97
36 100
36 104
36 114
36 119
36 162
36 170
36 193
36 194
36 209
37 65
37 74
37 103
37 121
37 123
37 135
37 143
37 148
37 152
37 156
37 162
37 165
37 210
37 220
38 66
38 79
38 157
38 228
38 234
38 235
38 249
39 42
39 48
39 62
39 68
39 71
39 72
39 80
39 124
39 179
39 201
39 214
39 220
39 231
39 246
40 67
40 97
40 104
40 120
40 145
40 159
40 169
40 170
40 215
41 52
41 73
41 88
41 99
41 112
41 124
41 133
41 135
41 193
41 249
42 49
42 51
42 76
42 85
42 91
42 102
42 105
42 132
42 134
42 147
42 163
42 168
42 205
42 220
43 46
43 133
43 149
43 152
43 196
43 199
43 201
43 213
43 217
43 225
44 54
44 58
44 93
44 100
44 116
44 119
44 150
44 162
44 168
44 194
44 213
44 217
44 236
45 54
45 87
45 93
45 95
45 104
45 121
45 157
45 159
45 178
45 186
46 97
46 100
46 109
46 121
46 129
46 138
46 139
46 187
46 208
46 239
46 246
47 73
47 103
47 115
47 121
47 133
47 140
47 154
47 175
47 203
47 217
47 240
48 183
48 201
48 223
48 229
48 238
48 247
49 71
49 82
49 97
49 105
49 116
49 153
49 180
49 207
49 219
49 233
50 51
50 63
50 70
50 104
50 165
50 170
50 215
50 240
50 246
51 61
51 71
51 85
51 96
51 128
51 165
51 185
51 202
51 234
51 241
51 248
52 78
52 84
52 119
52 126
52 180
52 215
52 225
52 232
53 92
53 129
53 144
53 196
53 207
53 224
53 246
54 92
54 123
54 168
54 202
54 230
54 234
55 68
55 70
55 74
55 90
55 112
55 152
55 158
55 175
55 193
55 244
56 73
56 81
56 101
56 102
56 148
56 186
56 230
56 234
57 80
57 96
57 115
57 247
58 117
58 120
58 175
58 205
58 228
58 244
59 73
59 99
59 114
59 130
59 133
59 137
59 152
59 171
59 183
59 186
59 187
59 218
59 222
59 236
60 79
60 96
60 133
60 143
60 154
60 158
60 167
60 181
60 192
60 204
60 225
60 229
60 236
60 242
61 123
61 139
61 148
62 69
62 104
62 128
62 154
62 158
62 167
62 189
62 209
62 211
62 234
63 65
63 96
63 102
63 134
63 138
63 234
63 249
64 82
64 107
64 112
64 130
64 131
64 158
64 218
65 75
65 82
65 99
65 117
65 124
65 135
65 136
65 148
65 161
65 241
66 67
66 76
66 77
66 121
66 131
66 174
66 202
66 213
66 242
66 247
67 95
67 96
67 117
67 119
67 130
67 168
67 169
67 177
67 197
67 233
68 109
68 140
68 151
68 153
68 181
68 183
68 210
68 213
68 218
68 220
68 221
69 79
69 89
69 121
69 123
69 130
69 132
69 148
69 177
69 209
69 233
69 246
70 78
70 111
70 112
70 149
70 164
70 196
70 235
70 245
71 88
71 108
71 116
71 134
71 165
71 194
71 195
71 220
71 223
72 80
72 92
72 97
72 107
72 114
72 116
72 157
72 159
72 168
72 173
72 225
73 89
73 145
73 153
73 157
73 163
73 235
73 240
73 247
73 249
74 78
74 154
74 158
74 163
74 168
74 202
74 226
75 80
75 83
75 131
75 146
75 165
75 166
75 171
75 172
75 173
75 178
75 221
75 223
75 246
76 88
76 102
76 116
76 141
76 173
76 177
76 231
76 234
76 237
77 93
77 102
77 139
77 167
77 182
77 186
77 199
77 207
77 217
77 220
77 221
78 92
78 93
78 97
78 164
78 179
78 182
78 190
78 200
78 220
78 227
79 89
79 107
79 110
79 115
79 116
79 165
79 167
79 170
79 196
79 198
79 203
79 206
79 215
80 85
80 86
80 115
80 119
80 122
80 127
80 142
80 154
80 175
80 177
80 217
80 222
80 240
81 101
81 130
81 178
81 181
81 195
81 209
81 222
81 224
81 232
81 234
81 238
82 121
82 128
82 134
82 142
82 178
82 209
82 214
82 243
83 119
83 120
83 122
83 196
83 240
84 99
84 112
84 144
84 157
84 185
84 190
84 194
84 202
84 222
84 229
84 230
84 246
84 247
85 86
85 95
85 100
85 133
85 150
85 159
85 160
85 189
85 203
85 209
85 217
85 238
86 98
86 101
86 153
86 180
87 112
87 134
87 142
87 143
87 150
87 165
87 172
87 199
87 221
88 101
88 106
88 171
88 189
88 208
88 234
88 246
89 90
89 132
89 136
89 138
89 152
89 155
89 177
89 199
89 224
89 226
90 97
90 102
90 107
90 116
90 129
90 142
90 157
90 181
90 183
90 220
91 107
91 117
91 122
91 126
91 144
91 170
91 211
91 220
91 245
92 101
92 124
92 154
92 160
92 174
92 212
93 104
93 130
93 156
93 189
93 200
93 211
93 213
93 238
94 165
94 177
94 194
94 242
95 146
95 151
95 167
95 184
96 111
96 112
96 124
96 126
96 133
96 142
96 146
96 151
96 153
96 163
96 170
96 172
96 182
96 192
96 193
96 201
96 217
96 230
97 101
97 110
97 112
97 118
97 130
97 155
97 157
97 192
97 218
98 112
98 143
98 159
98 175
98 198
98 211
98 215
98 222
98 232
99 139
99 144
99 147
99 169
99 179
99 183
99 209
100 134
100 138
100 152
100 157
100 159
100 165
100 242
101 109
101 113
101 114
101 130
101 164
101 199
101 207
101 232
101 233
101 234
101 239
102 105
102 137
102 147
102 151
102 162
102 168
102 174
102 178
102 223
102 238
102 239
102 243
103 140
103 142
103 144
103 178
103 182
103 194
103 221
103 228
103 239
104 120
104 121
104 125
104 126
104 139
104 177
104 189
105 147
105 150
105 168
105 177
105 200
105 213
105 221
106 119
106 126
106 160
106 222
106 231
106 234
106 248
107 114
107 134
107 179
107 202
107 207
107 214
108 121
108 122
108 168
108 228
108 238
108 239
109 121
109 126
109 179
109 181
109 194
109 209
109 236
110 125
110 156
110 158
110 188
110 197
110 203
110 212
111 116
111 119
111 134
111 180
112 152
112 154
112 170
112 203
112 208
112 234
112 248
113 115
113 138
113 178
113 212
113 224
113 225
113 233
113 248
113 249
114 144
114 150
114 213
114 218
114 239
115 121
115 156
115 166
115 170
115 210
116 125
116 154
116 195
116 217
116 234
117 140
117 142
117 160
117 188
118 140
118 154
118 170
118 183
119 146
119 169
119 197
119 216
119 245
120 137
120 151
120 165
120 179
120 187
120 188
120 224
120 225
121 132
121 142
121 144
121 175
121 177
121 198
121 215
121 227
121 229
121 242
122 177
122 202
122 213
122 222
122 247
123 140
123 159
123 160
123 161
123 167
123 178
123 228
123 233
124 126
124 163
124 177
124 186
124 189
124 206
124 208
124 214
125 141
125 152
125 176
125 213
125 226
125 229
126 156
126 164
126 174
126 177
126 189
126 193
126 200
126 211
127 130
127 169
127 174
127 186
127 224
127 231
127 242
128 132
128 135
128 147
128 223
128 228
129 156
129 158
129 166
129 185
129 186
129 200
130 153
130 201
130 238
131 182
131 188
131 201
131 203
131 231
132 150
132 208
132 211
133 143
133 216
133 229
133 235
134 146
134 167
134 206
134 225
135 146
135 147
135 179
135 233
135 242
135 244
136 147
136 148
136 164
136 178
136 189
136 190
136 215
137 188
137 222
137 231
137 248
138 153
138 170
138 184
138 197
138 199
138 216
138 232
138 247
139 145
139 151
139 185
139 215
139 231
139 245
140 146
140 163
140 164
140 206
140 225
140 242
140 244
141 153
141 163
141 209
141 211
141 220
141 235
141 236
141 246
142 165
142 168
142 175
142 176
142 229
142 234
143 154
143 174
143 178
143 205
143 206
143 223
143 247
144 164
144 174
145 183
145 185
145 203
145 211
145 216
145 218
145 246
145 247
146 161
146 169
146 170
146 195
146 200
146 222
146 227
146 228
146 239
146 242
146 246
147 180
147 192
147 196
147 205
147 229
148 152
148 169
148 213
149 223
149 245
149 246
150 171
150 217
150 222
151 174
151 182
151 192
151 201
151 219
152 170
152 175
152 203
152 209
152 234
153 172
153 179
153 212
153 218
153 232
154 218
155 176
155 199
155 203
155 207
155 226
155 237
155 238
156 163
156 183
156 190
156 236
156 238
157 174
157 199
157 222
157 226
157 242
158 208
158 238
158 248
159 182
159 201
159 246
160 198
160 208
160 214
160 218
160 224
160 229
161 163
161 182
161 198
161 226
161 227
161 238
162 182
162 193
162 205
162 231
163 203
163 228
163 229
163 232
164 167
164 217
164 225
164 229
164 231
165 176
165 187
165 208
165 212
165 249
166 167
167 175
167 181
167 189
167 220
167 225
167 243
167 244
168 191
168 201
168 211
168 215
168 237
168 238
168 239
169 173
169 238
170 204
170 205
170 213
170 217
170 230
170 233
170 236
170 246
171 192
171 200
171 202
172 178
172 233
172 247
173 227
173 249
174 244
175 183
175 204
175 209
175 216
175 235
176 178
176 185
176 203
176 206
176 248
177 184
177 189
177 210
177 241
178 201
178 210
178 215
178 226
179 191
179 192
179 195
179 207
179 221
179 228
179 234
180 183
180 184
180 199
180 207
180 228
180 229
181 204
181 237
182 183
182 184
182 223
182 232
183 185
183 197
184 208
184 222
184 229
184 231
185 187
185 201
185 219
185 221
185 222
185 230
185 234
186 198
186 225
186 241
187 242
188 223
188 240
188 249
189 212
190 236
190 247
190 249
191 203
191 204
191 223
191 243
192 193
193 224
194 226
194 239
194 240
195 210
196 215
196 225
197 232
198 232
199 209
199 224
199 226
199 236
199 238
199 245
200 239
201 213
201 217
201 224
201 227
202 209
202 211
202 226
203 224
203 228
204 219
204 224
204 232
204 246
205 214
205 215
205 220
205 228
205 236
206 216
206 218
206 232
208 212
208 238
210 219
210 235
211 212
211 215
211 216
212 220
213 214
213 234
214 220
215 231
215 247
216 226
217 241
218 249
219 223
220 240
220 241
221 236
221 242
222 233
222 234
222 244
224 248
224 249
225 241
225 246
226 230
230 247
235 240
239 241
241 245
246 247

0 1 0 0 1 1 0 1 0 0 1 0 0 0 0 0 1 1 1 0 1 0 1 1 0 1 1 1 1 1 1 0 0 0 1 1 1 0 1 1 1 0 0 0 1 1 1 0 1 0 0 1 1 0 1 0 0 1 1 0 0 0 0 0 0 1 1 1 0 0 0 0 1 1 1 0 1 1 0 1 1 1 1 0 0 0 1 0 0 0 0 0 1 1 0 1 1 0 0 0 1 0 0 1 0 1 0 0 0 0 1 1 1 0 1 1 0 0 1 1 0 1 0 1 1 0 0 0 0 0 1 0 0 1 1 0 1 1 0 1 1 1 1 0 1 0 1 1 0 0 1 1 0 1 1 0 1 1 1 1 1 0 0 0 0 0 1 1 1 1 1 0 0 0 0 1 1 1 1 0 1 0 1 0 0 0 0 1 0 1 1 1 0 0 1 1 0 0 0 1 1 1 0 1 1 0 1 1 1 1 1 0 0 0 0 1 0 1 0 1 0 1 1 0 0 1 0 0 0 0 0 0 0 1 1 1 0 1 1 0 1 1 0 1 0 0 0 1 0 0