100 251
0 1 2 3 4 5 6 7 8 9 10 11 12 13 14 15 16 17 18 19 20 21 22 23 24 25 26 27 28 29 30 31 32 33 34 35 36 37 38 39 40 41 42 43 44 45 46 47 48 49 50 51 52 53 54 55 56 57 58 59 60 61 62 63 64 65 66 67 68 69 70 71 72 73 74 75 76 77 78 79 80 81 82 83 84 85 86 87 88 89 90 91 92 93 94 95 96 97 98 99
0 17
0 22
0 37
0 55
0 81
1 11
1 16
1 51
1 78
1 89
1 94
1 96
2 36
2 66
3 31
3 32
3 39
3 52
3 63
4 15
4 17
4 28
4 30
4 47
4 58
4 71
4 75
5 37
6 12
7 23
7 25
7 28
7 56
7 70
7 72
8 25
8 53
8 74
8 77
9 33
9 37
9 42
9 54
9 60
9 79
10 13
10 34
10 45
10 47
10 54
10 83
10 91
10 99
11 25
11 28
11 56
11 57
11 62
11 64
11 88
11 90
11 91
12 55
12 74
12 75
12 90
13 19
13 78
13 86
14 18
14 48
14 51
14 56
14 69
14 87
15 23
15 93
15 94
16 24
16 25
16 69
16 78
16 96
17 21
17 35
17 53
17 66
17 68
17 94
18 19
18 28
18 34
18 50
18 62
18 95
19 29
19 39
19 44
19 88
19 89
20 32
20 42
20 65
20 92
21 36
21 65
22 26
22 32
22 59
22 66
23 58
23 71
23 75
23 87
23 96
24 32
24 74
24 81
24 87
25 52
25 61
25 78
26 45
26 69
27 55
27 84
27 98
28 33
28 46
28 57
28 70
28 88
29 76
30 79
31 81
32 77
32 90
33 40
33 65
33 96
34 75
34 86
35 37
35 65
35 71
36 38
36 72
36 83
37 52
37 77
37 81
37 82
37 85
38 42
38 85
38 93
39 44
39 57
40 52
40 69
40 74
40 76
40 82
40 90
40 98
41 70
42 53
42 78
43 51
43 55
43 83
43 90
44 53
44 83
44 93
45 67
45 70
45 72
45 81
45 97
46 96
47 51
47 92
48 55
48 94
48 99
49 57
49 72
49 79
50 99
51 69
51 96
52 56
52 63
52 68
52 89
54 58
54 86
55 77
56 78
56 83
56 96
57 60
57 64
57 71
57 76
58 67
59 92
59 95
60 89
60 93
60 99
61 79
62 78
64 77
64 87
65 74
65 81
65 87
66 72
67 74
67 84
68 85
68 89
69 75
69 97
70 75
70 81
71 90
72 94
73 85
75 88
76 84
76 90
76 96
78 85
78 86
78 95
79 94
79 96
80 83
81 91
81 92
82 96
83 96
84 86
84 99
85 93
86 90
87 88
93 96

1 1 0 0 1 0 1 0 1 1 1 1 0 1 0 0 0 0 0 1 0 1 1 1 1 1 1 0 1 1 1 1 1 0 1 0 0 0 0 0 0 0 1 1 0 1 1 0 1 1 0 0 1 1 0 0 1 0 0 0 0 1 0 1 0 0 0 1 1 1 1 1 1 0 1 0 1 1 1 1 1 0 0 0 1 0 0 1 0 0 1 0 0 0 1 0 1 0 0 0