100 949
0 1 2 3 4 5 6 7 8 9 10 11 12 13 14 15 16 17 18 19 20 21 22 23 24 25 26 27 28 29 30 31 32 33 34 35 36 37 38 39 40 41 42 43 44 45 46 47 48 49 50 51 52 53 54 55 56 57 58 59 60 61 62 63 64 65 66 67 68 69 70 71 72 73 74 75 76 77 78 79 80 81 82 83 84 85 86 87 88 89 90 91 92 93 94 95 96 97 98 99
0 3
0 7
0 9
0 10
0 23
0 33
0 34
0 51
0 56
0 58
0 63
0 64
0 77
0 82
0 84
0 88
0 90
0 94
0 97
1 8
1 12
1 14
1 15
1 17
1 26
1 30
1 33
1 36
1 42
1 46
1 47
1 49
1 52
1 55
1 58
1 71
1 76
1 82
1 96
1 98
2 7
2 8
2 22
2 23
2 31
2 39
2 43
2 46
2 49
2 54
2 58
2 63
2 64
2 71
2 76
2 81
2 85
2 87
2 92
2 98
3 24
3 31
3 32
3 37
3 40
3 45
3 50
3 55
3 60
3 71
3 72
3 75
3 91
4 5
4 11
4 12
4 23
4 41
4 45
4 46
4 50
4 54
4 55
4 69
4 79
4 81
4 82
4 86
4 90
4 91
4 95
5 7
5 17
5 19
5 21
5 46
5 50
5 68
5 78
5 79
5 82
5 83
5 89
6 11
6 13
6 14
6 19
6 25
6 27
6 31
6 41
6 42
6 45
6 46
6 47
6 48
6 54
6 57
6 63
6 66
6 69
6 73
6 82
6 99
7 8
7 10
7 12
7 14
7 15
7 17
7 18
7 26
7 28
7 42
7 45
7 51
7 59
7 62
7 67
7 68
7 69
7 74
7 77
7 85
7 89
7 93
7 98
8 14
8 16
8 18
8 24
8 32
8 38
8 43
8 56
8 62
8 64
8 69
8 71
8 75
8 80
8 82
8 86
8 87
8 90
8 97
8 98
9 10
9 12
9 20
9 22
9 37
9 39
9 42
9 54
9 58
9 68
9 69
9 71
9 77
9 85
9 86
9 88
9 94
10 16
10 21
10 24
10 25
10 28
10 29
10 36
10 39
10 43
10 62
10 68
10 75
10 85
10 87
10 88
10 93
10 96
11 12
11 19
11 29
11 37
11 41
11 47
11 52
11 56
11 58
11 59
11 61
11 63
11 79
11 90
12 16
12 20
12 21
12 22
12 23
12 32
12 36
12 37
12 53
12 57
12 68
12 70
12 78
12 79
12 82
12 83
12 84
12 92
13 17
13 20
13 24
13 32
13 34
13 36
13 61
13 63
13 69
13 70
13 72
13 86
13 88
13 98
13 99
14 18
14 20
14 36
14 40
14 47
14 51
14 69
14 74
14 78
14 79
14 80
14 84
14 85
14 86
14 87
14 88
14 91
14 93
14 94
15 19
15 38
15 41
15 43
15 51
15 54
15 57
15 62
15 69
15 76
15 79
15 88
15 89
15 92
15 94
15 97
15 98
16 19
16 26
16 34
16 45
16 46
16 48
16 51
16 56
16 64
16 70
16 72
16 77
16 79
16 80
16 87
16 88
16 96
16 98
17 24
17 27
17 29
17 37
17 42
17 44
17 62
17 65
17 66
17 67
17 73
17 74
17 77
17 80
17 81
17 85
17 87
17 92
18 25
18 29
18 33
18 43
18 51
18 59
18 64
18 77
18 81
18 83
18 87
18 95
18 96
18 99
19 22
19 35
19 36
19 39
19 40
19 42
19 45
19 46
19 47
19 53
19 54
19 56
19 61
19 64
19 66
19 70
19 72
19 89
19 90
19 92
19 99
20 24
20 32
20 33
20 37
20 38
20 44
20 48
20 58
20 63
20 67
20 69
20 70
20 76
20 79
20 80
20 82
20 87
20 89
20 91
21 29
21 31
21 37
21 43
21 45
21 46
21 47
21 54
21 56
21 75
21 78
22 27
22 29
22 36
22 38
22 40
22 43
22 46
22 54
22 57
22 63
22 66
22 67
22 69
22 79
22 80
22 82
22 91
22 99
23 30
23 38
23 40
23 41
23 43
23 50
23 53
23 62
23 68
23 80
23 82
23 93
23 96
24 27
24 28
24 31
24 53
24 58
24 80
24 82
24 88
24 89
24 90
24 92
24 94
24 97
24 99
25 29
25 31
25 32
25 38
25 49
25 62
25 63
25 73
25 75
25 90
26 27
26 30
26 32
26 34
26 35
26 36
26 43
26 45
26 50
26 51
26 53
26 54
26 55
26 62
26 64
26 66
26 67
26 73
26 74
26 81
26 87
26 91
26 97
27 29
27 30
27 33
27 37
27 46
27 50
27 52
27 57
27 61
27 65
27 66
27 77
27 78
27 80
27 83
27 90
27 93
27 94
27 98
28 48
28 51
28 63
28 72
28 77
28 80
28 88
28 96
29 30
29 43
29 45
29 62
29 70
29 74
29 75
29 82
29 88
29 97
29 99
30 32
30 38
30 43
30 44
30 55
30 59
30 69
30 76
30 79
30 80
30 81
30 90
30 91
30 94
31 34
31 40
31 44
31 46
31 57
31 65
31 70
31 74
31 78
31 82
31 93
31 94
31 97
32 35
32 40
32 42
32 43
32 53
32 54
32 57
32 58
32 67
32 73
32 81
32 89
32 90
32 92
32 93
32 94
32 97
32 98
33 39
33 41
33 42
33 44
33 54
33 62
33 65
33 68
33 71
33 94
34 39
34 43
34 45
34 56
34 58
34 68
34 76
34 82
34 88
34 90
34 93
35 37
35 42
35 43
35 49
35 56
35 60
35 65
35 68
35 72
35 80
35 82
35 94
35 98
36 39
36 42
36 48
36 57
36 60
36 64
36 65
36 66
36 94
36 97
37 39
37 41
37 43
37 49
37 52
37 54
37 55
37 60
37 74
37 81
37 87
37 88
37 98
38 39
38 40
38 48
38 61
38 62
38 64
38 71
38 74
38 87
38 92
39 43
39 47
39 50
39 77
39 80
39 89
39 90
39 93
39 96
39 98
40 45
40 47
40 55
40 56
40 60
40 71
40 90
41 51
41 62
41 64
41 66
41 72
41 80
41 81
41 85
41 89
41 90
41 92
41 94
41 97
42 43
42 44
42 45
42 49
42 63
42 70
42 76
42 81
42 83
42 86
42 88
42 92
43 44
43 57
43 69
43 72
43 75
43 82
43 88
43 99
44 57
44 61
44 62
44 66
44 70
44 72
44 75
44 87
44 91
44 96
44 98
45 48
45 57
45 59
45 62
45 63
45 70
45 73
45 80
45 82
45 87
45 99
46 49
46 50
46 55
46 59
46 61
46 65
46 71
46 76
46 87
47 52
47 53
47 55
47 63
47 75
47 80
47 83
47 91
48 54
48 56
48 58
48 60
48 62
48 64
48 90
48 93
49 52
49 53
49 58
49 65
49 75
49 76
49 81
49 91
49 93
49 97
50 57
50 75
50 79
50 87
50 90
50 95
50 98
50 99
51 54
51 55
51 62
51 69
51 75
51 76
51 83
51 90
51 93
51 95
52 56
52 61
52 62
52 64
52 69
52 72
52 76
52 84
52 87
52 95
52 98
53 60
53 67
53 70
53 74
53 78
53 80
53 82
54 64
54 67
54 70
54 73
54 81
54 89
54 93
55 61
55 67
55 72
55 75
55 83
55 85
55 87
55 90
56 60
56 65
56 83
56 91
56 92
57 60
57 62
57 66
57 67
57 78
57 82
57 83
57 84
57 87
57 88
57 98
58 60
58 62
58 72
58 73
58 76
58 78
58 82
58 85
58 92
58 98
59 60
59 62
59 64
59 72
59 73
59 80
59 85
59 87
59 88
59 93
60 62
60 73
60 75
60 79
60 83
60 85
60 88
60 89
60 90
60 94
60 99
61 69
61 70
61 80
61 81
61 83
61 88
62 69
62 78
62 83
62 84
62 85
62 88
62 92
62 95
62 96
63 68
63 73
63 76
63 82
63 83
63 92
63 95
63 96
63 99
64 70
64 77
64 83
64 89
64 90
64 92
65 82
65 84
65 85
65 87
65 94
66 79
66 82
66 87
66 94
66 95
66 98
67 70
67 72
67 78
67 82
67 98
68 70
68 72
68 73
68 84
68 94
68 98
69 70
69 86
69 95
69 97
70 82
70 86
70 91
70 95
70 97
71 77
71 82
71 86
71 99
72 79
72 80
72 81
72 85
72 87
72 89
72 96
73 79
73 83
73 86
73 94
73 96
73 98
74 76
74 77
74 84
74 85
74 94
74 95
75 86
75 88
75 91
75 95
75 98
75 99
76 80
77 78
77 81
77 90
77 91
77 97
77 98
78 79
78 84
78 86
78 93
79 82
79 90
80 87
80 89
80 95
81 95
81 96
82 84
82 85
82 93
82 99
83 92
84 87
84 88
84 89
84 99
85 86
85 90
85 92
87 93
88 95
89 91
89 94
89 96
90 91
90 99
91 97
92 97
92 98
93 98

1 0 1 1 1 1 0 0 0 1 1 1 1 1 0 0 0 0 0 0 1 1 0 1 1 0 1 1 0 0 1 1 1 0 0 0 1 1 0 0 1 0 0 0 0 0 0 0 0 0 1 0 1 0 0 0 0 0 1 1 1 1 1 1 1 0 1 1 0 0 1 1 0 1 0 1 1 1 0 1 1 1 1 1 1 1 0 0 0 1 1 0 0 1 0 0 0 1 0 0