150 2327
0 1 2 3 4 5 6 7 8 9 10 11 12 13 14 15 16 17 18 19 20 21 22 23 24 25 26 27 28 29 30 31 32 33 34 35 36 37 38 39 40 41 42 43 44 45 46 47 48 49 50 51 52 53 54 55 56 57 58 59 60 61 62 63 64 65 66 67 68 69 70 71 72 73 74 75 76 77 78 79 80 81 82 83 84 85 86 87 88 89 90 91 92 93 94 95 96 97 98 99 100 101 102 103 104 105 106 107 108 109 110 111 112 113 114 115 116 117 118 119 120 121 122 123 124 125 126 127 128 129 130 131 132 133 134 135 136 137 138 139 140 141 142 143 144 145 146 147 148 149
0 5
0 9
0 18
0 20
0 22
0 29
0 31
0 32
0 33
0 38
0 39
0 41
0 43
0 45
0 51
0 53
0 56
0 62
0 68
0 70
0 76
0 78
0 79
0 88
0 95
0 104
0 107
0 109
0 112
0 116
0 118
0 122
0 126
0 132
0 136
0 145
0 148
1 4
1 7
1 10
1 22
1 27
1 30
1 31
1 37
1 40
1 44
1 47
1 50
1 52
1 64
1 65
1 66
1 77
1 78
1 81
1 86
1 88
1 96
1 97
1 98
1 100
1 103
1 125
1 126
1 129
1 133
1 137
1 148
2 13
2 15
2 18
2 22
2 30
2 31
2 42
2 43
2 44
2 51
2 58
2 59
2 62
2 63
2 68
2 75
2 76
2 79
2 80
2 88
2 94
2 104
2 106
2 110
2 111
2 112
2 119
2 125
2 133
3 8
3 14
3 22
3 35
3 40
3 41
3 44
3 48
3 49
3 61
3 62
3 67
3 72
3 73
3 83
3 88
3 90
3 91
3 106
3 108
3 116
3 126
3 128
3 129
3 132
3 134
3 144
3 146
4 9
4 17
4 18
4 21
4 23
4 29
4 31
4 36
4 40
4 44
4 48
4 50
4 55
4 65
4 71
4 76
4 79
4 80
4 83
4 91
4 94
4 100
4 101
4 108
4 109
4 115
4 117
4 119
4 122
4 131
4 133
4 137
4 143
5 9
5 11
5 16
5 17
5 19
5 22
5 23
5 24
5 30
5 31
5 41
5 45
5 48
5 54
5 56
5 57
5 59
5 62
5 67
5 70
5 77
5 84
5 88
5 89
5 90
5 95
5 97
5 101
5 107
5 109
5 114
5 130
5 131
5 132
5 143
6 14
6 15
6 24
6 27
6 32
6 39
6 44
6 45
6 50
6 53
6 61
6 70
6 73
6 74
6 79
6 80
6 90
6 91
6 95
6 98
6 104
6 118
6 120
6 123
6 132
6 138
6 140
6 143
7 11
7 21
7 23
7 24
7 28
7 31
7 50
7 52
7 53
7 55
7 56
7 61
7 64
7 69
7 70
7 77
7 90
7 91
7 93
7 105
7 110
7 113
7 115
7 118
7 129
7 134
7 137
7 138
7 145
8 12
8 21
8 31
8 37
8 38
8 39
8 40
8 51
8 52
8 60
8 65
8 68
8 83
8 88
8 95
8 105
8 111
8 113
8 114
8 120
8 123
8 126
8 132
8 133
8 136
8 140
8 144
8 146
9 10
9 39
9 42
9 44
9 45
9 58
9 66
9 77
9 81
9 82
9 83
9 86
9 106
9 107
9 112
9 123
9 127
9 128
9 137
9 139
9 148
10 16
10 19
10 25
10 29
10 34
10 38
10 40
10 45
10 68
10 69
10 74
10 82
10 97
10 100
10 103
10 107
10 111
10 117
10 121
10 126
10 128
10 129
10 134
10 135
10 143
10 145
10 147
10 148
11 33
11 34
11 45
11 50
11 51
11 53
11 56
11 61
11 63
11 69
11 86
11 87
11 92
11 97
11 99
11 102
11 109
11 115
11 119
11 120
11 127
11 129
11 132
11 135
11 136
11 139
11 141
11 142
11 143
11 147
12 13
12 16
12 18
12 22
12 24
12 27
12 30
12 32
12 36
12 37
12 38
12 40
12 50
12 56
12 61
12 83
12 87
12 88
12 98
12 99
12 107
12 109
12 112
12 113
12 115
12 117
12 124
12 128
12 132
12 136
12 142
13 23
13 27
13 34
13 35
13 41
13 45
13 47
13 48
13 52
13 57
13 61
13 65
13 76
13 82
13 89
13 90
13 91
13 106
13 113
13 118
13 123
13 129
13 130
13 140
13 148
14 16
14 20
14 21
14 23
14 27
14 36
14 37
14 49
14 52
14 53
14 56
14 59
14 66
14 74
14 79
14 80
14 85
14 93
14 101
14 111
14 113
14 120
14 125
14 127
14 143
14 145
14 149
15 16
15 17
15 47
15 49
15 51
15 55
15 58
15 65
15 67
15 70
15 76
15 81
15 88
15 90
15 99
15 103
15 107
15 113
15 114
15 117
15 119
15 127
15 129
15 130
15 140
16 19
16 22
16 33
16 43
16 50
16 52
16 56
16 61
16 65
16 70
16 76
16 77
16 80
16 82
16 91
16 103
16 104
16 108
16 109
16 112
16 114
16 118
16 119
16 121
16 126
16 132
16 141
16 144
17 19
17 27
17 28
17 35
17 41
17 47
17 49
17 52
17 56
17 60
17 63
17 67
17 68
17 74
17 75
17 81
17 84
17 86
17 93
17 94
17 104
17 107
17 108
17 110
17 113
17 122
17 126
17 127
17 128
17 129
17 134
17 137
17 140
17 141
17 147
18 20
18 24
18 29
18 30
18 31
18 33
18 35
18 37
18 39
18 44
18 58
18 63
18 65
18 72
18 75
18 81
18 105
18 108
18 114
18 115
18 118
18 120
18 144
18 147
18 148
18 149
19 23
19 26
19 28
19 33
19 35
19 45
19 57
19 58
19 70
19 72
19 83
19 85
19 93
19 97
19 99
19 100
19 102
19 103
19 110
19 112
19 117
19 120
19 123
19 124
19 131
19 134
19 137
19 141
19 146
19 147
20 21
20 30
20 34
20 37
20 52
20 57
20 61
20 66
20 67
20 71
20 89
20 90
20 91
20 92
20 96
20 100
20 110
20 111
20 116
20 137
20 138
20 149
21 23
21 28
21 33
21 38
21 40
21 55
21 56
21 59
21 60
21 64
21 72
21 74
21 90
21 92
21 93
21 94
21 95
21 96
21 104
21 110
21 114
21 117
21 125
21 127
21 133
21 134
21 135
21 137
21 138
21 141
21 146
22 25
22 37
22 39
22 40
22 42
22 43
22 47
22 51
22 64
22 68
22 73
22 77
22 78
22 79
22 90
22 96
22 100
22 105
22 109
22 115
22 116
22 121
22 123
22 131
22 133
22 145
23 24
23 25
23 28
23 29
23 36
23 38
23 45
23 48
23 49
23 54
23 56
23 57
23 58
23 66
23 69
23 70
23 78
23 80
23 84
23 85
23 88
23 89
23 91
23 93
23 94
23 105
23 107
23 112
23 116
23 119
23 120
23 126
23 138
23 139
23 146
23 148
24 28
24 29
24 36
24 43
24 51
24 52
24 93
24 95
24 97
24 103
24 110
24 113
24 117
24 124
24 125
24 128
24 129
24 131
24 137
24 139
24 141
24 143
24 144
24 148
25 27
25 31
25 32
25 35
25 46
25 58
25 61
25 64
25 73
25 75
25 90
25 91
25 92
25 100
25 104
25 111
25 113
25 115
25 125
25 129
25 131
25 138
25 148
26 27
26 30
26 33
26 52
26 53
26 62
26 71
26 81
26 82
26 84
26 93
26 98
26 104
26 107
26 117
26 119
26 124
26 126
26 127
26 129
26 133
26 136
26 137
26 138
26 140
27 30
27 31
27 34
27 44
27 45
27 57
27 61
27 62
27 64
27 69
27 71
27 72
27 83
27 86
27 87
27 95
27 98
27 99
27 105
27 111
27 113
27 115
27 119
27 123
27 129
27 139
27 141
27 142
27 145
28 44
28 50
28 51
28 58
28 80
28 81
28 86
28 87
28 88
28 93
28 103
28 104
28 112
28 117
28 149
29 31
29 36
29 44
29 46
29 47
29 50
29 51
29 52
29 53
29 65
29 69
29 70
29 80
29 84
29 85
29 87
29 89
29 90
29 95
29 96
29 102
29 105
29 113
29 117
29 121
29 125
29 129
29 136
29 137
29 146
29 147
30 39
30 47
30 54
30 57
30 61
30 66
30 70
30 73
30 76
30 79
30 81
30 85
30 87
30 92
30 97
30 99
30 100
30 116
30 119
30 120
30 122
30 123
30 132
30 144
31 33
31 36
31 40
31 44
31 45
31 46
31 49
31 65
31 72
31 78
31 80
31 81
31 89
31 95
31 97
31 98
31 101
31 105
31 111
31 116
31 130
31 132
31 136
31 137
31 141
31 146
32 44
32 45
32 55
32 58
32 72
32 74
32 75
32 85
32 87
32 91
32 93
32 100
32 102
32 104
32 106
32 109
32 113
32 114
32 119
32 121
32 128
32 137
32 140
32 144
32 146
33 42
33 43
33 51
33 53
33 58
33 61
33 65
33 70
33 80
33 84
33 88
33 90
33 91
33 95
33 103
33 104
33 106
33 108
33 109
33 118
33 121
33 128
33 134
33 138
33 147
34 53
34 56
34 60
34 62
34 64
34 74
34 77
34 78
34 90
34 91
34 97
34 99
34 102
34 118
34 121
34 125
34 140
34 141
34 142
34 143
34 148
35 36
35 37
35 38
35 43
35 48
35 49
35 50
35 53
35 56
35 61
35 62
35 65
35 69
35 72
35 73
35 75
35 79
35 83
35 88
35 94
35 96
35 102
35 104
35 106
35 109
35 110
35 113
35 126
35 131
35 138
35 147
35 149
36 42
36 50
36 54
36 60
36 63
36 71
36 73
36 82
36 83
36 85
36 93
36 98
36 100
36 103
36 104
36 105
36 108
36 112
36 120
36 130
36 133
36 134
36 138
36 141
36 149
37 39
37 40
37 43
37 51
37 52
37 54
37 62
37 65
37 67
37 70
37 84
37 85
37 87
37 93
37 94
37 97
37 102
37 106
37 111
37 115
37 125
37 133
37 138
37 141
37 146
37 147
37 149
38 42
38 48
38 50
38 59
38 67
38 68
38 69
38 70
38 73
38 78
38 79
38 81
38 84
38 85
38 87
38 93
38 95
38 101
38 104
38 107
38 112
38 119
38 136
38 138
38 139
38 147
38 148
39 42
39 45
39 48
39 56
39 59
39 61
39 64
39 66
39 67
39 72
39 73
39 75
39 93
39 98
39 101
39 105
39 107
39 112
39 115
39 118
39 130
39 139
39 140
39 142
39 144
39 145
39 146
39 149
40 53
40 62
40 67
40 68
40 71
40 72
40 74
40 81
40 84
40 90
40 102
40 104
40 108
40 109
40 115
40 124
40 129
40 132
40 133
40 139
41 43
41 47
41 59
41 65
41 67
41 70
41 73
41 74
41 75
41 86
41 87
41 94
41 97
41 106
41 117
41 120
41 122
41 128
41 136
41 138
41 139
41 145
41 148
41 149
42 46
42 58
42 64
42 65
42 66
42 67
42 76
42 87
42 90
42 93
42 98
42 99
42 113
42 128
42 130
42 143
42 145
42 146
43 44
43 45
43 46
43 47
43 52
43 64
43 65
43 66
43 74
43 75
43 81
43 82
43 84
43 85
43 89
43 90
43 94
43 98
43 99
43 100
43 101
43 105
43 106
43 112
43 113
43 114
43 116
43 126
43 138
43 145
44 45
44 52
44 57
44 72
44 73
44 77
44 82
44 84
44 87
44 91
44 99
44 100
44 112
44 119
44 125
44 132
44 138
44 142
44 143
44 144
44 145
44 148
45 47
45 48
45 53
45 58
45 59
45 67
45 83
45 90
45 93
45 98
45 103
45 105
45 112
45 116
45 118
45 121
45 125
45 138
45 140
46 51
46 53
46 57
46 59
46 71
46 75
46 76
46 89
46 96
46 101
46 105
46 113
46 121
46 124
46 127
46 130
46 132
46 134
46 144
47 51
47 53
47 56
47 59
47 61
47 65
47 69
47 84
47 89
47 90
47 95
47 103
47 104
47 108
47 119
47 120
47 121
47 132
47 136
47 139
47 141
47 144
48 64
48 65
48 75
48 84
48 87
48 104
48 105
48 107
48 109
48 120
48 125
48 129
48 130
48 133
48 137
48 144
49 50
49 51
49 63
49 68
49 69
49 75
49 79
49 83
49 85
49 88
49 95
49 100
49 103
49 105
49 108
49 110
49 136
49 137
49 142
49 147
50 57
50 69
50 81
50 83
50 87
50 97
50 98
50 99
50 101
50 117
50 118
50 123
50 129
50 137
50 148
51 53
51 63
51 69
51 73
51 75
51 76
51 85
51 89
51 91
51 93
51 94
51 99
51 103
51 108
51 115
51 125
51 127
51 132
51 139
52 59
52 62
52 68
52 97
52 102
52 105
52 106
52 107
52 108
52 110
52 114
52 121
52 122
52 130
52 135
52 143
53 71
53 74
53 75
53 77
53 82
53 92
53 95
53 98
53 99
53 102
53 106
53 108
53 118
53 123
53 128
53 130
53 141
53 143
53 144
53 146
53 147
54 57
54 62
54 67
54 71
54 80
54 83
54 97
54 132
54 133
54 145
54 146
54 148
54 149
55 56
55 57
55 58
55 61
55 65
55 70
55 71
55 74
55 80
55 82
55 91
55 95
55 100
55 104
55 111
55 114
55 118
55 120
55 129
55 134
55 137
55 142
55 143
55 146
56 59
56 63
56 70
56 71
56 78
56 79
56 85
56 90
56 92
56 96
56 97
56 116
56 118
56 125
56 128
56 147
57 61
57 68
57 69
57 70
57 77
57 80
57 82
57 88
57 100
57 104
57 108
57 110
57 119
57 128
57 137
57 141
57 142
57 147
57 148
58 61
58 66
58 67
58 74
58 93
58 94
58 95
58 98
58 104
58 114
58 118
58 121
58 122
58 124
58 125
58 131
58 132
58 134
58 136
58 145
58 149
59 62
59 70
59 71
59 75
59 83
59 88
59 96
59 101
59 103
59 119
59 124
59 125
59 126
59 130
59 131
59 133
59 137
59 138
59 142
60 63
60 71
60 72
60 78
60 85
60 89
60 93
60 94
60 97
60 106
60 108
60 111
60 123
60 124
60 127
60 133
60 137
60 139
60 140
60 147
61 63
61 67
61 69
61 70
61 75
61 78
61 82
61 83
61 95
61 99
61 102
61 105
61 109
61 110
61 117
61 120
61 127
61 129
61 131
61 135
61 136
61 137
61 145
61 147
62 65
62 69
62 70
62 72
62 77
62 81
62 85
62 89
62 93
62 97
62 100
62 108
62 110
62 120
62 124
62 143
62 145
62 148
63 73
63 76
63 85
63 92
63 94
63 96
63 103
63 105
63 108
63 121
63 122
63 128
63 133
63 134
63 137
63 139
63 140
64 66
64 67
64 71
64 84
64 88
64 93
64 96
64 106
64 108
64 110
64 113
64 116
64 118
64 119
64 122
64 125
64 126
64 129
64 136
64 141
64 143
64 148
64 149
65 66
65 67
65 71
65 73
65 74
65 78
65 80
65 81
65 86
65 88
65 96
65 113
65 116
65 134
65 136
65 138
65 147
66 70
66 77
66 80
66 86
66 87
66 94
66 98
66 112
66 116
66 119
66 121
66 125
66 130
66 136
66 147
67 68
67 69
67 71
67 72
67 87
67 91
67 94
67 97
67 99
67 100
67 113
67 117
67 125
67 134
67 143
67 146
68 70
68 71
68 75
68 77
68 95
68 101
68 105
68 106
68 117
68 119
68 120
68 121
68 126
68 149
69 78
69 87
69 89
69 90
69 95
69 97
69 98
69 101
69 102
69 110
69 114
69 116
69 117
69 118
69 121
69 122
69 125
69 126
69 127
69 134
69 139
69 144
69 145
69 146
69 147
69 149
70 79
70 85
70 92
70 95
70 119
70 121
70 122
70 126
70 130
70 131
70 134
70 136
70 138
70 145
70 148
71 72
71 74
71 83
71 86
71 87
71 92
71 101
71 112
71 121
71 125
71 130
71 131
71 135
71 136
72 84
72 88
72 90
72 94
72 99
72 104
72 107
72 113
72 122
72 125
72 137
72 138
72 140
72 143
72 146
72 147
73 78
73 89
73 99
73 101
73 102
73 110
73 118
73 120
73 121
73 123
73 127
73 130
73 136
73 146
74 77
74 78
74 80
74 84
74 85
74 86
74 97
74 99
74 100
74 102
74 103
74 121
74 141
74 142
74 147
74 148
75 82
75 84
75 87
75 89
75 90
75 92
75 95
75 99
75 103
75 109
75 113
75 119
75 126
75 140
75 143
75 149
76 80
76 81
76 86
76 87
76 88
76 89
76 94
76 106
76 113
76 115
76 123
76 132
76 149
77 79
77 81
77 82
77 85
77 88
77 91
77 99
77 102
77 103
77 104
77 113
77 115
77 119
77 121
77 138
77 140
77 142
77 143
78 79
78 82
78 95
78 97
78 107
78 116
78 119
78 121
78 126
78 127
78 129
78 132
78 140
78 144
78 145
78 146
79 90
79 102
79 103
79 113
79 117
79 127
79 129
79 130
79 132
79 133
79 134
79 135
79 139
79 145
80 85
80 90
80 95
80 97
80 111
80 118
80 120
80 121
80 123
80 133
80 147
81 88
81 90
81 98
81 99
81 100
81 102
81 104
81 106
81 107
81 109
81 118
81 122
81 131
81 139
81 145
81 148
82 86
82 91
82 108
82 113
82 119
82 126
82 127
82 133
82 134
82 136
82 138
82 146
82 147
83 93
83 107
83 109
83 112
83 121
83 125
83 138
83 140
84 95
84 97
84 102
84 103
84 105
84 109
84 120
84 121
84 137
84 142
84 144
84 145
84 149
85 87
85 93
85 104
85 106
85 107
85 116
85 117
85 138
85 141
85 142
85 145
85 147
86 90
86 115
86 116
86 121
86 123
86 127
86 128
86 131
86 137
86 139
86 140
86 143
86 145
86 148
87 92
87 93
87 96
87 97
87 109
87 118
87 123
87 139
87 148
87 149
88 89
88 95
88 97
88 104
88 108
88 111
88 112
88 122
88 128
88 129
88 134
88 140
88 141
88 145
88 149
89 101
89 103
89 108
89 110
89 111
89 116
89 117
89 123
89 129
89 134
89 136
89 138
89 145
89 148
90 97
90 98
90 101
90 104
90 109
90 115
90 116
90 118
90 119
90 123
90 126
90 130
90 133
90 138
90 139
90 140
90 147
91 93
91 100
91 103
91 108
91 116
91 122
91 125
91 126
91 130
91 141
92 97
92 110
92 112
92 114
92 116
92 120
92 126
92 132
92 137
92 142
92 143
92 145
92 148
93 94
93 96
93 105
93 121
93 122
93 123
93 125
93 126
93 130
93 136
93 141
94 103
94 108
94 109
94 114
94 127
94 133
94 141
94 148
95 96
95 100
95 102
95 109
95 110
95 112
95 118
95 122
95 126
95 127
95 132
95 135
95 143
96 103
96 106
96 111
96 112
96 115
96 116
96 126
96 137
96 139
96 144
97 99
97 100
97 102
97 105
97 108
97 110
97 112
97 133
97 142
97 144
97 147
98 108
98 110
98 115
98 125
98 126
98 127
98 128
98 129
98 143
98 148
98 149
99 105
99 106
99 108
99 114
99 125
99 126
99 130
99 133
99 134
99 139
99 145
99 146
99 147
99 148
100 103
100 112
100 113
100 120
100 128
100 138
100 144
100 147
100 148
101 108
101 109
101 123
101 132
101 134
101 137
101 141
101 144
101 145
101 146
101 147
102 103
102 135
102 140
102 146
103 118
103 121
103 130
103 132
103 133
103 138
103 139
103 144
104 125
104 126
104 130
104 131
104 135
104 138
104 141
104 143
104 146
104 149
105 119
105 120
105 127
105 134
105 139
105 145
106 122
106 128
106 132
106 133
106 135
106 140
106 148
107 108
107 110
107 112
107 120
107 122
107 127
107 130
107 131
107 133
107 137
107 141
107 147
108 118
108 127
108 130
108 131
108 135
109 117
109 121
109 129
109 137
109 139
109 141
109 143
110 113
110 118
110 119
110 122
110 132
110 136
110 149
111 113
111 114
111 117
111 122
111 125
111 130
111 137
111 140
111 144
112 116
112 120
112 124
112 125
112 128
112 129
112 130
112 135
112 139
112 142
112 143
112 147
112 148
113 116
113 124
113 128
113 133
113 137
113 139
114 120
114 122
114 124
114 128
114 129
114 130
114 131
114 145
114 146
114 148
115 121
115 122
115 125
115 127
115 132
115 141
116 117
116 118
116 119
116 123
116 125
116 133
116 134
116 135
116 141
116 143
117 121
117 122
117 130
117 142
118 121
118 123
118 126
118 137
118 142
118 144
118 146
119 122
119 125
119 134
119 136
119 140
119 141
119 144
120 143
121 122
121 131
121 135
121 138
121 139
121 141
121 142
122 124
122 125
122 128
122 143
122 146
123 130
123 131
123 134
123 137
123 141
123 146
123 149
124 128
124 129
124 135
124 136
124 139
124 142
125 126
125 136
125 137
125 146
126 137
126 139
126 142
127 136
127 138
127 144
127 147
127 148
128 130
128 137
128 141
128 142
129 133
129 139
129 142
129 147
130 142
130 143
130 145
130 147
131 133
131 135
131 138
132 134
132 136
132 139
132 146
133 135
133 140
134 139
134 144
135 136
135 139
135 142
135 149
136 137
136 138
136 141
136 145
136 147
137 146
138 139
138 147
139 140
139 149
140 144
141 143
141 144
141 147
141 148
144 149
145 148
146 148

0 0 0 0 0 0 1 0 0 0 0 1 0 1 0 0 1 1 1 0 1 1 1 0 0 1 1 1 0 1 1 0 1 0 1 0 1 1 1 1 1 1 0 0 0 1 0 1 0 1 0 1 1 0 1 0 1 0 0 1 1 1 1 1 0 1 1 0 0 0 1 0 1 0 0 1 0 1 0 1 1 0 0 0 0 0 0 1 1 1 1 0 1 1 1 0 1 0 1 0 0 0 0 0 1 0 1 0 0 0 0 1 0 0 1 0 1 1 1 1 0 1 1 0 1 1 0 1 1 1 0 1 0 1 0 1 1 0 0 1 0 1 1 0 0 0 1 0 0 1