100 44
0 1 2 3 4 5 6 7 8 9 10 11 12 13 14 15 16 17 18 19 20 21 22 23 24 25 26 27 28 29 30 31 32 33 34 35 36 37 38 39 40 41 42 43 44 45 46 47 48 49 50 51 52 53 54 55 56 57 58 59 60 61 62 63 64 65 66 67 68 69 70 71 72 73 74 75 76 77 78 79 80 81 82 83 84 85 86 87 88 89 90 91 92 93 94 95 96 97 98 99
0 25
1 97
2 33
4 23
5 8
6 75
7 53
9 26
9 35
9 50
10 59
11 81
15 63
16 27
17 46
18 62
18 73
18 78
22 63
23 78
26 70
29 45
29 62
31 32
31 68
32 39
33 56
37 76
37 92
37 99
39 43
46 65
49 82
53 95
61 68
61 90
62 78
63 81
66 71
70 72
71 76
72 80
80 93
90 97

1 1 1 0 1 1 0 0 1 0 1 0 0 1 0 1 0 0 1 1 1 0 1 0 0 1 0 0 0 0 1 0 1 1 0 1 1 1 1 0 0 1 0 0 1 0 0 1 1 1 1 1 0 1 0 0 1 1 0 1 0 0 1 1 0 0 1 0 0 1 0 0 0 0 0 0 1 0 1 1 1 0 1 0 0 1 1 1 1 1 1 0 0 0 0 1 1 0 0 1