250 1604
0 1 2 3 4 5 6 7 8 9 10 11 12 13 14 15 16 17 18 19 20 21 22 23 24 25 26 27 28 29 30 31 32 33 34 35 36 37 38 39 40 41 42 43 44 45 46 47 48 49 50 51 52 53 54 55 56 57 58 59 60 61 62 63 64 65 66 67 68 69 70 71 72 73 74 75 76 77 78 79 80 81 82 83 84 85 86 87 88 89 90 91 92 93 94 95 96 97 98 99 100 101 102 103 104 105 106 107 108 109 110 111 112 113 114 115 116 117 118 119 120 121 122 123 124 125 126 127 128 129 130 131 132 133 134 135 136 137 138 139 140 141 142 143 144 145 146 147 148 149 150 151 152 153 154 155 156 157 158 159 160 161 162 163 164 165 166 167 168 169 170 171 172 173 174 175 176 177 178 179 180 181 182 183 184 185 186 187 188 189 190 191 192 193 194 195 196 197 198 199 200 201 202 203 204 205 206 207 208 209 210 211 212 213 214 215 216 217 218 219 220 221 222 223 224 225 226 227 228 229 230 231 232 233 234 235 236 237 238 239 240 241 242 243 244 245 246 247 248 249
0 26
0 65
0 104
0 107
0 115
0 133
0 190
0 206
0 214
0 224
0 229
0 240
0 244
1 48
1 55
1 59
1 69
1 79
1 107
1 110
1 118
1 142
1 191
1 192
1 204
1 206
1 214
2 16
2 76
2 97
2 132
2 144
2 158
2 187
2 199
2 241
3 46
3 59
3 84
3 103
3 131
3 160
3 195
3 199
3 217
3 233
3 242
4 7
4 34
4 37
4 53
4 75
4 105
4 119
4 133
4 142
4 174
4 195
4 198
4 200
5 23
5 37
5 40
5 53
5 105
5 106
5 107
5 126
5 149
5 168
5 178
5 190
5 220
5 232
5 246
6 27
6 48
6 75
6 170
6 194
7 15
7 58
7 65
7 78
7 97
7 123
7 157
7 160
7 166
7 176
7 202
7 206
7 218
7 222
8 21
8 22
8 28
8 40
8 42
8 63
8 73
8 79
8 89
8 126
8 173
8 220
9 27
9 60
9 97
9 101
9 141
9 144
9 167
9 209
9 217
9 240
9 248
10 41
10 103
10 111
10 118
10 123
10 135
10 151
10 152
10 164
10 170
10 181
10 188
10 200
10 215
10 216
10 217
10 248
11 15
11 24
11 28
11 29
11 77
11 82
11 95
11 100
11 101
11 141
11 184
11 200
11 246
12 36
12 52
12 55
12 121
12 122
12 149
12 190
12 196
12 205
12 234
13 14
13 25
13 40
13 45
13 93
13 98
13 109
13 110
13 245
14 20
14 25
14 34
14 89
14 99
14 104
14 149
14 158
14 166
14 214
14 234
15 30
15 37
15 39
15 45
15 46
15 72
15 87
15 89
15 100
15 108
15 114
15 125
15 173
15 195
15 198
15 204
15 214
15 244
16 21
16 43
16 57
16 76
16 85
16 93
16 96
16 98
16 130
16 173
16 212
16 213
16 241
16 242
17 35
17 64
17 70
17 82
17 84
17 89
17 179
17 185
17 230
17 242
17 245
17 247
18 22
18 25
18 31
18 34
18 38
18 82
18 108
18 109
18 114
18 122
18 135
18 178
18 186
18 232
18 243
19 39
19 43
19 96
19 97
19 124
19 135
19 184
19 199
19 214
19 238
19 239
19 248
20 26
20 51
20 58
20 66
20 73
20 76
20 82
20 95
20 118
20 123
20 150
20 156
20 169
20 170
20 182
20 230
21 23
21 40
21 64
21 67
21 70
21 125
21 133
21 141
21 147
21 156
21 160
21 181
21 190
21 195
21 197
21 199
21 204
22 42
22 56
22 78
22 84
22 117
22 155
22 156
22 173
22 180
22 188
22 219
23 43
23 69
23 77
23 117
23 124
23 141
23 157
24 34
24 50
24 63
24 71
24 78
24 114
24 119
24 130
24 143
24 174
24 180
24 207
24 231
24 236
25 26
25 69
25 74
25 75
25 100
25 102
25 103
25 127
25 138
25 155
25 163
25 185
25 195
25 202
25 234
26 34
26 84
26 137
26 167
26 209
26 222
26 225
26 243
26 246
27 37
27 70
27 75
27 99
27 102
27 114
27 152
27 169
27 187
27 219
27 227
27 229
28 35
28 43
28 57
28 81
28 87
28 117
28 126
28 138
28 145
28 159
28 182
28 204
28 217
29 30
29 44
29 81
29 89
29 91
29 93
29 132
29 135
29 148
29 150
29 155
29 173
29 174
29 180
29 185
29 248
30 33
30 44
30 51
30 52
30 53
30 66
30 73
30 105
30 106
30 156
30 203
30 204
30 239
31 43
31 67
31 75
31 80
31 186
31 216
31 222
31 225
32 39
32 59
32 76
32 103
32 140
32 185
32 230
33 60
33 83
33 91
33 94
33 99
33 107
33 122
33 135
33 175
33 180
33 198
33 204
33 207
33 209
33 227
33 241
34 84
34 91
34 104
34 128
34 157
34 178
34 193
34 223
34 234
35 45
35 58
35 60
35 62
35 87
35 100
35 134
35 147
35 207
35 213
35 222
35 228
35 229
35 248
36 57
36 70
36 71
36 82
36 92
36 109
36 114
36 116
36 141
36 175
36 181
36 198
37 66
37 119
37 121
37 171
37 175
37 198
37 216
37 245
38 70
38 129
38 143
38 169
38 174
38 186
38 197
38 199
38 210
38 211
38 215
39 48
39 81
39 90
39 118
39 132
39 153
39 174
39 178
39 237
40 43
40 49
40 86
40 91
40 119
40 120
40 149
40 171
40 174
40 183
40 199
40 200
40 207
40 208
40 237
40 239
40 249
41 61
41 88
41 91
41 94
41 98
41 115
41 127
41 128
41 129
41 132
41 136
41 151
41 156
41 159
41 164
41 174
41 191
41 196
41 224
41 246
42 44
42 48
42 54
42 66
42 88
42 99
42 112
42 166
42 206
43 71
43 73
43 94
43 107
43 129
43 167
43 185
43 188
43 214
43 234
43 243
44 53
44 74
44 83
44 99
44 114
44 139
44 146
44 162
44 208
44 237
45 55
45 62
45 63
45 67
45 70
45 92
45 98
45 128
45 141
45 172
45 175
45 181
45 192
45 215
46 48
46 59
46 81
46 104
46 106
46 109
46 129
46 151
46 153
46 168
46 179
46 182
46 194
46 217
46 229
46 237
47 67
47 69
47 74
47 98
47 112
47 143
47 223
47 230
48 52
48 57
48 64
48 82
48 84
48 92
48 125
48 215
49 59
49 67
49 78
49 128
49 152
49 158
49 202
49 224
49 235
49 244
50 55
50 113
50 159
50 201
50 204
50 211
50 228
50 233
50 237
51 61
51 69
51 93
51 125
51 154
51 161
51 162
51 178
51 195
51 210
51 220
51 243
52 54
52 71
52 81
52 84
52 95
52 97
52 108
52 117
52 162
52 177
52 181
52 217
52 230
52 242
53 56
53 70
53 88
53 95
53 138
53 155
53 157
53 172
53 182
53 201
53 220
53 227
54 63
54 85
54 87
54 88
54 97
54 107
54 111
54 139
54 151
54 152
54 219
55 62
55 64
55 68
55 69
55 94
55 101
55 130
55 132
55 162
55 175
55 181
55 202
55 206
55 216
55 242
55 246
56 62
56 111
56 158
56 168
56 184
56 205
56 237
57 58
57 69
57 70
57 100
57 123
57 124
57 129
57 137
57 242
58 104
58 149
58 151
58 194
58 198
58 228
58 234
58 239
58 248
59 95
59 109
59 133
59 136
59 179
59 188
59 201
59 232
60 61
60 78
60 89
60 98
60 127
60 143
60 206
60 217
60 239
61 63
61 124
61 171
61 174
61 180
61 181
61 191
61 211
61 238
61 248
62 64
62 78
62 93
62 124
62 125
62 135
62 140
62 158
62 162
62 183
62 199
62 207
62 240
62 243
62 247
63 81
63 104
63 113
63 119
63 143
63 154
63 173
63 193
63 198
63 218
63 219
63 233
64 71
64 136
64 137
64 150
64 157
64 159
64 166
64 168
64 172
64 216
64 222
64 236
65 87
65 94
65 122
65 137
65 174
65 179
65 212
65 217
65 236
65 239
66 71
66 97
66 108
66 121
66 134
66 136
66 139
66 228
67 76
67 79
67 110
67 112
67 160
67 169
67 201
67 213
67 236
67 249
68 112
68 121
68 149
68 163
68 188
68 197
68 233
69 93
69 96
69 138
69 160
69 161
69 188
69 211
69 239
69 249
70 114
70 121
70 129
70 147
70 163
70 169
70 173
70 174
70 195
70 197
70 199
71 91
71 127
71 129
71 133
71 138
71 141
71 153
71 168
71 190
71 227
71 235
71 241
71 245
72 77
72 93
72 95
72 145
72 163
72 168
72 193
72 194
72 198
72 234
72 242
73 80
73 81
73 86
73 115
73 162
73 168
73 184
73 194
73 200
73 207
73 221
73 241
74 79
74 130
74 147
74 203
74 220
74 235
75 77
75 100
75 112
75 121
75 131
75 174
75 179
75 183
75 210
75 241
76 151
76 201
77 118
77 129
77 137
77 143
77 199
77 203
77 216
78 80
78 98
78 120
78 142
78 163
78 188
78 190
78 194
78 230
78 242
79 93
79 133
79 146
79 150
79 169
79 194
80 82
80 91
80 100
80 143
80 175
80 204
80 237
80 242
80 243
81 99
81 120
81 123
81 139
81 143
81 215
81 218
81 222
81 223
82 107
82 201
82 206
82 221
82 248
83 114
83 123
83 124
83 126
83 130
83 139
83 180
83 193
83 201
83 228
83 234
83 235
83 237
84 114
84 135
84 136
84 148
84 153
84 173
84 177
84 185
84 205
84 214
84 215
84 220
85 95
85 166
85 187
85 195
85 201
85 205
85 206
85 213
85 216
85 227
86 89
86 128
86 146
86 148
86 150
86 151
86 159
86 200
86 211
87 139
87 151
87 171
87 180
87 182
87 195
87 196
87 216
88 119
88 122
88 126
88 194
88 204
88 208
88 210
89 103
89 105
89 124
89 144
89 153
89 178
89 183
89 186
89 195
89 234
90 94
90 100
90 119
90 137
90 162
90 163
90 192
90 196
90 197
90 198
90 214
90 234
90 236
91 168
91 204
91 205
91 207
91 212
91 242
92 111
92 183
92 224
92 248
93 136
93 156
93 158
93 166
93 218
94 95
94 111
94 129
94 134
94 144
94 156
94 161
94 209
94 220
94 230
95 100
95 150
95 174
95 182
95 190
96 113
96 135
96 154
96 166
96 227
96 243
96 246
97 101
97 105
97 134
97 163
97 181
97 197
98 131
98 160
98 178
98 190
98 199
98 200
99 120
99 158
99 195
99 242
100 128
100 140
100 142
100 151
100 189
100 200
100 207
100 210
100 235
100 248
101 134
101 151
101 154
101 198
101 209
101 210
101 211
101 223
101 231
101 233
102 122
102 129
102 135
102 143
102 145
102 149
102 167
102 172
102 196
102 212
102 238
103 109
103 122
103 127
103 129
103 179
103 187
103 196
103 223
103 224
103 226
104 141
104 146
104 155
104 227
104 231
105 108
105 119
105 179
105 245
106 116
106 154
106 170
106 173
106 230
107 153
107 175
107 185
107 186
107 195
107 242
108 116
108 123
108 132
108 148
108 171
108 173
108 176
108 206
108 249
109 124
109 171
109 173
109 193
109 200
109 223
109 225
109 228
109 248
110 156
110 164
110 185
110 204
110 244
111 115
111 141
111 165
111 166
111 183
111 194
111 212
111 221
112 115
112 186
112 232
112 249
113 137
113 139
113 145
113 147
113 225
113 229
113 245
114 115
114 139
114 174
114 180
114 192
114 207
114 221
114 224
114 226
114 234
114 238
114 247
115 116
115 141
115 147
115 182
115 194
115 204
115 225
116 177
116 193
116 228
117 119
117 121
117 131
117 150
117 164
117 169
117 172
117 186
117 188
117 189
117 190
117 192
117 201
117 211
117 248
118 123
118 129
118 138
118 215
119 150
119 182
119 213
119 230
120 154
120 161
120 165
120 167
120 182
120 192
120 198
120 235
120 237
120 241
120 249
121 127
121 130
121 173
121 174
121 206
121 243
121 244
121 249
122 150
122 169
122 189
122 213
123 124
123 209
123 212
123 230
124 204
125 154
125 156
125 162
125 189
125 243
126 130
126 151
126 185
127 133
127 144
127 147
127 165
127 186
127 220
127 240
127 246
127 248
128 143
128 152
128 162
128 170
128 185
128 194
128 210
128 217
128 220
128 246
129 192
129 208
129 210
129 214
129 220
130 157
130 160
130 192
130 194
130 247
131 199
131 218
131 242
132 134
132 162
132 197
132 201
132 214
132 249
133 147
133 158
133 190
133 232
133 235
133 246
134 215
134 222
134 247
135 150
135 157
135 159
135 178
135 199
135 206
135 226
135 233
136 151
136 175
136 197
136 205
136 219
136 228
136 230
136 246
137 149
137 178
137 192
137 201
137 221
138 157
138 162
138 180
138 197
138 213
139 142
139 151
139 166
139 170
139 201
139 209
139 239
140 163
141 152
141 165
141 175
141 177
141 200
141 205
141 210
141 226
141 237
141 244
142 212
142 213
142 217
143 215
143 243
144 164
144 176
144 196
144 205
145 169
145 171
145 172
145 186
145 243
146 175
146 211
146 217
146 229
146 246
147 151
147 154
147 171
147 194
147 198
148 187
148 237
148 245
149 152
149 157
149 166
149 169
150 186
150 197
151 175
151 179
151 180
151 191
151 193
151 197
151 213
152 238
153 155
153 156
153 211
153 216
153 223
154 175
154 182
154 234
154 240
155 162
155 165
155 175
156 164
156 216
156 226
156 228
157 195
157 218
157 223
157 225
157 239
158 170
158 209
158 249
159 161
159 166
159 170
159 173
159 181
159 192
159 198
159 221
159 226
160 163
160 166
160 170
160 177
160 209
160 214
160 218
161 188
161 194
161 198
161 200
162 171
162 172
162 178
162 208
162 220
162 225
162 249
163 167
163 177
163 197
163 211
163 229
164 177
164 248
165 197
165 239
166 168
166 197
166 214
166 220
166 227
166 232
166 241
166 249
167 170
167 204
167 210
167 247
167 248
168 220
168 238
168 246
169 181
169 197
169 198
169 200
169 227
169 228
169 231
170 174
170 182
171 192
171 202
171 219
171 225
171 234
172 199
172 200
172 227
172 249
173 191
173 201
173 204
173 218
173 219
173 242
174 186
174 220
175 205
175 244
176 189
176 222
177 224
177 232
178 197
178 198
178 225
179 198
179 208
179 229
179 235
179 238
179 247
180 201
180 231
180 249
181 198
181 210
181 230
181 233
181 240
183 193
184 193
184 228
184 236
185 204
185 244
186 200
186 212
186 247
187 210
187 231
189 205
189 207
189 232
190 202
190 213
190 222
191 198
191 247
192 209
192 225
193 194
193 225
194 218
194 235
195 234
196 219
196 227
196 245
197 214
197 240
198 201
198 223
199 230
200 224
201 231
203 224
203 236
203 246
204 206
204 217
204 236
205 225
205 236
206 235
208 221
208 223
208 236
209 219
210 221
210 228
211 213
211 217
211 238
212 218
212 240
213 248
214 216
214 218
214 219
215 227
216 243
216 246
217 241
218 224
218 232
219 225
219 241
220 238
221 233
221 247
222 233
222 239
223 227
224 229
226 240
226 249
227 234
227 241
227 247
228 241
229 233
230 248
231 237
232 234
232 237
232 249
233 236
233 238
234 247
235 247
236 240
236 241
236 245
236 249
237 245
240 243
241 246
241 247
242 245

0 1 1 0 0 0 1 0 0 0 1 1 0 1 0 1 1 1 0 0 1 1 0 0 1 1 0 0 0 0 0 0 0 0 0 0 1 1 1 0 0 1 0 1 1 0 1 0 0 1 1 0 0 1 1 1 1 0 0 1 1 1 1 1 0 1 1 0 0 1 1 1 1 1 1 0 0 0 0 1 0 1 0 1 0 0 0 1 1 0 0 0 0 1 1 0 0 1 1 1 0 0 0 1 0 1 1 1 1 1 1 1 0 1 1 1 1 0 1 1 0 0 1 1 0 1 0 0 1 0 0 1 1 1 1 0 1 1 0 0 0 0 1 1 0 1 0 0 1 1 0 1 1 0 1 0 0 1 0 0 0 0 0 0 0 0 1 0 1 0 0 0 0 1 1 1 0 1 0 1 1 0 0 0 0 1 1 1 0 0 1 0 0 0 0 1 0 0 0 0 0 1 1 1 1 0 0 1 1 1 0 1 1 1 0 0 1 1 1 0 1 1 0 0 1 1 1 0 0 1 1 1 1 1 1 1 0 1 1 1 0 0 0 0 1 0 1 0 0 0