100 1004
0 1 2 3 4 5 6 7 8 9 10 11 12 13 14 15 16 17 18 19 20 21 22 23 24 25 26 27 28 29 30 31 32 33 34 35 36 37 38 39 40 41 42 43 44 45 46 47 48 49 50 51 52 53 54 55 56 57 58 59 60 61 62 63 64 65 66 67 68 69 70 71 72 73 74 75 76 77 78 79 80 81 82 83 84 85 86 87 88 89 90 91 92 93 94 95 96 97 98 99
0 2
0 3
0 10
0 14
0 20
0 31
0 33
0 39
0 47
0 74
0 84
0 86
0 90
0 95
1 3
1 13
1 30
1 33
1 40
1 41
1 43
1 44
1 45
1 48
1 72
1 74
1 79
1 86
2 6
2 9
2 16
2 20
2 24
2 30
2 37
2 39
2 44
2 49
2 52
2 57
2 59
2 62
2 65
2 68
2 69
2 82
2 90
2 95
2 98
2 99
3 9
3 11
3 12
3 13
3 14
3 23
3 25
3 31
3 39
3 41
3 50
3 51
3 57
3 68
3 69
3 70
3 74
3 78
3 87
3 90
3 93
3 97
4 10
4 13
4 16
4 17
4 22
4 23
4 28
4 35
4 46
4 53
4 54
4 62
4 71
4 75
4 79
4 85
4 90
5 8
5 13
5 23
5 27
5 28
5 36
5 37
5 38
5 39
5 56
5 57
5 71
5 89
5 95
5 96
5 97
6 9
6 11
6 12
6 30
6 41
6 49
6 50
6 52
6 53
6 54
6 58
6 69
6 80
6 82
6 99
7 11
7 17
7 18
7 22
7 24
7 25
7 26
7 33
7 36
7 37
7 40
7 41
7 59
7 61
7 63
7 75
7 78
7 80
7 83
7 85
7 89
7 95
7 97
8 10
8 21
8 22
8 32
8 43
8 51
8 55
8 65
8 66
8 73
8 76
8 77
8 79
8 81
8 84
8 88
8 91
8 93
8 99
9 10
9 13
9 16
9 18
9 25
9 30
9 33
9 37
9 39
9 43
9 45
9 47
9 56
9 71
9 82
9 83
9 90
10 13
10 19
10 24
10 30
10 34
10 39
10 40
10 41
10 42
10 54
10 55
10 66
10 74
10 76
10 90
10 91
10 95
11 29
11 32
11 34
11 35
11 36
11 40
11 47
11 48
11 52
11 55
11 56
11 60
11 63
11 76
11 80
11 82
11 86
11 95
11 97
12 14
12 20
12 22
12 25
12 30
12 33
12 38
12 41
12 43
12 44
12 49
12 50
12 51
12 66
12 76
12 78
12 84
12 88
12 90
12 93
12 94
12 95
12 99
13 28
13 46
13 53
13 72
13 85
13 91
13 92
13 93
13 95
13 96
13 97
13 98
14 15
14 17
14 18
14 25
14 28
14 37
14 43
14 52
14 53
14 54
14 55
14 57
14 58
14 62
14 63
14 70
14 77
14 84
14 86
15 16
15 17
15 25
15 27
15 29
15 30
15 33
15 34
15 36
15 39
15 47
15 56
15 57
15 59
15 62
15 64
15 68
15 78
15 82
15 84
15 86
15 93
15 97
15 99
16 18
16 31
16 35
16 49
16 59
16 65
16 68
16 78
16 88
16 89
16 90
16 94
16 96
16 99
17 23
17 28
17 31
17 40
17 58
17 63
17 66
17 68
17 71
17 75
17 78
17 81
17 91
18 19
18 21
18 39
18 41
18 49
18 51
18 59
18 65
18 67
18 68
18 70
18 71
18 72
18 74
18 78
18 81
18 83
18 85
18 88
18 90
18 92
18 95
19 20
19 21
19 22
19 26
19 53
19 58
19 60
19 64
19 68
19 70
19 73
19 74
19 79
19 94
20 24
20 29
20 30
20 35
20 43
20 47
20 60
20 66
20 69
20 72
20 74
20 76
20 77
20 78
20 86
20 91
20 94
21 24
21 33
21 36
21 37
21 39
21 43
21 44
21 72
21 75
21 92
21 94
22 24
22 25
22 27
22 40
22 54
22 55
22 57
22 63
22 67
22 70
22 73
22 76
22 80
22 90
22 97
22 99
23 28
23 31
23 38
23 39
23 49
23 54
23 60
23 64
23 65
23 67
23 69
23 71
23 73
23 83
23 86
23 93
23 95
24 34
24 38
24 40
24 44
24 51
24 56
24 67
24 73
24 75
24 80
24 91
24 92
25 27
25 28
25 31
25 32
25 37
25 44
25 45
25 46
25 48
25 58
25 65
25 69
25 70
25 71
25 72
25 75
25 76
25 89
25 92
25 93
25 98
25 99
26 27
26 31
26 38
26 41
26 42
26 43
26 82
26 84
26 90
26 93
26 95
26 97
26 98
26 99
27 31
27 32
27 33
27 38
27 40
27 49
27 54
27 56
27 62
27 70
27 72
27 80
27 83
27 85
27 89
27 91
27 95
28 46
28 51
28 59
28 63
28 68
28 72
28 80
28 84
28 88
28 91
28 97
29 31
29 35
29 38
29 39
29 40
29 47
29 53
29 60
29 65
29 69
29 75
29 77
29 82
29 98
30 36
30 39
30 42
30 43
30 50
30 51
30 63
30 64
30 66
30 67
30 70
30 86
30 92
30 93
31 43
31 61
31 65
31 66
31 68
31 71
31 77
31 81
31 82
31 88
31 93
31 94
31 95
32 34
32 41
32 42
32 46
32 71
32 76
32 87
32 89
32 92
32 95
32 99
33 42
33 59
33 63
33 66
33 70
33 71
33 74
33 76
33 77
33 78
33 84
33 87
33 88
33 91
34 39
34 42
34 43
34 44
34 56
34 62
34 70
34 76
34 92
34 93
34 99
35 37
35 53
35 58
35 65
35 66
35 70
35 72
35 84
35 90
35 92
35 93
35 96
35 97
36 39
36 50
36 63
36 65
36 67
36 68
36 70
36 73
36 76
36 81
36 83
36 89
36 95
36 96
37 40
37 46
37 68
37 69
37 74
37 78
37 79
37 83
37 84
37 88
37 92
37 93
37 99
38 39
38 50
38 52
38 54
38 61
38 74
38 75
38 78
38 82
38 84
38 88
38 95
38 96
38 98
38 99
39 50
39 57
39 65
39 71
39 72
39 75
39 81
39 82
39 89
39 92
39 99
40 41
40 65
40 69
40 73
40 81
40 84
40 92
40 94
41 43
41 46
41 48
41 56
41 59
41 66
41 71
41 73
41 92
41 95
41 98
42 53
42 62
42 63
42 64
42 67
42 82
42 92
42 95
42 96
42 97
42 99
43 47
43 53
43 61
43 65
43 66
43 67
43 73
43 77
43 78
43 80
43 83
43 88
43 90
43 91
43 95
43 98
44 51
44 54
44 58
44 67
44 70
44 74
44 77
44 79
44 88
44 91
44 92
44 97
45 46
45 50
45 51
45 54
45 62
45 66
45 73
45 77
45 78
45 80
45 81
45 88
45 93
45 98
46 48
46 54
46 71
46 72
46 73
46 77
46 82
46 85
46 87
46 95
46 97
47 67
47 69
47 71
47 73
47 74
47 98
48 57
48 59
48 67
48 68
48 73
48 77
48 88
48 96
48 98
49 50
49 54
49 55
49 57
49 67
49 70
49 71
49 74
49 86
49 88
49 95
49 96
50 57
50 70
50 73
50 77
50 78
50 83
50 84
50 95
50 96
51 61
51 66
51 67
51 71
51 72
51 73
51 74
51 78
51 81
51 90
51 93
52 55
52 74
52 75
52 81
52 82
52 83
52 87
52 88
52 99
53 57
53 59
53 60
53 61
53 70
53 74
53 81
53 87
53 89
53 93
54 63
54 65
54 66
54 69
54 71
54 77
54 81
54 85
54 90
54 93
54 94
54 96
55 60
55 61
55 63
55 65
55 66
55 68
55 71
55 75
55 84
55 99
56 62
56 63
56 71
56 78
56 87
56 91
56 92
56 99
57 58
57 61
57 64
57 67
57 68
57 75
57 90
57 99
58 82
58 88
58 99
59 69
59 79
59 87
59 88
59 91
59 99
60 62
60 73
60 74
60 78
60 81
60 83
60 84
60 89
60 90
60 93
61 65
61 68
61 79
61 80
61 85
61 89
61 92
61 94
62 67
62 77
62 79
62 84
62 88
62 93
62 96
63 67
63 71
63 74
63 92
64 68
64 71
64 78
64 80
64 83
64 87
64 95
64 96
65 68
65 69
65 75
65 78
65 80
65 84
65 91
65 93
65 96
66 68
66 69
66 70
66 71
66 76
66 79
66 86
66 89
66 93
66 95
67 72
67 73
67 79
67 80
67 83
67 97
68 73
68 78
68 80
68 83
68 94
69 76
69 77
69 85
69 91
69 97
70 78
70 83
70 85
70 90
70 91
70 96
70 98
71 73
71 79
71 84
71 85
71 87
71 89
71 92
71 95
71 98
72 73
72 79
72 83
72 88
72 90
73 75
73 86
73 87
73 95
73 99
74 78
74 79
74 88
74 96
74 97
75 80
75 84
75 89
75 92
75 99
76 82
76 84
76 87
76 89
76 96
76 99
77 79
77 87
77 93
77 99
78 79
78 86
78 87
78 89
78 91
79 81
79 83
79 92
80 88
80 90
80 93
80 98
81 82
81 84
81 85
81 86
81 87
81 95
81 97
81 98
82 89
82 92
83 86
83 92
83 98
83 99
84 86
84 92
84 99
85 97
86 87
86 89
86 98
87 89
87 91
87 93
88 89
88 90
88 94
89 94
89 96
89 97
90 93
90 97
91 93
91 95
91 96
91 97
92 96
93 94
94 96
95 98
96 97
97 98

0 0 1 1 0 1 0 0 0 0 0 1 0 1 1 0 0 1 0 0 1 0 0 1 0 1 1 1 0 0 1 0 0 1 0 1 1 0 1 0 0 1 1 1 1 0 0 1 0 1 1 1 0 0 1 0 1 0 0 1 0 0 1 0 1 0 1 0 1 1 0 0 1 0 1 0 1 1 0 1 1 0 1 1 1 0 0 0 1 0 1 1 1 0 0 0 1 1 1 1