30 213
0 1 2 3 4 5 6 7 8 9 10 11 12 13 14 15 16 17 18 19 20 21 22 23 24 25 26 27 28 29
0 1
0 4
0 5
0 6
0 7
0 9
0 10
0 12
0 16
0 19
0 20
0 28
1 2
1 5
1 6
1 7
1 8
1 13
1 16
1 18
1 19
1 20
1 21
1 22
1 23
1 24
1 25
2 6
2 7
2 8
2 9
2 13
2 14
2 15
2 16
2 17
2 21
2 23
3 5
3 6
3 7
3 11
3 12
3 13
3 16
3 19
3 21
3 22
3 23
3 26
3 29
4 6
4 7
4 9
4 11
4 12
4 14
4 16
4 18
4 19
4 21
4 23
4 27
5 6
5 8
5 9
5 10
5 13
5 14
5 18
5 19
5 22
5 24
5 26
5 27
5 28
5 29
6 8
6 10
6 11
6 13
6 14
6 15
6 16
6 18
6 21
6 22
6 24
6 25
6 27
7 8
7 9
7 10
7 16
7 18
7 22
7 23
7 24
7 25
7 28
8 11
8 13
8 16
8 17
8 20
8 22
8 24
8 26
8 27
8 28
8 29
9 10
9 11
9 12
9 13
9 14
9 19
9 21
9 22
9 24
9 25
9 27
10 11
10 14
10 16
10 17
10 21
10 22
10 24
10 26
10 28
11 12
11 13
11 15
11 16
11 17
11 18
11 20
11 21
11 22
11 23
11 24
11 25
12 16
12 18
12 21
12 22
12 23
12 25
12 28
12 29
13 16
13 20
13 24
13 25
13 26
13 27
14 15
14 16
14 19
14 20
14 24
14 25
14 26
14 27
14 29
15 16
15 17
15 21
15 22
15 25
15 26
15 27
16 18
16 19
16 20
16 23
16 26
17 18
17 19
17 21
17 23
17 25
17 26
17 27
17 28
17 29
18 22
18 24
18 28
19 20
19 22
19 25
19 29
20 21
20 22
20 23
20 25
20 29
21 22
21 24
21 27
21 28
22 24
22 28
22 29
23 25
23 27
23 28
24 26
25 27
26 29
27 28

1 0 0 0 1 0 0 1 0 0 1 1 0 1 0 1 1 1 1 0 1 1 0 1 1 0 0 1 0 0