20 101
0 1 2 3 4 5 6 7 8 9 10 11 12 13 14 15 16 17 18 19
0 4
0 6
0 7
0 8
0 9
0 12
0 13
0 14
0 15
0 16
0 17
0 18
0 19
1 2
1 6
1 7
1 8
1 12
1 13
1 14
1 17
2 4
2 6
2 7
2 9
2 10
2 14
2 15
2 16
2 17
2 18
3 4
3 8
3 9
3 11
3 14
3 15
3 16
3 19
4 5
4 6
4 7
4 8
4 13
4 17
4 18
5 9
5 11
5 12
5 14
5 15
5 18
5 19
6 8
6 10
6 11
6 12
6 14
6 15
6 16
6 17
6 18
7 8
7 12
7 14
7 15
7 18
7 19
8 12
8 14
9 12
9 14
9 16
9 18
10 11
10 12
10 14
10 15
10 18
10 19
11 12
11 13
11 17
11 18
12 14
12 18
13 14
13 15
13 16
13 17
13 18
14 15
14 16
14 18
14 19
15 18
16 17
16 19
17 18
17 19
18 19

1 0 1 0 0 0 1 0 0 1 1 0 1 1 1 0 1 0 0 1