200 949
0 1 2 3 4 5 6 7 8 9 10 11 12 13 14 15 16 17 18 19 20 21 22 23 24 25 26 27 28 29 30 31 32 33 34 35 36 37 38 39 40 41 42 43 44 45 46 47 48 49 50 51 52 53 54 55 56 57 58 59 60 61 62 63 64 65 66 67 68 69 70 71 72 73 74 75 76 77 78 79 80 81 82 83 84 85 86 87 88 89 90 91 92 93 94 95 96 97 98 99 100 101 102 103 104 105 106 107 108 109 110 111 112 113 114 115 116 117 118 119 120 121 122 123 124 125 126 127 128 129 130 131 132 133 134 135 136 137 138 139 140 141 142 143 144 145 146 147 148 149 150 151 152 153 154 155 156 157 158 159 160 161 162 163 164 165 166 167 168 169 170 171 172 173 174 175 176 177 178 179 180 181 182 183 184 185 186 187 188 189 190 191 192 193 194 195 196 197 198 199
0 26
0 45
0 51
0 86
0 150
0 165
0 172
0 181
1 12
1 140
1 143
2 10
2 26
2 44
2 99
2 107
2 141
2 149
2 156
2 170
3 4
3 32
3 37
3 66
3 73
3 91
3 97
3 141
3 145
3 150
3 166
4 25
4 62
4 75
4 83
4 94
4 99
4 106
4 114
4 129
4 144
4 148
4 156
5 74
5 78
5 94
5 145
5 161
5 183
5 185
6 14
6 23
6 29
6 42
6 80
6 85
6 121
6 122
6 124
6 140
6 174
6 189
6 191
7 30
7 31
7 34
7 76
7 78
7 97
7 112
7 113
7 124
7 188
8 61
8 77
8 97
8 108
8 112
8 128
8 148
8 174
8 198
9 16
9 27
9 59
9 134
9 135
9 142
9 181
9 183
10 12
10 23
10 41
10 43
10 67
10 74
10 121
10 170
10 171
11 31
11 37
11 66
11 128
11 146
11 150
11 151
11 195
12 18
12 26
12 29
12 77
12 88
12 99
12 115
12 119
12 120
12 155
12 171
13 55
13 61
13 66
13 70
13 72
13 102
13 158
13 163
14 26
14 34
14 58
14 90
14 91
14 95
14 129
14 150
14 177
15 20
15 22
15 24
15 48
15 103
15 109
15 114
15 135
15 189
15 192
16 35
16 38
16 40
16 73
16 75
16 78
16 124
16 138
16 171
16 186
16 198
17 92
17 112
17 135
17 166
18 25
18 36
18 56
18 59
18 81
18 143
18 166
18 196
19 39
19 46
19 48
19 53
19 81
19 82
19 109
19 155
19 166
19 169
19 175
19 184
19 192
20 59
20 122
20 128
20 170
20 180
21 25
21 36
21 56
21 62
21 71
21 75
21 94
21 109
21 125
21 148
21 155
21 166
21 186
22 37
22 71
22 77
22 139
22 179
22 184
22 191
23 31
23 47
23 49
23 55
23 60
23 84
23 85
23 138
23 174
24 53
24 56
24 67
24 88
24 132
24 135
24 146
24 154
24 163
24 180
24 189
24 193
24 194
25 53
25 75
25 114
25 127
25 133
25 179
25 182
26 29
26 73
26 94
26 97
26 135
26 150
26 154
27 39
27 40
27 41
27 57
27 70
27 92
27 98
27 105
27 139
27 151
27 163
27 186
27 192
28 82
28 90
28 107
28 127
28 139
28 185
29 61
29 76
29 149
29 151
29 177
29 198
30 66
30 111
30 116
30 137
30 147
30 154
30 160
30 164
30 171
30 180
30 183
30 193
31 44
31 90
31 105
31 121
31 134
31 142
31 155
31 166
32 33
32 37
32 46
32 92
32 148
32 175
32 176
32 193
33 67
33 95
33 98
33 120
33 144
33 161
33 165
33 169
33 176
34 57
34 75
34 78
34 84
34 93
34 115
34 130
35 74
35 109
35 123
35 131
35 139
35 143
35 186
35 199
36 57
36 99
36 118
36 119
36 159
36 192
37 40
37 77
37 78
37 94
37 126
37 176
37 197
38 51
38 57
38 63
38 95
38 107
38 136
38 148
38 164
38 180
39 46
39 54
39 65
39 85
39 90
39 192
40 42
40 72
40 107
40 151
40 165
41 92
41 120
41 123
41 140
41 160
42 56
42 57
42 93
42 136
42 170
43 59
43 99
43 120
43 130
43 140
43 146
43 186
43 192
44 92
44 100
44 125
44 134
44 136
44 198
45 56
45 74
45 94
45 125
45 186
45 199
46 67
46 84
46 128
46 160
46 170
46 178
46 192
46 194
47 56
47 78
47 95
47 102
47 118
47 141
47 146
47 148
47 182
48 55
48 92
48 96
48 180
48 190
49 57
49 119
49 127
49 134
49 154
49 196
49 198
50 118
50 154
50 169
50 170
50 174
50 194
51 68
51 96
51 100
51 101
51 102
51 124
51 128
51 131
51 134
51 143
51 149
51 177
51 191
51 199
52 65
52 92
52 124
52 146
52 153
53 58
53 70
53 84
53 113
53 118
53 125
53 132
53 145
53 170
53 182
54 80
54 102
54 177
55 57
55 84
55 105
55 145
55 161
55 170
55 189
56 81
56 133
56 165
56 191
57 61
57 90
57 111
57 129
57 142
57 146
57 160
57 163
58 89
58 107
58 113
58 117
58 181
58 198
59 61
59 73
59 79
59 85
59 107
59 127
59 160
59 173
59 181
60 77
60 93
60 97
60 108
60 112
60 115
60 146
60 195
61 66
61 142
61 152
61 176
62 69
62 84
62 110
62 155
62 156
63 92
63 124
63 137
63 141
63 179
63 193
64 97
64 112
64 138
64 148
64 168
65 132
66 77
66 92
66 121
66 138
67 70
67 72
67 94
67 104
67 105
67 113
67 133
67 162
67 169
67 178
67 187
67 196
68 161
68 167
68 171
68 175
68 195
69 197
70 139
70 155
70 157
70 179
70 190
71 131
71 147
71 163
71 171
71 177
71 183
71 192
71 195
72 182
72 187
73 77
73 89
73 113
73 146
73 162
74 104
74 117
75 99
75 109
75 127
75 140
75 157
76 86
76 116
76 139
76 142
76 157
76 166
77 83
77 106
77 119
77 166
78 89
78 181
78 182
78 195
79 94
80 85
80 160
80 177
80 195
81 85
81 122
81 174
81 176
82 91
82 131
82 144
82 182
82 197
83 99
83 153
83 154
83 166
83 167
83 195
84 104
84 105
84 127
84 177
84 199
85 102
85 122
85 132
85 142
85 164
85 176
85 184
85 190
85 196
86 113
86 130
86 139
86 152
86 159
86 169
87 92
87 107
87 120
87 136
87 143
87 149
87 163
87 172
87 181
87 192
88 90
88 100
88 105
88 137
88 142
88 151
88 152
88 163
88 166
88 174
88 179
88 188
88 198
89 119
89 125
89 126
89 127
89 130
89 138
89 141
89 167
89 168
89 182
90 97
90 114
90 125
90 136
90 177
91 93
91 94
91 96
91 166
91 192
92 136
92 140
92 146
92 155
92 174
92 182
92 187
93 96
93 120
93 121
93 122
93 129
93 131
93 143
93 144
93 154
93 174
94 111
94 159
95 113
95 116
95 131
95 168
95 176
95 192
95 196
95 197
95 198
95 199
96 121
96 164
96 196
97 167
98 133
98 144
98 189
99 114
99 144
99 162
99 180
99 186
99 194
100 110
100 133
100 152
100 154
100 159
100 160
100 165
100 185
101 110
101 111
101 118
101 121
101 148
101 151
101 181
102 109
102 127
102 151
102 157
102 178
102 187
103 108
103 116
103 135
103 187
103 195
104 107
104 135
104 142
104 184
105 113
105 120
105 147
106 132
106 149
106 150
106 153
106 161
106 162
106 171
106 177
106 178
106 190
106 197
107 116
107 137
107 140
107 182
108 149
108 158
108 197
109 161
109 166
110 139
110 156
110 159
110 168
110 179
111 114
111 117
111 124
111 125
111 155
111 168
111 197
112 139
113 164
113 198
115 151
115 162
115 164
116 117
116 152
116 161
116 163
117 179
118 125
118 129
118 137
118 175
118 194
119 126
119 164
119 166
120 136
120 190
120 195
121 128
121 164
121 180
121 185
121 196
122 128
122 149
122 157
122 165
122 170
122 193
123 131
123 134
123 154
123 161
123 180
124 136
124 151
125 130
125 131
125 143
125 149
126 136
126 158
126 168
126 175
127 167
127 198
128 133
128 155
128 182
129 130
129 151
129 167
129 178
129 193
129 194
130 156
130 161
130 163
130 165
130 173
130 195
131 154
132 137
132 147
132 169
132 187
132 194
133 136
133 169
133 180
134 181
134 189
134 192
134 197
135 147
135 156
135 164
135 176
135 196
135 198
136 182
136 186
136 198
136 199
137 152
137 182
137 198
138 182
138 190
139 168
139 170
139 175
140 168
140 171
140 174
141 157
141 172
141 180
142 168
143 149
143 157
143 161
143 177
144 154
144 175
145 160
145 176
146 183
147 148
147 158
147 165
147 177
148 152
148 162
148 176
148 180
149 182
150 175
150 198
152 181
153 168
154 180
155 166
155 184
155 192
155 195
155 196
156 157
156 174
156 183
156 184
156 191
156 193
157 185
157 199
158 172
158 173
158 174
158 199
159 173
159 179
159 184
159 193
160 173
160 176
160 183
160 187
160 190
160 191
161 187
161 195
161 197
162 192
163 168
164 196
165 166
165 175
165 181
166 170
169 197
170 179
172 177
172 178
172 190
175 194
176 187
176 189
177 182
177 191
177 199
178 189
179 199
180 183
181 182
185 190
185 199
187 188
187 197
190 195
195 196

0 0 0 1 0 0 1 0 0 0 0 1 0 1 0 1 0 0 1 0 0 1 1 1 1 0 0 1 1 1 1 1 0 0 1 0 0 0 0 1 0 0 0 1 1 1 1 0 1 1 1 0 0 1 0 0 1 1 1 1 0 1 1 1 1 1 0 1 0 0 0 0 1 1 1 0 0 1 1 1 0 0 1 1 1 0 0 0 0 0 1 0 1 0 0 1 1 1 0 1 0 0 1 1 0 0 0 1 1 0 0 1 0 0 0 1 0 0 0 1 1 1 1 1 0 1 0 0 0 1 0 1 1 1 1 1 0 0 1 0 0 1 0 1 0 1 1 1 0 0 0 1 1 1 0 0 0 1 0 0 1 1 0 0 0 0 1 0 1 1 1 0 1 1 0 0 1 1 1 1 1 0 0 1 1 1 1 0 0 0 0 1 0 0 0 0 1 1 1 1