200 213
0 1 2 3 4 5 6 7 8 9 10 11 12 13 14 15 16 17 18 19 20 21 22 23 24 25 26 27 28 29 30 31 32 33 34 35 36 37 38 39 40 41 42 43 44 45 46 47 48 49 50 51 52 53 54 55 56 57 58 59 60 61 62 63 64 65 66 67 68 69 70 71 72 73 74 75 76 77 78 79 80 81 82 83 84 85 86 87 88 89 90 91 92 93 94 95 96 97 98 99 100 101 102 103 104 105 106 107 108 109 110 111 112 113 114 115 116 117 118 119 120 121 122 123 124 125 126 127 128 129 130 131 132 133 134 135 136 137 138 139 140 141 142 143 144 145 146 147 148 149 150 151 152 153 154 155 156 157 158 159 160 161 162 163 164 165 166 167 168 169 170 171 172 173 174 175 176 177 178 179 180 181 182 183 184 185 186 187 188 189 190 191 192 193 194 195 196 197 198 199
0 8
0 67
0 171
1 110
1 174
2 63
2 83
2 151
3 64
3 169
4 143
4 181
5 162
5 172
6 52
7 153
7 176
7 185
8 36
8 42
8 190
9 143
10 167
10 187
11 141
12 62
12 80
12 130
14 148
14 160
15 98
15 150
15 178
16 29
16 113
16 148
17 83
17 132
17 159
18 37
18 82
18 165
19 70
19 86
20 128
20 153
20 190
21 148
21 188
22 102
22 190
23 100
23 180
23 195
24 137
25 52
25 112
25 130
25 147
25 169
26 76
26 120
28 37
28 143
28 160
30 63
30 104
30 176
31 68
32 166
33 67
34 63
34 95
35 55
35 98
35 166
36 174
37 63
38 59
38 195
40 58
40 65
40 179
42 84
43 77
43 101
43 107
43 138
43 144
43 180
44 169
46 61
46 172
47 114
48 59
48 92
48 142
48 170
49 62
50 54
53 115
53 183
54 99
54 108
54 109
54 110
54 139
54 193
55 66
55 144
55 149
56 116
56 197
57 145
61 130
62 93
62 189
63 145
65 190
66 95
67 142
68 198
72 73
72 114
72 125
73 77
73 122
74 134
74 147
77 87
77 129
77 179
77 184
79 83
79 132
80 86
80 87
80 176
81 112
81 155
81 187
82 83
82 112
82 132
82 177
83 94
83 119
85 155
88 108
88 131
88 187
89 102
89 104
89 161
90 95
90 197
91 176
91 181
91 194
94 169
96 192
97 122
98 180
99 171
100 111
100 179
102 123
102 159
103 117
107 191
107 195
108 172
109 135
110 191
111 170
112 114
112 195
114 179
115 163
117 168
117 174
118 160
118 176
119 154
120 181
121 195
126 155
126 173
132 192
134 191
135 160
137 155
138 154
138 158
139 185
141 175
142 175
143 160
144 183
145 159
152 171
152 198
156 195
158 184
158 187
163 169
163 192
164 190
170 197
177 197
178 191
179 188
191 199

0 1 1 0 0 1 0 1 1 0 1 1 1 0 1 1 1 1 0 1 0 0 0 0 0 0 0 0 1 1 1 1 1 0 0 1 1 0 0 1 1 0 1 1 1 1 0 0 0 1 0 0 0 0 0 1 1 0 1 1 0 0 0 1 0 0 1 0 0 0 1 1 0 1 1 0 1 1 0 0 1 1 0 1 0 0 1 0 1 1 1 0 0 0 1 0 0 1 0 1 1 1 1 1 1 1 1 0 1 1 1 1 1 0 1 1 0 1 1 1 0 1 1 0 0 1 0 1 1 0 0 0 1 0 1 1 1 0 1 0 0 1 0 0 0 0 0 0 1 0 1 0 0 1 1 0 1 0 0 0 1 0 1 0 0 0 0 0 0 0 1 0 1 1 1 1 1 0 1 1 0 1 0 0 1 1 0 1 1 0 0 0 1 1 1 0 0 0 0 0