200 9937
0 1 2 3 4 5 6 7 8 9 10 11 12 13 14 15 16 17 18 19 20 21 22 23 24 25 26 27 28 29 30 31 32 33 34 35 36 37 38 39 40 41 42 43 44 45 46 47 48 49 50 51 52 53 54 55 56 57 58 59 60 61 62 63 64 65 66 67 68 69 70 71 72 73 74 75 76 77 78 79 80 81 82 83 84 85 86 87 88 89 90 91 92 93 94 95 96 97 98 99 100 101 102 103 104 105 106 107 108 109 110 111 112 113 114 115 116 117 118 119 120 121 122 123 124 125 126 127 128 129 130 131 132 133 134 135 136 137 138 139 140 141 142 143 144 145 146 147 148 149 150 151 152 153 154 155 156 157 158 159 160 161 162 163 164 165 166 167 168 169 170 171 172 173 174 175 176 177 178 179 180 181 182 183 184 185 186 187 188 189 190 191 192 193 194 195 196 197 198 199
0 1
0 2
0 4
0 5
0 9
0 12
0 14
0 17
0 18
0 19
0 23
0 25
0 26
0 27
0 34
0 36
0 39
0 43
0 45
0 49
0 51
0 54
0 56
0 57
0 58
0 59
0 60
0 61
0 62
0 66
0 67
0 68
0 69
0 70
0 71
0 72
0 73
0 75
0 76
0 78
0 81
0 82
0 85
0 88
0 89
0 91
0 92
0 93
0 96
0 97
0 98
0 100
0 101
0 102
0 104
0 109
0 110
0 112
0 115
0 117
0 118
0 119
0 120
0 122
0 125
0 126
0 127
0 128
0 130
0 131
0 132
0 136
0 137
0 138
0 140
0 141
0 142
0 143
0 148
0 149
0 153
0 154
0 158
0 160
0 161
0 162
0 164
0 165
0 166
0 167
0 169
0 170
0 171
0 173
0 174
0 176
0 181
0 182
0 183
0 185
0 186
0 187
0 190
0 192
0 198
0 199
1 3
1 13
1 14
1 17
1 18
1 20
1 24
1 25
1 26
1 28
1 29
1 30
1 32
1 34
1 37
1 38
1 39
1 41
1 42
1 43
1 44
1 45
1 47
1 49
1 51
1 53
1 55
1 56
1 57
1 59
1 60
1 61
1 63
1 64
1 66
1 67
1 69
1 72
1 73
1 75
1 76
1 77
1 78
1 79
1 80
1 81
1 83
1 87
1 92
1 93
1 96
1 98
1 101
1 102
1 103
1 104
1 105
1 107
1 111
1 113
1 114
1 118
1 120
1 122
1 123
1 125
1 127
1 128
1 133
1 134
1 137
1 139
1 140
1 143
1 146
1 148
1 149
1 151
1 153
1 155
1 160
1 161
1 166
1 169
1 170
1 173
1 174
1 175
1 178
1 182
1 183
1 184
1 186
1 187
1 189
1 198
1 199
2 8
2 9
2 12
2 13
2 17
2 18
2 19
2 20
2 23
2 25
2 28
2 30
2 39
2 44
2 45
2 49
2 50
2 52
2 53
2 55
2 56
2 58
2 59
2 62
2 65
2 66
2 67
2 68
2 69
2 71
2 72
2 73
2 77
2 80
2 82
2 83
2 84
2 85
2 86
2 87
2 89
2 91
2 94
2 97
2 102
2 103
2 105
2 106
2 108
2 111
2 112
2 114
2 115
2 116
2 117
2 118
2 119
2 121
2 124
2 125
2 126
2 127
2 128
2 129
2 131
2 132
2 134
2 139
2 140
2 141
2 142
2 144
2 145
2 149
2 150
2 151
2 152
2 154
2 155
2 158
2 159
2 161
2 164
2 167
2 169
2 171
2 172
2 174
2 176
2 177
2 179
2 180
2 184
2 185
2 186
2 187
2 188
2 190
2 193
2 197
2 198
2 199
3 6
3 9
3 10
3 11
3 13
3 16
3 17
3 18
3 19
3 21
3 22
3 24
3 25
3 26
3 27
3 28
3 29
3 30
3 31
3 33
3 35
3 37
3 38
3 39
3 42
3 46
3 48
3 49
3 50
3 52
3 53
3 56
3 57
3 59
3 60
3 64
3 66
3 68
3 72
3 73
3 76
3 77
3 79
3 84
3 85
3 89
3 90
3 92
3 93
3 94
3 95
3 96
3 97
3 99
3 103
3 104
3 105
3 106
3 107
3 108
3 109
3 112
3 114
3 116
3 121
3 125
3 130
3 134
3 136
3 137
3 141
3 144
3 147
3 151
3 152
3 154
3 157
3 158
3 159
3 160
3 162
3 163
3 165
3 167
3 168
3 169
3 171
3 172
3 176
3 179
3 181
3 182
3 187
3 190
3 194
3 195
3 198
4 6
4 7
4 9
4 10
4 11
4 12
4 13
4 14
4 15
4 17
4 19
4 20
4 21
4 22
4 23
4 24
4 25
4 28
4 29
4 30
4 32
4 35
4 36
4 38
4 39
4 40
4 41
4 42
4 43
4 44
4 47
4 48
4 49
4 51
4 52
4 53
4 55
4 57
4 59
4 60
4 61
4 66
4 68
4 71
4 72
4 74
4 75
4 79
4 81
4 82
4 86
4 89
4 90
4 91
4 92
4 93
4 95
4 96
4 97
4 98
4 103
4 104
4 106
4 108
4 109
4 112
4 114
4 115
4 116
4 117
4 119
4 120
4 121
4 122
4 127
4 128
4 129
4 130
4 132
4 137
4 141
4 142
4 143
4 145
4 148
4 149
4 155
4 156
4 157
4 158
4 162
4 164
4 165
4 166
4 167
4 168
4 170
4 171
4 174
4 175
4 176
4 177
4 181
4 186
4 188
4 190
4 191
4 192
4 194
4 197
4 198
4 199
5 9
5 10
5 11
5 13
5 15
5 19
5 22
5 24
5 25
5 26
5 28
5 31
5 34
5 35
5 37
5 42
5 49
5 51
5 52
5 54
5 55
5 56
5 60
5 61
5 63
5 68
5 72
5 73
5 75
5 76
5 77
5 80
5 82
5 83
5 89
5 92
5 95
5 96
5 97
5 98
5 99
5 100
5 101
5 103
5 105
5 106
5 107
5 108
5 109
5 110
5 115
5 116
5 118
5 119
5 120
5 125
5 126
5 127
5 128
5 132
5 135
5 136
5 138
5 139
5 141
5 142
5 145
5 146
5 147
5 148
5 150
5 153
5 157
5 159
5 161
5 162
5 163
5 168
5 170
5 173
5 174
5 178
5 179
5 182
5 183
5 184
5 186
5 187
5 188
5 189
5 191
5 192
5 193
6 7
6 8
6 9
6 12
6 13
6 15
6 16
6 19
6 20
6 22
6 23
6 24
6 25
6 27
6 28
6 31
6 32
6 35
6 36
6 38
6 41
6 47
6 48
6 52
6 55
6 57
6 63
6 64
6 65
6 66
6 67
6 68
6 70
6 76
6 79
6 80
6 83
6 85
6 88
6 92
6 93
6 95
6 96
6 99
6 100
6 101
6 102
6 104
6 105
6 107
6 108
6 110
6 120
6 122
6 124
6 126
6 128
6 131
6 135
6 136
6 137
6 143
6 144
6 145
6 148
6 149
6 150
6 151
6 153
6 161
6 162
6 165
6 168
6 173
6 177
6 179
6 184
6 185
6 186
6 187
6 189
6 190
6 192
6 194
6 195
6 198
7 10
7 11
7 12
7 14
7 21
7 24
7 25
7 29
7 32
7 34
7 38
7 40
7 44
7 45
7 46
7 47
7 51
7 52
7 53
7 54
7 56
7 59
7 60
7 64
7 65
7 66
7 67
7 68
7 70
7 71
7 74
7 77
7 85
7 86
7 90
7 91
7 93
7 94
7 95
7 96
7 99
7 100
7 101
7 103
7 104
7 105
7 107
7 108
7 111
7 112
7 114
7 117
7 118
7 119
7 121
7 123
7 124
7 127
7 128
7 129
7 130
7 131
7 132
7 133
7 134
7 135
7 136
7 137
7 139
7 140
7 141
7 144
7 145
7 148
7 149
7 150
7 152
7 153
7 154
7 156
7 158
7 159
7 164
7 165
7 166
7 167
7 171
7 172
7 173
7 174
7 175
7 177
7 180
7 181
7 182
7 186
7 188
7 193
7 198
8 10
8 14
8 15
8 16
8 19
8 20
8 22
8 24
8 29
8 33
8 34
8 38
8 39
8 42
8 44
8 47
8 48
8 50
8 51
8 55
8 56
8 60
8 61
8 63
8 64
8 65
8 67
8 70
8 71
8 73
8 75
8 76
8 77
8 78
8 79
8 80
8 81
8 82
8 86
8 89
8 90
8 92
8 93
8 94
8 95
8 99
8 100
8 102
8 105
8 107
8 110
8 112
8 114
8 115
8 116
8 120
8 122
8 123
8 124
8 126
8 127
8 129
8 130
8 131
8 134
8 138
8 140
8 141
8 142
8 143
8 144
8 145
8 147
8 149
8 151
8 156
8 158
8 159
8 161
8 163
8 164
8 165
8 166
8 168
8 169
8 171
8 174
8 177
8 180
8 181
8 182
8 183
8 184
8 186
8 187
8 189
8 195
8 196
8 198
9 15
9 16
9 17
9 19
9 20
9 26
9 29
9 30
9 32
9 35
9 36
9 41
9 42
9 45
9 47
9 48
9 49
9 50
9 52
9 53
9 56
9 57
9 59
9 60
9 62
9 63
9 71
9 74
9 75
9 77
9 79
9 80
9 81
9 82
9 84
9 86
9 87
9 88
9 91
9 92
9 93
9 95
9 98
9 99
9 102
9 103
9 104
9 105
9 107
9 109
9 114
9 116
9 117
9 125
9 126
9 129
9 130
9 133
9 134
9 138
9 139
9 143
9 148
9 149
9 152
9 153
9 154
9 157
9 160
9 161
9 163
9 166
9 167
9 169
9 170
9 174
9 178
9 180
9 181
9 183
9 189
9 191
9 192
9 193
9 196
10 11
10 16
10 17
10 20
10 21
10 23
10 24
10 26
10 28
10 29
10 33
10 35
10 36
10 37
10 43
10 45
10 46
10 47
10 49
10 51
10 55
10 56
10 57
10 58
10 60
10 62
10 63
10 64
10 65
10 67
10 68
10 70
10 74
10 77
10 79
10 81
10 82
10 84
10 85
10 86
10 92
10 95
10 98
10 100
10 101
10 102
10 105
10 108
10 110
10 111
10 112
10 114
10 119
10 120
10 121
10 122
10 123
10 125
10 129
10 130
10 133
10 134
10 135
10 140
10 141
10 148
10 149
10 152
10 153
10 154
10 156
10 158
10 160
10 163
10 164
10 165
10 166
10 167
10 169
10 170
10 171
10 174
10 179
10 182
10 185
10 190
10 194
10 195
10 196
10 197
11 12
11 15
11 16
11 17
11 18
11 20
11 21
11 27
11 30
11 31
11 32
11 34
11 35
11 37
11 38
11 42
11 43
11 47
11 48
11 49
11 50
11 52
11 54
11 56
11 60
11 62
11 63
11 65
11 66
11 68
11 70
11 71
11 72
11 73
11 74
11 76
11 77
11 78
11 79
11 81
11 82
11 83
11 85
11 86
11 87
11 89
11 92
11 95
11 96
11 98
11 100
11 105
11 106
11 109
11 111
11 112
11 116
11 117
11 119
11 125
11 129
11 131
11 132
11 134
11 135
11 136
11 137
11 138
11 139
11 143
11 145
11 150
11 153
11 154
11 156
11 158
11 161
11 164
11 165
11 167
11 168
11 170
11 171
11 172
11 173
11 175
11 177
11 179
11 181
11 183
11 184
11 186
11 188
11 191
11 193
11 197
11 198
12 13
12 15
12 16
12 22
12 26
12 30
12 36
12 37
12 38
12 39
12 40
12 41
12 44
12 47
12 50
12 51
12 52
12 54
12 58
12 59
12 60
12 61
12 63
12 64
12 65
12 67
12 68
12 74
12 75
12 77
12 78
12 79
12 80
12 82
12 83
12 85
12 86
12 89
12 93
12 94
12 96
12 97
12 98
12 102
12 103
12 105
12 106
12 108
12 110
12 113
12 114
12 115
12 118
12 119
12 120
12 121
12 123
12 128
12 129
12 131
12 132
12 133
12 135
12 138
12 140
12 143
12 144
12 145
12 146
12 148
12 149
12 152
12 153
12 154
12 159
12 163
12 164
12 166
12 170
12 172
12 176
12 177
12 179
12 180
12 182
12 183
12 184
12 186
12 187
12 189
12 190
12 192
12 193
12 194
12 196
12 198
13 14
13 15
13 16
13 17
13 18
13 20
13 21
13 22
13 24
13 25
13 28
13 30
13 31
13 33
13 34
13 36
13 37
13 43
13 45
13 49
13 50
13 51
13 53
13 54
13 59
13 60
13 61
13 62
13 64
13 65
13 66
13 68
13 70
13 73
13 75
13 78
13 79
13 80
13 83
13 84
13 87
13 90
13 92
13 95
13 96
13 98
13 101
13 102
13 103
13 105
13 106
13 107
13 108
13 112
13 114
13 118
13 119
13 129
13 132
13 133
13 136
13 139
13 141
13 142
13 147
13 148
13 150
13 153
13 154
13 156
13 157
13 159
13 163
13 165
13 168
13 169
13 170
13 173
13 174
13 179
13 181
13 185
13 191
13 192
13 195
13 197
13 198
13 199
14 15
14 22
14 26
14 27
14 28
14 30
14 31
14 33
14 34
14 37
14 38
14 42
14 45
14 48
14 50
14 51
14 53
14 54
14 57
14 58
14 59
14 60
14 61
14 64
14 67
14 69
14 70
14 74
14 75
14 76
14 77
14 78
14 79
14 81
14 82
14 89
14 104
14 105
14 106
14 108
14 110
14 112
14 113
14 115
14 116
14 117
14 119
14 124
14 128
14 129
14 131
14 132
14 133
14 134
14 135
14 136
14 137
14 138
14 140
14 141
14 142
14 143
14 145
14 146
14 148
14 150
14 157
14 158
14 161
14 162
14 163
14 164
14 168
14 169
14 174
14 175
14 177
14 178
14 179
14 182
14 185
14 189
14 190
14 193
14 198
15 18
15 20
15 22
15 24
15 25
15 26
15 29
15 33
15 35
15 37
15 38
15 39
15 41
15 42
15 44
15 45
15 46
15 47
15 49
15 52
15 53
15 54
15 55
15 57
15 58
15 60
15 61
15 62
15 63
15 66
15 67
15 68
15 69
15 70
15 75
15 80
15 83
15 84
15 85
15 88
15 89
15 91
15 94
15 95
15 97
15 98
15 99
15 101
15 102
15 104
15 105
15 106
15 108
15 109
15 111
15 112
15 116
15 119
15 121
15 122
15 124
15 128
15 129
15 130
15 136
15 138
15 139
15 143
15 146
15 147
15 150
15 151
15 152
15 153
15 154
15 155
15 158
15 164
15 165
15 169
15 170
15 171
15 174
15 175
15 177
15 178
15 181
15 183
15 184
15 186
15 190
15 191
15 193
15 194
15 195
15 196
16 19
16 20
16 22
16 23
16 24
16 26
16 27
16 29
16 30
16 31
16 32
16 34
16 35
16 36
16 37
16 38
16 40
16 41
16 42
16 43
16 46
16 48
16 49
16 51
16 53
16 55
16 56
16 57
16 59
16 60
16 66
16 68
16 70
16 76
16 77
16 83
16 84
16 86
16 88
16 89
16 90
16 92
16 97
16 101
16 102
16 104
16 105
16 107
16 108
16 110
16 111
16 112
16 113
16 115
16 116
16 118
16 122
16 123
16 124
16 125
16 126
16 127
16 129
16 132
16 135
16 136
16 137
16 139
16 141
16 146
16 147
16 151
16 152
16 153
16 154
16 155
16 156
16 158
16 160
16 161
16 162
16 165
16 167
16 168
16 169
16 172
16 173
16 174
16 175
16 176
16 178
16 179
16 180
16 181
16 184
16 185
16 189
16 190
16 192
16 194
16 196
16 197
16 198
17 18
17 19
17 21
17 27
17 28
17 29
17 30
17 32
17 38
17 39
17 40
17 41
17 44
17 46
17 48
17 49
17 50
17 52
17 53
17 55
17 58
17 59
17 62
17 63
17 67
17 75
17 76
17 78
17 80
17 81
17 82
17 83
17 84
17 85
17 90
17 91
17 93
17 95
17 96
17 97
17 98
17 99
17 104
17 107
17 109
17 110
17 120
17 123
17 128
17 133
17 134
17 136
17 137
17 139
17 140
17 141
17 142
17 143
17 144
17 145
17 146
17 148
17 150
17 151
17 153
17 158
17 159
17 160
17 163
17 164
17 165
17 166
17 167
17 168
17 169
17 171
17 172
17 173
17 176
17 177
17 184
17 185
17 187
17 189
17 191
17 192
17 194
17 197
17 198
18 22
18 23
18 24
18 26
18 30
18 31
18 34
18 37
18 38
18 40
18 44
18 46
18 47
18 53
18 55
18 56
18 59
18 61
18 63
18 66
18 68
18 72
18 74
18 76
18 78
18 80
18 83
18 84
18 87
18 88
18 90
18 91
18 92
18 95
18 98
18 99
18 100
18 102
18 103
18 104
18 107
18 109
18 114
18 116
18 117
18 118
18 119
18 121
18 122
18 123
18 125
18 130
18 131
18 133
18 134
18 136
18 137
18 138
18 139
18 141
18 145
18 146
18 148
18 149
18 150
18 151
18 153
18 154
18 155
18 156
18 159
18 163
18 167
18 168
18 170
18 172
18 174
18 175
18 176
18 177
18 179
18 182
18 183
18 184
18 185
18 187
18 188
18 189
18 190
18 191
18 192
18 193
18 197
18 198
18 199
19 22
19 23
19 26
19 27
19 30
19 34
19 39
19 42
19 43
19 44
19 46
19 47
19 48
19 50
19 51
19 52
19 53
19 54
19 55
19 59
19 60
19 61
19 62
19 65
19 66
19 67
19 68
19 70
19 73
19 74
19 77
19 81
19 84
19 86
19 89
19 90
19 92
19 96
19 98
19 100
19 101
19 104
19 105
19 106
19 107
19 113
19 115
19 116
19 121
19 126
19 127
19 128
19 129
19 132
19 133
19 134
19 136
19 143
19 144
19 146
19 148
19 150
19 151
19 152
19 155
19 159
19 160
19 161
19 166
19 167
19 169
19 173
19 176
19 178
19 183
19 189
19 191
19 194
19 195
19 196
20 21
20 24
20 25
20 26
20 34
20 38
20 39
20 40
20 41
20 42
20 44
20 49
20 52
20 53
20 57
20 58
20 59
20 60
20 62
20 70
20 79
20 81
20 86
20 87
20 88
20 89
20 92
20 93
20 96
20 97
20 98
20 102
20 103
20 105
20 111
20 112
20 114
20 115
20 116
20 118
20 120
20 124
20 129
20 132
20 133
20 136
20 137
20 139
20 140
20 142
20 146
20 152
20 153
20 154
20 155
20 156
20 157
20 158
20 161
20 167
20 169
20 170
20 173
20 174
20 177
20 178
20 180
20 182
20 183
20 184
20 188
20 190
20 191
20 192
20 193
20 194
20 195
20 199
21 24
21 31
21 32
21 35
21 36
21 37
21 38
21 40
21 41
21 43
21 45
21 47
21 49
21 50
21 51
21 52
21 57
21 58
21 59
21 60
21 61
21 65
21 66
21 68
21 70
21 72
21 73
21 81
21 83
21 85
21 86
21 90
21 94
21 96
21 98
21 99
21 105
21 106
21 108
21 114
21 121
21 122
21 123
21 125
21 126
21 127
21 128
21 130
21 131
21 132
21 133
21 136
21 137
21 138
21 140
21 141
21 145
21 148
21 149
21 150
21 151
21 152
21 153
21 154
21 155
21 156
21 158
21 159
21 160
21 162
21 165
21 168
21 169
21 170
21 171
21 176
21 178
21 180
21 181
21 182
21 183
21 184
21 185
21 190
21 191
21 194
21 199
22 23
22 24
22 25
22 28
22 30
22 31
22 32
22 34
22 37
22 41
22 43
22 46
22 48
22 49
22 50
22 52
22 53
22 54
22 55
22 56
22 58
22 61
22 62
22 63
22 64
22 69
22 70
22 73
22 76
22 77
22 81
22 82
22 83
22 84
22 85
22 88
22 89
22 90
22 91
22 94
22 96
22 97
22 98
22 99
22 101
22 104
22 106
22 109
22 110
22 111
22 113
22 116
22 122
22 127
22 129
22 131
22 132
22 136
22 138
22 139
22 140
22 141
22 143
22 144
22 146
22 147
22 148
22 149
22 152
22 154
22 157
22 159
22 160
22 161
22 163
22 165
22 167
22 168
22 171
22 175
22 176
22 183
22 184
22 185
22 187
22 189
22 190
22 194
22 196
22 197
23 24
23 26
23 27
23 29
23 32
23 36
23 40
23 41
23 42
23 45
23 47
23 48
23 49
23 50
23 51
23 56
23 57
23 59
23 60
23 61
23 65
23 67
23 70
23 78
23 79
23 80
23 81
23 82
23 83
23 85
23 86
23 89
23 90
23 91
23 92
23 94
23 96
23 102
23 105
23 106
23 108
23 109
23 111
23 113
23 114
23 116
23 121
23 128
23 129
23 130
23 132
23 133
23 134
23 136
23 137
23 138
23 142
23 144
23 146
23 147
23 148
23 150
23 152
23 154
23 155
23 157
23 158
23 159
23 161
23 164
23 168
23 170
23 171
23 172
23 173
23 174
23 175
23 176
23 179
23 180
23 181
23 182
23 183
23 184
23 186
23 188
23 189
23 193
23 194
23 197
23 198
23 199
24 27
24 29
24 30
24 31
24 33
24 34
24 36
24 44
24 45
24 52
24 55
24 56
24 57
24 66
24 67
24 68
24 69
24 73
24 74
24 84
24 86
24 87
24 88
24 89
24 92
24 94
24 96
24 98
24 102
24 103
24 104
24 105
24 106
24 109
24 110
24 112
24 114
24 116
24 117
24 118
24 122
24 123
24 126
24 127
24 128
24 131
24 132
24 134
24 136
24 139
24 140
24 141
24 142
24 143
24 146
24 147
24 150
24 151
24 153
24 155
24 160
24 161
24 166
24 168
24 170
24 173
24 179
24 180
24 181
24 187
24 189
24 190
24 193
24 194
24 198
25 26
25 27
25 28
25 29
25 30
25 33
25 38
25 39
25 40
25 42
25 44
25 45
25 47
25 48
25 59
25 62
25 63
25 66
25 67
25 68
25 70
25 74
25 75
25 76
25 78
25 79
25 80
25 81
25 82
25 87
25 88
25 90
25 93
25 94
25 95
25 97
25 98
25 99
25 100
25 101
25 102
25 103
25 104
25 107
25 109
25 111
25 114
25 115
25 117
25 119
25 123
25 124
25 129
25 130
25 132
25 134
25 135
25 136
25 138
25 139
25 141
25 142
25 143
25 146
25 149
25 153
25 154
25 156
25 157
25 158
25 160
25 164
25 165
25 166
25 167
25 168
25 169
25 172
25 183
25 184
25 185
25 187
25 188
25 189
25 190
25 191
25 192
25 194
25 196
25 198
26 27
26 32
26 33
26 36
26 37
26 39
26 42
26 45
26 46
26 47
26 49
26 51
26 52
26 55
26 56
26 58
26 59
26 60
26 62
26 65
26 67
26 68
26 69
26 71
26 72
26 75
26 78
26 79
26 80
26 81
26 83
26 84
26 87
26 89
26 90
26 93
26 94
26 98
26 99
26 101
26 108
26 109
26 110
26 112
26 113
26 114
26 115
26 117
26 118
26 119
26 123
26 124
26 127
26 131
26 132
26 133
26 134
26 140
26 142
26 145
26 146
26 149
26 152
26 153
26 156
26 158
26 165
26 167
26 169
26 170
26 172
26 178
26 179
26 180
26 185
26 186
26 189
26 190
26 192
26 195
26 197
26 198
26 199
27 28
27 30
27 31
27 32
27 34
27 35
27 37
27 38
27 39
27 40
27 43
27 44
27 45
27 48
27 50
27 52
27 53
27 55
27 57
27 59
27 61
27 63
27 64
27 65
27 66
27 69
27 73
27 77
27 78
27 79
27 81
27 84
27 85
27 89
27 90
27 91
27 92
27 93
27 97
27 98
27 99
27 102
27 103
27 105
27 107
27 108
27 109
27 110
27 111
27 114
27 115
27 125
27 126
27 128
27 129
27 131
27 134
27 136
27 140
27 142
27 143
27 145
27 147
27 151
27 152
27 155
27 156
27 157
27 158
27 161
27 163
27 164
27 167
27 168
27 169
27 171
27 173
27 179
27 180
27 183
27 184
27 185
27 188
27 195
27 196
27 197
28 29
28 33
28 39
28 40
28 41
28 44
28 45
28 46
28 48
28 50
28 56
28 57
28 58
28 59
28 61
28 66
28 71
28 72
28 76
28 79
28 80
28 82
28 84
28 86
28 88
28 89
28 91
28 92
28 96
28 97
28 98
28 99
28 101
28 107
28 109
28 117
28 119
28 122
28 124
28 125
28 129
28 131
28 132
28 133
28 137
28 140
28 142
28 143
28 144
28 148
28 149
28 154
28 155
28 156
28 157
28 161
28 162
28 166
28 169
28 170
28 171
28 173
28 174
28 176
28 177
28 181
28 183
28 184
28 185
28 187
28 188
28 189
28 190
28 192
28 195
28 196
28 199
29 31
29 33
29 34
29 36
29 37
29 39
29 46
29 49
29 50
29 52
29 53
29 56
29 57
29 58
29 60
29 61
29 62
29 64
29 67
29 68
29 69
29 70
29 75
29 76
29 78
29 82
29 83
29 84
29 85
29 86
29 89
29 91
29 92
29 94
29 96
29 102
29 107
29 108
29 109
29 110
29 113
29 114
29 115
29 116
29 118
29 120
29 122
29 123
29 124
29 128
29 129
29 130
29 133
29 137
29 138
29 139
29 140
29 142
29 146
29 149
29 150
29 153
29 155
29 158
29 160
29 163
29 164
29 167
29 169
29 170
29 171
29 172
29 183
29 188
29 190
29 191
29 195
29 196
29 199
30 31
30 32
30 34
30 35
30 36
30 38
30 40
30 42
30 43
30 49
30 54
30 55
30 57
30 60
30 64
30 66
30 67
30 69
30 73
30 77
30 80
30 82
30 83
30 84
30 85
30 87
30 88
30 89
30 90
30 91
30 92
30 94
30 97
30 98
30 99
30 100
30 102
30 103
30 105
30 106
30 108
30 115
30 117
30 119
30 120
30 121
30 124
30 127
30 128
30 130
30 131
30 132
30 134
30 135
30 140
30 141
30 142
30 143
30 144
30 145
30 147
30 149
30 150
30 151
30 157
30 159
30 161
30 162
30 163
30 164
30 166
30 167
30 168
30 172
30 174
30 176
30 179
30 180
30 185
30 186
30 190
30 192
30 193
30 196
30 198
30 199
31 33
31 34
31 37
31 39
31 41
31 42
31 44
31 47
31 48
31 49
31 51
31 55
31 58
31 59
31 60
31 62
31 63
31 65
31 66
31 67
31 68
31 69
31 72
31 73
31 83
31 84
31 87
31 90
31 91
31 96
31 97
31 98
31 104
31 108
31 109
31 110
31 111
31 112
31 113
31 114
31 117
31 118
31 120
31 121
31 128
31 129
31 131
31 132
31 135
31 137
31 139
31 141
31 149
31 151
31 154
31 155
31 157
31 158
31 159
31 160
31 162
31 165
31 166
31 167
31 168
31 170
31 171
31 175
31 176
31 180
31 181
31 183
31 184
31 185
31 188
31 190
31 191
31 192
31 193
31 196
31 197
31 198
32 33
32 34
32 35
32 36
32 38
32 39
32 40
32 41
32 43
32 44
32 45
32 47
32 48
32 51
32 52
32 53
32 55
32 56
32 57
32 65
32 66
32 70
32 71
32 73
32 74
32 76
32 79
32 80
32 81
32 82
32 83
32 87
32 88
32 92
32 95
32 96
32 97
32 98
32 108
32 109
32 111
32 112
32 113
32 115
32 117
32 119
32 121
32 122
32 125
32 126
32 129
32 130
32 133
32 135
32 136
32 139
32 140
32 141
32 142
32 143
32 145
32 147
32 148
32 149
32 152
32 154
32 155
32 156
32 159
32 160
32 161
32 163
32 164
32 166
32 167
32 168
32 169
32 170
32 171
32 172
32 175
32 176
32 177
32 181
32 182
32 187
32 191
32 192
32 193
32 194
32 195
32 196
33 36
33 38
33 39
33 42
33 43
33 48
33 49
33 50
33 51
33 53
33 54
33 55
33 57
33 58
33 59
33 61
33 62
33 63
33 65
33 66
33 67
33 70
33 71
33 72
33 73
33 78
33 81
33 82
33 83
33 84
33 88
33 89
33 90
33 92
33 97
33 99
33 100
33 101
33 103
33 104
33 108
33 112
33 114
33 115
33 116
33 117
33 118
33 120
33 122
33 125
33 128
33 129
33 130
33 131
33 132
33 133
33 136
33 137
33 139
33 140
33 141
33 144
33 145
33 149
33 150
33 151
33 155
33 159
33 160
33 161
33 164
33 166
33 171
33 172
33 175
33 178
33 182
33 184
33 188
33 189
33 190
33 192
33 193
33 196
33 197
33 198
33 199
34 35
34 36
34 38
34 39
34 40
34 41
34 43
34 46
34 48
34 49
34 50
34 51
34 53
34 54
34 55
34 56
34 61
34 62
34 63
34 64
34 65
34 68
34 69
34 71
34 72
34 73
34 77
34 78
34 79
34 80
34 81
34 82
34 83
34 84
34 86
34 87
34 91
34 94
34 95
34 97
34 98
34 101
34 103
34 105
34 106
34 107
34 109
34 110
34 112
34 113
34 114
34 117
34 119
34 121
34 122
34 125
34 126
34 128
34 130
34 134
34 136
34 137
34 138
34 139
34 143
34 146
34 147
34 148
34 149
34 151
34 153
34 154
34 156
34 159
34 160
34 161
34 162
34 164
34 165
34 166
34 167
34 168
34 170
34 171
34 172
34 180
34 182
34 184
34 189
34 191
34 193
34 194
34 195
34 196
35 39
35 41
35 43
35 46
35 48
35 49
35 51
35 52
35 53
35 55
35 56
35 58
35 64
35 66
35 68
35 69
35 70
35 73
35 74
35 75
35 77
35 82
35 83
35 85
35 87
35 91
35 94
35 96
35 100
35 102
35 103
35 110
35 111
35 112
35 115
35 121
35 122
35 123
35 126
35 127
35 129
35 132
35 135
35 139
35 140
35 143
35 145
35 146
35 147
35 149
35 150
35 152
35 153
35 154
35 155
35 156
35 157
35 158
35 159
35 162
35 163
35 164
35 165
35 166
35 168
35 172
35 174
35 175
35 176
35 178
35 179
35 180
35 181
35 182
35 183
35 188
35 189
35 191
35 195
35 197
36 37
36 39
36 40
36 41
36 42
36 43
36 45
36 46
36 47
36 49
36 50
36 52
36 54
36 56
36 57
36 59
36 63
36 66
36 67
36 68
36 69
36 70
36 73
36 76
36 79
36 81
36 82
36 84
36 86
36 89
36 90
36 92
36 93
36 95
36 96
36 98
36 103
36 106
36 107
36 108
36 109
36 110
36 111
36 112
36 115
36 117
36 122
36 124
36 129
36 130
36 133
36 134
36 135
36 139
36 143
36 148
36 149
36 152
36 157
36 158
36 162
36 163
36 165
36 167
36 168
36 171
36 176
36 178
36 180
36 181
36 182
36 183
36 185
36 188
36 193
36 195
36 196
36 198
37 38
37 40
37 43
37 45
37 46
37 47
37 49
37 50
37 51
37 52
37 54
37 57
37 59
37 61
37 63
37 66
37 67
37 68
37 69
37 70
37 71
37 73
37 75
37 76
37 77
37 78
37 79
37 82
37 85
37 86
37 87
37 88
37 91
37 94
37 95
37 96
37 97
37 98
37 99
37 101
37 102
37 103
37 104
37 105
37 106
37 108
37 111
37 114
37 116
37 117
37 118
37 119
37 122
37 123
37 127
37 131
37 133
37 135
37 137
37 138
37 140
37 141
37 145
37 147
37 149
37 151
37 154
37 156
37 157
37 159
37 163
37 165
37 166
37 169
37 172
37 173
37 174
37 178
37 179
37 180
37 181
37 183
37 187
37 190
37 193
37 195
37 196
37 197
37 198
37 199
38 47
38 50
38 51
38 52
38 53
38 54
38 56
38 57
38 60
38 66
38 70
38 73
38 74
38 77
38 78
38 79
38 81
38 82
38 83
38 85
38 88
38 89
38 91
38 92
38 94
38 96
38 97
38 98
38 99
38 101
38 107
38 108
38 112
38 113
38 114
38 116
38 117
38 118
38 119
38 121
38 122
38 125
38 126
38 128
38 130
38 131
38 135
38 136
38 138
38 145
38 146
38 147
38 148
38 149
38 156
38 157
38 158
38 161
38 163
38 165
38 170
38 172
38 173
38 177
38 178
38 184
38 185
38 187
38 188
38 189
38 190
38 191
38 193
38 197
38 198
39 40
39 42
39 43
39 44
39 45
39 46
39 47
39 49
39 50
39 52
39 56
39 59
39 62
39 66
39 68
39 71
39 72
39 74
39 75
39 77
39 79
39 81
39 82
39 83
39 86
39 87
39 91
39 95
39 97
39 99
39 103
39 104
39 113
39 116
39 117
39 118
39 119
39 122
39 124
39 125
39 126
39 127
39 128
39 131
39 132
39 133
39 135
39 136
39 138
39 139
39 140
39 141
39 144
39 146
39 147
39 152
39 154
39 157
39 158
39 161
39 162
39 169
39 171
39 173
39 176
39 179
39 181
39 182
39 188
39 189
39 190
39 192
39 194
39 196
39 197
39 198
39 199
40 42
40 43
40 44
40 46
40 49
40 50
40 53
40 54
40 56
40 58
40 60
40 61
40 62
40 63
40 66
40 69
40 73
40 75
40 76
40 77
40 80
40 82
40 83
40 84
40 86
40 87
40 88
40 90
40 92
40 93
40 97
40 98
40 99
40 103
40 104
40 107
40 108
40 109
40 111
40 112
40 115
40 118
40 119
40 120
40 122
40 123
40 124
40 125
40 126
40 127
40 128
40 129
40 130
40 133
40 134
40 136
40 140
40 144
40 145
40 149
40 150
40 151
40 156
40 158
40 159
40 160
40 161
40 162
40 164
40 165
40 166
40 167
40 168
40 170
40 171
40 172
40 175
40 177
40 178
40 179
40 180
40 182
40 183
40 185
40 186
40 188
40 191
40 192
40 193
40 195
40 197
40 198
40 199
41 44
41 47
41 49
41 51
41 52
41 57
41 60
41 62
41 63
41 65
41 67
41 69
41 70
41 76
41 79
41 80
41 81
41 82
41 84
41 85
41 86
41 88
41 93
41 99
41 107
41 108
41 109
41 110
41 114
41 116
41 117
41 119
41 121
41 123
41 124
41 126
41 127
41 128
41 129
41 130
41 135
41 137
41 141
41 142
41 143
41 145
41 146
41 147
41 150
41 152
41 156
41 157
41 158
41 159
41 160
41 162
41 163
41 165
41 166
41 167
41 170
41 172
41 173
41 174
41 175
41 183
41 184
41 185
41 187
41 188
41 191
41 195
41 196
41 199
42 43
42 45
42 48
42 50
42 54
42 57
42 58
42 60
42 61
42 62
42 63
42 66
42 69
42 70
42 73
42 75
42 77
42 78
42 79
42 80
42 82
42 83
42 88
42 96
42 97
42 99
42 100
42 101
42 102
42 105
42 107
42 110
42 111
42 112
42 115
42 117
42 120
42 121
42 124
42 127
42 130
42 132
42 133
42 136
42 138
42 141
42 142
42 143
42 145
42 147
42 148
42 149
42 150
42 154
42 157
42 159
42 160
42 164
42 168
42 169
42 174
42 176
42 177
42 178
42 179
42 181
42 185
42 187
42 190
42 191
42 194
42 195
42 197
42 199
43 44
43 45
43 50
43 53
43 55
43 57
43 58
43 60
43 61
43 63
43 64
43 65
43 67
43 68
43 69
43 70
43 71
43 74
43 75
43 76
43 79
43 81
43 84
43 86
43 87
43 90
43 92
43 93
43 94
43 95
43 96
43 98
43 99
43 100
43 101
43 102
43 103
43 105
43 110
43 111
43 112
43 113
43 115
43 116
43 117
43 120
43 121
43 123
43 124
43 125
43 126
43 128
43 132
43 135
43 136
43 138
43 139
43 140
43 144
43 150
43 151
43 152
43 153
43 155
43 156
43 157
43 159
43 162
43 163
43 164
43 165
43 166
43 167
43 170
43 171
43 172
43 175
43 176
43 177
43 179
43 180
43 183
43 189
43 190
43 191
43 196
43 197
43 198
43 199
44 46
44 47
44 48
44 49
44 50
44 51
44 52
44 53
44 54
44 56
44 57
44 58
44 59
44 60
44 62
44 66
44 68
44 72
44 74
44 75
44 76
44 77
44 78
44 81
44 82
44 84
44 85
44 91
44 93
44 96
44 97
44 98
44 99
44 101
44 102
44 103
44 104
44 106
44 107
44 108
44 110
44 114
44 115
44 117
44 119
44 120
44 121
44 123
44 124
44 125
44 130
44 132
44 133
44 135
44 137
44 138
44 139
44 146
44 151
44 156
44 157
44 160
44 165
44 166
44 167
44 171
44 174
44 175
44 176
44 178
44 181
44 183
44 184
44 189
44 193
44 194
44 196
44 198
45 46
45 47
45 49
45 50
45 52
45 54
45 55
45 56
45 57
45 59
45 63
45 66
45 67
45 70
45 74
45 75
45 76
45 78
45 79
45 81
45 82
45 84
45 86
45 87
45 89
45 91
45 92
45 94
45 96
45 98
45 99
45 100
45 102
45 103
45 104
45 105
45 107
45 111
45 114
45 120
45 124
45 126
45 129
45 131
45 132
45 133
45 137
45 138
45 140
45 143
45 144
45 145
45 152
45 154
45 156
45 158
45 159
45 160
45 163
45 168
45 173
45 174
45 175
45 182
45 185
45 186
45 187
45 188
45 190
45 192
45 194
45 195
45 198
45 199
46 47
46 48
46 50
46 51
46 56
46 57
46 59
46 60
46 61
46 62
46 64
46 65
46 68
46 72
46 73
46 74
46 75
46 82
46 83
46 84
46 87
46 88
46 92
46 94
46 95
46 96
46 100
46 102
46 103
46 107
46 108
46 109
46 113
46 117
46 119
46 120
46 121
46 122
46 123
46 124
46 125
46 127
46 129
46 130
46 131
46 134
46 136
46 137
46 138
46 141
46 142
46 144
46 145
46 146
46 147
46 151
46 155
46 156
46 158
46 159
46 161
46 163
46 166
46 168
46 171
46 173
46 175
46 176
46 177
46 178
46 180
46 185
46 187
46 190
46 191
46 195
46 197
46 198
47 48
47 49
47 52
47 53
47 54
47 57
47 58
47 59
47 60
47 61
47 65
47 67
47 68
47 70
47 71
47 72
47 73
47 74
47 75
47 77
47 78
47 80
47 82
47 84
47 87
47 89
47 93
47 94
47 101
47 105
47 112
47 113
47 115
47 116
47 118
47 119
47 121
47 123
47 124
47 125
47 126
47 130
47 133
47 135
47 137
47 139
47 141
47 142
47 143
47 145
47 147
47 149
47 150
47 153
47 155
47 159
47 160
47 163
47 164
47 165
47 166
47 167
47 168
47 169
47 170
47 172
47 173
47 176
47 177
47 180
47 181
47 183
47 184
47 186
47 187
47 188
47 190
47 191
47 192
47 194
47 199
48 51
48 53
48 56
48 57
48 59
48 60
48 61
48 72
48 73
48 74
48 75
48 76
48 78
48 79
48 80
48 82
48 83
48 87
48 89
48 90
48 91
48 92
48 93
48 94
48 97
48 98
48 99
48 102
48 103
48 104
48 105
48 106
48 111
48 113
48 116
48 117
48 119
48 122
48 126
48 127
48 131
48 132
48 133
48 135
48 136
48 137
48 143
48 144
48 145
48 146
48 147
48 150
48 151
48 156
48 159
48 161
48 162
48 163
48 164
48 167
48 168
48 170
48 177
48 179
48 182
48 186
48 187
48 188
48 190
48 193
48 194
48 196
48 197
48 198
49 52
49 54
49 55
49 60
49 61
49 63
49 64
49 65
49 66
49 68
49 69
49 71
49 73
49 74
49 77
49 78
49 79
49 80
49 81
49 82
49 84
49 85
49 86
49 87
49 88
49 89
49 91
49 92
49 97
49 98
49 99
49 100
49 102
49 104
49 105
49 109
49 110
49 112
49 113
49 114
49 115
49 116
49 118
49 119
49 121
49 122
49 123
49 125
49 126
49 127
49 129
49 131
49 132
49 133
49 134
49 138
49 141
49 145
49 146
49 148
49 150
49 152
49 153
49 155
49 156
49 157
49 163
49 166
49 168
49 169
49 170
49 172
49 174
49 175
49 179
49 180
49 182
49 184
49 186
49 188
49 189
49 190
49 191
49 192
49 195
49 196
49 197
49 198
49 199
50 52
50 54
50 59
50 63
50 65
50 67
50 69
50 70
50 71
50 75
50 76
50 77
50 79
50 80
50 83
50 85
50 86
50 88
50 89
50 90
50 93
50 98
50 101
50 102
50 104
50 105
50 107
50 109
50 119
50 120
50 122
50 123
50 124
50 125
50 126
50 127
50 131
50 132
50 133
50 136
50 144
50 145
50 147
50 148
50 149
50 151
50 154
50 155
50 156
50 159
50 160
50 163
50 166
50 167
50 168
50 169
50 170
50 171
50 173
50 174
50 175
50 177
50 178
50 180
50 181
50 183
50 184
50 185
50 186
50 188
50 189
50 191
50 192
50 194
50 195
50 198
51 52
51 54
51 62
51 63
51 69
51 71
51 72
51 73
51 74
51 77
51 81
51 82
51 84
51 87
51 88
51 91
51 94
51 95
51 99
51 103
51 104
51 105
51 110
51 111
51 112
51 114
51 115
51 116
51 119
51 120
51 123
51 127
51 128
51 130
51 131
51 132
51 133
51 134
51 135
51 136
51 139
51 140
51 145
51 148
51 150
51 151
51 153
51 155
51 157
51 158
51 161
51 164
51 166
51 167
51 168
51 169
51 173
51 176
51 177
51 179
51 181
51 183
51 186
51 187
51 188
51 189
51 193
51 195
51 196
51 199
52 53
52 56
52 57
52 58
52 60
52 61
52 63
52 67
52 68
52 69
52 72
52 74
52 76
52 78
52 80
52 81
52 82
52 83
52 85
52 86
52 87
52 93
52 95
52 97
52 101
52 102
52 108
52 109
52 110
52 111
52 114
52 116
52 120
52 122
52 123
52 125
52 126
52 127
52 129
52 131
52 132
52 133
52 135
52 137
52 140
52 142
52 144
52 145
52 146
52 147
52 150
52 153
52 154
52 157
52 159
52 161
52 162
52 164
52 166
52 167
52 168
52 169
52 170
52 172
52 173
52 174
52 175
52 177
52 182
52 184
52 187
52 188
52 190
52 192
52 197
52 199
53 54
53 56
53 59
53 62
53 63
53 65
53 69
53 72
53 73
53 75
53 76
53 78
53 80
53 81
53 84
53 85
53 86
53 88
53 91
53 93
53 95
53 96
53 98
53 99
53 100
53 101
53 103
53 104
53 105
53 107
53 109
53 110
53 116
53 117
53 118
53 120
53 121
53 123
53 124
53 126
53 127
53 129
53 130
53 132
53 133
53 134
53 137
53 139
53 140
53 142
53 143
53 144
53 150
53 154
53 156
53 158
53 159
53 160
53 163
53 166
53 169
53 170
53 171
53 173
53 175
53 176
53 177
53 182
53 186
53 188
53 190
53 195
53 196
53 197
54 55
54 57
54 59
54 61
54 64
54 65
54 67
54 68
54 70
54 72
54 74
54 75
54 77
54 78
54 79
54 81
54 84
54 86
54 89
54 91
54 94
54 102
54 108
54 111
54 113
54 115
54 119
54 121
54 125
54 127
54 130
54 133
54 134
54 136
54 137
54 140
54 143
54 145
54 147
54 150
54 152
54 153
54 155
54 156
54 158
54 159
54 160
54 164
54 165
54 167
54 168
54 169
54 174
54 175
54 177
54 179
54 181
54 182
54 185
54 189
54 190
54 191
54 192
54 193
54 198
55 62
55 64
55 65
55 66
55 67
55 69
55 70
55 72
55 76
55 79
55 82
55 87
55 91
55 92
55 93
55 94
55 98
55 99
55 100
55 103
55 105
55 107
55 108
55 112
55 113
55 114
55 115
55 116
55 117
55 120
55 123
55 124
55 125
55 126
55 127
55 128
55 130
55 131
55 132
55 134
55 135
55 136
55 137
55 140
55 141
55 142
55 143
55 144
55 147
55 149
55 150
55 157
55 158
55 159
55 165
55 166
55 167
55 168
55 172
55 173
55 176
55 178
55 179
55 180
55 181
55 184
55 187
55 188
55 191
55 194
55 197
55 199
56 58
56 59
56 63
56 66
56 67
56 70
56 73
56 75
56 80
56 81
56 84
56 85
56 86
56 87
56 89
56 91
56 96
56 103
56 107
56 108
56 110
56 115
56 116
56 117
56 123
56 124
56 126
56 129
56 132
56 133
56 136
56 137
56 139
56 145
56 147
56 148
56 149
56 150
56 152
56 153
56 154
56 157
56 160
56 161
56 165
56 166
56 168
56 169
56 170
56 174
56 175
56 176
56 177
56 178
56 185
56 186
56 187
56 192
56 193
56 195
56 196
56 197
57 61
57 64
57 65
57 67
57 69
57 74
57 76
57 77
57 79
57 83
57 84
57 87
57 90
57 91
57 93
57 94
57 95
57 96
57 97
57 98
57 99
57 100
57 101
57 103
57 105
57 106
57 108
57 109
57 110
57 113
57 114
57 115
57 117
57 118
57 119
57 120
57 121
57 124
57 125
57 127
57 128
57 129
57 130
57 131
57 135
57 136
57 137
57 138
57 139
57 141
57 146
57 147
57 148
57 150
57 153
57 154
57 157
57 158
57 163
57 164
57 166
57 168
57 170
57 172
57 173
57 174
57 175
57 180
57 181
57 182
57 184
57 186
57 189
57 192
57 193
57 194
57 196
57 197
58 60
58 61
58 62
58 64
58 65
58 68
58 69
58 71
58 74
58 77
58 80
58 81
58 82
58 83
58 85
58 87
58 88
58 89
58 91
58 92
58 93
58 95
58 96
58 97
58 100
58 101
58 103
58 105
58 109
58 110
58 111
58 113
58 114
58 116
58 117
58 119
58 120
58 122
58 123
58 125
58 130
58 133
58 134
58 135
58 136
58 140
58 141
58 144
58 145
58 146
58 149
58 150
58 151
58 152
58 153
58 154
58 156
58 159
58 160
58 161
58 162
58 163
58 164
58 169
58 174
58 175
58 178
58 182
58 183
58 186
58 187
58 188
58 189
58 191
58 192
58 193
58 194
58 195
58 198
58 199
59 61
59 62
59 63
59 65
59 67
59 74
59 75
59 80
59 81
59 82
59 85
59 87
59 90
59 91
59 92
59 94
59 95
59 96
59 97
59 98
59 107
59 109
59 113
59 118
59 119
59 120
59 121
59 122
59 123
59 124
59 125
59 127
59 129
59 130
59 137
59 140
59 143
59 144
59 145
59 149
59 151
59 152
59 154
59 158
59 159
59 160
59 161
59 162
59 166
59 167
59 168
59 169
59 170
59 171
59 176
59 177
59 178
59 179
59 182
59 186
59 187
59 188
59 190
59 191
59 193
59 198
59 199
60 64
60 65
60 68
60 74
60 76
60 77
60 79
60 80
60 81
60 83
60 87
60 92
60 94
60 95
60 96
60 97
60 98
60 99
60 102
60 103
60 105
60 107
60 111
60 112
60 113
60 114
60 120
60 123
60 124
60 126
60 129
60 130
60 131
60 134
60 135
60 136
60 137
60 141
60 144
60 145
60 147
60 154
60 155
60 157
60 161
60 163
60 165
60 167
60 168
60 171
60 175
60 179
60 180
60 182
60 185
60 188
60 189
60 191
60 194
60 195
60 197
61 62
61 63
61 65
61 66
61 68
61 71
61 74
61 76
61 77
61 78
61 84
61 88
61 89
61 90
61 92
61 94
61 97
61 98
61 102
61 104
61 107
61 108
61 109
61 111
61 113
61 114
61 115
61 118
61 119
61 120
61 121
61 123
61 124
61 126
61 128
61 129
61 130
61 131
61 138
61 139
61 140
61 141
61 143
61 145
61 146
61 149
61 152
61 153
61 154
61 155
61 158
61 161
61 162
61 163
61 166
61 167
61 168
61 169
61 170
61 173
61 174
61 176
61 177
61 181
61 182
61 185
61 186
61 187
61 188
61 190
61 191
61 194
61 196
61 197
61 198
62 64
62 65
62 66
62 67
62 69
62 70
62 71
62 72
62 74
62 77
62 81
62 82
62 83
62 84
62 85
62 86
62 87
62 88
62 91
62 93
62 96
62 98
62 101
62 102
62 103
62 105
62 106
62 107
62 108
62 109
62 110
62 111
62 113
62 115
62 116
62 119
62 122
62 123
62 124
62 125
62 126
62 128
62 129
62 130
62 131
62 132
62 135
62 140
62 143
62 144
62 147
62 148
62 149
62 150
62 153
62 155
62 156
62 164
62 165
62 166
62 168
62 170
62 175
62 178
62 179
62 182
62 183
62 184
62 185
62 187
62 188
62 190
62 191
62 193
62 194
62 196
62 199
63 66
63 70
63 71
63 74
63 75
63 77
63 78
63 79
63 80
63 81
63 83
63 85
63 86
63 87
63 88
63 89
63 90
63 94
63 96
63 97
63 99
63 100
63 102
63 104
63 105
63 107
63 108
63 109
63 110
63 111
63 113
63 115
63 116
63 117
63 118
63 121
63 123
63 127
63 128
63 129
63 135
63 136
63 137
63 138
63 140
63 141
63 142
63 144
63 148
63 153
63 157
63 158
63 159
63 160
63 163
63 166
63 168
63 169
63 173
63 174
63 176
63 179
63 181
63 186
63 188
63 190
63 191
63 192
63 194
63 198
63 199
64 65
64 68
64 72
64 73
64 74
64 75
64 79
64 80
64 83
64 84
64 86
64 88
64 89
64 95
64 96
64 97
64 98
64 99
64 102
64 104
64 105
64 112
64 113
64 118
64 119
64 120
64 122
64 124
64 125
64 126
64 127
64 129
64 130
64 131
64 132
64 133
64 135
64 137
64 138
64 139
64 142
64 143
64 144
64 147
64 148
64 149
64 150
64 151
64 159
64 160
64 161
64 164
64 167
64 168
64 171
64 175
64 179
64 180
64 181
64 182
64 183
64 186
64 187
64 188
64 189
64 190
64 193
65 66
65 67
65 68
65 69
65 70
65 71
65 72
65 73
65 74
65 77
65 78
65 80
65 85
65 86
65 87
65 88
65 90
65 92
65 94
65 96
65 97
65 101
65 102
65 104
65 105
65 106
65 108
65 109
65 110
65 111
65 113
65 115
65 120
65 123
65 124
65 126
65 132
65 138
65 140
65 141
65 143
65 144
65 148
65 150
65 151
65 152
65 154
65 155
65 156
65 158
65 163
65 164
65 167
65 170
65 173
65 178
65 184
65 185
65 186
65 191
65 192
65 193
65 194
65 195
65 196
65 199
66 67
66 68
66 69
66 70
66 71
66 72
66 73
66 75
66 76
66 80
66 83
66 86
66 90
66 99
66 102
66 103
66 109
66 112
66 113
66 114
66 119
66 121
66 123
66 125
66 126
66 127
66 128
66 130
66 131
66 133
66 134
66 135
66 136
66 137
66 139
66 140
66 143
66 144
66 145
66 146
66 147
66 151
66 153
66 154
66 155
66 156
66 157
66 168
66 171
66 172
66 174
66 177
66 178
66 181
66 184
66 185
66 187
66 189
66 191
66 194
66 195
66 196
66 199
67 68
67 69
67 71
67 86
67 87
67 89
67 92
67 94
67 95
67 96
67 97
67 100
67 101
67 102
67 103
67 104
67 108
67 112
67 114
67 117
67 118
67 119
67 120
67 122
67 126
67 129
67 132
67 133
67 134
67 135
67 137
67 142
67 145
67 146
67 147
67 149
67 150
67 151
67 152
67 156
67 160
67 162
67 164
67 165
67 167
67 169
67 172
67 177
67 179
67 184
67 186
67 189
67 192
67 194
67 195
68 69
68 70
68 71
68 72
68 74
68 76
68 79
68 81
68 82
68 83
68 86
68 87
68 88
68 89
68 92
68 93
68 94
68 95
68 96
68 97
68 98
68 99
68 102
68 108
68 110
68 113
68 114
68 115
68 121
68 122
68 126
68 127
68 128
68 129
68 130
68 131
68 132
68 133
68 138
68 139
68 140
68 141
68 146
68 147
68 148
68 151
68 152
68 156
68 157
68 159
68 161
68 162
68 163
68 167
68 171
68 173
68 175
68 178
68 180
68 181
68 182
68 183
68 184
68 186
68 188
68 189
68 191
68 199
69 70
69 72
69 73
69 77
69 78
69 82
69 85
69 87
69 89
69 94
69 108
69 110
69 111
69 112
69 114
69 115
69 121
69 122
69 123
69 124
69 126
69 127
69 129
69 130
69 131
69 132
69 133
69 135
69 136
69 141
69 145
69 146
69 149
69 150
69 151
69 154
69 155
69 157
69 158
69 163
69 166
69 167
69 168
69 169
69 170
69 171
69 173
69 175
69 178
69 180
69 182
69 184
69 187
69 188
69 189
69 190
69 191
69 192
69 193
69 194
69 198
69 199
70 72
70 77
70 78
70 81
70 82
70 85
70 86
70 87
70 89
70 91
70 92
70 93
70 96
70 98
70 100
70 101
70 102
70 103
70 104
70 107
70 111
70 112
70 115
70 116
70 117
70 118
70 120
70 121
70 123
70 124
70 125
70 126
70 127
70 129
70 131
70 132
70 133
70 136
70 140
70 142
70 143
70 145
70 146
70 147
70 149
70 150
70 151
70 152
70 153
70 155
70 156
70 158
70 159
70 161
70 162
70 163
70 165
70 167
70 168
70 171
70 172
70 174
70 175
70 179
70 181
70 183
70 185
70 186
70 188
70 190
70 197
70 199
71 72
71 74
71 75
71 76
71 79
71 80
71 81
71 84
71 86
71 88
71 89
71 90
71 93
71 96
71 98
71 99
71 101
71 103
71 104
71 105
71 106
71 107
71 115
71 116
71 118
71 120
71 121
71 124
71 125
71 126
71 130
71 132
71 133
71 134
71 135
71 139
71 140
71 145
71 146
71 150
71 152
71 153
71 154
71 157
71 162
71 164
71 165
71 170
71 171
71 174
71 177
71 179
71 180
71 181
71 184
71 185
71 187
71 188
71 189
71 190
71 191
71 194
71 195
72 75
72 77
72 78
72 80
72 81
72 84
72 87
72 90
72 93
72 95
72 98
72 99
72 100
72 104
72 105
72 107
72 108
72 109
72 113
72 116
72 118
72 120
72 124
72 131
72 136
72 137
72 139
72 141
72 142
72 143
72 144
72 145
72 146
72 148
72 149
72 152
72 153
72 157
72 159
72 160
72 163
72 165
72 167
72 169
72 170
72 171
72 172
72 175
72 179
72 181
72 183
72 184
72 185
72 187
72 191
72 193
72 194
72 195
72 199
73 78
73 79
73 80
73 81
73 82
73 84
73 85
73 87
73 90
73 92
73 93
73 95
73 97
73 102
73 103
73 106
73 107
73 109
73 110
73 111
73 116
73 117
73 122
73 124
73 125
73 128
73 130
73 131
73 132
73 134
73 140
73 144
73 145
73 148
73 153
73 156
73 157
73 159
73 162
73 165
73 166
73 167
73 170
73 171
73 172
73 175
73 176
73 178
73 180
73 182
73 183
73 187
73 190
73 193
73 195
73 196
73 198
73 199
74 75
74 79
74 81
74 88
74 89
74 90
74 93
74 94
74 96
74 97
74 99
74 101
74 103
74 105
74 106
74 108
74 109
74 112
74 113
74 116
74 119
74 120
74 121
74 123
74 124
74 125
74 128
74 132
74 133
74 135
74 144
74 145
74 148
74 149
74 150
74 152
74 155
74 157
74 158
74 165
74 167
74 171
74 172
74 175
74 178
74 181
74 183
74 185
74 186
74 187
74 188
74 189
74 193
74 194
74 195
75 76
75 78
75 81
75 84
75 92
75 93
75 96
75 97
75 98
75 100
75 101
75 103
75 105
75 108
75 110
75 111
75 112
75 114
75 115
75 116
75 117
75 124
75 127
75 129
75 130
75 131
75 132
75 133
75 135
75 137
75 139
75 142
75 145
75 146
75 147
75 150
75 154
75 158
75 159
75 160
75 163
75 164
75 170
75 172
75 173
75 176
75 177
75 182
75 184
75 187
75 188
75 190
75 191
75 193
75 198
76 77
76 79
76 81
76 83
76 84
76 85
76 87
76 91
76 92
76 93
76 96
76 101
76 103
76 104
76 111
76 113
76 115
76 116
76 118
76 121
76 122
76 123
76 124
76 125
76 126
76 127
76 130
76 132
76 133
76 137
76 140
76 143
76 145
76 152
76 153
76 154
76 157
76 162
76 163
76 165
76 167
76 171
76 175
76 177
76 180
76 181
76 183
76 184
76 186
76 188
76 189
76 195
76 198
77 78
77 79
77 83
77 84
77 85
77 90
77 96
77 100
77 101
77 106
77 108
77 109
77 114
77 116
77 119
77 120
77 121
77 124
77 125
77 126
77 127
77 128
77 129
77 131
77 132
77 133
77 134
77 137
77 140
77 141
77 143
77 146
77 149
77 151
77 155
77 158
77 162
77 163
77 165
77 166
77 167
77 168
77 169
77 170
77 172
77 174
77 175
77 178
77 180
77 182
77 184
77 185
77 186
77 187
77 189
77 190
77 191
77 192
77 194
77 195
77 196
77 198
78 79
78 83
78 89
78 90
78 91
78 92
78 99
78 102
78 103
78 105
78 108
78 109
78 112
78 113
78 115
78 116
78 118
78 120
78 121
78 125
78 126
78 127
78 128
78 130
78 131
78 133
78 134
78 135
78 136
78 137
78 138
78 139
78 140
78 141
78 142
78 145
78 148
78 150
78 151
78 153
78 155
78 160
78 164
78 172
78 174
78 175
78 177
78 179
78 182
78 183
78 184
78 187
78 188
78 189
78 195
78 197
79 80
79 81
79 82
79 83
79 85
79 87
79 88
79 89
79 90
79 91
79 94
79 95
79 96
79 97
79 99
79 102
79 103
79 104
79 108
79 111
79 112
79 115
79 118
79 121
79 122
79 125
79 129
79 131
79 133
79 134
79 136
79 138
79 139
79 141
79 142
79 143
79 145
79 146
79 148
79 149
79 151
79 156
79 162
79 164
79 167
79 168
79 169
79 170
79 171
79 172
79 177
79 178
79 179
79 181
79 182
79 184
79 185
79 187
79 188
79 191
79 192
79 193
79 194
79 196
80 82
80 83
80 84
80 86
80 88
80 90
80 91
80 93
80 96
80 98
80 102
80 103
80 105
80 106
80 109
80 111
80 115
80 117
80 118
80 120
80 121
80 122
80 125
80 127
80 128
80 133
80 134
80 137
80 139
80 141
80 143
80 146
80 147
80 149
80 150
80 151
80 156
80 158
80 159
80 161
80 163
80 164
80 165
80 169
80 170
80 173
80 175
80 176
80 177
80 180
80 183
80 184
80 185
80 188
80 189
80 190
80 192
80 194
80 199
81 82
81 83
81 84
81 85
81 86
81 87
81 90
81 91
81 92
81 93
81 97
81 98
81 100
81 101
81 103
81 104
81 106
81 109
81 111
81 114
81 117
81 118
81 120
81 125
81 126
81 128
81 129
81 137
81 141
81 142
81 143
81 144
81 145
81 146
81 149
81 150
81 152
81 153
81 154
81 155
81 156
81 157
81 159
81 161
81 165
81 166
81 167
81 168
81 170
81 172
81 176
81 178
81 183
81 185
81 186
81 187
81 188
81 192
81 193
81 194
81 195
81 197
82 83
82 85
82 86
82 88
82 90
82 91
82 94
82 95
82 96
82 99
82 104
82 105
82 106
82 108
82 112
82 116
82 117
82 118
82 119
82 120
82 121
82 124
82 125
82 126
82 127
82 129
82 130
82 132
82 133
82 136
82 139
82 143
82 145
82 146
82 147
82 148
82 149
82 150
82 152
82 153
82 154
82 155
82 157
82 160
82 162
82 163
82 164
82 165
82 166
82 167
82 168
82 170
82 171
82 172
82 173
82 175
82 180
82 183
82 185
82 186
82 187
82 190
82 193
82 194
82 195
82 197
83 87
83 89
83 90
83 91
83 92
83 95
83 101
83 105
83 107
83 109
83 111
83 116
83 117
83 118
83 119
83 120
83 121
83 124
83 125
83 127
83 128
83 131
83 133
83 135
83 138
83 139
83 140
83 141
83 142
83 144
83 145
83 146
83 147
83 149
83 150
83 152
83 154
83 155
83 156
83 157
83 158
83 161
83 162
83 163
83 166
83 170
83 175
83 176
83 178
83 181
83 183
83 184
83 187
83 189
83 190
83 192
83 193
83 194
83 195
83 196
83 197
83 199
84 86
84 90
84 93
84 95
84 99
84 101
84 104
84 106
84 108
84 110
84 114
84 115
84 116
84 125
84 126
84 128
84 129
84 130
84 132
84 134
84 135
84 137
84 138
84 140
84 141
84 142
84 147
84 149
84 150
84 151
84 153
84 159
84 160
84 161
84 162
84 163
84 168
84 169
84 171
84 172
84 173
84 174
84 175
84 176
84 177
84 178
84 179
84 181
84 182
84 185
84 187
84 190
84 191
84 193
84 194
84 196
84 198
84 199
85 86
85 87
85 91
85 92
85 95
85 97
85 100
85 101
85 102
85 103
85 107
85 108
85 109
85 113
85 115
85 116
85 117
85 119
85 120
85 122
85 123
85 124
85 125
85 127
85 131
85 132
85 134
85 136
85 141
85 142
85 143
85 145
85 146
85 150
85 153
85 155
85 157
85 160
85 162
85 163
85 164
85 165
85 166
85 169
85 170
85 171
85 173
85 175
85 176
85 177
85 178
85 179
85 180
85 181
85 183
85 184
85 185
85 188
85 189
85 190
85 191
85 192
85 193
85 195
85 198
86 87
86 91
86 92
86 93
86 94
86 98
86 100
86 101
86 105
86 106
86 108
86 109
86 110
86 111
86 112
86 114
86 115
86 117
86 120
86 122
86 126
86 127
86 128
86 129
86 130
86 132
86 133
86 134
86 136
86 139
86 140
86 141
86 143
86 144
86 146
86 147
86 148
86 152
86 155
86 158
86 160
86 163
86 166
86 169
86 170
86 171
86 172
86 173
86 174
86 175
86 178
86 180
86 183
86 190
86 193
86 195
86 197
87 88
87 89
87 91
87 95
87 96
87 100
87 102
87 104
87 107
87 109
87 110
87 112
87 114
87 115
87 116
87 119
87 120
87 121
87 123
87 128
87 130
87 131
87 132
87 137
87 140
87 145
87 146
87 150
87 151
87 152
87 153
87 154
87 155
87 156
87 157
87 158
87 162
87 163
87 166
87 167
87 169
87 170
87 171
87 172
87 173
87 175
87 178
87 179
87 180
87 184
87 185
87 186
87 187
87 188
87 189
87 191
87 194
87 198
88 90
88 91
88 92
88 93
88 95
88 97
88 101
88 102
88 104
88 106
88 107
88 108
88 109
88 111
88 114
88 118
88 119
88 121
88 125
88 126
88 128
88 129
88 130
88 131
88 133
88 134
88 141
88 142
88 143
88 145
88 146
88 148
88 150
88 151
88 152
88 156
88 157
88 158
88 160
88 161
88 166
88 171
88 172
88 175
88 176
88 178
88 179
88 183
88 187
88 188
88 189
88 192
88 194
88 195
88 197
88 199
89 92
89 94
89 99
89 101
89 103
89 109
89 110
89 111
89 112
89 113
89 116
89 117
89 118
89 124
89 131
89 133
89 136
89 137
89 139
89 142
89 143
89 144
89 148
89 150
89 153
89 154
89 155
89 157
89 164
89 166
89 167
89 168
89 169
89 170
89 172
89 173
89 175
89 176
89 177
89 182
89 185
89 186
89 189
89 190
89 192
89 193
89 195
89 198
90 92
90 95
90 96
90 97
90 98
90 99
90 101
90 102
90 104
90 105
90 111
90 113
90 114
90 116
90 120
90 121
90 122
90 125
90 128
90 129
90 134
90 139
90 143
90 144
90 149
90 150
90 152
90 154
90 155
90 156
90 157
90 158
90 160
90 161
90 164
90 167
90 168
90 170
90 171
90 172
90 173
90 176
90 177
90 179
90 180
90 182
90 183
90 186
90 188
90 190
90 193
90 196
91 94
91 95
91 97
91 98
91 99
91 101
91 103
91 104
91 106
91 107
91 109
91 110
91 111
91 112
91 114
91 119
91 121
91 122
91 124
91 125
91 126
91 128
91 129
91 131
91 133
91 136
91 137
91 138
91 142
91 143
91 144
91 145
91 147
91 150
91 151
91 152
91 155
91 157
91 167
91 169
91 170
91 171
91 172
91 175
91 177
91 178
91 180
91 181
91 183
91 184
91 185
91 187
91 190
91 191
91 192
91 193
91 194
91 196
91 197
91 199
92 93
92 95
92 96
92 97
92 98
92 99
92 103
92 105
92 106
92 108
92 109
92 110
92 111
92 114
92 117
92 118
92 120
92 123
92 126
92 127
92 129
92 130
92 131
92 132
92 133
92 135
92 137
92 138
92 139
92 143
92 144
92 148
92 150
92 151
92 154
92 155
92 156
92 164
92 165
92 166
92 167
92 169
92 170
92 172
92 174
92 175
92 176
92 180
92 181
92 183
92 184
92 185
92 187
92 190
92 191
92 192
92 193
92 194
92 195
92 198
92 199
93 94
93 97
93 99
93 101
93 103
93 104
93 105
93 107
93 108
93 112
93 113
93 115
93 119
93 121
93 123
93 124
93 125
93 126
93 127
93 129
93 131
93 132
93 134
93 136
93 137
93 139
93 140
93 142
93 143
93 144
93 146
93 150
93 156
93 157
93 166
93 167
93 168
93 170
93 172
93 175
93 176
93 180
93 186
93 187
93 188
93 189
93 191
93 192
93 193
93 194
93 198
94 95
94 96
94 98
94 99
94 100
94 102
94 104
94 107
94 110
94 113
94 114
94 115
94 118
94 119
94 122
94 124
94 127
94 129
94 131
94 132
94 135
94 137
94 139
94 142
94 143
94 147
94 148
94 153
94 154
94 155
94 156
94 157
94 163
94 165
94 168
94 169
94 170
94 172
94 173
94 175
94 178
94 179
94 181
94 182
94 187
94 190
94 192
94 194
94 195
94 197
95 97
95 98
95 99
95 101
95 102
95 103
95 104
95 107
95 109
95 110
95 111
95 112
95 113
95 114
95 117
95 118
95 119
95 120
95 121
95 122
95 124
95 125
95 129
95 130
95 131
95 132
95 133
95 136
95 137
95 140
95 142
95 143
95 145
95 149
95 150
95 151
95 156
95 157
95 162
95 163
95 165
95 166
95 167
95 168
95 171
95 175
95 178
95 179
95 183
95 186
95 187
95 188
95 190
95 191
95 194
95 195
95 199
96 97
96 100
96 101
96 102
96 104
96 107
96 108
96 111
96 112
96 113
96 114
96 115
96 117
96 119
96 120
96 126
96 129
96 134
96 135
96 137
96 138
96 139
96 140
96 143
96 150
96 152
96 153
96 154
96 155
96 158
96 161
96 169
96 170
96 174
96 176
96 184
96 185
96 188
96 189
96 191
96 192
96 194
96 195
96 197
96 198
97 98
97 102
97 103
97 104
97 105
97 108
97 110
97 111
97 119
97 125
97 126
97 127
97 128
97 129
97 130
97 134
97 136
97 138
97 139
97 142
97 143
97 144
97 146
97 147
97 148
97 150
97 151
97 153
97 156
97 158
97 160
97 162
97 163
97 165
97 166
97 167
97 168
97 169
97 174
97 175
97 176
97 180
97 183
97 184
97 185
97 190
97 194
97 196
97 197
98 100
98 103
98 105
98 109
98 111
98 112
98 114
98 117
98 119
98 121
98 122
98 126
98 128
98 129
98 131
98 133
98 134
98 135
98 136
98 137
98 138
98 141
98 146
98 147
98 150
98 152
98 153
98 154
98 163
98 164
98 167
98 168
98 169
98 171
98 175
98 176
98 177
98 179
98 180
98 181
98 183
98 184
98 185
98 186
98 190
98 193
98 194
99 100
99 106
99 107
99 111
99 113
99 115
99 116
99 119
99 120
99 122
99 123
99 126
99 127
99 132
99 134
99 136
99 137
99 138
99 139
99 141
99 144
99 145
99 146
99 150
99 151
99 153
99 154
99 155
99 158
99 161
99 163
99 164
99 165
99 167
99 168
99 170
99 171
99 172
99 177
99 178
99 180
99 181
99 182
99 183
99 185
99 188
99 189
99 190
99 191
99 193
99 194
99 195
99 197
99 199
100 102
100 107
100 110
100 116
100 118
100 119
100 120
100 122
100 123
100 124
100 125
100 129
100 130
100 134
100 136
100 137
100 138
100 140
100 142
100 143
100 147
100 148
100 149
100 151
100 152
100 155
100 158
100 161
100 162
100 163
100 164
100 165
100 167
100 169
100 171
100 172
100 176
100 178
100 179
100 180
100 181
100 182
100 184
100 185
100 187
100 188
100 191
100 197
100 198
100 199
101 103
101 107
101 110
101 114
101 119
101 120
101 121
101 122
101 123
101 124
101 125
101 126
101 128
101 129
101 131
101 133
101 136
101 137
101 138
101 140
101 141
101 143
101 144
101 146
101 147
101 148
101 151
101 153
101 154
101 156
101 160
101 163
101 167
101 168
101 169
101 172
101 176
101 178
101 180
101 181
101 182
101 185
101 186
101 189
101 190
101 191
101 192
101 194
101 198
101 199
102 103
102 104
102 105
102 111
102 117
102 119
102 124
102 125
102 128
102 129
102 130
102 131
102 132
102 136
102 140
102 141
102 142
102 151
102 153
102 155
102 158
102 159
102 160
102 163
102 166
102 167
102 169
102 171
102 172
102 173
102 176
102 177
102 181
102 184
102 185
102 190
102 191
102 193
102 194
102 196
102 198
102 199
103 105
103 109
103 111
103 113
103 115
103 116
103 119
103 122
103 125
103 126
103 128
103 129
103 130
103 131
103 134
103 135
103 136
103 138
103 139
103 140
103 141
103 143
103 144
103 145
103 146
103 150
103 151
103 153
103 154
103 155
103 156
103 157
103 159
103 162
103 164
103 167
103 170
103 171
103 172
103 173
103 175
103 177
103 179
103 181
103 184
103 185
103 189
103 191
103 192
103 194
103 198
104 107
104 109
104 111
104 112
104 113
104 115
104 118
104 122
104 123
104 124
104 125
104 130
104 131
104 133
104 135
104 139
104 141
104 142
104 143
104 148
104 149
104 157
104 159
104 163
104 167
104 168
104 169
104 170
104 171
104 173
104 174
104 175
104 177
104 178
104 181
104 182
104 185
104 195
104 197
105 106
105 108
105 109
105 110
105 114
105 115
105 118
105 119
105 125
105 126
105 128
105 131
105 132
105 134
105 138
105 140
105 144
105 145
105 146
105 148
105 149
105 152
105 155
105 157
105 158
105 160
105 165
105 170
105 171
105 172
105 174
105 176
105 177
105 180
105 182
105 187
105 188
105 189
105 192
105 193
105 196
105 197
106 113
106 115
106 117
106 120
106 121
106 122
106 125
106 128
106 130
106 132
106 134
106 135
106 142
106 144
106 145
106 149
106 150
106 151
106 155
106 157
106 158
106 161
106 162
106 163
106 165
106 166
106 168
106 169
106 170
106 176
106 178
106 180
106 183
106 186
106 189
106 194
106 196
106 197
106 198
107 109
107 110
107 113
107 118
107 119
107 120
107 121
107 122
107 123
107 125
107 127
107 128
107 129
107 130
107 131
107 134
107 137
107 138
107 139
107 140
107 141
107 148
107 149
107 150
107 151
107 153
107 155
107 157
107 158
107 161
107 162
107 164
107 168
107 169
107 170
107 173
107 175
107 177
107 178
107 181
107 183
107 184
107 186
107 187
107 189
107 193
107 195
107 196
107 197
108 112
108 115
108 116
108 118
108 120
108 121
108 123
108 125
108 130
108 131
108 132
108 134
108 136
108 138
108 139
108 140
108 144
108 146
108 148
108 150
108 151
108 153
108 157
108 158
108 160
108 161
108 164
108 165
108 168
108 171
108 174
108 175
108 177
108 178
108 179
108 181
108 185
108 186
108 195
108 199
109 110
109 111
109 112
109 114
109 115
109 116
109 118
109 119
109 122
109 123
109 130
109 132
109 133
109 134
109 139
109 141
109 143
109 145
109 146
109 148
109 150
109 152
109 154
109 156
109 157
109 158
109 159
109 161
109 166
109 169
109 170
109 175
109 177
109 181
109 184
109 185
109 189
109 190
109 191
109 195
109 198
110 113
110 114
110 115
110 117
110 119
110 120
110 122
110 123
110 124
110 125
110 126
110 128
110 129
110 131
110 132
110 133
110 135
110 136
110 139
110 141
110 142
110 143
110 144
110 147
110 149
110 150
110 152
110 154
110 155
110 156
110 157
110 158
110 159
110 160
110 161
110 163
110 164
110 165
110 166
110 167
110 168
110 169
110 172
110 173
110 174
110 175
110 177
110 179
110 180
110 181
110 183
110 185
110 189
110 190
110 191
110 192
110 198
111 112
111 115
111 116
111 119
111 120
111 123
111 127
111 130
111 133
111 134
111 135
111 136
111 137
111 139
111 144
111 145
111 147
111 148
111 149
111 150
111 153
111 157
111 158
111 159
111 160
111 161
111 163
111 164
111 165
111 166
111 169
111 173
111 174
111 177
111 179
111 180
111 182
111 183
111 186
111 187
111 188
111 189
111 190
111 191
111 193
111 194
111 198
112 114
112 115
112 124
112 126
112 129
112 130
112 131
112 132
112 135
112 137
112 140
112 142
112 144
112 146
112 149
112 150
112 151
112 154
112 155
112 162
112 163
112 166
112 170
112 172
112 173
112 175
112 176
112 177
112 179
112 181
112 182
112 183
112 186
112 187
112 188
112 191
112 194
112 195
112 196
112 199
113 115
113 116
113 117
113 121
113 123
113 124
113 126
113 127
113 129
113 132
113 134
113 135
113 138
113 139
113 140
113 141
113 142
113 143
113 144
113 147
113 148
113 151
113 152
113 155
113 156
113 157
113 160
113 161
113 162
113 163
113 164
113 167
113 168
113 170
113 173
113 179
113 182
113 183
113 184
113 185
113 190
113 196
113 198
114 115
114 117
114 118
114 119
114 120
114 122
114 124
114 125
114 132
114 134
114 135
114 136
114 142
114 143
114 144
114 145
114 149
114 150
114 151
114 154
114 161
114 164
114 165
114 167
114 168
114 169
114 172
114 175
114 176
114 177
114 178
114 179
114 181
114 182
114 184
114 187
114 191
114 192
114 193
114 194
114 195
114 197
114 198
114 199
115 117
115 120
115 125
115 127
115 129
115 132
115 134
115 135
115 136
115 142
115 143
115 144
115 146
115 147
115 148
115 149
115 150
115 152
115 153
115 154
115 155
115 156
115 158
115 159
115 161
115 166
115 169
115 171
115 172
115 173
115 175
115 176
115 180
115 181
115 182
115 183
115 184
115 186
115 187
115 188
115 193
115 194
115 198
116 117
116 125
116 126
116 128
116 129
116 132
116 135
116 137
116 139
116 140
116 141
116 142
116 144
116 146
116 147
116 148
116 149
116 150
116 152
116 156
116 157
116 159
116 160
116 161
116 162
116 163
116 164
116 166
116 167
116 168
116 169
116 170
116 172
116 173
116 176
116 177
116 179
116 182
116 185
116 187
116 189
116 192
116 193
116 196
117 120
117 121
117 122
117 124
117 125
117 127
117 130
117 132
117 133
117 138
117 143
117 144
117 145
117 146
117 147
117 148
117 149
117 155
117 157
117 158
117 159
117 162
117 164
117 165
117 166
117 168
117 170
117 174
117 176
117 177
117 180
117 183
117 186
117 187
117 190
117 193
117 194
117 195
117 196
117 197
117 199
118 120
118 121
118 122
118 123
118 126
118 133
118 134
118 142
118 143
118 145
118 146
118 148
118 150
118 151
118 155
118 156
118 159
118 164
118 167
118 169
118 170
118 171
118 173
118 175
118 177
118 179
118 182
118 186
118 187
118 188
118 190
118 192
118 195
118 196
118 198
119 121
119 122
119 123
119 124
119 127
119 128
119 129
119 130
119 131
119 133
119 136
119 137
119 139
119 141
119 142
119 143
119 146
119 147
119 149
119 150
119 151
119 152
119 154
119 155
119 156
119 160
119 161
119 163
119 169
119 171
119 177
119 179
119 180
119 182
119 185
119 186
119 187
119 188
119 189
119 191
119 192
119 193
119 194
119 196
119 198
119 199
120 123
120 124
120 126
120 127
120 128
120 129
120 131
120 133
120 135
120 138
120 139
120 141
120 142
120 145
120 146
120 148
120 151
120 153
120 155
120 157
120 159
120 161
120 162
120 163
120 164
120 165
120 166
120 167
120 168
120 170
120 171
120 172
120 173
120 175
120 177
120 178
120 180
120 181
120 182
120 185
120 186
120 187
120 188
120 192
120 195
120 197
120 198
121 122
121 130
121 131
121 133
121 137
121 138
121 139
121 140
121 142
121 144
121 147
121 148
121 149
121 150
121 154
121 158
121 159
121 165
121 168
121 169
121 170
121 171
121 178
121 179
121 180
121 184
121 185
121 187
121 192
121 194
121 195
121 198
121 199
122 125
122 126
122 127
122 131
122 134
122 135
122 144
122 146
122 149
122 150
122 152
122 157
122 158
122 160
122 164
122 165
122 166
122 167
122 169
122 172
122 174
122 176
122 177
122 180
122 181
122 182
122 184
122 189
122 191
122 192
122 193
122 194
122 195
122 196
122 197
122 198
122 199
123 124
123 128
123 130
123 133
123 134
123 137
123 138
123 139
123 145
123 150
123 153
123 154
123 155
123 156
123 157
123 162
123 166
123 168
123 171
123 172
123 173
123 176
123 177
123 178
123 179
123 181
123 182
123 183
123 184
123 185
123 186
123 187
123 188
123 190
123 192
123 194
123 195
123 197
123 198
124 125
124 126
124 127
124 128
124 129
124 130
124 131
124 133
124 134
124 135
124 137
124 138
124 139
124 140
124 142
124 143
124 144
124 145
124 146
124 149
124 152
124 154
124 157
124 160
124 163
124 168
124 170
124 172
124 173
124 174
124 176
124 177
124 179
124 180
124 183
124 185
124 187
124 189
124 190
124 192
124 193
124 195
124 196
124 197
124 198
124 199
125 126
125 129
125 131
125 132
125 133
125 134
125 135
125 136
125 137
125 138
125 141
125 147
125 148
125 149
125 150
125 151
125 152
125 154
125 155
125 157
125 158
125 161
125 164
125 165
125 166
125 171
125 174
125 176
125 178
125 179
125 180
125 181
125 182
125 183
125 184
125 192
125 194
125 195
126 127
126 128
126 131
126 132
126 135
126 138
126 140
126 141
126 142
126 143
126 144
126 145
126 148
126 151
126 154
126 156
126 157
126 159
126 167
126 168
126 169
126 172
126 173
126 175
126 176
126 177
126 178
126 179
126 180
126 181
126 183
126 190
126 192
126 193
126 194
126 195
126 197
127 129
127 131
127 132
127 133
127 137
127 138
127 139
127 140
127 141
127 145
127 147
127 148
127 151
127 152
127 153
127 158
127 159
127 160
127 161
127 163
127 165
127 167
127 170
127 171
127 172
127 174
127 175
127 176
127 180
127 183
127 186
127 187
127 188
127 189
127 191
127 192
127 193
127 195
127 197
128 129
128 130
128 131
128 135
128 137
128 138
128 140
128 143
128 145
128 149
128 150
128 152
128 153
128 155
128 157
128 159
128 161
128 163
128 168
128 171
128 174
128 175
128 176
128 179
128 180
128 181
128 183
128 186
128 190
128 195
128 196
128 197
128 198
128 199
129 132
129 134
129 136
129 138
129 141
129 142
129 145
129 146
129 147
129 153
129 156
129 157
129 158
129 160
129 162
129 163
129 165
129 166
129 169
129 170
129 174
129 176
129 177
129 179
129 181
129 184
129 186
129 187
129 188
129 190
129 191
129 195
129 197
130 133
130 135
130 136
130 137
130 139
130 141
130 142
130 143
130 144
130 145
130 147
130 149
130 151
130 153
130 156
130 157
130 159
130 163
130 164
130 169
130 170
130 173
130 179
130 180
130 181
130 183
130 184
130 186
130 187
130 189
130 190
130 191
130 193
130 195
130 199
131 132
131 135
131 137
131 139
131 142
131 143
131 144
131 145
131 149
131 154
131 158
131 159
131 160
131 161
131 162
131 166
131 167
131 169
131 173
131 175
131 176
131 177
131 178
131 179
131 180
131 182
131 183
131 184
131 187
131 188
131 194
131 195
132 133
132 135
132 136
132 138
132 140
132 142
132 143
132 145
132 147
132 148
132 149
132 150
132 151
132 152
132 154
132 156
132 157
132 158
132 159
132 161
132 162
132 167
132 168
132 169
132 171
132 176
132 177
132 180
132 181
132 182
132 183
132 184
132 185
132 186
132 187
132 188
132 192
132 198
132 199
133 135
133 136
133 138
133 141
133 143
133 145
133 147
133 149
133 150
133 153
133 154
133 155
133 156
133 157
133 158
133 159
133 160
133 162
133 164
133 166
133 167
133 169
133 170
133 171
133 173
133 175
133 177
133 178
133 181
133 182
133 183
133 184
133 185
133 186
133 187
133 189
133 192
133 193
133 196
133 197
133 199
134 135
134 140
134 141
134 143
134 144
134 145
134 146
134 147
134 149
134 150
134 151
134 152
134 158
134 159
134 164
134 165
134 167
134 168
134 170
134 171
134 172
134 173
134 174
134 175
134 176
134 178
134 179
134 180
134 183
134 184
134 185
134 187
134 189
134 190
134 193
134 195
134 198
134 199
135 136
135 137
135 140
135 143
135 149
135 152
135 153
135 155
135 157
135 159
135 160
135 161
135 163
135 164
135 165
135 166
135 167
135 168
135 170
135 171
135 172
135 175
135 176
135 179
135 182
135 183
135 186
135 187
135 191
135 196
135 197
135 198
135 199
136 139
136 142
136 145
136 147
136 148
136 149
136 151
136 152
136 153
136 155
136 156
136 157
136 159
136 164
136 165
136 166
136 168
136 170
136 172
136 173
136 175
136 176
136 178
136 180
136 181
136 182
136 184
136 186
136 188
136 190
136 191
136 193
136 194
136 196
136 199
137 139
137 140
137 141
137 142
137 146
137 148
137 149
137 152
137 158
137 160
137 166
137 168
137 170
137 172
137 175
137 177
137 180
137 183
137 184
137 185
137 190
137 192
137 193
137 195
137 197
138 139
138 141
138 142
138 143
138 148
138 150
138 154
138 155
138 157
138 159
138 160
138 164
138 165
138 166
138 167
138 168
138 171
138 172
138 173
138 175
138 176
138 178
138 179
138 180
138 181
138 184
138 185
138 189
138 190
138 191
138 192
138 193
138 196
138 198
139 144
139 146
139 147
139 148
139 149
139 153
139 160
139 161
139 162
139 164
139 166
139 167
139 175
139 177
139 178
139 181
139 182
139 183
139 186
139 187
139 188
139 189
139 192
139 193
139 194
139 195
139 197
139 199
140 146
140 147
140 148
140 149
140 151
140 152
140 155
140 157
140 158
140 159
140 160
140 161
140 164
140 165
140 166
140 168
140 170
140 171
140 173
140 177
140 179
140 181
140 183
140 185
140 188
140 190
140 192
140 194
140 196
140 197
140 198
140 199
141 143
141 144
141 145
141 146
141 147
141 148
141 151
141 153
141 155
141 156
141 159
141 161
141 163
141 164
141 166
141 167
141 168
141 172
141 174
141 177
141 180
141 181
141 183
141 186
141 187
141 188
141 190
141 192
141 193
141 194
141 198
142 143
142 145
142 148
142 151
142 152
142 155
142 157
142 162
142 164
142 165
142 169
142 170
142 171
142 172
142 173
142 174
142 177
142 182
142 189
142 193
142 194
143 144
143 149
143 154
143 155
143 159
143 160
143 163
143 165
143 166
143 169
143 170
143 172
143 173
143 174
143 175
143 177
143 178
143 181
143 182
143 183
143 186
143 188
143 191
143 192
143 194
143 195
143 196
143 197
144 146
144 150
144 151
144 152
144 154
144 161
144 167
144 168
144 170
144 172
144 173
144 177
144 178
144 182
144 183
144 184
144 185
144 186
144 188
144 189
144 191
144 193
144 194
144 196
144 199
145 147
145 152
145 154
145 156
145 158
145 159
145 160
145 162
145 163
145 164
145 168
145 169
145 171
145 173
145 177
145 184
145 185
145 187
145 190
145 193
145 195
145 199
146 147
146 150
146 151
146 153
146 157
146 159
146 162
146 165
146 168
146 170
146 171
146 175
146 179
146 180
146 182
146 184
146 185
146 186
146 188
146 191
146 193
146 197
146 199
147 149
147 150
147 151
147 154
147 155
147 156
147 160
147 161
147 164
147 168
147 169
147 171
147 172
147 177
147 178
147 182
147 183
147 184
147 189
147 192
147 193
147 194
147 196
147 197
147 198
147 199
148 149
148 151
148 156
148 158
148 159
148 160
148 164
148 165
148 167
148 168
148 169
148 170
148 171
148 174
148 176
148 181
148 183
148 185
148 186
148 190
148 193
148 194
148 195
148 198
148 199
149 151
149 152
149 153
149 155
149 156
149 158
149 159
149 166
149 169
149 170
149 171
149 172
149 173
149 174
149 176
149 177
149 179
149 180
149 181
149 182
149 183
149 185
149 189
149 190
149 191
149 192
149 194
149 195
149 196
149 198
150 152
150 153
150 156
150 157
150 159
150 166
150 168
150 170
150 174
150 175
150 176
150 177
150 180
150 183
150 184
150 185
150 186
150 190
150 191
150 193
150 194
150 196
150 197
150 198
150 199
151 152
151 156
151 158
151 159
151 160
151 161
151 162
151 163
151 164
151 165
151 166
151 167
151 169
151 170
151 172
151 173
151 174
151 175
151 181
151 184
151 185
151 188
151 190
151 191
151 193
151 195
151 197
151 199
152 153
152 154
152 157
152 162
152 165
152 166
152 167
152 168
152 169
152 173
152 174
152 176
152 177
152 178
152 180
152 183
152 196
152 197
152 199
153 159
153 162
153 166
153 167
153 168
153 170
153 172
153 174
153 175
153 177
153 178
153 179
153 181
153 182
153 183
153 186
153 187
153 189
153 192
153 193
153 195
153 196
153 197
153 198
154 157
154 159
154 162
154 163
154 165
154 167
154 168
154 172
154 174
154 175
154 176
154 183
154 185
154 187
154 189
154 191
154 197
155 157
155 163
155 165
155 171
155 173
155 174
155 175
155 179
155 181
155 185
155 187
155 188
155 190
155 191
155 192
155 194
155 195
156 157
156 158
156 159
156 161
156 162
156 164
156 167
156 168
156 169
156 171
156 172
156 173
156 174
156 175
156 178
156 180
156 185
156 186
156 188
156 189
156 190
156 194
156 196
156 197
156 198
157 160
157 164
157 169
157 170
157 173
157 174
157 175
157 182
157 183
157 184
157 189
157 190
157 193
157 196
157 197
158 159
158 160
158 161
158 162
158 164
158 168
158 171
158 175
158 179
158 180
158 183
158 185
158 186
158 187
158 188
158 194
158 195
158 197
158 199
159 160
159 164
159 165
159 166
159 169
159 172
159 173
159 175
159 176
159 177
159 179
159 180
159 181
159 182
159 184
159 185
159 188
159 190
159 192
159 193
159 194
159 195
159 196
159 197
160 163
160 168
160 176
160 177
160 178
160 180
160 185
160 186
160 188
160 190
160 191
160 192
160 194
160 196
160 199
161 162
161 167
161 170
161 172
161 174
161 178
161 181
161 182
161 185
161 187
161 188
161 189
161 191
161 192
161 194
161 199
162 165
162 166
162 170
162 171
162 172
162 173
162 174
162 176
162 177
162 181
162 183
162 185
162 186
162 187
162 189
162 190
162 191
162 193
162 198
162 199
163 164
163 167
163 168
163 169
163 171
163 172
163 182
163 184
163 185
163 186
163 190
163 193
163 195
163 196
163 198
163 199
164 166
164 168
164 170
164 171
164 173
164 174
164 176
164 177
164 178
164 179
164 180
164 184
164 185
164 186
164 187
164 189
164 190
164 193
164 196
164 197
164 199
165 166
165 169
165 172
165 175
165 176
165 177
165 179
165 183
165 184
165 185
165 186
165 187
165 190
165 192
165 193
165 194
165 196
165 198
165 199
166 170
166 173
166 174
166 175
166 176
166 177
166 180
166 182
166 183
166 187
166 190
166 191
166 194
166 195
166 197
167 169
167 170
167 172
167 173
167 174
167 176
167 177
167 178
167 179
167 181
167 182
167 183
167 184
167 185
167 189
167 190
167 192
167 193
167 195
167 197
167 199
168 169
168 172
168 173
168 174
168 175
168 177
168 186
168 190
168 192
168 197
168 198
169 170
169 174
169 178
169 182
169 184
169 185
169 189
169 190
169 191
169 192
169 193
169 195
169 197
169 198
170 176
170 178
170 181
170 183
170 184
170 185
170 189
170 190
170 191
170 193
170 196
170 199
171 173
171 179
171 180
171 181
171 183
171 184
171 191
171 192
171 193
171 194
171 197
171 198
172 173
172 176
172 177
172 178
172 181
172 182
172 183
172 185
172 187
172 188
172 190
172 192
172 193
172 194
172 195
172 196
172 199
173 175
173 178
173 180
173 181
173 182
173 188
173 189
173 190
173 193
173 194
173 195
173 196
174 175
174 177
174 178
174 180
174 181
174 183
174 188
174 192
174 193
174 195
174 196
174 198
175 177
175 181
175 185
175 189
175 190
175 191
175 192
175 194
175 195
175 199
176 177
176 178
176 183
176 185
176 186
176 188
176 189
176 193
176 194
176 196
176 197
177 178
177 179
177 181
177 186
177 187
177 188
177 190
177 191
177 192
177 193
177 196
177 197
177 199
178 180
178 189
178 192
178 193
178 196
178 197
178 199
179 186
179 188
179 189
179 190
179 193
179 196
179 198
180 182
180 186
180 187
180 188
180 189
180 192
180 195
180 198
180 199
181 182
181 183
181 184
181 185
181 189
181 190
181 192
181 195
181 197
182 184
182 185
182 186
182 187
182 188
182 189
182 195
182 196
182 197
182 199
183 186
183 187
183 189
183 190
183 191
183 192
183 195
183 196
183 198
183 199
184 188
184 190
184 191
184 193
184 195
184 196
184 199
185 186
185 190
185 192
185 194
185 195
185 196
185 198
185 199
186 187
186 192
186 193
186 197
186 198
187 190
187 191
187 192
187 193
187 195
187 196
187 198
187 199
188 189
188 190
188 191
188 192
188 198
188 199
189 190
189 191
189 192
189 193
189 194
189 195
189 199
190 191
190 193
190 194
190 199
191 194
191 199
192 193
192 194
192 195
192 197
193 194
193 195
193 196
194 196
194 198
195 198
196 199
197 199
198 199

1 1 1 1 0 0 0 1 0 1 1 0 0 1 0 0 0 1 0 0 1 0 1 1 1 1 0 0 1 1 1 1 0 1 1 1 0 0 0 1 0 1 0 0 1 1 0 0 0 1 1 0 0 1 0 1 1 0 0 0 0 0 0 1 0 0 0 1 0 0 1 1 0 0 1 1 0 1 1 1 1 1 0 0 1 0 1 0 1 0 1 0 0 0 0 0 1 1 0 1 0 1 0 0 0 0 0 0 0 1 0 1 0 1 1 1 0 1 1 0 1 0 0 1 1 1 1 1 0 1 0 1 0 1 1 1 1 0 1 1 0 0 0 0 0 0 1 0 0 0 1 1 1 1 1 1 0 1 0 1 0 1 1 1 0 0 0 0 1 1 0 0 1 0 1 0 0 1 1 1 1 1 1 0 0 0 1 0 1 1 1 0 1 1 0 0 1 0 1 0