100 1004
0 1 2 3 4 5 6 7 8 9 10 11 12 13 14 15 16 17 18 19 20 21 22 23 24 25 26 27 28 29 30 31 32 33 34 35 36 37 38 39 40 41 42 43 44 45 46 47 48 49 50 51 52 53 54 55 56 57 58 59 60 61 62 63 64 65 66 67 68 69 70 71 72 73 74 75 76 77 78 79 80 81 82 83 84 85 86 87 88 89 90 91 92 93 94 95 96 97 98 99
0 2
0 8
0 11
0 20
0 24
0 27
0 30
0 49
0 50
0 58
0 59
0 62
0 63
0 66
0 73
0 75
0 81
1 6
1 10
1 16
1 17
1 25
1 26
1 34
1 37
1 39
1 47
1 51
1 55
1 67
1 78
1 80
1 81
1 82
1 89
1 95
2 3
2 7
2 12
2 15
2 16
2 19
2 20
2 23
2 24
2 27
2 46
2 47
2 49
2 53
2 70
2 81
2 83
2 96
3 7
3 8
3 10
3 17
3 35
3 38
3 45
3 47
3 48
3 58
3 61
3 65
3 72
3 77
3 79
3 93
4 6
4 13
4 17
4 18
4 19
4 23
4 26
4 33
4 36
4 37
4 42
4 47
4 57
4 60
4 61
4 78
4 79
4 83
4 90
4 93
5 15
5 20
5 21
5 30
5 32
5 38
5 42
5 44
5 51
5 62
5 63
5 64
5 65
5 72
5 75
5 76
5 81
5 84
5 92
5 99
6 9
6 12
6 14
6 15
6 16
6 22
6 26
6 29
6 33
6 41
6 43
6 45
6 46
6 47
6 50
6 59
6 62
6 66
6 67
6 71
6 76
6 79
6 83
6 85
6 89
6 92
6 93
7 16
7 17
7 24
7 28
7 31
7 46
7 49
7 51
7 63
7 64
7 73
7 84
7 88
7 90
7 93
7 97
8 13
8 16
8 18
8 27
8 28
8 32
8 33
8 40
8 46
8 48
8 53
8 56
8 64
8 67
8 71
8 79
8 82
8 85
8 86
8 97
9 26
9 28
9 30
9 37
9 43
9 50
9 62
9 67
9 70
9 72
9 74
9 78
9 79
9 80
9 82
9 84
10 16
10 21
10 23
10 26
10 30
10 34
10 53
10 54
10 58
10 71
10 72
10 75
10 81
10 89
10 93
10 95
11 34
11 39
11 40
11 47
11 51
11 55
11 59
11 64
11 74
11 78
11 79
11 82
11 86
11 89
12 24
12 25
12 28
12 29
12 44
12 45
12 48
12 50
12 53
12 58
12 59
12 61
12 67
12 88
12 91
12 92
12 98
13 24
13 29
13 36
13 47
13 53
13 55
13 58
13 59
13 61
13 65
13 80
13 82
13 94
14 20
14 21
14 26
14 28
14 31
14 33
14 49
14 57
14 64
14 66
14 73
14 74
14 81
14 88
14 95
15 17
15 30
15 37
15 45
15 48
15 50
15 53
15 58
15 69
15 73
15 77
15 82
15 93
15 94
15 98
16 19
16 21
16 22
16 24
16 26
16 30
16 36
16 38
16 39
16 46
16 48
16 58
16 64
16 67
16 70
16 78
16 80
17 26
17 29
17 31
17 34
17 35
17 41
17 45
17 48
17 60
17 61
17 63
17 65
17 68
17 69
17 73
17 81
18 20
18 48
18 54
18 62
18 69
18 78
18 82
18 92
18 98
19 31
19 47
19 56
19 57
19 59
19 67
19 71
19 74
19 79
19 94
19 96
19 99
20 23
20 24
20 25
20 30
20 31
20 34
20 38
20 44
20 50
20 59
20 64
20 81
20 82
20 91
20 93
20 94
21 25
21 47
21 59
21 61
21 65
21 70
21 72
21 75
21 80
21 87
21 88
21 90
21 92
21 93
21 96
21 99
22 31
22 33
22 37
22 55
22 63
22 64
22 71
22 74
22 77
22 86
22 88
22 95
22 96
23 32
23 35
23 37
23 46
23 50
23 51
23 56
23 64
23 68
23 69
23 70
23 73
23 88
24 30
24 32
24 36
24 40
24 50
24 52
24 56
24 57
24 59
24 65
24 67
24 84
24 86
24 87
24 95
25 29
25 31
25 35
25 42
25 52
25 54
25 59
25 62
25 67
25 77
25 86
25 88
25 89
25 91
26 28
26 36
26 38
26 43
26 46
26 49
26 61
26 66
26 77
26 81
26 94
27 28
27 34
27 35
27 44
27 46
27 55
27 57
27 59
27 62
27 73
27 76
27 77
27 78
27 83
27 84
27 88
27 92
27 93
27 95
28 34
28 36
28 39
28 40
28 50
28 52
28 56
28 59
28 64
28 65
28 66
28 67
28 68
28 72
28 75
28 76
28 92
28 98
29 30
29 38
29 40
29 41
29 44
29 50
29 52
29 53
29 61
29 62
29 63
29 70
29 72
29 75
29 84
29 92
29 94
29 95
30 36
30 37
30 41
30 47
30 49
30 59
30 61
30 62
30 65
30 66
30 67
30 86
30 95
30 96
31 42
31 47
31 52
31 53
31 54
31 64
31 66
31 72
31 75
31 81
31 83
31 84
31 85
31 87
31 93
31 96
32 37
32 38
32 41
32 45
32 55
32 62
32 63
32 71
32 72
32 75
32 76
32 77
32 78
32 79
32 80
32 83
32 93
33 42
33 49
33 67
33 79
33 81
33 83
33 89
33 92
33 96
34 38
34 48
34 52
34 78
34 79
34 83
34 84
34 87
34 94
34 97
35 37
35 41
35 47
35 59
35 91
35 98
35 99
36 38
36 46
36 47
36 51
36 52
36 60
36 64
36 66
36 77
36 78
36 82
36 84
36 85
36 87
36 89
36 92
36 97
36 99
37 41
37 44
37 45
37 47
37 52
37 55
37 64
37 85
37 91
37 96
38 39
38 44
38 47
38 48
38 49
38 57
38 58
38 63
38 64
38 65
38 66
38 69
38 74
38 78
38 81
38 84
38 88
38 95
38 97
39 48
39 49
39 51
39 53
39 54
39 63
39 69
39 71
39 76
39 90
39 92
39 93
39 96
40 42
40 44
40 65
40 70
40 72
40 73
40 74
40 78
40 94
40 96
40 97
41 44
41 50
41 51
41 52
41 54
41 57
41 58
41 64
41 67
41 73
41 82
42 47
42 48
42 49
42 69
42 72
42 76
42 77
42 83
42 85
42 86
42 89
42 91
42 97
42 98
42 99
43 56
43 57
43 58
43 64
43 71
43 74
43 77
43 79
43 85
43 89
43 94
43 97
44 54
44 55
44 57
44 65
44 73
44 81
44 91
44 99
45 47
45 52
45 53
45 57
45 66
45 76
45 79
45 80
45 81
45 82
45 86
45 90
45 92
45 93
45 99
46 47
46 50
46 52
46 53
46 60
46 62
46 66
46 67
46 68
46 75
46 82
46 84
46 89
46 94
46 95
47 54
47 66
47 69
47 73
47 79
47 82
47 87
47 88
47 89
47 90
47 91
48 49
48 51
48 52
48 83
48 88
48 94
48 96
48 97
48 99
49 66
49 68
49 71
49 72
49 73
49 81
49 82
49 95
50 53
50 54
50 58
50 60
50 62
50 66
50 75
50 81
50 82
50 88
50 98
51 53
51 55
51 57
51 59
51 64
51 75
51 85
51 91
51 96
51 98
52 64
52 77
52 84
52 89
52 98
52 99
53 55
53 57
53 58
53 59
53 69
53 70
53 74
53 76
53 78
53 83
53 84
53 87
53 92
53 93
53 94
53 96
53 98
54 58
54 64
54 65
54 67
54 68
54 71
54 89
54 94
55 58
55 59
55 60
55 61
55 63
55 75
55 76
56 57
56 63
56 65
56 72
56 76
56 82
56 93
57 61
57 65
57 68
57 71
57 72
57 74
57 77
57 79
57 80
57 82
57 86
57 89
57 93
58 60
58 62
58 63
58 67
58 70
58 73
58 81
58 82
58 88
58 90
58 97
59 73
59 76
59 84
59 85
59 87
59 90
59 92
60 61
60 66
60 69
60 70
60 72
60 87
60 88
60 98
61 65
61 68
61 72
61 74
61 77
61 90
61 96
61 97
61 99
62 65
62 68
62 77
62 81
62 92
62 95
62 97
63 66
63 69
63 83
63 85
63 86
63 90
63 92
64 71
64 80
64 89
64 91
64 96
65 78
65 84
65 87
65 93
66 67
66 68
66 74
66 76
66 82
66 91
66 92
66 93
66 98
67 72
67 73
67 78
67 82
67 85
67 89
68 69
68 83
68 85
68 91
68 93
68 95
69 70
69 71
69 78
69 90
69 94
69 96
69 97
69 99
70 72
70 74
70 77
70 81
70 82
70 90
70 92
70 95
71 80
71 94
71 97
72 74
72 77
72 78
72 79
72 86
72 89
72 91
72 92
73 78
73 79
73 80
73 87
73 88
73 90
73 91
73 94
73 98
74 84
74 93
75 78
75 81
75 84
75 89
75 90
75 92
75 93
75 95
75 96
76 80
76 82
76 83
76 91
76 94
76 97
76 98
76 99
77 85
77 87
78 88
78 94
78 97
79 81
79 83
79 84
79 86
79 90
80 82
80 83
80 86
80 89
80 92
80 99
81 82
81 90
81 92
81 98
82 85
82 86
82 87
82 92
82 97
83 85
83 86
83 91
83 93
84 85
84 86
84 88
84 91
84 92
84 94
84 97
85 87
85 88
85 92
85 94
85 97
86 93
86 99
87 96
88 97
88 98
89 90
89 99
90 95
90 97
91 97
92 93
93 95
94 96
95 99
96 98
97 99

1 0 1 0 1 0 1 1 1 1 0 1 1 1 1 1 0 1 0 1 0 1 0 1 0 0 0 1 0 1 1 0 0 0 1 0 0 0 0 1 1 1 0 0 0 0 1 0 0 1 1 1 1 1 0 1 0 1 0 0 1 1 0 0 0 0 1 1 1 0 0 1 1 0 0 0 1 1 0 1 1 1 0 0 0 1 1 0 1 0 0 0 1 1 1 0 1 0 0 0