250 281
0 1 2 3 4 5 6 7 8 9 10 11 12 13 14 15 16 17 18 19 20 21 22 23 24 25 26 27 28 29 30 31 32 33 34 35 36 37 38 39 40 41 42 43 44 45 46 47 48 49 50 51 52 53 54 55 56 57 58 59 60 61 62 63 64 65 66 67 68 69 70 71 72 73 74 75 76 77 78 79 80 81 82 83 84 85 86 87 88 89 90 91 92 93 94 95 96 97 98 99 100 101 102 103 104 105 106 107 108 109 110 111 112 113 114 115 116 117 118 119 120 121 122 123 124 125 126 127 128 129 130 131 132 133 134 135 136 137 138 139 140 141 142 143 144 145 146 147 148 149 150 151 152 153 154 155 156 157 158 159 160 161 162 163 164 165 166 167 168 169 170 171 172 173 174 175 176 177 178 179 180 181 182 183 184 185 186 187 188 189 190 191 192 193 194 195 196 197 198 199 200 201 202 203 204 205 206 207 208 209 210 211 212 213 214 215 216 217 218 219 220 221 222 223 224 225 226 227 228 229 230 231 232 233 234 235 236 237 238 239 240 241 242 243 244 245 246 247 248 249
1 71
1 128
1 132
1 154
1 160
1 209
2 20
2 152
2 230
2 233
2 239
3 105
3 184
4 24
4 52
4 91
5 152
5 157
7 62
7 176
8 182
9 126
9 138
9 238
10 81
10 140
10 208
10 220
11 128
12 176
13 128
13 173
14 65
14 226
15 148
15 241
16 55
16 220
17 240
18 98
18 136
19 64
19 75
19 108
19 192
19 218
19 219
19 249
20 46
20 126
21 70
21 119
21 240
22 144
23 199
23 239
24 65
24 95
24 233
24 242
25 35
25 234
26 191
27 205
27 215
29 65
29 137
29 200
29 224
30 145
30 166
31 52
31 137
31 173
31 200
31 212
32 165
33 124
33 195
34 143
34 247
35 185
36 136
37 128
37 144
38 100
38 194
39 137
39 165
40 88
40 135
40 219
42 74
42 137
43 165
43 238
44 199
45 148
47 136
47 143
49 57
49 63
49 157
49 179
49 206
50 52
50 249
51 117
51 190
51 241
52 65
52 114
52 130
52 200
54 243
55 177
55 241
55 248
56 65
56 164
57 106
57 111
58 212
58 244
59 115
60 243
61 104
61 185
62 130
63 209
64 139
64 168
65 68
65 124
65 144
65 248
66 74
66 101
66 200
66 201
66 218
67 154
67 245
68 100
68 130
68 174
68 222
68 249
69 231
71 88
71 202
72 134
72 143
73 181
74 85
77 83
78 183
79 98
80 154
80 174
80 194
80 197
80 248
81 95
84 191
86 121
86 122
87 120
87 171
88 91
88 131
89 218
90 191
90 219
91 128
91 249
92 213
93 206
94 152
94 192
95 123
96 169
96 226
98 242
99 106
99 194
101 119
101 139
102 128
102 181
103 182
105 119
105 135
106 222
107 149
107 181
107 244
108 175
108 191
108 195
108 240
109 159
112 124
112 144
112 233
113 182
114 162
114 179
114 197
117 132
117 144
118 213
119 139
119 186
120 172
121 131
121 172
121 234
122 247
123 198
125 160
125 181
125 246
127 213
127 214
128 222
129 135
129 146
129 218
131 166
132 134
132 171
132 207
132 235
134 184
134 188
134 225
134 228
135 213
136 181
137 143
139 212
140 194
143 203
145 196
146 170
148 232
151 249
152 191
153 158
154 187
155 208
156 163
165 221
165 238
166 178
168 234
175 221
177 185
179 245
180 214
181 214
187 248
197 219
198 238
199 230
200 231
205 247
206 247
207 247
208 230
211 224
211 249
215 243
216 226
217 227
218 226
220 228
224 248
232 239
241 249

0 0 1 0 1 0 0 0 0 0 0 0 1 0 0 1 1 0 1 0 1 1 0 0 1 1 0 0 0 1 1 0 1 0 1 1 0 1 1 1 1 0 0 1 1 0 0 1 0 0 0 1 0 1 0 1 0 0 0 1 0 0 0 1 1 0 0 0 0 0 1 0 0 1 0 1 0 0 1 1 1 0 0 0 1 0 1 1 1 0 0 0 0 1 1 0 0 0 0 1 0 1 1 0 0 1 1 0 0 0 0 0 1 1 1 1 1 1 1 1 1 0 0 0 1 0 0 1 1 0 1 0 0 0 0 1 0 1 1 0 0 1 1 1 1 1 1 0 0 1 1 1 1 0 1 1 0 0 0 1 0 0 1 1 1 0 0 0 1 1 1 0 1 1 1 1 0 1 1 1 0 0 1 1 1 0 0 1 1 1 1 0 0 0 0 1 0 0 0 1 0 0 1 1 1 0 0 1 1 0 0 1 0 1 0 1 0 1 1 0 0 1 1 1 1 1 0 0 0 1 0 1 1 1 0 1 0 0 0 1 1 1 0 0 1 1 1 1 1 1