200 1993
0 1 2 3 4 5 6 7 8 9 10 11 12 13 14 15 16 17 18 19 20 21 22 23 24 25 26 27 28 29 30 31 32 33 34 35 36 37 38 39 40 41 42 43 44 45 46 47 48 49 50 51 52 53 54 55 56 57 58 59 60 61 62 63 64 65 66 67 68 69 70 71 72 73 74 75 76 77 78 79 80 81 82 83 84 85 86 87 88 89 90 91 92 93 94 95 96 97 98 99 100 101 102 103 104 105 106 107 108 109 110 111 112 113 114 115 116 117 118 119 120 121 122 123 124 125 126 127 128 129 130 131 132 133 134 135 136 137 138 139 140 141 142 143 144 145 146 147 148 149 150 151 152 153 154 155 156 157 158 159 160 161 162 163 164 165 166 167 168 169 170 171 172 173 174 175 176 177 178 179 180 181 182 183 184 185 186 187 188 189 190 191 192 193 194 195 196 197 198 199
0 13
0 26
0 39
0 45
0 59
0 61
0 99
0 110
0 119
0 122
0 127
0 132
0 135
0 139
0 140
0 147
0 158
0 160
0 161
0 163
0 168
0 170
0 181
0 196
1 8
1 11
1 15
1 24
1 25
1 39
1 41
1 57
1 63
1 66
1 72
1 83
1 84
1 126
1 132
1 152
1 153
1 162
1 164
1 167
1 168
1 187
1 198
2 10
2 13
2 15
2 31
2 32
2 44
2 65
2 66
2 84
2 99
2 108
2 125
2 128
2 136
2 139
2 142
2 150
2 152
2 156
2 157
2 172
2 173
2 176
2 185
2 195
3 5
3 9
3 19
3 28
3 37
3 53
3 55
3 58
3 61
3 68
3 73
3 96
3 117
3 121
3 154
3 156
3 166
3 177
3 190
3 193
4 11
4 12
4 29
4 35
4 45
4 64
4 67
4 68
4 77
4 92
4 118
4 128
4 144
4 152
5 7
5 15
5 19
5 21
5 32
5 44
5 50
5 52
5 61
5 83
5 84
5 89
5 90
5 114
5 123
5 132
5 152
5 153
5 166
5 186
6 9
6 33
6 48
6 78
6 80
6 96
6 101
6 104
6 105
6 108
6 112
6 117
6 124
6 132
6 147
6 148
6 164
6 170
7 11
7 24
7 28
7 30
7 31
7 65
7 67
7 70
7 71
7 88
7 92
7 115
7 128
7 133
7 157
7 171
7 180
7 193
8 34
8 36
8 38
8 46
8 49
8 59
8 69
8 79
8 115
8 116
8 124
8 146
8 160
8 163
8 169
8 173
9 11
9 24
9 28
9 36
9 38
9 45
9 48
9 53
9 56
9 60
9 64
9 65
9 70
9 92
9 102
9 117
9 128
9 138
9 149
9 163
9 165
9 179
9 181
9 182
10 15
10 16
10 24
10 33
10 35
10 41
10 44
10 45
10 71
10 73
10 93
10 99
10 102
10 111
10 126
10 128
10 130
10 136
10 144
10 166
10 187
10 192
10 195
11 21
11 28
11 34
11 38
11 40
11 52
11 70
11 74
11 77
11 84
11 99
11 101
11 110
11 117
11 153
11 154
11 181
12 21
12 23
12 60
12 61
12 63
12 80
12 96
12 100
12 105
12 107
12 111
12 127
12 135
12 142
12 143
12 144
12 147
12 160
12 167
12 169
12 177
12 181
12 194
13 23
13 26
13 62
13 72
13 77
13 81
13 82
13 98
13 106
13 134
13 147
13 160
13 167
13 168
13 189
14 32
14 53
14 56
14 61
14 68
14 95
14 102
14 103
14 115
14 137
14 146
14 168
14 181
14 195
14 197
15 39
15 41
15 50
15 60
15 65
15 69
15 82
15 90
15 104
15 106
15 107
15 113
15 123
15 137
15 139
15 145
15 147
15 163
15 168
15 179
16 20
16 22
16 44
16 52
16 62
16 68
16 78
16 85
16 88
16 93
16 111
16 143
16 148
16 188
17 53
17 57
17 63
17 67
17 69
17 73
17 79
17 92
17 93
17 99
17 111
17 126
17 129
17 134
17 136
17 154
18 27
18 34
18 43
18 49
18 51
18 54
18 69
18 70
18 73
18 87
18 91
18 103
18 106
18 109
18 115
18 121
18 124
18 132
18 142
18 145
18 163
18 164
18 166
18 167
18 178
18 181
18 183
18 187
18 196
19 35
19 50
19 55
19 64
19 84
19 91
19 102
19 108
19 136
19 149
19 162
19 167
19 181
20 24
20 31
20 36
20 40
20 47
20 60
20 67
20 77
20 84
20 103
20 128
20 132
20 146
20 160
20 173
20 176
20 186
20 199
21 27
21 44
21 60
21 62
21 69
21 71
21 72
21 81
21 82
21 90
21 148
21 157
21 165
21 173
21 178
21 186
21 190
21 197
21 199
22 35
22 38
22 41
22 47
22 57
22 59
22 61
22 64
22 76
22 86
22 99
22 119
22 120
22 121
22 128
22 155
22 192
22 193
23 34
23 57
23 66
23 82
23 96
23 98
23 113
23 115
23 132
23 133
23 138
23 162
23 166
23 172
23 174
23 178
23 180
23 191
23 197
24 29
24 32
24 52
24 74
24 80
24 81
24 88
24 96
24 110
24 118
24 121
24 122
24 136
24 142
24 156
24 157
24 179
25 36
25 44
25 56
25 62
25 65
25 67
25 74
25 86
25 87
25 128
25 144
25 151
25 155
25 184
26 35
26 36
26 44
26 58
26 62
26 92
26 100
26 104
26 106
26 129
26 133
26 137
26 140
26 164
26 166
26 185
27 42
27 45
27 49
27 53
27 74
27 77
27 85
27 102
27 108
27 121
27 126
27 129
27 135
27 145
27 150
27 189
27 196
27 199
28 38
28 44
28 48
28 57
28 58
28 67
28 73
28 74
28 75
28 77
28 88
28 90
28 92
28 94
28 98
28 100
28 102
28 145
28 158
28 161
28 164
28 167
28 170
28 184
28 189
28 190
28 194
28 196
29 31
29 41
29 49
29 55
29 71
29 78
29 80
29 87
29 98
29 102
29 107
29 112
29 127
29 138
29 151
29 164
29 182
29 195
29 198
30 45
30 52
30 76
30 101
30 105
30 111
30 118
30 134
30 139
30 152
30 157
30 159
30 162
30 175
30 184
30 195
31 36
31 54
31 59
31 94
31 97
31 98
31 101
31 107
31 113
31 123
31 133
31 155
31 163
31 181
31 182
31 199
32 40
32 51
32 83
32 96
32 99
32 101
32 107
32 112
32 124
32 136
32 144
32 147
32 148
32 161
32 183
32 186
33 52
33 72
33 78
33 98
33 107
33 121
33 122
33 150
33 159
33 160
33 165
33 175
33 190
34 35
34 42
34 55
34 57
34 59
34 64
34 72
34 94
34 101
34 106
34 108
34 113
34 137
34 139
34 143
34 148
34 158
34 161
34 175
34 178
35 68
35 70
35 76
35 81
35 86
35 89
35 94
35 103
35 117
35 126
35 140
35 145
35 162
35 168
35 178
35 182
36 46
36 50
36 51
36 52
36 64
36 76
36 86
36 90
36 112
36 129
36 159
36 176
36 185
36 186
36 188
36 189
36 190
36 196
37 49
37 51
37 80
37 102
37 109
37 110
37 124
37 130
37 138
37 139
37 142
37 143
37 153
37 157
37 159
37 166
37 174
37 181
37 185
37 199
38 55
38 56
38 71
38 102
38 125
38 134
38 138
38 145
38 150
38 156
38 157
38 170
38 171
38 185
39 48
39 51
39 52
39 61
39 72
39 86
39 91
39 92
39 93
39 110
39 116
39 122
39 155
39 163
39 166
39 178
39 181
39 194
40 43
40 46
40 50
40 65
40 73
40 90
40 120
40 123
40 141
40 145
40 146
40 169
40 171
40 196
41 49
41 63
41 76
41 81
41 86
41 88
41 89
41 115
41 135
41 138
41 145
41 154
41 183
42 51
42 64
42 67
42 69
42 84
42 92
42 99
42 116
42 119
42 120
42 142
42 151
42 160
42 184
42 196
43 44
43 53
43 55
43 59
43 79
43 82
43 83
43 88
43 96
43 103
43 122
43 124
43 133
43 137
43 159
43 164
43 167
43 170
43 174
43 175
43 190
43 196
44 55
44 57
44 70
44 81
44 82
44 85
44 93
44 94
44 123
44 124
44 146
44 150
44 169
44 186
44 195
45 61
45 91
45 97
45 99
45 101
45 107
45 125
45 145
45 153
45 155
45 159
45 161
45 189
45 190
45 192
45 194
46 58
46 68
46 69
46 81
46 91
46 101
46 123
46 141
46 149
46 178
46 199
47 55
47 66
47 75
47 81
47 107
47 114
47 125
47 141
47 145
47 161
47 164
47 173
47 177
47 186
47 188
48 52
48 70
48 76
48 79
48 84
48 89
48 94
48 98
48 100
48 108
48 109
48 128
48 132
48 134
48 147
48 150
48 156
48 169
48 171
48 197
49 55
49 56
49 70
49 72
49 104
49 135
49 159
49 166
49 173
49 190
50 55
50 58
50 66
50 69
50 75
50 78
50 81
50 104
50 139
50 143
50 154
50 159
50 166
50 177
50 196
51 56
51 63
51 72
51 76
51 88
51 96
51 125
51 136
51 142
51 152
51 164
51 166
51 168
51 180
51 183
51 185
51 188
52 57
52 60
52 74
52 83
52 98
52 105
52 132
52 137
52 169
53 57
53 69
53 83
53 92
53 99
53 105
53 141
53 157
53 160
53 164
53 183
53 190
54 78
54 89
54 95
54 107
54 113
54 126
54 149
54 162
54 166
54 175
55 76
55 77
55 85
55 86
55 92
55 101
55 123
55 127
55 129
55 130
55 141
55 155
55 159
55 188
55 192
55 198
56 78
56 80
56 95
56 96
56 99
56 109
56 134
56 136
56 137
56 142
56 144
56 154
56 158
56 164
56 166
56 173
56 179
57 59
57 62
57 63
57 67
57 77
57 95
57 105
57 112
57 123
57 150
57 151
57 156
57 160
57 162
57 171
57 176
57 187
57 195
58 71
58 74
58 80
58 88
58 95
58 101
58 102
58 109
58 119
58 140
58 147
58 173
58 177
58 181
58 186
58 189
59 82
59 85
59 99
59 110
59 116
59 119
59 154
59 180
59 191
60 80
60 87
60 102
60 106
60 109
60 117
60 131
60 136
60 181
60 198
61 78
61 90
61 91
61 103
61 105
61 139
61 143
61 148
61 165
61 174
61 198
62 80
62 89
62 98
62 109
62 116
62 117
62 126
62 133
62 148
62 150
62 159
62 176
62 186
62 193
62 194
62 198
62 199
63 67
63 80
63 86
63 88
63 90
63 91
63 92
63 103
63 108
63 117
63 118
63 151
63 162
63 166
63 167
63 192
63 197
64 83
64 87
64 98
64 107
64 131
64 134
64 144
64 151
64 159
64 161
64 172
64 185
64 191
64 198
65 78
65 85
65 94
65 102
65 105
65 111
65 116
65 118
65 120
65 131
65 177
65 180
65 184
66 74
66 82
66 85
66 89
66 99
66 131
66 147
66 164
66 186
66 197
67 82
67 83
67 99
67 105
67 107
67 112
67 116
67 124
67 141
67 142
67 145
67 166
67 197
68 79
68 87
68 112
68 113
68 116
68 133
68 140
68 149
68 150
68 154
68 181
68 190
68 195
68 199
69 74
69 80
69 84
69 88
69 99
69 112
69 132
69 137
69 139
69 141
69 145
69 183
69 185
70 83
70 93
70 94
70 97
70 109
70 122
70 136
70 142
70 152
70 159
70 180
70 185
70 191
70 193
71 83
71 96
71 99
71 108
71 112
71 116
71 120
71 122
71 136
71 141
71 144
71 184
71 196
72 76
72 80
72 111
72 115
72 116
72 127
72 129
72 132
72 136
72 167
72 177
72 185
72 197
72 198
73 78
73 101
73 107
73 111
73 119
73 126
73 136
73 157
73 167
73 174
74 78
74 118
74 123
74 126
74 133
74 140
74 163
74 169
74 172
74 173
74 175
74 181
74 192
75 82
75 102
75 110
75 127
75 131
75 133
75 145
75 150
75 152
75 175
75 181
75 184
75 195
76 100
76 108
76 116
76 118
76 120
76 140
76 141
76 142
76 143
76 160
76 174
76 175
77 80
77 81
77 92
77 105
77 113
77 115
77 117
77 122
77 133
77 151
77 153
77 168
77 176
77 197
78 89
78 92
78 93
78 98
78 120
78 121
78 123
78 134
78 139
78 147
78 157
78 159
78 160
78 168
78 177
79 80
79 99
79 100
79 105
79 114
79 115
79 116
79 117
79 123
79 124
79 132
79 136
79 150
79 162
79 170
79 182
79 183
79 192
80 82
80 87
80 88
80 89
80 98
80 102
80 108
80 123
80 130
80 139
80 161
80 172
80 189
81 83
81 85
81 91
81 103
81 107
81 115
81 134
81 152
81 161
81 163
81 164
81 195
82 88
82 110
82 124
82 131
82 143
82 155
82 158
82 164
82 196
83 89
83 96
83 115
83 128
83 152
83 162
83 171
83 176
83 196
84 96
84 99
84 101
84 129
84 135
84 137
84 154
84 197
85 86
85 93
85 96
85 111
85 126
85 133
85 146
85 150
85 167
86 91
86 106
86 141
86 149
86 181
86 197
87 92
87 106
87 111
87 130
87 132
87 149
87 152
87 156
87 168
87 178
87 184
88 111
88 126
88 131
88 141
88 144
88 156
88 172
88 177
88 178
88 188
88 192
88 199
89 93
89 102
89 107
89 112
89 117
89 139
89 147
89 165
89 166
89 181
90 109
90 120
90 148
90 159
90 163
90 167
90 186
90 199
91 110
91 118
91 119
91 162
91 167
91 185
91 186
91 187
91 198
92 106
92 132
92 136
92 144
92 145
92 149
92 160
92 170
92 174
92 188
93 109
93 112
93 128
93 141
93 144
93 149
93 155
93 164
93 165
93 169
93 170
93 176
93 186
93 192
94 97
94 109
94 137
94 138
94 141
94 151
94 153
94 160
94 161
94 174
94 195
94 199
95 103
95 121
95 128
95 137
95 153
95 156
95 166
95 172
95 187
96 101
96 103
96 115
96 124
96 127
96 135
96 151
96 152
96 166
96 183
96 199
97 105
97 117
97 129
97 135
97 139
97 146
97 151
97 166
97 174
97 182
97 190
97 192
97 199
98 101
98 107
98 109
98 119
98 133
98 134
98 139
98 150
98 152
98 161
98 188
98 192
98 197
99 106
99 125
99 135
99 139
99 142
99 146
99 148
99 155
99 182
99 185
99 187
99 188
100 107
100 111
100 124
100 153
100 186
101 104
101 105
101 131
101 161
101 165
101 195
102 130
102 135
102 151
102 154
102 159
102 167
102 172
102 187
103 109
103 114
103 134
103 138
103 150
103 160
103 161
103 172
103 173
103 176
103 181
104 119
104 122
104 124
104 132
104 138
104 173
104 195
104 196
104 197
105 107
105 108
105 117
105 129
105 139
105 144
105 159
105 174
105 178
105 187
106 137
106 149
106 180
106 181
106 182
106 184
106 185
106 192
107 122
107 124
107 131
107 152
107 159
107 173
107 176
107 192
107 197
108 126
108 127
108 128
108 135
108 147
108 149
108 156
108 157
108 160
108 183
108 197
109 122
109 126
109 151
109 158
109 173
109 185
110 114
110 116
110 129
110 138
110 140
110 159
110 166
110 168
110 187
110 199
111 130
111 133
111 136
111 137
111 140
111 142
111 148
111 150
111 163
111 167
111 168
111 184
111 191
111 192
111 193
111 198
111 199
112 119
112 120
112 122
112 128
112 129
112 154
112 161
112 171
112 185
112 193
113 119
113 120
113 124
113 138
113 150
113 167
113 172
113 178
113 197
113 198
113 199
114 123
114 142
114 172
114 185
114 190
115 121
115 130
115 134
115 153
115 154
115 160
115 171
115 186
115 191
116 129
116 140
116 159
116 192
117 148
117 161
117 174
117 182
117 186
117 189
117 192
117 199
118 129
118 153
118 160
118 163
118 187
118 198
118 199
119 124
119 164
119 166
119 174
119 176
119 190
119 194
120 121
120 128
120 148
120 174
120 185
120 199
121 148
121 155
121 167
121 176
121 183
121 184
122 129
122 132
122 142
122 159
122 191
122 194
123 132
123 151
123 157
123 165
123 167
123 169
123 178
123 192
124 144
124 167
124 169
125 127
125 133
125 143
125 144
125 147
125 160
125 165
125 172
125 183
125 196
125 198
126 138
126 139
126 153
126 156
126 163
126 170
126 173
126 181
126 185
126 187
126 196
126 199
127 141
127 167
127 176
127 178
127 186
127 194
128 133
128 134
128 137
128 159
128 170
128 175
129 134
129 145
129 151
129 167
129 176
129 179
129 197
130 172
131 133
131 151
131 162
131 167
131 187
131 192
132 135
132 137
132 144
132 148
132 159
132 166
132 167
132 181
132 185
132 193
133 134
133 148
133 153
133 155
133 162
133 163
133 184
133 193
133 196
134 137
134 139
134 143
134 150
134 151
134 156
134 159
134 168
134 196
134 199
135 141
135 145
135 155
135 174
135 180
135 185
135 189
135 196
135 198
136 153
136 154
136 170
136 180
136 197
137 146
137 158
137 160
137 163
137 167
137 179
138 140
138 144
138 147
138 152
138 167
138 168
138 171
138 178
138 196
139 144
139 153
139 159
139 161
139 163
139 175
140 151
140 156
140 166
140 168
140 192
140 193
141 145
141 150
141 154
141 155
141 156
141 167
141 174
141 181
141 196
142 148
142 152
142 160
142 176
142 180
142 184
142 186
143 165
143 171
143 177
144 155
144 158
144 168
144 170
144 179
144 185
144 189
145 157
145 163
145 181
145 195
146 151
146 158
146 160
146 183
146 185
146 193
147 171
147 184
147 187
147 190
147 199
148 169
148 170
148 179
148 181
148 186
148 192
149 158
149 159
149 162
149 189
150 152
150 154
150 158
150 159
150 170
150 173
150 190
150 198
151 156
151 168
151 173
151 193
152 159
152 176
152 181
153 157
153 169
153 171
153 173
153 174
154 158
154 159
154 165
154 172
154 175
154 184
154 190
154 198
155 158
155 164
155 165
155 166
155 175
156 157
156 160
156 170
156 196
157 182
157 190
157 192
158 168
158 179
158 199
159 168
159 170
160 162
160 172
160 175
160 195
161 175
161 178
161 186
162 171
162 172
163 165
163 174
164 171
164 181
164 184
164 197
165 169
165 179
165 193
165 195
165 196
166 186
166 187
166 191
166 197
167 174
167 176
167 180
168 174
169 180
170 176
170 191
171 172
171 173
171 175
171 176
172 179
172 181
172 191
173 196
174 185
174 196
174 199
175 178
175 191
175 194
175 197
176 191
176 195
178 185
178 191
179 180
179 188
179 191
180 185
182 188
183 184
183 190
183 196
184 194
185 189
185 193
186 197
187 188
188 195
189 197
190 194
190 196
191 198
193 198
195 199

0 0 0 1 1 0 1 0 0 1 0 0 0 0 1 0 1 1 1 1 1 1 0 1 1 1 1 0 0 1 1 1 0 0 1 1 1 0 0 1 0 1 0 0 0 1 0 1 1 1 0 0 1 0 1 0 1 0 1 1 0 0 0 1 0 0 1 0 1 0 0 0 0 1 0 1 0 0 0 1 1 0 1 0 1 0 0 1 1 1 0 1 1 0 0 0 1 0 0 0 0 0 0 1 1 0 1 0 1 0 1 1 0 1 1 0 0 1 0 0 1 1 1 1 0 1 0 0 1 1 0 1 0 1 0 1 0 0 0 1 1 1 0 1 1 1 1 0 1 0 1 0 0 1 0 1 1 1 0 1 1 1 1 0 0 1 1 0 0 0 0 1 1 1 1 0 0 0 0 0 0 1 0 0 1 0 1 1 0 1 1 1 1 1 0 0 0 1 0 1