150 593
0 1 2 3 4 5 6 7 8 9 10 11 12 13 14 15 16 17 18 19 20 21 22 23 24 25 26 27 28 29 30 31 32 33 34 35 36 37 38 39 40 41 42 43 44 45 46 47 48 49 50 51 52 53 54 55 56 57 58 59 60 61 62 63 64 65 66 67 68 69 70 71 72 73 74 75 76 77 78 79 80 81 82 83 84 85 86 87 88 89 90 91 92 93 94 95 96 97 98 99 100 101 102 103 104 105 106 107 108 109 110 111 112 113 114 115 116 117 118 119 120 121 122 123 124 125 126 127 128 129 130 131 132 133 134 135 136 137 138 139 140 141 142 143 144 145 146 147 148 149
0 16
0 48
0 70
0 77
0 139
0 148
1 13
1 45
1 75
1 106
2 8
2 14
2 43
2 71
2 81
2 92
2 94
2 99
2 121
3 7
3 10
3 20
3 21
3 24
3 25
3 26
3 27
3 53
3 60
3 86
3 102
3 114
3 141
4 36
4 41
4 42
4 46
4 49
4 78
4 104
5 8
5 10
5 13
5 20
5 56
5 75
5 96
5 123
5 126
6 29
6 37
6 43
6 46
6 49
6 51
6 68
6 82
6 142
7 59
7 74
7 79
7 88
7 105
7 126
7 148
8 48
8 49
8 56
8 87
8 109
8 123
8 146
8 149
9 53
9 73
9 90
9 124
9 131
9 137
9 143
9 145
10 31
10 44
10 65
10 71
10 79
10 97
10 101
10 103
10 119
10 136
11 14
11 15
11 39
11 44
11 56
11 79
11 80
11 93
11 117
12 24
12 45
12 62
12 70
12 72
12 81
12 91
12 94
12 116
13 41
13 100
13 122
13 146
14 18
14 28
14 47
14 71
14 78
14 83
14 95
14 96
14 98
14 130
15 22
15 30
15 48
15 70
15 89
15 119
15 134
15 145
16 40
16 46
16 60
16 80
16 102
16 109
16 143
17 37
17 58
17 59
17 68
17 126
17 144
18 36
18 55
18 71
18 91
18 107
18 108
18 139
18 142
18 145
19 30
19 57
19 66
19 90
19 92
19 95
19 100
19 127
19 149
20 24
20 73
21 28
21 80
21 84
21 90
21 136
22 23
22 45
22 80
22 96
22 101
22 144
23 24
23 27
23 33
23 73
23 108
23 116
23 119
23 135
23 145
24 26
24 48
24 49
24 62
24 83
24 119
24 123
25 30
25 33
25 53
25 80
25 84
25 100
25 112
25 133
26 75
26 81
26 98
27 74
27 79
27 93
27 103
27 123
27 126
27 137
27 140
27 143
28 44
28 45
28 58
28 77
28 98
28 103
28 130
29 60
29 61
29 71
29 84
29 91
29 92
29 100
29 118
29 126
29 145
30 40
30 47
30 62
30 73
30 82
30 101
31 95
31 133
31 148
32 55
32 76
32 86
32 115
32 121
32 137
32 141
32 142
33 40
33 46
33 49
33 92
33 95
33 111
33 119
33 126
33 131
34 56
34 79
34 95
34 104
34 107
34 116
34 117
35 129
35 132
36 42
36 62
36 64
36 97
36 106
36 117
36 149
37 55
37 75
37 78
37 86
37 115
38 57
38 66
38 67
38 69
38 78
38 101
38 124
38 142
39 44
39 74
39 91
39 126
39 130
40 68
40 75
40 104
40 108
40 110
40 112
40 121
41 42
41 109
41 111
41 128
41 136
42 57
42 103
42 114
42 120
43 48
43 57
43 61
43 64
43 109
43 140
44 60
44 66
44 89
44 90
45 58
45 69
45 86
45 140
45 141
45 144
45 148
46 48
46 53
46 58
46 87
46 108
47 51
47 56
47 63
47 90
47 100
47 101
47 123
47 136
48 87
48 107
48 112
48 123
48 126
49 102
49 121
49 138
50 70
50 101
50 129
51 95
51 97
51 108
51 126
52 68
52 82
52 92
52 95
52 119
52 123
52 127
52 135
53 83
53 104
53 113
53 115
53 121
53 128
54 62
54 91
54 113
54 120
55 75
55 80
55 90
55 112
55 143
56 66
57 98
57 103
57 106
57 126
57 142
58 60
58 83
58 110
58 113
58 118
59 94
59 125
59 131
59 138
59 147
60 103
60 108
60 140
61 80
61 108
61 114
61 145
62 89
62 96
62 102
62 118
62 133
63 108
64 107
64 113
64 117
64 129
64 143
65 71
65 89
65 134
66 85
66 115
66 120
66 131
67 74
67 79
67 91
67 106
67 127
67 131
68 89
68 91
68 110
68 118
68 134
68 136
68 142
68 146
69 70
69 76
69 147
70 80
70 107
70 132
70 136
71 110
71 111
71 118
71 125
71 127
71 149
72 73
72 104
72 105
72 141
73 81
73 90
73 94
73 103
73 108
74 79
74 86
74 129
74 136
74 143
75 97
76 78
76 102
76 148
77 79
77 131
77 137
77 146
78 138
79 136
80 124
80 147
80 149
81 123
81 148
82 90
82 99
82 116
82 135
83 90
83 96
83 100
83 106
83 108
83 120
83 147
84 90
84 95
84 107
84 149
85 101
86 101
86 130
87 88
87 101
87 105
87 129
87 143
88 94
88 101
88 140
88 144
88 145
89 118
89 132
89 147
90 98
91 98
91 100
91 111
91 138
92 103
92 108
93 105
93 122
93 136
93 137
94 95
94 106
94 119
95 96
95 127
96 107
96 115
96 118
96 119
97 122
97 148
98 99
98 128
98 132
99 111
99 120
99 126
99 128
99 135
100 108
100 134
100 140
101 119
101 137
101 143
102 108
102 144
102 147
103 112
103 113
103 124
104 116
105 106
105 107
105 121
105 133
105 134
105 138
106 112
107 117
107 149
108 123
108 125
110 112
110 131
110 143
111 112
112 114
112 145
112 146
113 143
113 145
114 145
114 147
116 119
116 132
116 143
116 147
117 132
117 145
118 124
118 132
119 126
120 126
121 125
122 141
124 138
125 133
125 134
125 140
125 145
126 137
128 147
130 145
131 143
131 148
134 141
134 143
134 146
136 141
138 148
140 145

1 0 1 0 1 1 1 0 1 1 0 0 1 1 0 1 1 1 1 0 0 1 1 1 1 0 1 0 0 0 1 0 0 0 0 0 0 0 0 1 0 0 0 1 0 0 0 1 0 1 1 1 1 1 1 0 1 1 1 1 1 1 0 0 0 1 1 0 0 0 0 1 1 1 1 0 0 0 1 1 1 0 0 1 1 0 0 0 1 0 0 1 1 0 1 0 1 0 1 0 1 1 1 0 0 0 1 0 1 1 0 1 1 1 0 0 0 1 1 1 0 0 1 0 0 1 1 0 1 1 1 1 1 0 1 0 0 0 0 0 0 0 0 1 0 1 0 1 0 0