100 528
0 1 2 3 4 5 6 7 8 9 10 11 12 13 14 15 16 17 18 19 20 21 22 23 24 25 26 27 28 29 30 31 32 33 34 35 36 37 38 39 40 41 42 43 44 45 46 47 48 49 50 51 52 53 54 55 56 57 58 59 60 61 62 63 64 65 66 67 68 69 70 71 72 73 74 75 76 77 78 79 80 81 82 83 84 85 86 87 88 89 90 91 92 93 94 95 96 97 98 99
0 1
0 23
0 41
0 50
0 76
0 91
0 96
1 9
1 21
1 35
1 46
1 56
1 61
1 62
1 66
1 77
1 92
2 30
2 43
2 44
2 47
2 48
2 51
2 55
2 64
2 85
2 89
3 7
3 18
3 20
3 31
3 56
3 64
3 66
3 67
3 73
3 76
3 78
3 80
3 82
3 91
3 94
4 24
4 25
4 37
4 45
4 98
5 30
5 33
5 34
5 35
5 38
5 43
5 45
5 78
5 81
5 98
6 9
6 25
6 27
6 33
6 38
6 48
6 57
6 64
6 68
6 81
6 82
7 12
7 25
7 47
7 63
7 66
7 94
7 99
8 12
8 17
8 25
8 31
8 57
8 64
8 66
8 82
9 10
9 11
9 13
9 47
9 55
9 58
9 60
9 81
9 83
10 12
10 16
10 23
10 34
10 39
10 50
10 63
10 65
10 66
10 67
10 74
10 91
10 95
11 20
11 35
11 43
11 44
11 65
11 89
11 98
12 20
12 21
12 44
12 53
12 68
12 90
12 93
12 94
13 24
13 29
13 34
13 41
13 52
13 65
13 73
13 80
13 88
13 89
13 90
14 18
14 19
14 39
14 41
14 44
14 52
14 56
14 58
14 94
15 51
15 53
15 58
15 72
15 79
15 88
15 99
16 17
16 18
16 36
16 53
16 54
16 65
16 87
16 94
17 23
17 46
17 52
17 79
17 84
17 88
17 91
18 23
18 29
18 34
18 43
18 68
19 23
19 24
19 28
19 41
19 43
19 48
19 53
19 60
19 63
19 97
20 41
20 56
20 70
20 75
20 77
20 87
20 94
20 99
21 23
21 26
21 27
21 39
21 45
21 53
21 57
21 59
21 62
21 67
21 69
22 37
22 44
22 50
22 52
22 56
22 72
22 76
22 83
22 85
23 24
23 29
23 40
23 44
23 50
23 68
23 69
23 70
23 71
23 95
24 28
24 35
24 36
24 61
24 64
24 75
24 77
24 80
24 94
25 28
25 33
25 34
25 37
25 45
25 48
25 55
25 64
25 68
25 71
25 84
25 92
25 97
25 98
25 99
26 31
26 35
26 42
26 45
26 74
26 83
27 31
27 53
27 69
27 74
27 86
27 89
28 34
28 36
28 39
28 68
28 69
28 72
28 99
29 30
29 32
29 43
29 62
29 66
29 73
29 75
29 78
29 88
29 95
30 49
30 50
30 51
30 66
30 77
30 96
31 40
31 41
31 42
31 43
31 58
31 80
31 89
31 99
32 33
32 47
32 48
32 56
32 61
32 77
32 84
33 54
33 55
33 68
33 70
33 73
33 93
34 60
34 68
34 69
34 99
35 37
35 49
35 51
35 66
35 92
36 48
36 57
36 64
36 69
36 72
36 79
37 40
37 63
37 91
38 46
38 48
38 51
38 56
38 58
38 64
38 84
38 92
38 95
39 40
39 48
39 50
39 55
39 73
39 77
39 95
40 53
40 64
40 70
40 75
40 97
41 53
41 63
41 71
41 76
41 80
41 92
41 95
42 57
42 67
42 75
42 77
42 82
42 83
42 88
42 98
43 46
43 48
43 51
43 65
43 72
43 78
43 82
43 93
44 52
44 70
44 72
44 73
44 79
44 91
44 93
44 94
45 54
45 61
45 62
45 77
45 82
46 56
46 60
46 63
46 67
46 76
46 84
46 95
47 51
47 60
47 63
47 64
47 68
47 75
47 77
47 79
48 51
48 59
48 61
48 69
48 71
48 83
48 92
49 56
49 59
49 62
49 63
49 67
49 79
49 80
50 69
50 70
50 88
51 56
51 65
51 79
51 80
51 82
51 94
52 54
52 65
52 88
52 90
52 97
53 66
53 69
53 74
53 91
54 76
54 77
54 78
54 91
55 62
55 63
55 74
55 76
55 83
56 58
56 64
56 67
56 96
56 97
57 65
57 67
57 74
57 79
57 80
57 85
57 97
58 68
58 69
58 74
58 99
59 93
60 71
60 74
60 76
60 84
60 85
60 98
60 99
61 73
62 71
62 72
62 77
63 70
63 73
63 81
64 80
64 95
64 97
65 66
65 69
65 70
65 72
66 76
66 80
66 87
66 92
66 93
66 97
67 72
67 95
68 84
68 89
69 75
69 76
70 74
70 78
70 79
70 82
70 87
71 73
71 80
71 87
71 94
72 74
72 75
72 84
72 85
73 74
73 78
73 87
74 86
74 89
74 92
75 86
76 90
76 96
77 86
78 84
78 86
78 91
80 82
80 89
80 94
81 82
81 83
81 84
81 87
82 91
82 93
82 94
82 97
82 99
84 99
85 86
85 88
85 90
85 92
85 95
85 99
86 89
87 90
90 94
90 99
94 98
95 96
95 99

1 0 0 1 0 1 0 1 0 0 1 1 0 0 1 1 1 0 1 1 1 1 1 0 0 1 0 1 0 0 0 0 1 1 0 1 0 1 1 1 0 1 0 0 1 0 1 0 1 0 1 1 0 0 0 0 0 0 1 1 0 0 1 0 1 0 1 0 1 0 1 1 0 1 0 1 0 1 0 1 0 1 0 0 0 1 0 1 1 1 0 1 1 0 1 1 1 0 0 0