250 6159
0 1 2 3 4 5 6 7 8 9 10 11 12 13 14 15 16 17 18 19 20 21 22 23 24 25 26 27 28 29 30 31 32 33 34 35 36 37 38 39 40 41 42 43 44 45 46 47 48 49 50 51 52 53 54 55 56 57 58 59 60 61 62 63 64 65 66 67 68 69 70 71 72 73 74 75 76 77 78 79 80 81 82 83 84 85 86 87 88 89 90 91 92 93 94 95 96 97 98 99 100 101 102 103 104 105 106 107 108 109 110 111 112 113 114 115 116 117 118 119 120 121 122 123 124 125 126 127 128 129 130 131 132 133 134 135 136 137 138 139 140 141 142 143 144 145 146 147 148 149 150 151 152 153 154 155 156 157 158 159 160 161 162 163 164 165 166 167 168 169 170 171 172 173 174 175 176 177 178 179 180 181 182 183 184 185 186 187 188 189 190 191 192 193 194 195 196 197 198 199 200 201 202 203 204 205 206 207 208 209 210 211 212 213 214 215 216 217 218 219 220 221 222 223 224 225 226 227 228 229 230 231 232 233 234 235 236 237 238 239 240 241 242 243 244 245 246 247 248 249
0 4
0 7
0 9
0 18
0 19
0 22
0 32
0 39
0 54
0 56
0 58
0 59
0 60
0 62
0 69
0 70
0 79
0 82
0 84
0 88
0 89
0 104
0 112
0 115
0 121
0 122
0 125
0 131
0 140
0 147
0 150
0 152
0 153
0 159
0 163
0 166
0 167
0 169
0 176
0 188
0 190
0 193
0 196
0 197
0 205
0 209
0 211
0 216
0 223
0 224
0 226
0 240
0 243
0 244
1 3
1 5
1 6
1 7
1 11
1 12
1 15
1 20
1 22
1 26
1 30
1 31
1 35
1 45
1 53
1 63
1 74
1 75
1 76
1 83
1 85
1 86
1 91
1 97
1 99
1 105
1 112
1 121
1 122
1 128
1 132
1 138
1 150
1 151
1 154
1 159
1 162
1 163
1 168
1 177
1 179
1 181
1 184
1 193
1 199
1 203
1 207
1 210
1 221
1 222
1 224
1 229
1 230
1 233
1 234
1 235
1 238
1 239
1 240
1 242
1 245
2 3
2 7
2 13
2 15
2 16
2 17
2 20
2 22
2 26
2 31
2 34
2 36
2 39
2 45
2 50
2 64
2 70
2 78
2 82
2 86
2 90
2 94
2 97
2 99
2 103
2 108
2 113
2 121
2 144
2 145
2 146
2 150
2 157
2 158
2 159
2 166
2 170
2 174
2 191
2 200
2 206
2 210
2 212
2 216
2 219
2 223
2 228
2 233
2 236
2 242
3 12
3 17
3 30
3 39
3 45
3 53
3 56
3 57
3 64
3 68
3 73
3 74
3 78
3 86
3 89
3 95
3 100
3 101
3 105
3 106
3 110
3 121
3 125
3 134
3 146
3 147
3 148
3 149
3 151
3 171
3 172
3 178
3 184
3 186
3 189
3 194
3 197
3 199
3 207
3 215
3 232
3 236
3 248
4 9
4 18
4 21
4 24
4 29
4 31
4 34
4 37
4 38
4 43
4 46
4 67
4 69
4 71
4 75
4 102
4 105
4 106
4 107
4 115
4 122
4 123
4 125
4 126
4 129
4 131
4 133
4 147
4 152
4 154
4 158
4 159
4 160
4 166
4 177
4 180
4 183
4 189
4 190
4 191
4 193
4 199
4 201
4 204
4 206
4 207
4 209
4 212
4 219
4 227
4 234
4 240
4 241
4 242
5 17
5 18
5 26
5 29
5 40
5 49
5 52
5 55
5 61
5 63
5 68
5 72
5 75
5 77
5 90
5 92
5 97
5 98
5 105
5 109
5 113
5 115
5 120
5 124
5 127
5 130
5 132
5 138
5 145
5 149
5 152
5 154
5 159
5 162
5 170
5 172
5 175
5 180
5 182
5 186
5 188
5 197
5 199
5 205
5 219
5 223
5 228
5 231
5 232
5 239
5 242
5 246
6 14
6 20
6 24
6 32
6 36
6 41
6 47
6 52
6 56
6 68
6 72
6 86
6 91
6 93
6 94
6 102
6 106
6 110
6 115
6 122
6 126
6 128
6 134
6 141
6 143
6 145
6 146
6 164
6 176
6 187
6 192
6 197
6 199
6 203
6 204
6 206
6 211
6 218
6 224
6 227
6 230
6 240
7 14
7 17
7 21
7 25
7 26
7 32
7 43
7 48
7 54
7 55
7 63
7 75
7 79
7 81
7 84
7 85
7 88
7 97
7 120
7 125
7 137
7 138
7 139
7 140
7 148
7 155
7 157
7 162
7 171
7 173
7 177
7 182
7 186
7 193
7 210
7 218
7 220
7 235
8 9
8 10
8 15
8 16
8 18
8 26
8 27
8 33
8 36
8 38
8 45
8 51
8 52
8 58
8 72
8 73
8 75
8 76
8 79
8 80
8 81
8 87
8 94
8 102
8 109
8 116
8 118
8 121
8 127
8 129
8 139
8 149
8 153
8 159
8 161
8 166
8 188
8 190
8 197
8 204
8 213
8 217
8 220
8 223
8 228
8 232
8 236
8 238
9 12
9 17
9 20
9 22
9 24
9 26
9 54
9 55
9 69
9 77
9 78
9 80
9 87
9 95
9 96
9 98
9 101
9 104
9 107
9 108
9 114
9 118
9 120
9 124
9 126
9 128
9 129
9 134
9 138
9 148
9 150
9 151
9 168
9 174
9 179
9 181
9 187
9 191
9 194
9 199
9 201
9 204
9 208
9 213
9 215
9 217
9 221
9 225
9 229
9 231
9 235
9 242
9 246
9 248
10 16
10 17
10 21
10 23
10 27
10 34
10 37
10 41
10 42
10 43
10 46
10 61
10 62
10 66
10 70
10 73
10 75
10 81
10 92
10 95
10 99
10 105
10 114
10 119
10 122
10 133
10 138
10 145
10 150
10 153
10 155
10 156
10 168
10 169
10 173
10 177
10 182
10 198
10 202
10 206
10 211
10 212
10 215
10 216
10 220
10 225
10 229
10 233
10 236
10 243
11 12
11 13
11 17
11 26
11 29
11 33
11 35
11 41
11 49
11 51
11 69
11 77
11 78
11 80
11 90
11 92
11 97
11 101
11 105
11 110
11 114
11 120
11 137
11 140
11 144
11 145
11 147
11 171
11 174
11 176
11 190
11 204
11 214
11 218
11 219
11 229
11 230
11 240
11 245
11 246
12 21
12 24
12 29
12 31
12 33
12 40
12 43
12 46
12 49
12 56
12 58
12 59
12 66
12 80
12 84
12 92
12 94
12 95
12 102
12 103
12 108
12 109
12 110
12 117
12 121
12 128
12 136
12 143
12 146
12 148
12 149
12 152
12 154
12 160
12 161
12 168
12 174
12 175
12 183
12 190
12 193
12 195
12 197
12 198
12 199
12 207
12 208
12 212
12 214
12 218
12 221
12 225
12 229
12 230
12 231
12 234
12 239
12 240
12 241
12 249
13 15
13 24
13 25
13 35
13 37
13 38
13 44
13 48
13 51
13 69
13 71
13 73
13 75
13 76
13 79
13 85
13 86
13 87
13 101
13 107
13 110
13 116
13 122
13 126
13 127
13 129
13 134
13 135
13 146
13 149
13 152
13 155
13 158
13 161
13 173
13 174
13 175
13 180
13 183
13 184
13 185
13 198
13 204
13 206
13 207
13 210
13 247
13 248
13 249
14 17
14 18
14 19
14 20
14 23
14 30
14 31
14 34
14 36
14 40
14 47
14 57
14 61
14 64
14 68
14 72
14 86
14 92
14 93
14 100
14 102
14 104
14 105
14 111
14 113
14 122
14 125
14 129
14 133
14 136
14 151
14 165
14 167
14 169
14 178
14 183
14 191
14 196
14 197
14 202
14 206
14 212
14 213
14 214
14 217
14 219
14 228
14 241
14 243
14 249
15 27
15 28
15 33
15 44
15 46
15 58
15 59
15 73
15 75
15 96
15 98
15 101
15 105
15 106
15 108
15 109
15 126
15 128
15 134
15 135
15 140
15 141
15 142
15 144
15 146
15 149
15 155
15 158
15 164
15 172
15 174
15 192
15 200
15 201
15 203
15 211
15 216
15 217
15 229
15 230
15 232
15 233
15 241
15 249
16 18
16 19
16 23
16 40
16 43
16 47
16 50
16 62
16 70
16 76
16 92
16 97
16 98
16 100
16 103
16 104
16 113
16 120
16 128
16 134
16 137
16 140
16 143
16 152
16 166
16 175
16 178
16 185
16 189
16 200
16 203
16 207
16 232
16 240
17 25
17 33
17 36
17 37
17 44
17 46
17 57
17 58
17 76
17 77
17 84
17 92
17 94
17 95
17 96
17 97
17 99
17 100
17 101
17 107
17 108
17 112
17 116
17 120
17 123
17 129
17 131
17 132
17 137
17 139
17 152
17 168
17 175
17 176
17 180
17 182
17 186
17 187
17 188
17 190
17 200
17 201
17 203
17 205
17 207
17 217
17 219
17 222
17 223
17 230
17 239
17 244
18 20
18 22
18 25
18 29
18 33
18 40
18 48
18 54
18 63
18 65
18 71
18 76
18 81
18 84
18 85
18 88
18 92
18 93
18 95
18 97
18 102
18 105
18 128
18 148
18 154
18 155
18 156
18 157
18 166
18 171
18 181
18 187
18 192
18 202
18 204
18 205
18 211
18 215
18 216
18 227
18 231
18 242
18 245
19 26
19 28
19 38
19 40
19 46
19 49
19 55
19 60
19 61
19 64
19 69
19 71
19 75
19 78
19 80
19 97
19 98
19 103
19 106
19 117
19 121
19 128
19 131
19 133
19 138
19 144
19 157
19 161
19 163
19 168
19 171
19 181
19 185
19 186
19 188
19 202
19 204
19 205
19 214
19 217
19 226
19 230
19 231
19 237
19 238
19 245
19 247
19 248
20 21
20 22
20 34
20 37
20 39
20 44
20 45
20 49
20 54
20 65
20 75
20 76
20 77
20 78
20 80
20 83
20 90
20 92
20 95
20 96
20 97
20 98
20 105
20 107
20 118
20 122
20 129
20 131
20 139
20 146
20 147
20 149
20 150
20 171
20 177
20 179
20 180
20 182
20 183
20 185
20 186
20 188
20 203
20 214
20 228
20 231
20 232
20 235
21 22
21 31
21 58
21 62
21 75
21 78
21 80
21 81
21 82
21 84
21 91
21 94
21 101
21 104
21 108
21 115
21 116
21 120
21 123
21 128
21 130
21 131
21 134
21 161
21 164
21 166
21 175
21 177
21 182
21 186
21 189
21 191
21 197
21 201
21 208
21 210
21 211
21 219
21 242
21 243
21 249
22 29
22 36
22 37
22 45
22 52
22 54
22 55
22 62
22 67
22 75
22 79
22 85
22 87
22 89
22 102
22 104
22 109
22 111
22 112
22 118
22 121
22 122
22 126
22 130
22 135
22 137
22 140
22 165
22 174
22 176
22 177
22 194
22 196
22 205
22 208
22 218
22 227
22 228
22 239
22 241
22 243
22 244
23 28
23 29
23 49
23 51
23 54
23 55
23 60
23 61
23 66
23 71
23 86
23 90
23 92
23 94
23 96
23 97
23 98
23 103
23 107
23 109
23 123
23 125
23 127
23 130
23 132
23 133
23 145
23 150
23 154
23 159
23 170
23 174
23 185
23 186
23 196
23 197
23 206
23 211
23 213
23 217
23 219
23 222
23 225
23 226
23 231
23 234
23 237
23 239
23 241
23 246
23 247
24 32
24 42
24 54
24 65
24 66
24 74
24 75
24 78
24 82
24 83
24 88
24 95
24 96
24 99
24 102
24 110
24 111
24 112
24 114
24 118
24 123
24 124
24 125
24 127
24 133
24 142
24 146
24 167
24 169
24 177
24 185
24 189
24 204
24 212
24 213
24 226
24 233
24 243
25 26
25 27
25 33
25 36
25 37
25 41
25 50
25 56
25 58
25 85
25 94
25 99
25 100
25 101
25 103
25 108
25 109
25 114
25 121
25 132
25 134
25 135
25 140
25 145
25 146
25 153
25 155
25 166
25 168
25 183
25 188
25 190
25 201
25 203
25 205
25 219
25 220
25 225
25 236
25 239
25 241
25 242
25 243
26 33
26 34
26 36
26 39
26 40
26 42
26 47
26 64
26 70
26 75
26 80
26 85
26 86
26 87
26 88
26 93
26 97
26 105
26 108
26 111
26 120
26 124
26 125
26 130
26 137
26 138
26 139
26 141
26 144
26 145
26 151
26 154
26 157
26 168
26 177
26 184
26 188
26 205
26 207
26 217
26 238
26 240
26 241
26 242
26 244
26 245
27 30
27 31
27 38
27 44
27 46
27 50
27 52
27 59
27 61
27 78
27 82
27 103
27 104
27 109
27 115
27 120
27 129
27 130
27 133
27 134
27 135
27 136
27 143
27 148
27 149
27 151
27 152
27 163
27 172
27 180
27 191
27 192
27 193
27 196
27 200
27 205
27 208
27 217
27 219
27 236
27 239
27 243
27 244
28 31
28 50
28 56
28 60
28 62
28 64
28 68
28 70
28 72
28 75
28 79
28 84
28 90
28 94
28 95
28 98
28 102
28 104
28 106
28 108
28 110
28 111
28 115
28 121
28 132
28 134
28 139
28 155
28 156
28 164
28 167
28 168
28 176
28 177
28 179
28 183
28 185
28 190
28 196
28 201
28 205
28 211
28 217
28 218
29 31
29 36
29 44
29 49
29 53
29 55
29 56
29 58
29 59
29 61
29 69
29 71
29 87
29 90
29 98
29 100
29 103
29 108
29 109
29 117
29 118
29 121
29 125
29 131
29 134
29 137
29 141
29 152
29 159
29 160
29 162
29 163
29 166
29 173
29 178
29 181
29 184
29 192
29 193
29 196
29 198
29 207
29 213
29 214
29 222
29 227
29 229
29 231
29 232
29 239
30 31
30 32
30 39
30 42
30 43
30 46
30 52
30 54
30 57
30 60
30 61
30 70
30 77
30 78
30 88
30 97
30 98
30 101
30 107
30 110
30 115
30 117
30 122
30 124
30 128
30 136
30 138
30 141
30 145
30 146
30 152
30 157
30 161
30 166
30 173
30 174
30 175
30 188
30 189
30 190
30 194
30 206
30 207
30 218
30 219
30 220
30 221
30 225
30 228
30 230
30 231
30 236
30 239
30 246
30 248
31 41
31 58
31 62
31 64
31 67
31 74
31 77
31 79
31 81
31 82
31 83
31 87
31 88
31 89
31 102
31 116
31 124
31 127
31 131
31 134
31 136
31 139
31 143
31 145
31 147
31 152
31 153
31 157
31 159
31 174
31 184
31 185
31 188
31 191
31 193
31 199
31 200
31 221
31 222
31 227
31 228
31 229
31 235
31 236
31 241
32 36
32 49
32 50
32 53
32 93
32 95
32 96
32 100
32 110
32 111
32 121
32 136
32 143
32 146
32 147
32 149
32 153
32 156
32 159
32 163
32 172
32 180
32 185
32 189
32 196
32 210
32 214
32 216
32 226
32 231
32 234
32 237
32 241
32 247
33 34
33 35
33 48
33 57
33 60
33 64
33 68
33 81
33 83
33 84
33 89
33 91
33 95
33 99
33 100
33 114
33 123
33 124
33 126
33 139
33 143
33 144
33 151
33 163
33 173
33 185
33 193
33 194
33 198
33 200
33 202
33 209
33 217
33 220
33 224
33 232
33 234
33 237
33 239
34 42
34 46
34 48
34 50
34 52
34 59
34 61
34 62
34 64
34 67
34 68
34 76
34 86
34 90
34 95
34 104
34 106
34 113
34 128
34 134
34 143
34 146
34 149
34 150
34 161
34 162
34 164
34 166
34 168
34 170
34 171
34 172
34 176
34 179
34 189
34 192
34 203
34 211
34 212
34 217
34 221
34 223
34 225
34 226
34 227
34 229
34 235
34 238
34 244
34 245
34 246
35 38
35 46
35 48
35 49
35 51
35 52
35 69
35 80
35 84
35 87
35 94
35 95
35 96
35 101
35 111
35 117
35 119
35 121
35 126
35 136
35 139
35 140
35 141
35 144
35 145
35 150
35 161
35 170
35 175
35 183
35 198
35 214
35 219
35 224
35 226
35 238
35 245
35 247
36 37
36 51
36 52
36 53
36 56
36 59
36 61
36 66
36 69
36 78
36 81
36 93
36 100
36 102
36 106
36 110
36 114
36 115
36 117
36 120
36 121
36 128
36 142
36 149
36 154
36 156
36 158
36 163
36 181
36 185
36 192
36 197
36 198
36 199
36 211
36 213
36 217
36 223
36 225
36 227
36 228
36 241
36 242
36 244
37 47
37 56
37 58
37 70
37 74
37 79
37 83
37 84
37 86
37 88
37 97
37 100
37 104
37 107
37 108
37 110
37 111
37 113
37 126
37 127
37 129
37 135
37 146
37 149
37 153
37 161
37 163
37 171
37 179
37 182
37 183
37 192
37 210
37 219
37 220
37 224
37 225
37 233
37 238
37 244
37 245
38 41
38 44
38 45
38 49
38 55
38 57
38 59
38 71
38 79
38 91
38 97
38 98
38 99
38 111
38 126
38 127
38 135
38 138
38 140
38 143
38 145
38 150
38 153
38 157
38 174
38 178
38 179
38 181
38 184
38 202
38 207
38 219
38 230
38 232
38 234
38 243
38 245
38 246
38 248
39 41
39 43
39 46
39 50
39 54
39 58
39 60
39 61
39 63
39 66
39 67
39 71
39 73
39 74
39 88
39 92
39 96
39 98
39 121
39 122
39 129
39 133
39 134
39 137
39 138
39 154
39 162
39 166
39 169
39 170
39 178
39 179
39 181
39 188
39 194
39 198
39 201
39 202
39 211
39 213
39 214
39 218
39 219
39 221
39 223
39 226
39 229
39 233
39 237
40 42
40 44
40 46
40 52
40 62
40 65
40 83
40 96
40 100
40 106
40 108
40 112
40 113
40 125
40 130
40 131
40 132
40 136
40 139
40 141
40 161
40 168
40 171
40 174
40 180
40 184
40 187
40 189
40 190
40 192
40 195
40 203
40 205
40 207
40 213
40 215
40 225
40 232
40 240
40 243
40 245
41 43
41 46
41 51
41 52
41 55
41 64
41 65
41 70
41 74
41 76
41 78
41 79
41 81
41 84
41 85
41 88
41 91
41 95
41 100
41 101
41 102
41 128
41 129
41 131
41 135
41 137
41 142
41 152
41 161
41 163
41 165
41 166
41 171
41 175
41 176
41 179
41 181
41 185
41 187
41 191
41 197
41 200
41 203
41 205
41 213
41 217
41 239
41 241
42 49
42 52
42 53
42 65
42 75
42 80
42 81
42 94
42 95
42 99
42 100
42 102
42 103
42 125
42 128
42 129
42 134
42 140
42 145
42 150
42 153
42 160
42 163
42 169
42 170
42 177
42 180
42 192
42 199
42 202
42 204
42 213
42 217
42 219
42 221
42 226
42 243
42 244
43 49
43 51
43 52
43 54
43 56
43 80
43 82
43 83
43 84
43 99
43 106
43 109
43 110
43 113
43 118
43 120
43 126
43 128
43 135
43 137
43 142
43 143
43 152
43 153
43 156
43 160
43 161
43 163
43 174
43 178
43 185
43 189
43 193
43 199
43 201
43 203
43 204
43 207
43 208
43 211
43 212
43 214
43 224
43 229
43 230
43 235
43 239
43 249
44 56
44 61
44 66
44 67
44 70
44 73
44 83
44 85
44 86
44 87
44 94
44 97
44 107
44 108
44 111
44 116
44 123
44 124
44 136
44 146
44 147
44 150
44 156
44 160
44 161
44 168
44 169
44 170
44 197
44 201
44 204
44 211
44 214
44 215
44 229
44 234
44 236
44 243
44 249
45 48
45 61
45 76
45 80
45 88
45 104
45 105
45 106
45 107
45 113
45 120
45 121
45 122
45 124
45 125
45 135
45 136
45 137
45 140
45 141
45 142
45 146
45 152
45 155
45 161
45 162
45 163
45 171
45 181
45 186
45 190
45 197
45 198
45 200
45 209
45 210
45 211
45 224
45 225
45 227
45 228
45 230
45 236
45 248
46 53
46 58
46 69
46 80
46 83
46 89
46 97
46 108
46 113
46 116
46 120
46 123
46 130
46 131
46 142
46 144
46 149
46 166
46 167
46 170
46 173
46 189
46 200
46 207
46 213
46 217
46 218
46 223
46 227
46 228
46 235
46 239
46 240
46 241
46 242
46 244
47 58
47 68
47 80
47 87
47 92
47 94
47 96
47 97
47 102
47 110
47 113
47 114
47 115
47 120
47 124
47 127
47 132
47 139
47 141
47 146
47 147
47 157
47 167
47 169
47 175
47 180
47 182
47 189
47 190
47 202
47 206
47 207
47 210
47 212
47 215
47 220
47 231
47 235
47 237
47 243
48 50
48 59
48 62
48 63
48 70
48 74
48 86
48 87
48 91
48 92
48 97
48 102
48 108
48 109
48 111
48 117
48 118
48 122
48 124
48 125
48 126
48 128
48 129
48 130
48 135
48 141
48 142
48 143
48 147
48 148
48 151
48 161
48 164
48 177
48 182
48 188
48 195
48 198
48 203
48 216
48 225
48 231
48 243
48 244
48 247
49 50
49 54
49 55
49 57
49 60
49 70
49 82
49 83
49 84
49 89
49 97
49 102
49 104
49 109
49 111
49 114
49 117
49 118
49 123
49 130
49 136
49 138
49 140
49 145
49 150
49 152
49 154
49 156
49 167
49 177
49 191
49 195
49 196
49 198
49 199
49 206
49 207
49 214
49 218
49 235
49 236
49 241
49 247
50 65
50 78
50 80
50 82
50 89
50 90
50 93
50 99
50 101
50 104
50 111
50 112
50 113
50 122
50 129
50 130
50 135
50 136
50 139
50 157
50 159
50 161
50 164
50 165
50 168
50 171
50 173
50 179
50 198
50 201
50 204
50 207
50 217
50 223
50 224
50 227
50 228
50 229
50 230
50 240
50 241
50 245
51 59
51 63
51 66
51 67
51 69
51 74
51 78
51 87
51 90
51 105
51 106
51 110
51 113
51 116
51 132
51 135
51 143
51 152
51 153
51 157
51 165
51 174
51 179
51 187
51 189
51 192
51 206
51 219
51 221
51 228
51 231
51 247
52 61
52 64
52 65
52 77
52 84
52 85
52 87
52 88
52 89
52 93
52 113
52 117
52 118
52 122
52 126
52 127
52 130
52 134
52 149
52 159
52 166
52 172
52 173
52 177
52 182
52 196
52 197
52 198
52 199
52 202
52 207
52 210
52 218
52 220
52 224
52 244
53 55
53 56
53 57
53 64
53 65
53 77
53 78
53 80
53 89
53 91
53 96
53 98
53 104
53 110
53 117
53 119
53 123
53 126
53 127
53 144
53 145
53 151
53 163
53 166
53 168
53 171
53 180
53 190
53 191
53 207
53 208
53 216
53 223
53 227
53 230
53 231
53 235
53 236
53 240
53 242
53 243
53 245
53 247
53 248
54 62
54 68
54 73
54 86
54 92
54 94
54 107
54 109
54 117
54 119
54 125
54 143
54 149
54 151
54 156
54 163
54 165
54 166
54 169
54 170
54 178
54 183
54 184
54 187
54 199
54 202
54 207
54 215
54 217
54 218
54 226
54 227
54 238
54 239
54 240
54 243
55 57
55 66
55 72
55 77
55 80
55 83
55 94
55 98
55 104
55 109
55 112
55 115
55 119
55 126
55 132
55 136
55 138
55 147
55 169
55 170
55 172
55 173
55 176
55 180
55 184
55 194
55 198
55 201
55 205
55 208
55 210
55 213
55 216
55 218
55 224
55 230
55 231
55 232
55 241
55 242
55 244
55 247
55 249
56 65
56 75
56 81
56 86
56 87
56 94
56 103
56 108
56 117
56 118
56 125
56 129
56 138
56 150
56 156
56 160
56 173
56 174
56 187
56 190
56 191
56 195
56 202
56 203
56 205
56 211
56 212
56 219
56 225
56 226
56 228
56 232
56 239
56 244
57 63
57 64
57 89
57 97
57 104
57 111
57 122
57 131
57 132
57 136
57 146
57 148
57 151
57 152
57 165
57 168
57 176
57 180
57 193
57 199
57 207
57 229
57 230
57 233
57 235
57 238
57 239
58 66
58 69
58 75
58 80
58 86
58 88
58 89
58 91
58 92
58 93
58 95
58 96
58 97
58 105
58 113
58 117
58 120
58 121
58 128
58 131
58 136
58 147
58 162
58 169
58 170
58 177
58 183
58 198
58 203
58 231
58 234
58 237
58 238
58 241
58 245
59 63
59 64
59 66
59 67
59 69
59 71
59 77
59 78
59 84
59 85
59 101
59 102
59 108
59 109
59 114
59 120
59 126
59 162
59 164
59 172
59 189
59 192
59 197
59 200
59 201
59 211
59 214
59 215
59 218
59 220
59 221
59 224
59 238
59 239
59 240
59 241
59 243
60 63
60 70
60 76
60 80
60 82
60 87
60 93
60 98
60 109
60 118
60 123
60 138
60 141
60 143
60 153
60 158
60 162
60 166
60 168
60 171
60 177
60 183
60 191
60 194
60 195
60 196
60 201
60 203
60 207
60 208
60 209
60 210
60 215
60 226
60 240
60 243
60 244
60 245
60 246
60 247
61 64
61 68
61 69
61 75
61 79
61 97
61 101
61 106
61 108
61 115
61 120
61 121
61 124
61 125
61 136
61 139
61 144
61 149
61 150
61 151
61 165
61 180
61 184
61 188
61 198
61 202
61 207
61 209
61 210
61 219
61 231
61 247
61 249
62 64
62 70
62 74
62 76
62 77
62 80
62 86
62 92
62 109
62 110
62 111
62 127
62 131
62 132
62 134
62 143
62 155
62 156
62 161
62 162
62 165
62 174
62 175
62 184
62 186
62 192
62 199
62 201
62 216
62 217
62 219
62 221
62 225
62 235
62 236
62 242
62 244
62 247
62 248
63 64
63 65
63 74
63 77
63 85
63 86
63 91
63 95
63 101
63 109
63 111
63 113
63 121
63 122
63 123
63 127
63 129
63 134
63 135
63 136
63 139
63 147
63 152
63 157
63 160
63 161
63 164
63 166
63 175
63 179
63 180
63 193
63 198
63 214
63 215
63 217
63 222
63 223
63 229
63 231
63 239
63 242
63 243
63 244
64 67
64 93
64 97
64 98
64 99
64 101
64 110
64 112
64 116
64 118
64 119
64 121
64 147
64 149
64 152
64 155
64 157
64 161
64 164
64 167
64 171
64 175
64 178
64 179
64 183
64 190
64 194
64 203
64 206
64 218
64 221
64 223
64 225
64 226
64 230
64 235
64 239
64 240
64 248
65 67
65 69
65 76
65 91
65 92
65 99
65 100
65 101
65 103
65 105
65 110
65 119
65 130
65 131
65 143
65 145
65 150
65 152
65 159
65 167
65 189
65 190
65 192
65 195
65 196
65 198
65 208
65 228
65 231
65 242
65 247
66 70
66 73
66 75
66 80
66 85
66 87
66 90
66 92
66 98
66 100
66 102
66 106
66 122
66 128
66 138
66 139
66 140
66 146
66 147
66 151
66 158
66 167
66 171
66 173
66 183
66 195
66 210
66 213
66 216
66 219
66 223
66 224
66 227
66 228
66 231
66 232
66 234
66 240
67 69
67 77
67 78
67 89
67 92
67 94
67 97
67 103
67 105
67 122
67 131
67 142
67 143
67 154
67 158
67 159
67 167
67 175
67 181
67 182
67 186
67 188
67 191
67 197
67 199
67 200
67 206
67 207
67 218
67 222
67 223
67 227
67 234
67 238
67 239
67 241
67 242
67 244
67 247
68 72
68 78
68 81
68 82
68 83
68 86
68 96
68 97
68 104
68 109
68 112
68 113
68 116
68 118
68 121
68 123
68 124
68 128
68 130
68 137
68 145
68 146
68 148
68 159
68 160
68 165
68 168
68 174
68 184
68 186
68 187
68 188
68 195
68 201
68 204
68 209
68 210
68 219
68 222
68 226
68 233
68 242
69 70
69 79
69 85
69 91
69 92
69 93
69 110
69 115
69 126
69 127
69 134
69 144
69 148
69 155
69 161
69 162
69 164
69 168
69 179
69 181
69 185
69 189
69 190
69 195
69 197
69 198
69 201
69 202
69 219
69 225
69 228
69 229
69 233
69 235
69 244
69 246
69 247
69 249
70 77
70 82
70 88
70 90
70 95
70 96
70 104
70 108
70 110
70 111
70 112
70 142
70 146
70 151
70 156
70 160
70 164
70 167
70 170
70 173
70 178
70 186
70 189
70 193
70 194
70 201
70 228
70 233
70 237
70 249
71 73
71 76
71 77
71 86
71 90
71 92
71 113
71 114
71 116
71 117
71 124
71 134
71 140
71 156
71 159
71 163
71 173
71 174
71 181
71 184
71 193
71 196
71 198
71 199
71 200
71 219
71 221
71 222
71 235
71 239
72 74
72 76
72 81
72 89
72 90
72 91
72 95
72 102
72 103
72 104
72 120
72 123
72 128
72 132
72 137
72 140
72 148
72 158
72 160
72 161
72 163
72 164
72 173
72 174
72 175
72 179
72 182
72 194
72 195
72 196
72 198
72 202
72 204
72 212
72 215
72 223
72 227
72 229
72 234
72 245
73 74
73 75
73 85
73 86
73 90
73 92
73 94
73 96
73 107
73 116
73 122
73 127
73 128
73 132
73 136
73 144
73 147
73 153
73 164
73 167
73 169
73 184
73 190
73 192
73 196
73 197
73 198
73 206
73 222
73 223
73 226
73 229
73 234
73 235
73 240
73 243
73 245
73 246
74 76
74 77
74 79
74 80
74 81
74 86
74 91
74 92
74 97
74 102
74 103
74 104
74 109
74 119
74 129
74 140
74 151
74 153
74 159
74 162
74 166
74 169
74 179
74 180
74 182
74 184
74 186
74 200
74 202
74 204
74 209
74 216
74 217
74 218
74 239
74 248
75 76
75 81
75 82
75 85
75 94
75 95
75 99
75 106
75 129
75 130
75 133
75 138
75 140
75 144
75 145
75 147
75 149
75 153
75 156
75 160
75 169
75 171
75 173
75 174
75 177
75 178
75 179
75 181
75 182
75 186
75 187
75 201
75 205
75 208
75 213
75 214
75 216
75 218
75 220
75 221
75 224
75 231
75 234
75 242
75 244
76 77
76 81
76 84
76 86
76 92
76 99
76 102
76 105
76 109
76 118
76 125
76 127
76 133
76 143
76 149
76 156
76 164
76 165
76 166
76 170
76 172
76 175
76 186
76 188
76 194
76 195
76 198
76 202
76 203
76 204
76 208
76 219
76 229
76 230
76 231
76 238
76 241
76 242
77 86
77 99
77 107
77 116
77 118
77 120
77 121
77 123
77 126
77 127
77 128
77 133
77 136
77 144
77 149
77 153
77 157
77 166
77 167
77 172
77 182
77 187
77 189
77 190
77 191
77 192
77 193
77 199
77 203
77 206
77 210
77 213
77 214
77 218
77 220
77 238
78 89
78 91
78 92
78 93
78 95
78 100
78 115
78 128
78 136
78 138
78 149
78 155
78 161
78 163
78 165
78 167
78 168
78 171
78 179
78 180
78 185
78 188
78 203
78 210
78 216
78 217
78 218
78 219
78 229
78 233
78 240
78 241
78 247
79 95
79 99
79 100
79 102
79 104
79 109
79 114
79 115
79 118
79 137
79 139
79 142
79 154
79 157
79 159
79 161
79 164
79 175
79 186
79 187
79 189
79 195
79 197
79 198
79 200
79 201
79 206
79 209
79 216
79 221
79 227
79 229
79 233
79 236
79 241
79 244
80 85
80 86
80 88
80 102
80 103
80 108
80 116
80 117
80 124
80 125
80 126
80 134
80 140
80 141
80 142
80 145
80 154
80 156
80 158
80 161
80 164
80 173
80 176
80 187
80 195
80 200
80 203
80 205
80 206
80 217
80 218
80 224
80 225
80 229
80 230
80 238
80 243
81 89
81 93
81 99
81 108
81 112
81 119
81 122
81 134
81 136
81 139
81 144
81 157
81 159
81 161
81 162
81 167
81 171
81 176
81 181
81 182
81 186
81 188
81 190
81 195
81 196
81 200
81 209
81 225
81 226
81 230
81 234
81 238
81 246
82 90
82 92
82 94
82 97
82 98
82 101
82 108
82 111
82 115
82 117
82 118
82 121
82 124
82 135
82 139
82 140
82 141
82 147
82 155
82 160
82 167
82 169
82 171
82 173
82 177
82 181
82 189
82 191
82 201
82 211
82 216
82 217
82 222
82 228
82 229
82 246
83 86
83 92
83 95
83 105
83 112
83 115
83 117
83 132
83 143
83 148
83 151
83 155
83 157
83 159
83 171
83 172
83 179
83 180
83 187
83 191
83 201
83 202
83 205
83 210
83 214
83 218
83 227
83 232
83 235
83 243
84 85
84 98
84 99
84 102
84 108
84 126
84 127
84 128
84 130
84 153
84 154
84 163
84 165
84 166
84 179
84 186
84 189
84 193
84 194
84 202
84 208
84 209
84 214
84 218
84 219
84 223
84 227
84 238
84 239
85 87
85 88
85 101
85 119
85 126
85 138
85 145
85 147
85 151
85 166
85 170
85 175
85 181
85 187
85 191
85 193
85 194
85 202
85 210
85 211
85 216
85 219
85 225
85 226
85 227
85 231
85 241
85 244
85 246
86 90
86 92
86 96
86 112
86 114
86 116
86 127
86 137
86 146
86 159
86 162
86 163
86 175
86 176
86 179
86 182
86 195
86 197
86 201
86 212
86 216
86 219
86 220
86 223
86 227
87 99
87 102
87 105
87 107
87 112
87 113
87 114
87 115
87 123
87 136
87 144
87 154
87 171
87 174
87 179
87 181
87 182
87 186
87 204
87 216
87 219
87 221
87 226
87 232
87 236
87 239
87 241
87 245
88 89
88 94
88 97
88 103
88 107
88 123
88 133
88 140
88 148
88 164
88 177
88 186
88 193
88 200
88 203
88 204
88 205
88 211
88 212
88 214
88 219
88 224
88 232
88 234
89 96
89 97
89 99
89 104
89 114
89 133
89 134
89 139
89 141
89 144
89 162
89 165
89 167
89 169
89 171
89 172
89 190
89 197
89 198
89 217
89 220
89 234
89 235
89 239
89 245
89 246
89 248
90 95
90 97
90 106
90 108
90 109
90 110
90 118
90 119
90 120
90 125
90 126
90 129
90 132
90 139
90 141
90 149
90 150
90 157
90 168
90 169
90 174
90 178
90 179
90 181
90 201
90 202
90 223
90 227
90 230
90 234
90 242
90 243
90 248
91 94
91 96
91 97
91 106
91 125
91 135
91 139
91 142
91 144
91 150
91 154
91 156
91 158
91 160
91 163
91 179
91 188
91 206
91 208
91 210
91 212
91 232
91 241
92 97
92 98
92 100
92 102
92 110
92 112
92 113
92 118
92 120
92 134
92 142
92 143
92 158
92 160
92 161
92 174
92 178
92 181
92 184
92 185
92 187
92 189
92 197
92 198
92 201
92 212
92 228
92 232
93 94
93 95
93 99
93 101
93 103
93 104
93 110
93 118
93 124
93 140
93 141
93 146
93 151
93 153
93 154
93 161
93 166
93 173
93 185
93 190
93 198
93 199
93 202
93 203
93 204
93 205
93 206
93 208
93 209
93 210
93 215
93 221
93 222
93 224
93 236
93 237
93 240
93 244
93 245
93 246
94 106
94 113
94 117
94 118
94 119
94 125
94 126
94 135
94 142
94 145
94 153
94 157
94 161
94 166
94 170
94 171
94 173
94 183
94 188
94 192
94 195
94 202
94 213
94 218
94 221
94 227
94 228
94 229
94 233
94 236
94 237
94 242
94 244
94 247
95 99
95 100
95 101
95 102
95 103
95 110
95 121
95 131
95 132
95 135
95 140
95 143
95 146
95 147
95 161
95 164
95 167
95 169
95 171
95 179
95 185
95 189
95 196
95 197
95 216
95 219
95 224
95 225
95 228
95 231
95 238
96 101
96 103
96 105
96 112
96 118
96 123
96 133
96 138
96 139
96 140
96 158
96 161
96 166
96 176
96 179
96 183
96 184
96 190
96 194
96 199
96 202
96 205
96 208
96 210
96 218
96 221
96 227
96 230
96 235
96 236
96 244
97 99
97 101
97 111
97 115
97 116
97 119
97 130
97 138
97 139
97 142
97 145
97 146
97 148
97 151
97 155
97 158
97 163
97 164
97 193
97 197
97 199
97 200
97 208
97 225
97 234
97 244
98 106
98 110
98 119
98 121
98 126
98 128
98 129
98 133
98 136
98 141
98 146
98 150
98 152
98 153
98 158
98 161
98 165
98 167
98 168
98 169
98 172
98 173
98 179
98 180
98 186
98 187
98 188
98 192
98 196
98 203
98 205
98 212
98 215
98 221
98 224
98 230
98 235
98 237
98 240
98 243
98 248
99 112
99 113
99 116
99 120
99 124
99 127
99 128
99 129
99 134
99 142
99 147
99 148
99 150
99 153
99 155
99 162
99 166
99 168
99 173
99 174
99 178
99 190
99 196
99 199
99 202
99 211
99 217
99 224
99 225
99 233
99 237
99 241
99 248
100 104
100 115
100 118
100 121
100 122
100 128
100 131
100 134
100 136
100 137
100 144
100 146
100 156
100 161
100 169
100 172
100 179
100 193
100 194
100 195
100 197
100 202
100 210
100 211
100 213
100 215
100 217
100 218
100 220
100 223
100 227
100 236
100 240
100 246
101 122
101 131
101 134
101 136
101 141
101 144
101 147
101 150
101 153
101 156
101 162
101 163
101 164
101 166
101 172
101 174
101 187
101 190
101 191
101 193
101 194
101 204
101 211
101 221
101 222
101 247
102 103
102 104
102 111
102 126
102 132
102 135
102 139
102 141
102 144
102 146
102 151
102 158
102 161
102 168
102 169
102 170
102 173
102 182
102 187
102 188
102 191
102 194
102 203
102 206
102 214
102 215
102 218
102 227
102 232
102 236
102 238
102 249
103 111
103 112
103 123
103 124
103 128
103 137
103 139
103 141
103 146
103 155
103 158
103 159
103 160
103 163
103 175
103 176
103 180
103 182
103 193
103 195
103 196
103 202
103 208
103 225
103 244
103 248
104 107
104 133
104 145
104 148
104 152
104 159
104 160
104 168
104 171
104 175
104 176
104 188
104 196
104 204
104 206
104 224
104 225
104 232
104 235
104 236
104 238
104 249
105 117
105 124
105 126
105 128
105 130
105 143
105 148
105 152
105 156
105 162
105 166
105 168
105 169
105 172
105 173
105 178
105 182
105 184
105 189
105 208
105 214
105 225
105 227
105 230
105 233
105 239
105 246
106 108
106 114
106 115
106 120
106 127
106 132
106 133
106 137
106 141
106 144
106 161
106 166
106 170
106 180
106 196
106 204
106 205
106 206
106 210
106 212
106 214
106 229
106 236
106 249
107 110
107 114
107 119
107 121
107 129
107 132
107 134
107 139
107 143
107 144
107 147
107 149
107 150
107 156
107 157
107 165
107 167
107 169
107 177
107 184
107 186
107 208
107 209
107 216
107 218
107 224
107 226
107 227
107 228
107 234
107 237
107 244
107 246
108 109
108 110
108 113
108 133
108 134
108 135
108 138
108 145
108 147
108 158
108 159
108 160
108 162
108 168
108 175
108 185
108 188
108 192
108 193
108 195
108 216
108 222
108 224
108 235
108 237
108 239
108 242
109 119
109 123
109 131
109 146
109 152
109 165
109 166
109 177
109 183
109 184
109 188
109 192
109 194
109 195
109 215
109 227
109 235
109 239
110 122
110 126
110 127
110 133
110 150
110 153
110 157
110 159
110 160
110 162
110 176
110 190
110 194
110 195
110 198
110 200
110 202
110 215
110 223
110 225
110 226
110 228
110 232
110 234
110 236
110 240
110 245
110 246
111 112
111 134
111 138
111 142
111 150
111 154
111 155
111 161
111 169
111 171
111 174
111 183
111 186
111 190
111 191
111 208
111 217
111 221
111 223
111 224
111 230
111 233
111 237
111 240
111 241
111 249
112 114
112 126
112 127
112 130
112 143
112 144
112 151
112 156
112 160
112 161
112 162
112 165
112 179
112 180
112 187
112 189
112 192
112 197
112 206
112 207
112 210
112 212
112 213
112 215
112 225
112 228
112 233
112 236
112 241
112 243
113 118
113 119
113 124
113 128
113 129
113 133
113 137
113 143
113 169
113 177
113 178
113 179
113 181
113 196
113 200
113 205
113 208
113 217
113 218
113 221
113 226
113 235
113 236
113 241
113 246
113 249
114 118
114 120
114 125
114 131
114 132
114 135
114 140
114 141
114 143
114 144
114 148
114 150
114 151
114 152
114 154
114 159
114 169
114 172
114 174
114 180
114 186
114 190
114 202
114 203
114 204
114 209
114 210
114 230
114 231
114 232
114 249
115 117
115 118
115 119
115 133
115 134
115 139
115 149
115 154
115 155
115 156
115 162
115 163
115 172
115 174
115 175
115 180
115 181
115 185
115 191
115 193
115 201
115 204
115 209
115 210
115 214
115 215
115 217
115 220
115 221
115 223
115 229
115 230
115 238
115 242
116 119
116 122
116 123
116 124
116 125
116 129
116 133
116 142
116 145
116 147
116 149
116 157
116 158
116 165
116 166
116 168
116 169
116 174
116 180
116 181
116 186
116 193
116 194
116 205
116 206
116 208
116 215
116 216
116 220
116 224
116 228
116 232
116 236
117 118
117 124
117 125
117 128
117 130
117 133
117 162
117 166
117 169
117 172
117 182
117 190
117 199
117 200
117 216
117 219
117 225
117 231
117 239
117 245
118 120
118 121
118 122
118 127
118 130
118 139
118 142
118 152
118 153
118 155
118 156
118 163
118 164
118 165
118 176
118 179
118 180
118 182
118 185
118 190
118 197
118 205
118 209
118 224
118 226
118 227
118 236
118 238
118 239
118 241
118 242
118 244
118 247
118 248
119 120
119 123
119 126
119 127
119 136
119 145
119 146
119 150
119 153
119 154
119 155
119 163
119 165
119 169
119 175
119 188
119 189
119 196
119 201
119 208
119 213
119 216
119 217
119 218
119 220
119 226
119 228
119 229
119 232
119 239
119 243
120 125
120 145
120 155
120 156
120 161
120 173
120 175
120 178
120 180
120 193
120 199
120 203
120 204
120 211
120 218
120 219
120 230
120 231
120 237
120 240
121 123
121 138
121 139
121 141
121 145
121 149
121 151
121 156
121 157
121 159
121 160
121 163
121 166
121 170
121 173
121 176
121 181
121 191
121 192
121 204
121 210
121 215
121 231
121 232
121 240
121 242
121 243
122 124
122 126
122 127
122 136
122 137
122 141
122 147
122 148
122 151
122 156
122 157
122 159
122 164
122 172
122 191
122 192
122 197
122 201
122 211
122 221
122 237
122 243
123 127
123 130
123 132
123 146
123 149
123 150
123 153
123 155
123 164
123 169
123 172
123 177
123 186
123 188
123 192
123 207
123 212
123 213
123 218
123 220
123 231
123 233
123 238
123 247
124 135
124 138
124 157
124 164
124 168
124 179
124 183
124 195
124 198
124 212
124 215
124 217
124 239
124 240
124 249
125 130
125 132
125 134
125 141
125 150
125 151
125 156
125 160
125 162
125 169
125 183
125 186
125 199
125 202
125 211
125 217
125 223
125 227
125 228
125 235
125 236
125 241
125 242
125 248
126 131
126 133
126 135
126 140
126 142
126 148
126 150
126 158
126 159
126 165
126 180
126 191
126 204
126 205
126 211
126 216
126 217
126 219
126 227
126 228
126 229
126 232
126 233
126 238
126 241
126 248
127 133
127 137
127 138
127 145
127 146
127 147
127 151
127 154
127 164
127 165
127 169
127 174
127 178
127 181
127 186
127 187
127 193
127 207
127 209
127 213
127 223
127 228
127 229
127 234
127 244
127 246
127 247
128 133
128 140
128 145
128 158
128 159
128 165
128 168
128 169
128 170
128 177
128 195
128 199
128 208
128 217
128 223
128 224
128 235
128 248
129 136
129 139
129 141
129 148
129 152
129 158
129 165
129 175
129 177
129 179
129 182
129 186
129 191
129 197
129 203
129 210
129 211
129 218
129 221
129 226
129 249
130 141
130 142
130 144
130 146
130 149
130 152
130 172
130 185
130 188
130 194
130 206
130 210
130 212
130 217
130 219
130 221
130 225
130 226
130 236
130 244
130 249
131 132
131 133
131 135
131 136
131 142
131 146
131 155
131 156
131 157
131 163
131 181
131 195
131 200
131 207
131 209
131 216
131 217
131 220
131 228
131 230
131 237
131 242
131 245
132 134
132 143
132 145
132 147
132 151
132 156
132 157
132 159
132 165
132 168
132 184
132 188
132 194
132 198
132 200
132 202
132 203
132 211
132 214
132 220
132 221
132 222
132 225
132 226
132 227
133 136
133 147
133 149
133 150
133 153
133 173
133 180
133 183
133 186
133 192
133 193
133 208
133 214
133 215
133 229
133 233
133 241
133 249
134 135
134 142
134 144
134 145
134 152
134 153
134 160
134 168
134 170
134 173
134 174
134 180
134 181
134 182
134 186
134 188
134 191
134 201
134 205
134 212
134 216
134 218
134 224
134 225
134 226
134 231
134 232
134 233
134 236
135 136
135 139
135 141
135 145
135 150
135 151
135 161
135 164
135 165
135 167
135 171
135 180
135 193
135 196
135 197
135 209
135 217
135 219
135 220
135 225
135 240
135 242
135 246
135 248
136 147
136 152
136 159
136 160
136 165
136 176
136 179
136 184
136 190
136 191
136 193
136 207
136 208
136 213
136 214
136 235
136 238
136 241
136 243
137 141
137 144
137 146
137 154
137 170
137 172
137 178
137 180
137 183
137 187
137 193
137 197
137 199
137 203
137 207
137 216
137 222
137 235
138 157
138 161
138 168
138 170
138 176
138 177
138 186
138 187
138 188
138 189
138 195
138 201
138 210
138 223
138 224
138 225
138 242
138 249
139 149
139 150
139 151
139 152
139 156
139 159
139 162
139 171
139 176
139 185
139 190
139 207
139 215
139 217
139 218
139 231
139 242
139 247
139 248
139 249
140 148
140 149
140 157
140 168
140 179
140 184
140 187
140 198
140 204
140 208
140 212
140 217
140 219
140 226
140 229
140 236
140 238
140 248
141 142
141 144
141 149
141 153
141 158
141 161
141 173
141 175
141 188
141 194
141 227
141 230
141 232
141 236
141 238
141 244
142 147
142 149
142 156
142 163
142 164
142 165
142 171
142 172
142 174
142 177
142 191
142 193
142 195
142 197
142 212
142 215
142 223
142 228
142 245
142 248
143 149
143 153
143 154
143 159
143 165
143 171
143 178
143 186
143 188
143 191
143 197
143 203
143 212
143 213
143 217
143 229
143 230
143 234
143 236
143 244
143 246
144 147
144 150
144 156
144 161
144 162
144 163
144 171
144 174
144 182
144 184
144 193
144 194
144 197
144 207
144 213
144 215
144 222
144 224
144 233
144 235
144 236
144 238
144 241
145 148
145 154
145 156
145 158
145 165
145 166
145 181
145 188
145 192
145 200
145 203
145 205
145 211
145 214
145 218
145 219
145 225
145 231
145 234
145 240
145 242
145 244
145 246
145 247
146 151
146 154
146 157
146 158
146 168
146 173
146 178
146 179
146 184
146 186
146 196
146 204
146 205
146 206
146 210
146 221
146 223
146 248
147 148
147 151
147 154
147 156
147 158
147 169
147 178
147 180
147 195
147 201
147 215
147 220
147 227
147 230
147 239
147 241
147 248
147 249
148 150
148 152
148 155
148 157
148 162
148 168
148 179
148 186
148 187
148 195
148 199
148 202
148 212
148 218
148 220
148 222
148 239
148 243
149 150
149 157
149 160
149 162
149 172
149 178
149 187
149 188
149 205
149 211
149 212
149 221
149 225
149 227
149 231
149 236
149 238
149 240
149 247
149 248
149 249
150 157
150 160
150 175
150 190
150 194
150 195
150 197
150 203
150 211
150 227
150 229
150 234
150 235
151 152
151 154
151 159
151 170
151 171
151 174
151 184
151 191
151 200
151 223
151 224
151 234
151 246
152 153
152 154
152 157
152 173
152 176
152 185
152 186
152 193
152 196
152 200
152 202
152 203
152 213
152 219
152 223
152 232
152 234
152 244
152 245
153 157
153 159
153 160
153 161
153 163
153 164
153 167
153 169
153 171
153 173
153 181
153 182
153 183
153 185
153 188
153 194
153 199
153 204
153 207
153 212
153 220
153 231
153 233
154 162
154 165
154 181
154 184
154 189
154 193
154 198
154 200
154 219
154 220
154 224
154 225
154 226
154 227
154 228
154 229
154 230
154 235
154 236
154 237
154 238
154 249
155 156
155 158
155 163
155 167
155 168
155 173
155 179
155 180
155 183
155 185
155 186
155 187
155 191
155 195
155 201
155 203
155 204
155 206
155 207
155 208
155 209
155 211
155 212
155 217
155 221
155 226
155 230
155 238
155 239
155 241
155 249
156 164
156 166
156 167
156 171
156 172
156 179
156 180
156 181
156 193
156 195
156 215
156 216
156 234
156 237
156 239
156 244
156 247
156 248
157 162
157 170
157 171
157 173
157 177
157 180
157 184
157 189
157 208
157 214
157 221
157 227
157 230
157 232
157 234
157 237
157 238
157 246
158 159
158 174
158 183
158 190
158 198
158 208
158 213
158 220
158 224
158 227
158 228
158 236
158 237
158 240
158 244
158 247
159 161
159 164
159 167
159 175
159 183
159 190
159 193
159 194
159 201
159 203
159 209
159 223
159 224
159 225
159 233
159 235
160 162
160 163
160 169
160 179
160 207
160 209
160 210
160 218
160 238
160 240
160 243
160 244
160 245
160 246
161 164
161 172
161 175
161 176
161 179
161 180
161 184
161 193
161 200
161 204
161 207
161 223
161 230
161 231
161 232
162 169
162 171
162 183
162 185
162 187
162 191
162 204
162 205
162 212
162 214
162 222
162 229
162 235
162 244
163 170
163 179
163 180
163 184
163 188
163 190
163 196
163 197
163 200
163 205
163 207
163 211
163 218
163 219
163 221
163 237
163 241
163 243
163 249
164 168
164 170
164 176
164 180
164 189
164 217
164 222
164 224
164 230
164 232
164 240
165 168
165 169
165 173
165 178
165 179
165 183
165 184
165 195
165 203
165 208
165 214
165 226
165 229
165 236
165 249
166 169
166 173
166 174
166 177
166 186
166 188
166 189
166 197
166 201
166 210
166 215
166 218
166 221
166 222
166 224
166 225
166 228
166 231
166 232
166 236
166 238
166 249
167 169
167 171
167 175
167 178
167 179
167 187
167 192
167 194
167 201
167 207
167 211
167 213
167 215
167 217
167 220
167 229
167 230
167 238
167 244
167 249
168 171
168 176
168 180
168 185
168 190
168 195
168 196
168 200
168 209
168 210
168 213
168 217
168 220
168 229
168 236
168 239
168 243
168 245
168 247
168 248
169 172
169 177
169 185
169 197
169 200
169 203
169 204
169 205
169 209
169 212
169 214
169 217
169 220
169 232
169 234
169 242
169 247
169 248
170 174
170 176
170 183
170 187
170 194
170 197
170 200
170 202
170 207
170 208
170 209
170 219
170 230
171 185
171 194
171 197
171 199
171 203
171 212
171 220
171 222
171 227
171 228
171 230
171 234
171 241
172 173
172 178
172 180
172 184
172 187
172 192
172 199
172 204
172 216
172 217
172 218
172 221
172 223
172 236
172 239
173 175
173 184
173 187
173 188
173 192
173 195
173 196
173 198
173 206
173 215
173 218
173 219
173 222
173 234
173 236
173 237
173 239
173 240
173 249
174 176
174 190
174 206
174 207
174 208
174 212
174 215
174 221
174 230
174 231
174 239
174 246
175 176
175 184
175 185
175 207
175 211
175 233
175 236
175 238
175 239
175 240
175 245
176 180
176 190
176 195
176 204
176 205
176 219
176 227
176 233
176 244
176 246
177 183
177 194
177 195
177 196
177 199
177 201
177 212
177 216
177 218
177 226
177 234
177 248
178 190
178 197
178 200
178 204
178 210
178 222
178 225
178 227
178 228
178 231
178 236
179 184
179 185
179 190
179 194
179 196
179 200
179 202
179 215
179 230
179 234
179 237
179 238
179 239
179 246
180 183
180 185
180 189
180 197
180 205
180 206
180 208
180 210
180 215
180 219
180 229
180 230
180 233
180 240
180 241
180 243
180 245
181 182
181 190
181 191
181 194
181 200
181 212
181 215
181 216
181 219
181 220
181 235
181 249
182 183
182 186
182 187
182 191
182 193
182 205
182 206
182 216
182 220
182 222
182 223
182 224
182 230
182 233
182 240
182 248
183 192
183 203
183 204
183 205
183 209
183 214
183 225
183 231
183 233
183 235
183 237
183 249
184 186
184 197
184 198
184 200
184 204
184 208
184 213
184 222
184 226
184 231
184 239
185 189
185 201
185 210
185 213
185 218
185 226
185 228
185 236
185 239
185 242
186 192
186 195
186 197
186 201
186 207
186 209
186 210
186 220
186 228
186 233
186 237
186 238
186 239
186 244
187 189
187 190
187 197
187 205
187 218
187 221
187 222
187 224
187 226
187 234
187 238
187 244
187 247
188 189
188 199
188 201
188 204
188 206
188 212
188 213
188 218
188 221
188 225
188 228
188 230
188 243
188 246
188 247
189 190
189 191
189 204
189 210
189 221
189 222
189 232
189 238
189 244
190 192
190 195
190 199
190 201
190 202
190 204
190 215
190 223
190 225
190 234
190 241
190 242
190 247
190 248
191 198
191 201
191 202
191 209
191 212
191 213
191 224
191 226
191 229
191 230
191 231
192 194
192 195
192 198
192 200
192 206
192 211
192 218
192 222
193 211
193 212
193 213
193 215
193 225
193 226
193 238
193 244
193 247
193 248
194 199
194 202
194 206
194 209
194 211
194 214
194 221
194 222
194 224
194 227
194 238
194 242
194 246
195 198
195 209
195 210
195 211
195 219
195 229
195 233
195 234
195 235
195 236
195 237
195 246
195 249
196 214
196 225
196 227
196 229
196 234
196 239
196 242
197 203
197 205
197 206
197 214
197 218
197 222
197 226
197 241
197 243
197 246
197 248
197 249
198 205
198 211
198 212
198 226
198 228
198 229
198 232
198 234
198 235
198 243
198 244
198 245
198 246
198 249
199 202
199 205
199 213
199 215
199 216
199 226
199 229
199 233
199 241
200 202
200 214
200 220
200 223
200 239
200 242
201 204
201 206
201 209
201 210
201 220
201 223
201 232
201 233
201 245
201 247
201 248
201 249
202 203
202 205
202 207
202 208
202 210
202 217
202 222
202 231
202 234
202 238
202 241
202 247
202 249
203 206
203 215
203 218
203 230
203 237
203 241
203 244
203 245
203 246
204 211
204 212
204 213
204 231
204 233
204 238
204 243
204 247
205 211
205 215
205 217
205 218
205 222
205 223
205 226
205 231
206 231
206 239
206 240
206 243
206 245
207 208
207 210
207 211
207 218
207 225
207 228
207 231
207 236
207 249
208 229
208 235
208 241
208 245
209 210
209 212
209 229
209 232
209 233
210 216
210 223
210 225
210 232
210 235
210 238
210 239
210 241
210 242
211 226
211 231
211 232
211 239
211 240
211 242
211 243
211 245
212 216
212 219
212 221
212 222
212 225
212 230
212 232
212 239
212 241
212 243
212 244
213 218
213 229
213 243
213 245
214 219
214 220
214 222
214 223
214 225
214 228
214 243
215 221
215 226
215 227
215 233
215 244
215 245
215 247
216 218
216 219
216 226
216 233
216 238
216 242
216 244
216 248
217 228
217 229
217 233
217 237
217 239
217 248
218 230
218 232
219 228
219 229
219 244
219 247
219 249
220 221
220 224
220 236
220 237
220 243
220 244
220 247
221 227
221 231
221 238
221 245
222 227
222 234
222 241
222 247
223 227
223 229
223 230
223 232
224 225
224 226
224 227
224 245
225 229
225 233
225 234
225 236
225 237
225 238
225 245
225 248
226 227
226 228
226 229
226 231
226 235
227 232
227 238
227 239
227 243
227 244
227 245
227 246
228 229
228 232
228 238
228 244
229 233
229 235
229 237
229 244
230 233
230 245
230 248
231 241
231 244
232 234
232 240
232 241
232 245
232 248
233 241
234 238
234 242
234 247
235 237
235 238
235 247
235 248
235 249
236 237
236 238
236 239
236 243
236 249
237 239
237 249
238 241
238 245
238 248
239 242
239 244
239 245
241 243
241 245
241 247
242 244
244 249
245 248
248 249

0 0 1 0 1 1 0 1 1 1 1 1 0 0 1 0 0 0 0 1 0 0 1 0 0 1 1 0 1 1 1 1 1 0 1 1 1 0 1 0 0 0 1 0 0 0 0 1 1 1 1 1 0 0 1 1 0 1 0 0 1 1 1 1 1 1 0 0 1 1 0 1 1 0 1 0 1 1 1 1 0 0 1 0 0 1 0 1 1 1 0 1 0 0 0 1 1 1 0 0 1 1 1 0 1 0 0 1 1 0 0 1 1 0 1 1 1 1 1 0 0 0 0 0 0 1 1 1 1 0 0 0 1 0 1 1 0 0 0 0 1 0 1 0 1 1 0 0 0 0 1 1 1 0 0 0 0 0 1 1 0 0 0 1 0 1 1 1 0 1 0 0 0 0 1 0 0 0 1 0 0 0 1 0 0 0 1 0 1 1 0 0 1 1 1 0 1 1 1 0 1 1 0 0 1 1 0 0 0 1 1 0 1 0 1 0 0 0 1 1 0 0 0 0 1 0 0 1 0 1 1 0 1 0 1 0 0 1 1 0 1 1 1 0 1 0 0 0 1 1