250 306
0 1 2 3 4 5 6 7 8 9 10 11 12 13 14 15 16 17 18 19 20 21 22 23 24 25 26 27 28 29 30 31 32 33 34 35 36 37 38 39 40 41 42 43 44 45 46 47 48 49 50 51 52 53 54 55 56 57 58 59 60 61 62 63 64 65 66 67 68 69 70 71 72 73 74 75 76 77 78 79 80 81 82 83 84 85 86 87 88 89 90 91 92 93 94 95 96 97 98 99 100 101 102 103 104 105 106 107 108 109 110 111 112 113 114 115 116 117 118 119 120 121 122 123 124 125 126 127 128 129 130 131 132 133 134 135 136 137 138 139 140 141 142 143 144 145 146 147 148 149 150 151 152 153 154 155 156 157 158 159 160 161 162 163 164 165 166 167 168 169 170 171 172 173 174 175 176 177 178 179 180 181 182 183 184 185 186 187 188 189 190 191 192 193 194 195 196 197 198 199 200 201 202 203 204 205 206 207 208 209 210 211 212 213 214 215 216 217 218 219 220 221 222 223 224 225 226 227 228 229 230 231 232 233 234 235 236 237 238 239 240 241 242 243 244 245 246 247 248 249
0 159
0 171
0 211
0 213
0 240
1 59
1 82
1 172
1 176
2 102
3 214
3 217
3 246
4 113
5 104
5 151
6 150
8 126
8 130
8 230
9 149
9 212
10 192
10 214
11 35
11 41
11 170
11 174
11 247
12 40
12 175
13 37
13 187
14 98
14 100
14 106
14 118
14 166
14 202
15 90
15 140
15 151
15 214
15 218
16 111
17 128
17 242
18 51
19 117
19 149
23 96
24 45
24 65
24 91
25 139
26 84
26 222
27 41
27 141
28 42
28 73
28 90
28 177
29 168
29 179
29 183
30 129
30 192
30 218
31 125
31 163
32 66
32 140
32 240
33 37
33 224
34 76
34 233
35 49
35 131
35 136
35 181
36 56
36 87
36 106
36 129
36 138
36 182
37 223
38 163
39 69
39 82
39 86
39 160
39 216
40 217
40 234
42 94
42 95
42 152
43 54
43 130
44 136
44 157
45 136
46 184
46 222
46 235
47 139
48 123
48 176
49 115
49 171
49 191
49 223
50 174
51 92
51 126
53 72
53 87
54 155
54 162
54 226
54 238
55 163
55 181
56 131
56 142
57 191
58 74
58 93
58 197
59 245
60 153
60 240
61 172
62 91
62 169
62 217
63 141
63 235
64 157
64 188
64 234
64 247
65 240
66 182
66 221
67 153
68 128
69 93
69 95
69 147
69 154
70 141
70 159
71 117
71 227
74 114
75 78
75 101
75 174
76 238
77 241
78 160
78 240
79 94
80 87
80 145
82 116
82 142
84 173
84 246
85 231
87 104
87 166
88 117
89 156
90 146
91 101
91 195
92 138
93 146
93 165
93 216
94 212
95 233
96 183
96 209
97 173
97 174
97 180
97 208
97 226
97 247
98 150
98 155
100 111
100 156
100 200
100 231
101 185
101 247
102 133
102 147
102 158
102 161
103 119
104 167
106 247
107 149
109 156
110 233
111 158
113 124
113 191
113 223
115 120
116 197
116 228
118 126
118 180
118 233
119 191
119 200
120 235
121 132
121 177
123 206
126 162
127 201
129 174
130 143
130 201
132 193
133 143
133 150
133 224
134 216
134 232
136 186
136 191
136 213
137 189
138 151
140 144
140 169
141 212
141 230
141 247
142 171
142 195
143 214
144 164
145 155
145 224
146 151
148 216
148 232
150 183
150 240
151 201
153 185
153 197
153 249
156 242
156 246
157 169
157 177
157 218
157 229
157 236
158 179
158 235
160 220
162 167
164 239
165 217
165 222
169 232
171 182
171 186
171 206
173 240
176 219
179 222
181 208
184 199
186 244
187 203
188 246
189 223
191 212
197 247
198 216
199 230
205 233
205 246
206 224
208 209
210 213
214 218
216 225
231 242
233 243
241 248

0 0 1 1 0 0 0 1 0 0 0 1 1 1 0 1 1 1 1 1 0 1 1 0 1 1 1 0 1 0 1 0 0 0 0 1 0 0 1 0 0 0 0 1 1 0 1 0 0 0 0 0 0 0 1 1 1 1 1 1 1 0 1 0 1 1 0 1 0 1 1 1 0 0 0 0 0 0 0 0 0 0 1 1 0 1 1 1 1 1 0 0 0 1 1 1 1 1 1 1 0 1 1 1 0 0 0 0 0 0 0 0 0 1 1 0 0 0 1 0 0 0 0 1 0 1 1 1 0 0 1 1 1 0 0 1 0 0 1 1 1 1 1 1 1 1 0 1 1 1 0 1 0 1 1 1 0 1 0 1 0 0 0 1 0 1 0 0 0 0 1 1 1 1 0 0 0 1 1 0 1 1 1 0 1 1 1 0 0 0 0 1 0 0 0 1 0 0 1 0 0 1 1 1 1 0 1 1 1 0 0 1 0 1 1 0 0 1 1 1 0 0 0 0 1 0 0 1 0 1 1 0 1 1 0 0 1 1 0 0 0 0 1 0 0 1 1 1 0 1