250 1552
0 1 2 3 4 5 6 7 8 9 10 11 12 13 14 15 16 17 18 19 20 21 22 23 24 25 26 27 28 29 30 31 32 33 34 35 36 37 38 39 40 41 42 43 44 45 46 47 48 49 50 51 52 53 54 55 56 57 58 59 60 61 62 63 64 65 66 67 68 69 70 71 72 73 74 75 76 77 78 79 80 81 82 83 84 85 86 87 88 89 90 91 92 93 94 95 96 97 98 99 100 101 102 103 104 105 106 107 108 109 110 111 112 113 114 115 116 117 118 119 120 121 122 123 124 125 126 127 128 129 130 131 132 133 134 135 136 137 138 139 140 141 142 143 144 145 146 147 148 149 150 151 152 153 154 155 156 157 158 159 160 161 162 163 164 165 166 167 168 169 170 171 172 173 174 175 176 177 178 179 180 181 182 183 184 185 186 187 188 189 190 191 192 193 194 195 196 197 198 199 200 201 202 203 204 205 206 207 208 209 210 211 212 213 214 215 216 217 218 219 220 221 222 223 224 225 226 227 228 229 230 231 232 233 234 235 236 237 238 239 240 241 242 243 244 245 246 247 248 249
0 8
0 16
0 48
0 72
0 119
0 124
0 126
0 142
0 144
0 163
0 183
0 210
0 217
1 2
1 26
1 47
1 76
1 102
1 115
1 168
1 172
1 194
2 8
2 16
2 41
2 52
2 62
2 69
2 81
2 90
2 122
2 124
2 145
2 155
2 157
2 199
2 207
2 223
2 227
2 231
2 235
3 19
3 23
3 35
3 40
3 44
3 63
3 64
3 80
3 89
3 110
3 113
3 153
3 170
3 173
3 178
3 193
3 242
3 247
4 18
4 26
4 56
4 83
4 109
4 116
4 146
4 155
4 162
4 176
4 201
4 205
4 212
5 17
5 39
5 140
5 190
5 195
6 13
6 38
6 80
6 93
6 114
6 125
6 127
6 179
7 22
7 86
7 90
7 101
7 108
7 135
7 168
7 169
7 219
7 245
8 20
8 26
8 30
8 97
8 100
8 109
8 111
8 120
8 164
8 171
8 182
8 190
8 196
8 204
8 219
9 76
9 78
9 85
9 96
9 110
9 152
9 169
9 182
9 189
9 193
9 200
9 202
9 220
9 226
9 230
9 236
9 237
9 247
10 44
10 50
10 53
10 93
10 99
10 104
10 119
10 162
10 172
10 191
10 198
11 19
11 45
11 102
11 122
11 135
11 155
11 158
11 177
11 206
12 16
12 25
12 74
12 135
12 138
12 149
12 175
12 189
12 207
12 230
13 21
13 26
13 33
13 46
13 72
13 98
13 116
13 144
13 145
13 148
13 152
13 210
13 220
13 231
14 30
14 41
14 44
14 83
14 116
14 139
14 164
14 166
14 210
14 236
15 47
15 73
15 78
15 89
15 139
15 147
15 161
15 164
15 191
15 249
16 20
16 22
16 46
16 61
16 85
16 119
16 149
16 167
16 185
16 202
16 203
16 233
17 21
17 28
17 30
17 33
17 39
17 48
17 67
17 78
17 98
17 169
18 24
18 34
18 39
18 46
18 51
18 65
18 74
18 90
18 119
18 126
18 132
18 146
18 160
18 172
18 174
18 228
18 238
19 26
19 28
19 33
19 49
19 72
19 78
19 86
19 104
19 141
19 148
19 154
19 156
19 189
19 194
19 199
19 221
19 223
20 93
20 110
20 116
20 178
20 188
20 192
20 199
20 207
20 209
20 216
20 219
20 230
20 238
20 244
21 28
21 58
21 63
21 101
21 117
21 152
21 173
21 185
21 190
21 236
21 244
22 25
22 30
22 72
22 73
22 82
22 107
22 153
22 195
22 201
22 209
22 217
22 226
22 242
22 247
22 248
23 33
23 43
23 59
23 61
23 73
23 81
23 135
23 162
23 179
23 195
23 227
23 242
24 26
24 29
24 47
24 61
24 75
24 78
24 102
24 131
24 165
24 182
24 192
24 229
24 237
24 245
25 59
25 63
25 69
25 111
25 186
25 231
25 237
25 242
26 37
26 41
26 44
26 48
26 78
26 106
26 163
26 164
26 168
26 183
26 220
26 244
27 28
27 42
27 89
27 105
27 119
27 131
27 151
27 176
27 192
27 196
28 76
28 121
28 143
28 154
28 165
28 198
28 221
29 31
29 64
29 90
29 113
29 114
29 129
29 130
29 158
29 161
29 227
29 234
29 242
30 66
30 110
30 127
30 135
30 145
30 151
30 168
30 177
30 195
30 209
30 224
31 33
31 51
31 97
31 134
31 147
31 150
31 166
31 179
31 195
31 230
31 243
32 98
32 109
32 121
32 144
32 174
32 189
32 190
33 92
33 93
33 100
33 106
33 108
33 128
33 162
33 185
33 190
34 39
34 52
34 148
34 149
34 167
34 168
34 192
35 48
35 59
35 64
35 75
35 104
35 108
35 123
35 138
35 150
35 203
35 223
35 244
36 46
36 47
36 76
36 79
36 80
36 95
36 125
36 132
36 194
36 221
36 223
37 61
37 63
37 64
37 133
37 144
37 164
37 170
37 191
37 235
38 55
38 73
38 89
38 114
38 116
38 120
38 122
38 123
38 131
38 132
38 146
38 148
38 164
38 169
38 211
38 236
39 42
39 49
39 66
39 72
39 91
39 97
39 130
39 131
39 194
39 225
39 234
39 242
39 243
40 46
40 47
40 81
40 87
40 125
40 132
40 150
40 207
40 210
40 241
40 248
41 62
41 97
41 102
41 116
41 124
41 126
41 127
41 141
41 158
41 195
41 199
41 203
41 205
41 234
41 235
42 82
42 86
42 87
42 93
42 120
42 132
42 133
42 143
42 157
42 161
42 175
42 178
42 200
42 211
42 218
42 228
42 242
43 50
43 52
43 83
43 108
43 133
43 155
43 177
43 183
44 64
44 65
44 68
44 90
44 95
44 133
44 136
44 144
44 161
44 180
44 181
44 222
44 225
44 235
44 237
44 238
45 62
45 79
45 96
45 127
45 144
45 149
45 162
45 187
45 196
45 246
46 82
46 84
46 91
46 103
46 112
46 113
46 121
46 129
46 143
46 146
46 155
46 176
46 199
46 205
46 208
46 220
46 228
46 229
47 50
47 51
47 75
47 83
47 93
47 112
47 152
47 172
47 175
47 231
47 236
48 68
48 72
48 79
48 81
48 119
48 121
48 140
48 156
48 162
48 179
48 180
48 185
48 190
48 209
48 212
49 66
49 73
49 81
49 83
49 91
49 112
49 128
49 129
49 136
49 144
49 199
49 215
49 216
49 223
50 84
50 118
50 132
50 139
50 202
50 224
50 234
51 62
51 66
51 149
51 151
51 187
51 209
51 221
51 225
52 62
52 76
52 80
52 108
52 139
52 203
52 241
52 245
53 82
53 130
53 175
53 201
53 230
53 237
53 242
54 69
54 72
54 77
54 101
54 123
54 136
54 137
54 187
55 73
55 78
55 87
55 92
55 97
55 143
55 167
55 174
55 178
55 188
55 201
55 207
55 241
56 78
56 104
56 157
56 175
56 180
56 190
56 215
56 237
56 245
57 122
57 141
57 148
57 153
57 157
57 179
57 243
57 249
58 146
58 164
58 188
58 208
58 219
59 68
59 105
59 108
59 111
59 116
59 153
59 210
59 217
59 230
60 117
60 141
60 150
60 152
60 154
60 179
60 220
60 248
61 71
61 78
61 119
61 124
61 148
61 150
61 199
61 202
61 225
62 63
62 68
62 92
62 93
62 115
62 142
62 160
62 181
62 215
62 227
62 247
63 80
63 108
63 182
63 188
63 190
63 196
64 68
64 105
64 111
64 148
64 160
64 164
64 185
64 219
64 233
64 235
65 74
65 108
65 115
65 116
65 140
65 164
65 178
65 249
66 81
66 105
66 106
66 113
66 122
66 135
66 144
66 145
66 161
66 217
66 224
66 230
67 88
67 96
67 149
67 156
67 158
67 169
67 188
68 75
68 94
68 109
68 135
68 143
68 158
69 72
69 74
69 136
69 138
69 175
69 214
69 225
69 228
69 246
70 83
70 92
70 120
70 155
70 158
70 185
70 205
70 230
70 241
70 249
71 72
71 77
71 92
71 93
71 121
71 133
71 138
71 141
71 152
71 154
71 182
71 244
72 128
72 137
72 145
72 148
72 187
72 190
72 215
73 84
73 96
73 118
73 129
73 149
73 153
73 169
73 209
73 219
73 230
73 244
73 248
74 105
74 211
74 227
75 81
75 115
75 122
75 124
75 136
75 149
75 152
75 191
75 195
75 207
75 219
75 244
76 90
76 94
76 95
76 218
76 220
76 224
76 236
76 241
76 246
77 87
77 168
77 198
77 199
77 242
78 91
78 97
78 131
78 143
78 147
78 178
78 180
78 190
78 209
78 216
79 121
79 125
79 131
79 152
79 179
79 180
79 197
79 223
79 233
79 235
79 236
79 243
80 111
80 130
80 163
80 167
80 213
80 234
80 245
81 132
81 141
81 146
81 153
81 195
81 202
81 218
81 226
81 227
82 84
82 142
82 144
82 145
82 186
82 188
82 203
82 209
82 215
82 222
82 228
82 245
83 97
83 104
83 129
83 137
83 158
83 192
84 102
84 138
84 155
84 161
84 162
84 193
84 203
84 227
85 95
85 113
85 121
85 142
85 144
85 163
85 164
85 185
85 195
85 204
85 216
85 244
86 100
86 133
86 165
86 178
86 227
87 97
87 125
87 148
87 185
87 190
87 210
87 247
87 249
88 159
88 165
88 169
88 191
88 198
88 211
88 227
89 101
89 104
89 112
89 122
89 138
89 145
89 158
89 176
89 198
89 222
89 229
89 235
90 139
90 148
90 158
90 163
90 183
90 190
90 199
90 221
91 157
91 176
91 189
91 192
91 212
92 107
92 121
92 144
92 163
92 184
92 195
92 206
92 211
92 245
93 132
93 143
93 201
93 209
93 210
93 214
93 229
94 101
94 105
94 108
94 117
94 130
94 131
94 142
94 152
94 180
94 197
94 225
95 124
95 132
95 134
95 142
95 187
95 188
95 208
95 230
95 243
96 139
96 144
96 165
96 167
96 191
96 204
96 226
96 231
96 241
97 232
97 236
98 191
98 222
98 244
99 115
99 169
99 180
99 243
100 115
100 119
100 156
100 198
100 234
100 235
100 236
101 132
101 145
101 158
101 159
101 162
101 171
101 175
101 191
101 207
101 234
102 128
102 135
102 150
102 162
102 199
102 203
103 138
103 171
103 177
103 218
103 231
103 244
104 126
104 131
104 145
104 146
104 154
104 162
104 173
104 192
104 213
104 242
105 190
105 207
105 232
105 243
105 247
106 117
106 127
106 135
106 197
106 211
106 220
107 119
107 144
107 200
107 212
107 248
108 127
108 152
108 155
108 185
108 216
108 226
108 233
109 115
109 192
109 208
109 229
109 243
110 137
110 231
110 235
110 244
111 121
111 132
111 146
111 151
111 152
111 155
111 159
111 160
111 162
111 177
111 186
111 231
111 237
112 124
112 127
112 131
112 141
112 156
112 161
112 183
112 204
112 238
113 138
113 165
113 182
113 183
113 211
113 213
114 132
114 173
114 190
114 192
114 193
114 194
114 229
114 238
114 249
115 148
115 162
115 208
115 214
115 231
115 236
116 127
116 147
116 232
116 235
116 244
117 143
117 152
117 167
117 171
117 180
117 185
117 194
117 195
117 203
117 231
117 233
118 132
118 136
118 147
118 197
118 205
118 215
118 239
119 202
119 209
119 210
119 224
119 238
119 248
120 128
120 134
120 177
120 181
120 189
120 196
120 215
120 218
120 219
120 221
120 238
120 239
120 245
121 122
121 132
121 141
121 158
121 161
121 162
121 205
121 237
121 240
122 148
122 154
122 157
122 187
122 223
122 238
123 136
123 247
124 151
124 159
124 169
124 175
124 224
125 140
125 144
125 158
125 187
125 194
125 206
125 207
126 180
126 189
126 190
126 209
126 223
127 170
127 244
128 130
128 166
128 179
128 190
128 195
128 213
128 215
128 238
129 164
129 184
129 197
129 200
129 208
129 216
130 139
130 148
130 152
130 170
130 174
130 182
130 183
130 240
131 142
131 164
131 168
131 201
131 228
132 134
132 155
132 227
132 233
133 145
133 207
134 142
134 154
134 166
134 179
134 188
134 220
134 231
134 239
134 246
135 147
136 150
136 242
137 146
137 191
137 192
137 223
138 159
138 169
138 173
138 192
138 199
138 235
139 179
139 187
139 198
139 215
139 228
139 247
140 148
140 163
140 165
140 213
140 215
140 224
140 225
140 241
140 246
140 248
141 143
141 149
141 172
141 240
141 241
142 190
142 210
142 218
142 225
143 148
143 149
143 157
143 172
143 183
143 184
143 186
143 204
143 225
143 234
144 152
144 169
144 174
144 200
144 209
144 219
144 227
144 239
144 245
145 183
145 194
145 203
145 241
146 168
146 210
146 221
146 229
146 230
147 154
147 177
147 186
147 217
147 220
147 228
147 240
148 174
148 193
148 199
148 200
148 217
148 229
148 241
149 190
149 194
149 223
149 236
150 169
150 186
150 204
150 225
150 240
150 246
151 162
151 168
151 234
152 173
152 230
152 236
152 242
152 247
153 168
153 184
153 216
153 221
153 224
153 229
154 158
154 175
154 193
154 209
154 219
155 181
155 183
155 188
155 240
156 211
156 227
157 158
157 161
157 175
157 195
157 216
157 228
157 249
158 225
158 231
158 243
159 161
159 196
159 206
159 233
160 194
160 214
160 232
160 233
161 164
161 167
161 217
161 226
161 237
163 166
163 190
163 214
163 215
164 174
164 201
164 220
164 222
164 230
165 172
165 185
165 186
165 190
165 195
165 199
165 230
166 190
166 231
166 249
167 171
167 176
167 195
167 206
168 203
168 208
169 198
169 205
169 206
169 219
170 205
170 222
170 231
170 241
170 244
171 177
171 193
171 238
172 215
172 216
172 246
173 176
173 185
173 211
174 178
174 191
174 237
174 241
174 245
175 188
175 210
176 205
176 227
176 242
177 200
177 234
177 238
179 194
179 199
180 189
180 200
180 224
180 238
181 221
181 225
181 234
181 236
181 249
182 211
183 198
183 203
184 209
184 242
185 199
185 215
185 217
185 239
186 201
187 219
188 189
188 213
188 226
189 190
189 229
189 238
190 200
191 204
191 247
192 217
192 224
193 228
194 200
194 205
195 212
195 242
196 208
196 223
197 203
197 204
198 207
198 220
198 221
198 234
199 212
199 229
199 233
199 238
199 239
199 249
201 212
203 240
204 220
204 227
204 229
205 228
206 243
206 246
208 211
208 224
209 210
209 214
211 218
211 224
211 243
212 245
217 223
217 231
217 240
217 244
217 245
218 221
219 230
220 222
220 229
221 232
221 235
221 237
221 240
222 229
222 239
222 243
223 248
224 227
224 245
225 231
225 245
225 246
226 232
227 238
227 240
227 246
228 233
229 231
230 237
230 246
230 248
231 249
232 235
233 237
233 239
234 248
235 236
238 239
240 242

1 0 1 1 1 0 0 1 0 0 1 0 0 0 0 0 0 1 1 1 0 0 1 1 0 0 1 1 1 1 1 1 1 0 0 0 0 1 0 1 0 1 0 1 0 0 0 1 1 1 0 1 1 0 0 0 1 0 1 0 0 0 1 0 1 1 1 0 1 0 1 0 1 1 0 1 0 0 0 0 0 1 1 1 1 0 1 1 0 1 0 0 1 1 0 1 0 1 1 1 1 1 1 1 0 1 0 0 1 0 1 0 0 1 1 1 0 1 1 1 1 1 0 0 0 1 0 0 0 0 0 1 0 0 0 0 1 0 0 0 1 0 1 0 0 1 1 1 1 0 0 0 0 0 0 1 0 1 0 0 1 0 0 1 0 1 1 1 1 0 1 0 1 1 1 1 1 0 1 1 0 0 1 0 1 1 0 0 0 1 0 1 0 0 1 0 1 0 0 1 1 1 1 0 1 0 1 1 1 0 1 1 1 1 1 0 0 1 0 0 1 1 1 1 0 1 0 0 0 0 0 1 0 0 1 0 1 0 1 0 0 1 0 0 1 1 0 1 0 0