150 1132
0 1 2 3 4 5 6 7 8 9 10 11 12 13 14 15 16 17 18 19 20 21 22 23 24 25 26 27 28 29 30 31 32 33 34 35 36 37 38 39 40 41 42 43 44 45 46 47 48 49 50 51 52 53 54 55 56 57 58 59 60 61 62 63 64 65 66 67 68 69 70 71 72 73 74 75 76 77 78 79 80 81 82 83 84 85 86 87 88 89 90 91 92 93 94 95 96 97 98 99 100 101 102 103 104 105 106 107 108 109 110 111 112 113 114 115 116 117 118 119 120 121 122 123 124 125 126 127 128 129 130 131 132 133 134 135 136 137 138 139 140 141 142 143 144 145 146 147 148 149
0 3
0 4
0 13
0 17
0 35
0 40
0 55
0 58
0 65
0 79
0 80
0 86
0 96
0 101
0 114
0 125
0 131
0 133
0 140
1 2
1 8
1 35
1 39
1 53
1 69
1 72
1 77
1 79
1 108
1 118
1 122
1 126
1 133
2 6
2 11
2 51
2 52
2 66
2 69
2 76
2 91
2 95
2 100
2 111
2 113
2 121
2 125
2 140
3 12
3 18
3 29
3 68
3 75
3 82
3 85
3 87
3 95
3 96
3 100
3 116
3 117
3 120
4 15
4 24
4 28
4 37
4 56
4 76
4 79
4 102
4 108
4 113
4 131
4 135
4 143
4 146
4 147
5 13
5 28
5 38
5 42
5 51
5 66
5 79
5 118
5 128
5 142
6 14
6 81
6 90
6 101
6 103
6 111
6 119
6 120
6 125
6 126
6 127
6 145
6 146
7 17
7 51
7 59
7 62
7 75
7 77
7 84
7 94
7 98
7 103
7 105
7 125
7 136
7 140
8 18
8 22
8 24
8 36
8 41
8 58
8 73
8 79
8 89
8 95
8 106
8 114
8 120
8 122
8 146
9 21
9 35
9 52
9 56
9 59
9 66
9 76
9 120
9 121
9 129
9 133
9 136
9 142
9 146
10 24
10 31
10 52
10 58
10 60
10 115
11 13
11 23
11 37
11 39
11 41
11 61
11 67
11 73
11 78
11 122
11 125
11 128
11 134
12 14
12 49
12 50
12 54
12 57
12 67
12 69
12 71
12 72
12 76
12 84
12 89
12 90
12 114
12 120
12 136
12 144
12 147
13 25
13 35
13 43
13 52
13 59
13 62
13 82
13 93
13 105
13 119
13 124
13 127
13 137
14 48
14 56
14 71
14 79
14 81
14 92
14 93
14 101
14 116
14 141
15 16
15 22
15 38
15 43
15 45
15 91
15 100
15 111
15 128
15 135
15 136
15 142
15 145
15 146
15 149
16 32
16 44
16 54
16 60
16 74
16 77
16 78
16 79
16 84
16 94
16 111
16 114
16 118
16 122
16 128
17 46
17 48
17 49
17 58
17 63
17 88
17 89
17 91
17 92
17 95
17 102
17 110
17 116
18 44
18 65
18 76
18 83
18 86
18 90
18 91
18 92
18 99
18 114
18 122
18 145
19 21
19 22
19 31
19 45
19 54
19 68
19 71
19 72
19 86
19 92
19 99
19 103
19 110
19 113
19 130
19 131
19 134
19 138
20 22
20 41
20 45
20 81
20 83
20 96
20 100
20 108
20 112
20 113
20 114
20 124
20 128
20 146
20 148
21 38
21 49
21 50
21 76
21 90
21 99
22 50
22 61
22 62
22 81
22 87
22 89
22 90
22 92
22 105
22 108
22 118
22 119
22 121
22 127
23 28
23 34
23 37
23 38
23 58
23 66
23 70
23 73
23 104
23 115
23 124
23 130
23 131
23 132
24 31
24 34
24 50
24 83
24 84
24 92
24 98
24 111
24 118
24 133
24 143
24 144
25 26
25 35
25 61
25 70
25 82
25 83
25 88
25 90
25 100
25 121
25 130
25 143
25 145
26 47
26 73
26 74
26 82
26 87
26 98
26 109
26 121
26 126
26 145
26 149
27 53
27 60
27 67
27 75
27 79
27 82
27 114
27 119
27 130
27 133
27 138
28 31
28 59
28 67
28 74
28 80
28 95
28 105
28 131
28 133
28 146
29 31
29 37
29 42
29 44
29 51
29 62
29 66
29 67
29 83
29 86
29 103
29 123
29 132
29 143
29 145
30 38
30 41
30 45
30 50
30 64
30 71
30 72
30 77
30 82
30 84
30 92
30 131
30 136
30 146
31 65
31 67
31 68
31 71
31 85
31 89
31 92
31 109
31 112
31 115
31 132
32 52
32 66
32 70
32 83
32 84
32 90
32 113
32 124
32 134
32 136
32 137
32 140
32 144
33 41
33 53
33 56
33 61
33 64
33 70
33 96
33 108
33 122
33 126
33 127
34 37
34 39
34 43
34 44
34 50
34 64
34 65
34 98
34 104
34 126
34 127
34 129
34 131
35 36
35 56
35 57
35 60
35 62
35 73
35 78
35 79
35 81
35 112
35 116
35 122
35 123
35 134
35 135
35 139
35 146
36 46
36 78
36 89
36 95
36 98
36 101
36 110
36 125
36 132
36 142
36 143
37 44
37 72
37 77
37 81
37 100
37 102
37 103
37 115
37 127
37 136
37 138
37 141
37 142
38 62
38 78
38 80
38 83
38 84
38 85
38 119
38 127
38 144
38 149
39 47
39 50
39 53
39 54
39 70
39 81
39 86
40 50
40 51
40 54
40 56
40 57
40 58
40 66
40 68
40 71
40 72
40 88
40 102
40 103
40 111
40 117
40 118
40 119
40 125
40 134
40 141
40 143
40 145
41 54
41 58
41 65
41 69
41 97
41 100
41 105
41 108
41 123
41 134
41 146
41 149
42 50
42 68
42 72
42 73
42 75
42 79
42 80
42 90
42 99
42 113
42 135
42 144
43 56
43 67
43 69
43 87
43 91
43 94
43 111
43 129
43 131
43 138
44 49
44 51
44 54
44 56
44 65
44 67
44 73
44 93
44 96
44 97
44 113
45 46
45 55
45 62
45 64
45 70
45 89
45 92
45 95
45 107
45 124
45 126
45 130
45 138
46 68
46 98
46 112
46 136
46 140
46 146
46 148
47 54
47 62
47 63
47 79
47 97
47 112
47 118
47 120
47 128
47 133
47 139
47 149
48 51
48 69
48 77
48 79
48 82
48 94
48 115
48 121
48 125
48 131
49 63
49 70
49 81
49 95
49 114
49 125
49 126
49 144
50 63
50 66
50 72
50 73
50 78
50 125
50 140
51 54
51 66
51 68
51 74
51 83
51 90
51 101
51 103
51 118
51 124
51 129
51 135
51 136
52 57
52 65
52 93
52 121
52 140
53 63
53 74
53 84
53 115
53 142
53 147
54 57
54 60
54 63
54 80
54 100
54 103
54 111
54 120
54 125
54 131
54 132
54 133
54 138
55 68
55 70
55 71
55 79
55 93
55 101
55 108
55 129
55 149
56 60
56 66
56 78
56 82
56 93
56 107
56 108
56 114
56 117
56 119
56 126
56 146
57 97
57 102
57 109
57 113
57 117
57 120
57 124
57 127
57 129
57 146
57 149
58 64
58 66
58 81
58 90
58 100
58 101
58 102
58 104
58 126
58 134
58 137
58 145
59 88
59 91
59 92
59 95
59 98
59 100
59 115
59 134
59 135
59 138
60 65
60 76
60 84
60 87
60 93
60 97
60 103
60 109
60 117
60 120
60 125
60 126
60 133
60 144
61 65
61 85
61 90
61 100
61 132
61 137
61 139
61 143
61 145
62 63
62 72
62 87
62 98
62 101
62 104
62 107
62 112
62 117
62 120
62 124
62 131
62 140
63 84
63 85
63 89
63 126
63 142
64 68
64 85
64 99
64 102
64 119
64 136
65 94
65 97
65 111
65 120
65 124
65 134
65 141
65 149
66 73
66 82
66 89
66 103
66 112
66 116
66 118
66 132
66 136
66 138
67 71
67 80
67 85
67 92
67 102
67 109
67 115
67 119
67 121
67 127
67 130
67 133
68 76
68 100
68 117
69 94
69 115
69 120
69 130
69 138
70 74
70 78
70 82
70 118
70 133
70 139
70 146
70 149
71 81
71 114
71 120
71 128
71 137
72 74
72 76
72 77
72 81
72 92
72 95
72 116
72 127
72 128
73 77
73 79
73 87
73 94
73 116
73 121
73 136
73 142
73 144
73 145
73 146
74 88
74 97
74 127
74 144
74 145
75 80
75 94
75 112
75 119
75 142
76 99
76 118
76 145
76 149
77 98
77 105
77 124
77 133
78 82
78 86
78 98
78 99
78 114
78 116
78 117
78 120
78 121
78 122
78 128
78 131
78 142
78 143
78 147
79 81
79 86
79 99
79 100
79 104
79 124
79 131
79 133
80 99
80 100
80 109
80 115
80 128
80 129
80 130
80 136
80 141
80 146
81 83
81 124
82 96
82 123
82 124
82 143
83 85
83 101
83 130
83 135
83 137
84 88
84 96
84 100
84 109
84 115
84 121
84 132
84 145
85 88
85 90
85 95
85 114
85 123
85 128
86 87
86 99
86 104
86 106
86 114
86 117
86 130
86 134
86 143
87 88
87 94
87 96
87 98
87 112
87 113
87 133
88 107
88 109
88 110
88 111
88 112
88 123
88 142
89 90
89 93
89 107
89 132
89 136
89 142
89 143
89 146
90 108
90 109
90 139
91 96
91 99
91 112
91 134
92 110
92 119
92 127
92 129
92 137
92 143
92 148
93 108
93 109
93 117
93 126
93 147
94 114
94 120
94 122
94 144
94 147
94 149
95 109
95 123
95 126
95 138
95 139
95 146
96 108
96 111
96 116
96 118
96 120
96 123
96 124
96 135
96 145
97 127
97 129
97 141
98 112
98 123
98 139
99 103
99 108
99 112
99 136
99 137
99 147
100 102
100 115
100 121
100 130
100 131
100 140
101 102
101 110
101 126
101 145
102 114
102 133
102 136
102 143
103 109
103 134
103 136
103 143
103 149
104 109
104 110
104 122
104 128
104 138
104 147
105 114
105 120
105 127
106 107
106 122
106 128
106 132
106 139
106 141
107 147
108 132
109 128
109 140
109 141
110 112
110 113
110 119
110 126
110 134
110 135
110 148
111 112
111 137
112 113
112 131
112 139
112 144
113 116
113 118
113 127
113 129
113 135
113 138
113 145
114 122
114 136
114 144
114 147
115 134
115 148
116 124
116 131
116 142
117 126
117 129
118 147
119 135
119 144
119 149
120 126
120 142
121 123
121 137
122 132
122 141
123 127
123 136
123 138
123 140
123 142
123 148
123 149
124 142
124 143
125 129
125 131
125 137
126 127
126 139
126 147
126 148
127 128
127 135
127 137
127 142
128 130
128 134
128 143
130 131
130 133
130 145
131 146
133 143
134 135
134 142
134 143
135 143
135 148
136 138
139 142
140 144
140 148
140 149
142 146
143 149
144 147
145 147
145 149

0 0 0 1 1 0 1 1 1 0 1 0 0 1 0 0 0 0 1 1 0 1 1 1 1 0 0 0 1 1 1 0 1 0 0 1 1 1 0 1 0 0 0 0 0 0 1 1 0 0 1 1 1 0 0 0 1 1 0 0 1 1 1 1 0 0 1 0 0 0 0 1 0 0 0 0 0 0 0 1 1 1 0 0 1 0 0 0 1 0 0 1 1 0 0 0 1 0 0 1 0 1 1 1 0 0 1 0 1 1 1 0 1 1 1 1 1 1 0 1 0 1 0 1 1 1 1 1 1 0 0 1 0 0 1 1 0 0 0 1 1 0 0 1 1 1 1 0 1 1