100 41
0 1 2 3 4 5 6 7 8 9 10 11 12 13 14 15 16 17 18 19 20 21 22 23 24 25 26 27 28 29 30 31 32 33 34 35 36 37 38 39 40 41 42 43 44 45 46 47 48 49 50 51 52 53 54 55 56 57 58 59 60 61 62 63 64 65 66 67 68 69 70 71 72 73 74 75 76 77 78 79 80 81 82 83 84 85 86 87 88 89 90 91 92 93 94 95 96 97 98 99
0 9
1 5
1 32
1 83
3 30
4 26
6 51
7 89
7 91
9 88
10 89
12 82
16 83
19 37
20 51
22 45
22 95
24 72
24 74
25 60
25 95
26 54
27 81
29 68
30 71
32 85
34 58
40 84
41 64
46 98
51 57
51 90
51 95
52 81
53 77
59 84
60 79
63 78
68 87
71 95
74 84

0 1 1 0 1 1 1 0 0 0 0 1 1 0 1 0 0 0 0 1 0 0 1 0 1 0 1 0 1 1 1 1 1 0 1 1 0 0 1 1 1 1 1 0 1 0 0 0 1 0 0 0 0 1 0 0 1 1 0 1 1 1 0 1 0 0 1 1 1 0 0 0 1 0 0 0 1 1 0 0 0 1 0 1 1 1 1 0 1 0 1 1 1 0 0 0 1 0 1 0