250 322
0 1 2 3 4 5 6 7 8 9 10 11 12 13 14 15 16 17 18 19 20 21 22 23 24 25 26 27 28 29 30 31 32 33 34 35 36 37 38 39 40 41 42 43 44 45 46 47 48 49 50 51 52 53 54 55 56 57 58 59 60 61 62 63 64 65 66 67 68 69 70 71 72 73 74 75 76 77 78 79 80 81 82 83 84 85 86 87 88 89 90 91 92 93 94 95 96 97 98 99 100 101 102 103 104 105 106 107 108 109 110 111 112 113 114 115 116 117 118 119 120 121 122 123 124 125 126 127 128 129 130 131 132 133 134 135 136 137 138 139 140 141 142 143 144 145 146 147 148 149 150 151 152 153 154 155 156 157 158 159 160 161 162 163 164 165 166 167 168 169 170 171 172 173 174 175 176 177 178 179 180 181 182 183 184 185 186 187 188 189 190 191 192 193 194 195 196 197 198 199 200 201 202 203 204 205 206 207 208 209 210 211 212 213 214 215 216 217 218 219 220 221 222 223 224 225 226 227 228 229 230 231 232 233 234 235 236 237 238 239 240 241 242 243 244 245 246 247 248 249
0 48
0 222
1 73
1 136
2 76
2 171
3 43
3 70
3 106
4 184
4 230
5 71
5 87
5 149
6 27
6 32
6 77
6 162
6 191
7 28
7 138
8 97
8 125
8 186
8 189
8 205
9 33
9 96
9 183
9 231
10 60
11 44
11 53
11 244
12 74
12 84
12 106
12 110
12 245
13 20
13 181
13 183
14 41
14 85
14 132
14 191
14 239
15 134
16 118
16 138
16 166
16 216
17 79
17 116
18 178
18 189
19 92
20 119
22 40
22 41
22 133
22 160
23 169
23 216
24 245
25 28
25 101
26 203
26 239
27 140
28 239
29 76
29 117
29 154
29 192
29 246
30 71
30 103
30 131
30 167
30 244
31 43
31 235
34 90
34 135
35 111
36 144
36 196
37 132
37 152
39 44
39 60
39 180
40 219
41 151
41 197
42 77
42 151
42 192
44 124
44 206
44 209
45 48
46 230
47 84
47 168
48 63
48 164
48 172
48 184
48 195
49 192
49 201
49 225
50 56
50 140
50 142
53 138
53 161
54 100
54 178
54 208
55 139
55 202
57 134
57 237
58 80
59 78
60 127
60 229
60 239
65 165
67 171
67 235
68 80
68 97
68 235
68 247
69 212
70 152
70 168
71 186
72 80
72 114
72 171
72 206
72 212
73 92
73 136
73 144
73 202
74 206
74 209
77 111
77 129
78 247
79 88
80 135
81 174
82 124
82 126
82 231
82 241
82 242
83 134
83 138
84 134
84 180
84 239
84 241
85 241
85 247
86 135
87 126
87 188
88 95
89 132
89 193
90 141
90 207
90 224
91 180
91 187
91 189
91 191
92 117
92 140
92 213
94 167
94 224
95 113
96 145
96 162
96 226
97 103
97 199
98 121
99 168
99 235
99 240
100 126
100 227
100 246
101 216
102 188
103 105
103 111
103 127
103 206
104 215
105 120
106 134
106 190
106 217
108 223
109 150
112 158
112 240
113 186
113 206
114 167
114 175
115 189
115 190
115 210
115 248
118 232
120 216
121 187
121 202
121 203
121 208
121 244
122 160
123 219
123 228
124 172
124 204
126 227
127 165
129 153
129 178
130 224
132 226
133 211
134 203
135 196
135 232
136 140
137 220
139 143
139 145
140 202
140 204
140 222
141 189
142 205
142 210
143 162
144 214
145 189
146 161
148 201
148 245
149 241
150 181
150 195
150 211
151 219
152 215
153 177
153 223
153 225
154 165
155 157
156 216
158 219
160 201
162 171
162 178
162 216
163 185
164 201
165 238
166 178
166 231
168 179
170 175
170 244
172 195
173 195
173 220
173 230
174 234
176 206
179 216
181 218
181 232
182 242
184 186
184 224
187 189
187 215
187 220
187 222
193 210
193 239
196 240
201 213
202 205
204 245
204 248
205 231
206 222
210 235
211 235
215 227
215 237
215 243
222 223
224 241
234 241

1 0 0 0 0 0 1 1 0 0 0 0 0 0 1 1 1 0 0 1 1 0 0 0 1 1 1 1 0 0 1 0 1 0 0 0 1 0 0 1 1 0 1 1 1 0 1 0 1 0 1 0 1 1 1 1 0 1 1 1 1 1 1 0 1 1 0 1 1 0 1 0 1 1 0 1 1 0 1 0 0 0 0 1 0 0 1 0 1 0 1 1 0 0 0 0 1 1 0 1 0 1 1 0 0 0 0 1 1 0 1 1 1 0 0 0 0 0 0 1 1 1 1 0 1 0 0 1 1 1 0 0 0 1 1 0 1 0 1 0 1 0 0 1 0 1 1 0 1 0 0 1 1 0 1 0 0 0 0 0 0 0 1 0 0 0 1 1 0 1 0 1 0 1 1 1 0 0 0 1 1 1 1 1 0 0 1 0 1 1 0 1 0 1 0 1 1 0 0 1 0 1 1 0 0 0 0 0 1 0 0 1 0 1 1 1 1 0 1 0 1 0 0 1 0 1 1 1 0 0 1 1 1 0 1 0 0 1 1 1 0 1 1 0 1 1 0 0 1 0