50 121
0 1 2 3 4 5 6 7 8 9 10 11 12 13 14 15 16 17 18 19 20 21 22 23 24 25 26 27 28 29 30 31 32 33 34 35 36 37 38 39 40 41 42 43 44 45 46 47 48 49
0 9
0 33
0 48
1 19
1 39
2 5
2 13
2 17
2 23
2 45
2 47
3 10
3 20
3 36
4 9
4 14
4 16
4 39
4 41
4 49
5 7
5 16
5 22
5 43
6 21
6 28
6 29
6 34
6 35
6 38
6 49
7 14
7 16
7 32
7 33
7 43
7 48
8 10
8 32
8 37
8 43
9 13
9 33
9 34
9 38
9 49
10 32
10 38
10 46
11 30
11 35
11 42
11 48
13 17
13 18
13 19
13 22
13 31
14 31
14 43
16 28
17 23
17 49
18 20
18 27
18 36
18 40
18 46
19 20
19 25
19 43
20 24
20 27
20 28
20 37
20 43
20 45
20 47
21 30
21 49
22 29
22 39
22 47
23 30
23 36
23 48
24 32
24 37
24 39
25 30
25 36
26 32
26 34
26 38
26 43
27 33
28 30
28 31
28 33
28 43
28 45
29 34
30 43
30 46
31 34
31 36
31 41
32 43
34 35
34 39
34 45
34 49
35 45
35 49
36 40
37 40
37 43
39 43
39 47
41 49
43 47

1 1 0 0 1 1 0 0 1 0 1 1 1 0 0 0 0 1 1 0 0 0 1 0 1 0 1 1 1 0 1 1 1 1 0 0 0 0 1 0 0 0 1 1 0 1 0 0 1 1