50 245
0 1 2 3 4 5 6 7 8 9 10 11 12 13 14 15 16 17 18 19 20 21 22 23 24 25 26 27 28 29 30 31 32 33 34 35 36 37 38 39 40 41 42 43 44 45 46 47 48 49
0 6
0 11
0 12
0 13
0 15
0 20
0 21
0 26
0 46
0 47
0 48
1 2
1 6
1 9
1 12
1 13
1 15
1 16
1 32
1 46
1 47
1 49
2 3
2 7
2 11
2 17
2 21
2 23
2 24
2 28
2 30
2 34
2 37
2 42
3 8
3 10
3 16
3 19
3 25
3 28
3 42
3 45
3 47
3 48
4 17
4 18
4 24
4 38
4 39
4 42
4 43
4 46
5 8
5 12
5 16
5 18
5 30
5 31
5 38
6 14
6 18
6 19
6 22
6 24
6 25
6 45
6 46
7 17
7 19
7 21
7 26
7 40
7 46
8 9
8 17
8 24
8 34
8 39
9 15
9 18
9 31
9 36
9 42
9 48
10 19
10 21
10 25
10 31
10 33
10 41
10 44
10 47
11 17
11 37
11 41
11 43
11 47
11 49
12 13
12 18
12 22
12 26
12 35
12 39
13 20
13 22
13 25
13 26
13 27
13 28
13 29
13 35
13 38
13 39
13 42
14 20
14 24
14 28
14 32
14 43
15 17
15 20
15 22
15 35
15 37
15 42
15 43
15 46
16 17
16 21
16 41
16 46
16 47
16 48
17 25
17 33
17 36
17 38
17 40
17 45
18 19
18 25
18 30
18 41
18 43
18 46
18 47
19 31
19 34
19 38
19 39
19 41
19 47
20 22
20 28
20 32
20 36
20 41
21 24
21 25
21 26
21 29
21 38
21 43
21 44
22 29
22 30
22 34
22 35
22 36
22 39
22 42
22 44
23 25
23 26
23 29
23 30
23 31
23 35
23 38
23 39
24 44
24 45
24 46
25 33
25 38
25 42
26 36
26 45
26 47
27 29
27 33
27 34
27 35
27 36
28 33
28 36
28 45
29 34
29 39
29 42
29 45
29 48
29 49
30 44
30 45
30 48
31 44
32 33
32 35
32 36
32 37
32 41
32 43
32 45
32 47
33 44
33 47
34 37
34 38
34 39
34 42
34 44
34 46
35 39
35 40
35 41
35 45
35 47
36 39
36 41
36 45
37 41
37 45
37 46
38 41
38 47
39 42
40 45
40 48
42 43
42 44
42 49
43 49
47 48

1 0 0 1 0 0 0 1 0 0 0 0 1 1 1 0 0 0 1 0 0 0 0 1 1 1 1 1 1 0 0 0 1 0 0 1 1 1 0 0 1 1 1 1 1 1 0 1 0 1