50 119
0 1 2 3 4 5 6 7 8 9 10 11 12 13 14 15 16 17 18 19 20 21 22 23 24 25 26 27 28 29 30 31 32 33 34 35 36 37 38 39 40 41 42 43 44 45 46 47 48 49
0 12
0 29
0 34
1 28
1 38
1 49
2 5
2 6
2 15
2 24
2 44
3 42
3 43
3 48
3 49
4 15
4 18
4 19
4 20
4 26
4 29
4 31
4 36
5 16
5 42
7 27
7 28
7 38
7 41
7 43
8 14
8 19
8 25
8 35
8 40
8 44
9 20
9 26
9 36
10 24
10 25
10 27
10 47
11 13
11 20
11 22
11 28
11 33
11 41
11 46
12 13
12 41
13 23
13 25
13 28
13 38
13 39
13 43
14 15
14 32
15 23
15 30
15 35
16 19
16 20
16 33
16 49
17 41
17 43
17 46
18 26
18 37
19 22
19 26
19 44
20 34
20 45
21 22
22 33
22 41
22 46
23 40
24 37
25 32
25 37
25 40
26 28
26 43
27 32
27 37
27 49
28 32
28 33
28 48
28 49
29 30
29 46
30 32
30 38
31 34
31 42
31 46
31 49
32 35
32 49
33 35
33 42
34 41
35 41
35 49
36 42
37 48
37 49
38 40
38 41
40 47
42 47
44 48
45 49

1 1 0 1 0 0 1 1 1 1 1 0 0 0 1 0 1 0 0 1 1 0 0 0 0 0 1 0 1 1 0 0 0 0 1 1 1 0 1 0 0 1 0 1 1 0 1 1 0 1