200 3978
0 1 2 3 4 5 6 7 8 9 10 11 12 13 14 15 16 17 18 19 20 21 22 23 24 25 26 27 28 29 30 31 32 33 34 35 36 37 38 39 40 41 42 43 44 45 46 47 48 49 50 51 52 53 54 55 56 57 58 59 60 61 62 63 64 65 66 67 68 69 70 71 72 73 74 75 76 77 78 79 80 81 82 83 84 85 86 87 88 89 90 91 92 93 94 95 96 97 98 99 100 101 102 103 104 105 106 107 108 109 110 111 112 113 114 115 116 117 118 119 120 121 122 123 124 125 126 127 128 129 130 131 132 133 134 135 136 137 138 139 140 141 142 143 144 145 146 147 148 149 150 151 152 153 154 155 156 157 158 159 160 161 162 163 164 165 166 167 168 169 170 171 172 173 174 175 176 177 178 179 180 181 182 183 184 185 186 187 188 189 190 191 192 193 194 195 196 197 198 199
0 2
0 6
0 24
0 26
0 31
0 33
0 37
0 38
0 45
0 47
0 49
0 52
0 59
0 67
0 69
0 71
0 73
0 75
0 78
0 81
0 84
0 88
0 91
0 93
0 94
0 95
0 102
0 103
0 106
0 111
0 122
0 123
0 127
0 135
0 136
0 138
0 144
0 145
0 146
0 150
0 161
0 166
0 167
0 170
0 171
0 175
0 176
0 191
0 193
0 199
1 8
1 16
1 20
1 32
1 38
1 43
1 44
1 45
1 48
1 50
1 54
1 60
1 66
1 74
1 91
1 92
1 101
1 105
1 106
1 107
1 108
1 112
1 113
1 114
1 118
1 119
1 123
1 135
1 141
1 142
1 145
1 147
1 150
1 159
1 161
1 162
1 169
1 171
1 173
1 176
1 187
1 194
1 196
1 197
2 4
2 5
2 11
2 15
2 19
2 20
2 21
2 22
2 28
2 29
2 53
2 58
2 59
2 68
2 71
2 87
2 97
2 110
2 112
2 113
2 117
2 118
2 119
2 129
2 132
2 142
2 144
2 146
2 152
2 153
2 167
2 171
2 176
2 177
2 179
2 182
2 190
2 195
3 10
3 11
3 19
3 24
3 27
3 29
3 50
3 51
3 64
3 66
3 67
3 68
3 72
3 73
3 81
3 88
3 95
3 100
3 115
3 116
3 119
3 120
3 123
3 125
3 128
3 143
3 150
3 153
3 154
3 157
3 160
3 163
3 164
3 165
3 166
3 174
3 181
3 187
3 194
3 197
4 6
4 9
4 20
4 21
4 28
4 30
4 31
4 38
4 39
4 41
4 54
4 55
4 60
4 64
4 65
4 74
4 81
4 83
4 91
4 94
4 109
4 110
4 117
4 121
4 126
4 129
4 133
4 136
4 138
4 139
4 141
4 146
4 147
4 149
4 176
4 178
4 181
4 183
5 22
5 29
5 33
5 36
5 37
5 46
5 51
5 59
5 60
5 62
5 64
5 67
5 68
5 70
5 75
5 76
5 88
5 89
5 102
5 106
5 107
5 113
5 116
5 131
5 135
5 139
5 148
5 149
5 150
5 158
5 159
5 161
5 162
5 165
5 172
5 181
5 183
5 188
5 190
5 196
5 198
6 13
6 14
6 26
6 28
6 30
6 33
6 39
6 42
6 43
6 51
6 65
6 81
6 88
6 100
6 102
6 103
6 105
6 111
6 118
6 120
6 128
6 130
6 134
6 142
6 144
6 147
6 157
6 159
6 161
6 164
6 184
6 185
6 190
6 192
6 193
6 195
7 10
7 21
7 25
7 30
7 32
7 33
7 34
7 38
7 41
7 52
7 53
7 57
7 58
7 61
7 75
7 77
7 81
7 84
7 91
7 98
7 107
7 110
7 118
7 122
7 124
7 126
7 128
7 133
7 143
7 148
7 151
7 162
7 164
7 173
7 185
7 186
7 190
7 192
7 195
7 197
8 9
8 10
8 11
8 14
8 17
8 27
8 33
8 40
8 49
8 53
8 61
8 71
8 79
8 80
8 83
8 88
8 89
8 90
8 93
8 105
8 123
8 124
8 130
8 132
8 136
8 141
8 146
8 154
8 155
8 156
8 162
8 163
8 167
8 170
8 175
8 186
8 191
8 196
8 198
9 11
9 24
9 30
9 31
9 33
9 36
9 45
9 51
9 62
9 68
9 82
9 94
9 96
9 98
9 99
9 105
9 109
9 113
9 114
9 115
9 119
9 124
9 128
9 130
9 131
9 132
9 136
9 143
9 146
9 152
9 153
9 154
9 163
9 165
9 168
9 174
9 175
9 180
9 184
9 185
9 192
9 195
10 27
10 30
10 36
10 50
10 54
10 56
10 64
10 67
10 75
10 76
10 78
10 79
10 80
10 82
10 93
10 96
10 108
10 112
10 122
10 124
10 126
10 130
10 137
10 141
10 143
10 144
10 149
10 150
10 155
10 159
10 161
10 164
10 170
10 171
10 172
10 178
10 186
10 188
10 196
11 13
11 16
11 26
11 29
11 35
11 41
11 50
11 55
11 57
11 59
11 64
11 73
11 74
11 76
11 83
11 89
11 90
11 102
11 106
11 117
11 118
11 119
11 120
11 124
11 126
11 129
11 131
11 134
11 137
11 139
11 142
11 144
11 145
11 161
11 166
11 176
11 180
11 181
11 183
11 187
11 188
11 189
11 191
11 198
12 18
12 21
12 28
12 40
12 41
12 44
12 45
12 55
12 94
12 97
12 99
12 103
12 107
12 110
12 114
12 118
12 122
12 123
12 124
12 132
12 133
12 141
12 142
12 146
12 153
12 158
12 162
12 165
12 167
12 170
12 171
12 178
12 184
12 186
12 191
12 195
13 14
13 26
13 31
13 36
13 38
13 39
13 42
13 43
13 44
13 45
13 47
13 49
13 60
13 65
13 72
13 78
13 81
13 83
13 86
13 87
13 90
13 91
13 93
13 97
13 105
13 109
13 119
13 127
13 134
13 138
13 147
13 148
13 153
13 162
13 164
13 169
13 194
14 18
14 23
14 26
14 36
14 40
14 45
14 48
14 51
14 59
14 68
14 74
14 75
14 81
14 84
14 87
14 89
14 98
14 112
14 127
14 130
14 134
14 135
14 137
14 138
14 139
14 141
14 142
14 143
14 150
14 156
14 158
14 164
14 166
14 171
14 177
14 183
14 184
14 185
14 186
14 187
14 189
15 24
15 31
15 33
15 44
15 46
15 49
15 50
15 53
15 56
15 58
15 60
15 65
15 70
15 94
15 100
15 104
15 107
15 110
15 127
15 134
15 139
15 140
15 144
15 150
15 156
15 159
15 162
15 170
15 171
15 176
15 177
15 180
16 24
16 31
16 34
16 37
16 50
16 51
16 62
16 65
16 77
16 81
16 82
16 83
16 88
16 92
16 98
16 102
16 104
16 118
16 128
16 132
16 134
16 144
16 153
16 158
16 162
16 171
16 197
16 199
17 18
17 22
17 23
17 28
17 29
17 32
17 37
17 38
17 41
17 50
17 58
17 59
17 60
17 62
17 88
17 92
17 93
17 101
17 104
17 108
17 109
17 110
17 112
17 113
17 114
17 117
17 119
17 122
17 128
17 130
17 135
17 139
17 141
17 156
17 157
17 160
17 166
17 184
17 188
17 192
17 195
17 197
18 23
18 32
18 36
18 37
18 38
18 40
18 46
18 55
18 61
18 65
18 66
18 68
18 73
18 74
18 75
18 79
18 80
18 86
18 97
18 101
18 102
18 104
18 119
18 123
18 124
18 128
18 131
18 140
18 141
18 144
18 152
18 154
18 156
18 159
18 160
18 165
18 169
18 174
18 180
18 183
18 184
18 185
18 187
18 189
18 191
18 193
18 198
19 32
19 40
19 41
19 42
19 45
19 46
19 48
19 55
19 57
19 59
19 70
19 75
19 77
19 83
19 88
19 91
19 93
19 96
19 100
19 109
19 113
19 114
19 116
19 127
19 129
19 130
19 135
19 143
19 150
19 157
19 166
19 173
19 174
19 175
19 180
19 187
19 191
19 195
19 197
20 24
20 28
20 38
20 42
20 56
20 64
20 68
20 70
20 78
20 83
20 86
20 88
20 95
20 111
20 114
20 115
20 117
20 127
20 129
20 132
20 135
20 136
20 149
20 150
20 153
20 156
20 161
20 178
20 187
20 195
20 196
21 22
21 27
21 31
21 37
21 38
21 50
21 51
21 53
21 55
21 62
21 78
21 82
21 102
21 103
21 105
21 115
21 116
21 118
21 134
21 144
21 150
21 158
21 161
21 167
21 171
21 174
21 177
21 182
21 183
21 187
21 188
21 190
22 27
22 29
22 30
22 32
22 35
22 40
22 55
22 58
22 67
22 75
22 84
22 86
22 90
22 96
22 98
22 106
22 111
22 122
22 134
22 136
22 141
22 152
22 153
22 164
22 165
22 170
22 171
22 172
22 177
22 181
22 185
22 192
23 24
23 27
23 30
23 38
23 39
23 42
23 44
23 48
23 52
23 63
23 64
23 68
23 75
23 76
23 80
23 86
23 88
23 90
23 92
23 94
23 95
23 101
23 106
23 110
23 116
23 117
23 123
23 125
23 131
23 133
23 136
23 141
23 152
23 157
23 165
23 166
23 170
23 172
23 174
23 178
23 179
23 187
23 190
23 191
23 197
24 27
24 31
24 48
24 53
24 67
24 71
24 73
24 79
24 80
24 81
24 83
24 84
24 87
24 107
24 108
24 115
24 120
24 124
24 131
24 135
24 136
24 137
24 140
24 144
24 145
24 152
24 165
24 176
24 187
24 188
24 195
25 26
25 32
25 34
25 37
25 40
25 50
25 52
25 53
25 58
25 73
25 80
25 83
25 90
25 93
25 102
25 107
25 114
25 133
25 136
25 139
25 149
25 152
25 156
25 157
25 172
25 175
25 179
25 187
26 30
26 40
26 43
26 50
26 69
26 74
26 79
26 81
26 85
26 87
26 99
26 102
26 108
26 109
26 111
26 127
26 130
26 132
26 133
26 135
26 138
26 144
26 150
26 152
26 158
26 159
26 170
26 174
26 175
26 184
26 195
27 39
27 43
27 45
27 47
27 49
27 52
27 59
27 72
27 81
27 88
27 101
27 106
27 118
27 125
27 126
27 128
27 142
27 147
27 158
27 160
27 164
27 170
27 176
27 185
27 187
27 192
27 194
27 195
27 197
28 34
28 35
28 39
28 40
28 43
28 72
28 76
28 78
28 85
28 87
28 91
28 94
28 95
28 97
28 101
28 103
28 104
28 108
28 111
28 114
28 116
28 117
28 118
28 119
28 122
28 123
28 145
28 146
28 150
28 152
28 158
28 163
28 166
28 168
28 181
28 188
28 190
28 194
29 30
29 35
29 45
29 50
29 52
29 68
29 77
29 81
29 84
29 87
29 96
29 103
29 104
29 105
29 108
29 113
29 120
29 122
29 125
29 129
29 133
29 138
29 140
29 143
29 151
29 154
29 166
29 173
29 176
29 180
29 184
29 188
29 189
29 190
29 194
29 195
30 41
30 48
30 52
30 57
30 63
30 68
30 72
30 73
30 75
30 86
30 91
30 98
30 100
30 105
30 110
30 113
30 117
30 121
30 123
30 127
30 135
30 140
30 145
30 148
30 151
30 153
30 154
30 158
30 160
30 176
30 186
30 192
30 196
30 198
31 35
31 46
31 48
31 55
31 56
31 65
31 72
31 87
31 103
31 106
31 110
31 112
31 121
31 122
31 125
31 127
31 141
31 142
31 148
31 153
31 167
31 168
31 169
31 173
31 180
31 181
31 194
31 196
32 35
32 41
32 42
32 46
32 50
32 51
32 55
32 65
32 68
32 70
32 71
32 72
32 82
32 87
32 93
32 94
32 95
32 96
32 97
32 104
32 110
32 113
32 115
32 116
32 117
32 124
32 131
32 135
32 137
32 138
32 142
32 143
32 151
32 170
32 178
32 181
32 188
33 35
33 44
33 47
33 54
33 59
33 61
33 68
33 69
33 73
33 77
33 80
33 83
33 90
33 102
33 104
33 107
33 108
33 114
33 115
33 118
33 119
33 120
33 121
33 125
33 126
33 130
33 136
33 138
33 140
33 142
33 143
33 144
33 151
33 152
33 161
33 170
33 178
33 184
33 186
33 198
34 36
34 37
34 39
34 41
34 44
34 45
34 49
34 50
34 87
34 88
34 90
34 92
34 93
34 94
34 95
34 98
34 101
34 102
34 106
34 117
34 121
34 126
34 130
34 132
34 137
34 141
34 147
34 153
34 158
34 159
34 160
34 166
34 171
34 172
34 180
34 188
34 198
35 36
35 56
35 58
35 60
35 61
35 73
35 82
35 93
35 95
35 99
35 102
35 103
35 104
35 105
35 114
35 124
35 128
35 131
35 134
35 140
35 153
35 157
35 158
35 160
35 161
35 165
35 171
35 175
35 176
35 178
35 186
35 188
35 190
35 196
35 197
36 39
36 43
36 45
36 52
36 62
36 66
36 67
36 77
36 85
36 93
36 105
36 109
36 112
36 113
36 115
36 120
36 122
36 123
36 126
36 128
36 129
36 130
36 133
36 140
36 150
36 155
36 165
36 173
36 175
36 184
36 185
36 186
36 189
36 190
36 193
36 196
36 199
37 50
37 52
37 66
37 80
37 83
37 95
37 98
37 101
37 105
37 113
37 118
37 123
37 128
37 131
37 138
37 144
37 147
37 155
37 157
37 158
37 163
37 181
37 191
37 193
37 194
37 195
38 42
38 44
38 45
38 49
38 50
38 53
38 64
38 69
38 79
38 80
38 81
38 83
38 84
38 85
38 90
38 92
38 95
38 96
38 98
38 99
38 102
38 107
38 115
38 122
38 127
38 129
38 138
38 142
38 146
38 152
38 154
38 155
38 165
38 166
38 174
38 175
38 176
38 178
38 187
38 194
38 199
39 45
39 51
39 67
39 69
39 76
39 77
39 79
39 84
39 85
39 90
39 93
39 94
39 102
39 104
39 108
39 112
39 119
39 120
39 121
39 127
39 128
39 133
39 135
39 146
39 150
39 152
39 162
39 168
39 173
39 175
39 176
39 178
39 179
40 41
40 51
40 52
40 54
40 56
40 57
40 73
40 84
40 94
40 100
40 101
40 106
40 109
40 116
40 118
40 125
40 126
40 138
40 139
40 145
40 147
40 148
40 171
40 174
40 185
40 197
41 43
41 45
41 49
41 53
41 72
41 81
41 87
41 88
41 90
41 94
41 98
41 100
41 108
41 120
41 125
41 126
41 134
41 147
41 148
41 149
41 161
41 163
41 166
41 168
41 172
41 173
41 175
41 176
41 179
41 181
41 194
41 199
42 45
42 52
42 59
42 61
42 72
42 73
42 75
42 89
42 96
42 101
42 104
42 105
42 127
42 130
42 131
42 133
42 134
42 135
42 137
42 146
42 149
42 150
42 152
42 153
42 155
42 166
42 175
42 177
42 179
42 180
42 182
42 189
42 194
42 197
43 44
43 48
43 49
43 53
43 56
43 57
43 59
43 66
43 70
43 74
43 79
43 81
43 84
43 86
43 93
43 96
43 99
43 100
43 102
43 104
43 114
43 119
43 120
43 126
43 127
43 136
43 138
43 144
43 148
43 162
43 172
43 182
43 185
43 187
43 196
44 47
44 48
44 50
44 74
44 78
44 79
44 92
44 94
44 98
44 101
44 102
44 109
44 111
44 134
44 138
44 142
44 143
44 145
44 152
44 156
44 160
44 163
44 181
44 187
44 193
44 194
45 57
45 58
45 72
45 95
45 118
45 119
45 123
45 124
45 128
45 134
45 135
45 142
45 155
45 157
45 175
45 184
45 187
45 188
45 190
45 197
45 199
46 50
46 55
46 59
46 68
46 70
46 80
46 86
46 87
46 90
46 94
46 96
46 97
46 98
46 99
46 101
46 107
46 113
46 115
46 119
46 120
46 121
46 131
46 136
46 139
46 149
46 153
46 154
46 171
46 177
46 187
46 191
46 192
46 193
46 196
47 55
47 59
47 65
47 67
47 69
47 70
47 74
47 81
47 82
47 93
47 100
47 113
47 120
47 133
47 136
47 138
47 142
47 146
47 154
47 155
47 160
47 162
47 169
47 172
47 177
47 181
47 183
47 185
47 189
47 196
48 49
48 55
48 56
48 62
48 64
48 66
48 77
48 81
48 86
48 87
48 90
48 97
48 100
48 114
48 120
48 138
48 143
48 145
48 148
48 150
48 156
48 185
48 192
48 194
48 197
48 199
49 55
49 57
49 63
49 66
49 72
49 77
49 81
49 91
49 92
49 97
49 105
49 108
49 112
49 121
49 122
49 125
49 126
49 139
49 147
49 148
49 149
49 150
49 161
49 162
49 165
49 169
49 175
49 179
49 190
49 194
50 60
50 67
50 68
50 82
50 85
50 86
50 88
50 96
50 101
50 111
50 119
50 123
50 124
50 131
50 141
50 144
50 145
50 147
50 151
50 152
50 154
50 160
50 162
50 173
50 177
50 181
50 184
50 195
51 52
51 55
51 57
51 59
51 66
51 73
51 74
51 80
51 81
51 105
51 136
51 142
51 145
51 147
51 155
51 161
51 163
51 165
51 170
51 178
51 185
51 188
51 194
51 199
52 53
52 54
52 57
52 66
52 67
52 85
52 86
52 87
52 88
52 89
52 92
52 95
52 104
52 109
52 112
52 113
52 119
52 129
52 138
52 141
52 146
52 152
52 160
52 183
52 188
52 192
52 193
53 54
53 70
53 72
53 77
53 83
53 88
53 95
53 102
53 103
53 112
53 113
53 117
53 121
53 122
53 132
53 134
53 135
53 140
53 151
53 160
53 164
53 173
53 174
53 183
53 185
53 195
54 57
54 69
54 74
54 77
54 78
54 79
54 83
54 84
54 85
54 90
54 94
54 97
54 104
54 105
54 106
54 133
54 134
54 138
54 147
54 148
54 157
54 171
54 175
54 176
54 177
54 187
54 188
54 198
54 199
55 57
55 60
55 62
55 64
55 65
55 68
55 72
55 76
55 78
55 82
55 85
55 88
55 94
55 100
55 103
55 104
55 107
55 110
55 119
55 122
55 127
55 128
55 132
55 136
55 145
55 149
55 158
55 159
55 160
55 164
55 182
55 183
55 184
55 192
55 196
56 63
56 65
56 75
56 76
56 77
56 84
56 91
56 98
56 105
56 108
56 116
56 118
56 120
56 139
56 142
56 145
56 147
56 165
56 166
56 169
56 172
56 180
56 181
56 184
56 186
56 189
56 195
56 196
57 59
57 63
57 78
57 79
57 97
57 98
57 99
57 106
57 122
57 129
57 130
57 136
57 139
57 142
57 148
57 149
57 155
57 156
57 158
57 165
57 167
57 168
57 169
57 171
57 179
57 182
57 194
57 197
58 60
58 61
58 63
58 67
58 68
58 69
58 70
58 74
58 75
58 79
58 82
58 91
58 92
58 94
58 105
58 106
58 110
58 112
58 118
58 125
58 128
58 136
58 145
58 149
58 153
58 164
58 166
58 167
58 168
58 171
58 173
58 174
58 182
58 183
58 194
58 196
58 197
59 65
59 71
59 77
59 78
59 82
59 83
59 86
59 96
59 98
59 103
59 108
59 119
59 121
59 124
59 130
59 143
59 150
59 158
59 159
59 161
59 172
59 182
59 187
59 189
60 63
60 73
60 79
60 81
60 84
60 86
60 88
60 92
60 96
60 100
60 101
60 115
60 119
60 130
60 134
60 138
60 141
60 142
60 145
60 152
60 153
60 160
60 161
60 164
60 170
60 171
60 172
60 173
60 185
60 188
60 196
61 68
61 74
61 75
61 79
61 82
61 91
61 95
61 98
61 102
61 103
61 115
61 116
61 124
61 127
61 140
61 141
61 146
61 150
61 155
61 156
61 159
61 160
61 163
61 164
61 167
61 174
61 177
61 178
61 181
61 185
61 186
61 188
61 189
61 191
61 198
62 67
62 68
62 69
62 73
62 81
62 83
62 84
62 102
62 105
62 116
62 118
62 129
62 131
62 145
62 146
62 152
62 153
62 156
62 158
62 159
62 165
62 179
62 187
62 192
62 193
62 196
63 66
63 70
63 81
63 85
63 91
63 93
63 98
63 100
63 109
63 118
63 119
63 123
63 124
63 134
63 136
63 142
63 144
63 154
63 161
63 165
63 167
63 169
63 171
63 188
63 194
64 66
64 73
64 84
64 86
64 89
64 91
64 95
64 100
64 102
64 106
64 107
64 111
64 116
64 124
64 150
64 152
64 155
64 157
64 161
64 178
64 189
64 195
64 196
65 66
65 67
65 74
65 75
65 79
65 87
65 93
65 96
65 99
65 100
65 102
65 115
65 126
65 130
65 131
65 133
65 136
65 148
65 149
65 154
65 159
65 162
65 164
65 165
65 170
65 175
65 181
65 183
65 189
65 195
65 198
66 67
66 68
66 78
66 80
66 81
66 82
66 86
66 93
66 108
66 112
66 114
66 122
66 136
66 139
66 140
66 145
66 147
66 148
66 166
66 170
66 171
66 179
66 181
66 184
66 189
67 82
67 90
67 102
67 103
67 104
67 106
67 107
67 108
67 112
67 120
67 127
67 130
67 144
67 148
67 150
67 154
67 161
67 166
67 186
67 195
67 198
68 72
68 73
68 76
68 81
68 83
68 85
68 93
68 94
68 98
68 101
68 102
68 111
68 121
68 134
68 135
68 140
68 145
68 158
68 174
68 190
68 198
69 70
69 73
69 75
69 79
69 80
69 82
69 95
69 99
69 104
69 108
69 110
69 133
69 138
69 147
69 153
69 159
69 162
69 168
69 176
69 197
69 199
70 74
70 79
70 82
70 87
70 94
70 96
70 98
70 99
70 105
70 112
70 119
70 121
70 129
70 133
70 146
70 165
70 169
70 174
70 177
70 183
70 185
70 190
70 199
71 72
71 93
71 95
71 102
71 103
71 110
71 111
71 113
71 115
71 122
71 124
71 129
71 144
71 153
71 157
71 162
71 170
71 173
71 177
71 179
71 196
71 198
72 76
72 78
72 82
72 83
72 91
72 94
72 97
72 103
72 109
72 113
72 124
72 127
72 128
72 144
72 145
72 146
72 147
72 148
72 150
72 151
72 156
72 166
72 175
72 189
72 192
72 195
73 75
73 79
73 82
73 84
73 85
73 89
73 103
73 104
73 125
73 128
73 140
73 144
73 147
73 152
73 156
73 161
73 163
73 165
73 166
73 174
73 178
73 190
74 75
74 95
74 97
74 98
74 105
74 109
74 114
74 115
74 127
74 129
74 140
74 141
74 146
74 147
74 150
74 151
74 153
74 154
74 172
74 175
74 178
74 179
74 185
74 188
74 192
75 78
75 83
75 84
75 88
75 90
75 92
75 97
75 100
75 107
75 109
75 117
75 119
75 124
75 129
75 133
75 142
75 146
75 147
75 148
75 152
75 153
75 155
75 158
75 159
75 160
75 162
75 163
75 166
75 173
75 184
75 186
75 197
75 199
76 78
76 80
76 87
76 96
76 106
76 123
76 125
76 131
76 135
76 144
76 147
76 151
76 152
76 168
76 169
76 178
76 185
76 193
76 194
77 80
77 100
77 103
77 105
77 106
77 111
77 116
77 125
77 126
77 127
77 129
77 130
77 131
77 135
77 136
77 138
77 141
77 147
77 152
77 154
77 179
77 183
77 184
78 82
78 86
78 91
78 103
78 110
78 114
78 122
78 124
78 130
78 131
78 135
78 140
78 143
78 153
78 155
78 169
78 170
78 171
78 172
78 175
78 176
78 182
78 189
78 198
79 89
79 90
79 94
79 100
79 107
79 113
79 117
79 128
79 130
79 131
79 138
79 144
79 145
79 149
79 170
79 171
79 173
79 181
79 185
79 189
79 191
79 192
80 83
80 84
80 94
80 95
80 109
80 110
80 117
80 125
80 126
80 128
80 131
80 132
80 133
80 134
80 142
80 149
80 155
80 158
80 165
80 167
80 168
80 170
80 175
80 192
80 195
80 196
81 86
81 87
81 94
81 103
81 109
81 115
81 123
81 124
81 126
81 135
81 144
81 145
81 149
81 152
81 156
81 157
81 159
81 173
81 187
81 189
82 85
82 87
82 89
82 90
82 100
82 101
82 103
82 104
82 107
82 118
82 119
82 128
82 150
82 167
82 169
82 177
82 182
82 184
82 186
82 188
82 192
82 199
83 93
83 95
83 98
83 101
83 107
83 109
83 111
83 118
83 120
83 121
83 127
83 133
83 137
83 148
83 152
83 156
83 158
83 165
83 168
83 173
83 182
83 194
83 198
84 85
84 96
84 97
84 102
84 109
84 114
84 124
84 125
84 131
84 148
84 155
84 157
84 159
84 173
84 174
84 177
84 180
84 181
84 184
84 187
84 194
84 196
85 90
85 94
85 105
85 107
85 128
85 134
85 137
85 140
85 142
85 170
85 174
85 184
85 191
85 192
86 89
86 90
86 93
86 96
86 97
86 101
86 103
86 105
86 108
86 110
86 122
86 124
86 130
86 133
86 134
86 142
86 146
86 147
86 150
86 162
86 164
86 166
86 176
86 179
86 181
86 187
86 190
86 191
86 198
87 88
87 91
87 96
87 101
87 102
87 106
87 114
87 115
87 116
87 117
87 134
87 147
87 149
87 153
87 161
87 162
87 166
87 168
87 170
87 184
87 188
88 89
88 102
88 104
88 106
88 107
88 124
88 126
88 129
88 131
88 139
88 140
88 144
88 146
88 147
88 155
88 160
88 163
88 168
88 175
88 179
88 181
88 182
88 189
88 195
89 104
89 106
89 109
89 111
89 118
89 119
89 123
89 125
89 130
89 139
89 142
89 147
89 150
89 153
89 156
89 177
89 179
89 181
89 182
89 186
89 187
89 189
89 197
90 93
90 94
90 95
90 99
90 100
90 103
90 120
90 126
90 134
90 142
90 143
90 144
90 146
90 157
90 161
90 163
90 166
90 167
90 168
90 169
90 181
90 183
90 184
90 193
91 98
91 106
91 107
91 113
91 119
91 120
91 124
91 132
91 139
91 143
91 160
91 161
91 163
91 164
91 165
91 167
91 172
91 173
91 178
91 185
91 188
91 191
91 193
91 195
91 196
91 199
92 97
92 99
92 106
92 114
92 122
92 126
92 132
92 143
92 152
92 160
92 170
92 175
92 181
92 190
92 197
92 198
93 95
93 104
93 107
93 122
93 125
93 127
93 137
93 151
93 154
93 155
93 158
93 159
93 164
93 167
93 170
93 172
93 174
93 184
93 189
93 192
93 193
94 95
94 98
94 99
94 100
94 116
94 119
94 120
94 123
94 127
94 135
94 136
94 138
94 139
94 152
94 157
94 158
94 159
94 161
94 164
94 168
94 170
94 171
94 177
94 178
94 184
94 189
94 194
94 196
95 103
95 108
95 109
95 116
95 121
95 128
95 129
95 132
95 133
95 142
95 146
95 147
95 152
95 162
95 168
95 169
95 171
95 180
95 184
95 186
95 195
95 198
96 99
96 105
96 108
96 122
96 127
96 128
96 139
96 140
96 143
96 145
96 148
96 149
96 153
96 159
96 186
96 189
96 194
96 198
97 102
97 103
97 108
97 109
97 114
97 117
97 118
97 120
97 122
97 124
97 127
97 137
97 138
97 145
97 146
97 149
97 153
97 156
97 160
97 163
97 168
97 176
97 188
97 191
97 196
97 197
98 101
98 105
98 111
98 114
98 119
98 122
98 126
98 128
98 130
98 139
98 160
98 167
98 171
98 175
98 185
98 192
98 194
99 101
99 110
99 114
99 118
99 132
99 140
99 146
99 151
99 152
99 153
99 180
99 183
99 184
99 194
99 195
99 198
100 106
100 107
100 113
100 114
100 117
100 144
100 146
100 147
100 150
100 151
100 157
100 160
100 162
100 165
100 167
100 184
100 187
100 193
100 195
100 198
100 199
101 108
101 110
101 114
101 115
101 117
101 131
101 133
101 134
101 136
101 137
101 139
101 146
101 157
101 160
101 163
101 166
101 168
101 179
101 185
101 196
102 108
102 113
102 125
102 127
102 138
102 144
102 149
102 157
102 163
102 167
102 171
102 178
102 181
102 183
102 184
102 188
102 190
102 192
102 196
102 197
103 104
103 105
103 109
103 114
103 120
103 123
103 135
103 138
103 141
103 144
103 145
103 153
103 162
103 172
103 174
103 177
103 180
103 183
103 187
103 192
104 116
104 119
104 132
104 141
104 145
104 146
104 154
104 156
104 159
104 164
104 173
104 174
104 178
104 183
104 198
104 199
105 106
105 108
105 124
105 125
105 127
105 132
105 137
105 149
105 152
105 156
105 162
105 168
105 179
105 185
105 188
105 190
105 191
105 195
105 198
106 110
106 115
106 119
106 123
106 124
106 131
106 132
106 134
106 135
106 138
106 148
106 154
106 157
106 177
106 182
106 183
106 184
106 187
106 190
106 194
107 115
107 121
107 130
107 135
107 148
107 154
107 160
107 162
107 164
107 172
107 173
107 182
107 190
107 195
108 109
108 111
108 112
108 115
108 118
108 125
108 127
108 128
108 129
108 141
108 145
108 151
108 152
108 154
108 160
108 163
108 168
108 169
108 173
108 174
108 184
108 187
108 193
108 195
109 116
109 117
109 124
109 135
109 143
109 156
109 164
109 165
109 172
109 174
109 180
109 181
109 183
109 188
109 197
110 112
110 114
110 125
110 134
110 135
110 137
110 143
110 149
110 150
110 156
110 157
110 160
110 167
110 171
110 173
110 178
110 180
110 189
110 197
111 118
111 130
111 132
111 134
111 135
111 139
111 141
111 146
111 154
111 156
111 169
111 171
111 172
111 182
111 184
111 188
111 189
111 191
111 192
111 194
111 197
112 118
112 124
112 126
112 140
112 143
112 156
112 158
112 173
112 183
112 191
112 194
112 197
113 115
113 116
113 117
113 123
113 124
113 134
113 151
113 152
113 159
113 174
113 177
113 187
113 190
113 194
114 124
114 127
114 129
114 130
114 142
114 143
114 146
114 152
114 177
114 180
114 185
114 187
114 188
114 191
114 192
115 117
115 138
115 139
115 141
115 143
115 147
115 150
115 152
115 167
115 170
115 173
115 175
115 185
115 187
115 188
115 195
116 118
116 137
116 139
116 142
116 146
116 156
116 165
116 189
116 192
116 193
116 199
117 126
117 136
117 138
117 141
117 148
117 149
117 153
117 166
117 168
117 169
117 176
117 178
117 181
117 183
117 188
117 189
117 191
117 196
118 122
118 134
118 138
118 143
118 155
118 156
118 162
118 165
118 166
118 169
118 176
118 193
119 125
119 126
119 131
119 132
119 136
119 140
119 146
119 148
119 151
119 152
119 157
119 161
119 165
119 167
119 169
119 173
119 180
119 198
120 121
120 126
120 130
120 151
120 153
120 155
120 157
120 160
120 173
120 181
120 182
120 186
120 187
120 188
120 191
120 198
120 199
121 127
121 128
121 132
121 139
121 140
121 145
121 146
121 148
121 152
121 158
121 159
121 163
121 166
121 168
121 169
121 170
121 179
121 182
121 186
121 195
121 197
122 123
122 124
122 128
122 133
122 149
122 153
122 156
122 158
122 165
122 167
122 171
122 173
122 179
122 180
122 188
122 198
123 129
123 133
123 135
123 142
123 149
123 164
123 165
123 168
123 170
123 173
123 176
123 187
123 188
123 190
123 192
123 194
124 133
124 135
124 140
124 146
124 163
124 164
124 171
124 174
124 175
124 177
124 187
124 190
125 128
125 132
125 139
125 154
125 155
125 160
125 161
125 163
125 173
125 176
125 181
125 184
125 193
126 140
126 148
126 151
126 155
126 165
126 168
126 169
126 170
126 171
126 178
126 185
126 189
126 194
126 197
127 128
127 137
127 138
127 143
127 157
127 162
127 164
127 165
127 171
127 182
127 192
127 196
127 197
127 199
128 133
128 134
128 136
128 141
128 145
128 153
128 157
128 159
128 161
128 167
128 169
128 173
128 176
128 188
128 190
128 198
129 146
129 149
129 150
129 170
129 173
129 185
129 192
129 193
129 198
130 140
130 142
130 149
130 161
130 164
130 166
130 169
130 170
130 178
130 183
130 184
130 186
130 197
131 132
131 133
131 135
131 137
131 142
131 149
131 150
131 155
131 161
131 162
131 164
131 166
131 167
131 175
131 180
131 187
131 190
131 192
131 194
132 135
132 141
132 142
132 146
132 151
132 154
132 155
132 158
132 160
132 165
132 170
132 174
132 178
132 180
132 181
132 192
132 196
132 197
132 198
133 139
133 142
133 149
133 151
133 157
133 158
133 159
133 160
133 162
133 170
133 174
133 176
133 188
133 197
134 136
134 137
134 138
134 145
134 147
134 148
134 155
134 158
134 159
134 161
134 169
134 170
134 177
134 185
134 189
135 138
135 147
135 148
135 154
135 156
135 170
135 171
135 172
135 187
135 192
135 194
135 196
136 138
136 140
136 144
136 145
136 148
136 156
136 162
136 167
136 171
136 177
136 186
136 195
137 143
137 144
137 148
137 166
137 168
137 169
137 190
137 198
138 142
138 153
138 160
138 163
138 164
138 165
138 168
138 172
138 174
138 178
138 180
138 183
138 185
138 188
138 189
138 193
138 195
138 196
138 197
139 143
139 148
139 149
139 150
139 157
139 161
139 168
139 177
139 185
139 193
139 198
140 147
140 156
140 158
140 164
140 166
140 168
140 170
140 171
140 172
140 178
140 183
140 188
140 189
140 190
140 193
141 147
141 157
141 164
141 176
141 193
141 197
142 145
142 147
142 163
142 168
142 169
142 174
142 176
142 177
142 179
142 182
142 185
142 186
142 189
143 158
143 160
143 177
143 179
143 182
143 183
143 196
144 148
144 156
144 163
144 164
144 167
144 185
144 186
144 190
144 194
144 199
145 156
145 158
145 167
145 172
145 176
145 182
145 185
145 187
145 190
145 193
146 147
146 152
146 168
146 171
146 174
146 186
147 152
147 156
147 159
147 163
147 164
147 165
147 170
147 173
147 199
148 152
148 157
148 162
148 165
148 172
148 174
148 177
148 187
148 191
148 198
148 199
149 152
149 157
149 159
149 161
149 166
149 173
149 174
149 178
149 180
149 182
149 188
149 190
149 193
149 197
150 157
150 161
150 166
150 167
150 169
150 173
150 183
150 185
150 188
151 153
151 164
151 166
151 168
151 174
151 175
151 177
151 180
151 193
152 162
152 166
152 169
152 175
152 178
152 180
152 188
152 189
152 190
152 191
152 193
152 194
152 199
153 154
153 155
153 158
153 161
153 162
153 163
153 166
154 156
154 162
154 168
154 172
154 174
154 176
154 181
154 186
154 189
154 192
155 157
155 169
155 174
155 181
155 188
155 189
155 190
155 195
156 159
156 167
156 168
156 169
156 174
156 176
156 178
156 193
157 174
157 177
157 179
157 181
157 184
157 185
157 198
158 168
158 171
158 177
158 186
158 188
158 193
158 198
159 161
159 173
159 174
159 175
159 179
159 180
159 189
159 190
159 192
159 193
159 199
160 166
160 169
160 172
160 176
160 177
160 187
160 188
160 190
160 192
160 194
161 162
161 164
161 168
161 169
161 173
161 178
161 184
161 187
161 193
162 164
162 170
162 171
162 173
162 176
162 185
162 194
162 196
162 197
162 198
163 164
163 167
163 170
163 179
163 181
163 186
163 187
163 189
163 191
164 169
164 174
164 175
164 176
164 185
164 188
164 197
165 169
165 172
165 173
165 178
165 182
165 184
165 191
165 193
166 170
166 187
166 188
166 193
166 194
166 198
167 169
167 174
167 185
167 190
168 171
168 177
168 184
168 195
168 197
169 173
169 174
169 178
169 179
169 182
169 191
169 192
169 193
170 174
170 177
170 184
170 186
170 187
170 188
171 172
171 174
171 176
171 188
171 189
171 196
172 174
172 176
172 182
172 183
172 193
172 196
173 175
173 185
173 195
174 186
174 188
174 195
174 197
175 176
175 178
175 184
175 193
175 194
175 198
176 179
176 181
176 183
176 193
176 195
176 196
177 178
177 182
177 183
177 188
177 197
178 179
178 183
178 184
178 194
179 184
179 185
179 186
179 188
179 189
179 190
179 192
180 186
180 188
180 192
180 194
180 196
181 182
181 186
181 195
181 198
182 193
182 194
182 198
183 185
183 186
183 196
184 185
184 194
185 189
185 190
185 195
185 196
185 197
185 198
186 199
188 191
188 192
189 192
189 193
189 199
190 196
192 199
193 199
194 198
195 197

0 0 0 1 1 0 0 0 1 1 1 1 1 0 0 1 0 0 0 1 0 1 0 1 1 1 0 0 0 0 1 1 1 1 0 1 1 0 1 1 1 0 1 0 1 0 1 1 0 1 1 0 1 0 0 0 1 1 0 0 1 0 1 0 1 0 1 0 0 1 1 0 1 0 1 0 0 0 0 0 1 1 0 1 0 0 0 0 1 1 0 1 0 0 1 1 0 1 0 1 0 1 1 0 0 0 0 1 1 1 1 1 1 1 1 0 0 1 0 0 0 1 1 1 1 0 0 0 1 0 0 0 0 1 1 0 1 0 1 0 0 0 0 0 0 1 1 0 0 1 0 1 0 0 0 0 0 0 1 0 1 1 1 0 0 1 1 0 1 1 1 0 0 0 0 1 0 0 1 0 0 1 1 0 1 1 1 1 1 1 1 1 1 1 0 1 1 0 1 1