250 1504
0 1 2 3 4 5 6 7 8 9 10 11 12 13 14 15 16 17 18 19 20 21 22 23 24 25 26 27 28 29 30 31 32 33 34 35 36 37 38 39 40 41 42 43 44 45 46 47 48 49 50 51 52 53 54 55 56 57 58 59 60 61 62 63 64 65 66 67 68 69 70 71 72 73 74 75 76 77 78 79 80 81 82 83 84 85 86 87 88 89 90 91 92 93 94 95 96 97 98 99 100 101 102 103 104 105 106 107 108 109 110 111 112 113 114 115 116 117 118 119 120 121 122 123 124 125 126 127 128 129 130 131 132 133 134 135 136 137 138 139 140 141 142 143 144 145 146 147 148 149 150 151 152 153 154 155 156 157 158 159 160 161 162 163 164 165 166 167 168 169 170 171 172 173 174 175 176 177 178 179 180 181 182 183 184 185 186 187 188 189 190 191 192 193 194 195 196 197 198 199 200 201 202 203 204 205 206 207 208 209 210 211 212 213 214 215 216 217 218 219 220 221 222 223 224 225 226 227 228 229 230 231 232 233 234 235 236 237 238 239 240 241 242 243 244 245 246 247 248 249
0 17
0 36
0 63
0 65
0 85
0 106
0 113
0 148
0 169
0 176
0 213
0 220
0 226
0 229
0 236
0 237
1 6
1 96
1 117
1 121
1 137
1 152
1 155
1 181
1 183
1 238
2 14
2 38
2 39
2 44
2 46
2 57
2 69
2 81
2 84
2 180
2 195
2 198
2 200
2 226
2 248
3 26
3 48
3 68
3 71
3 84
3 119
3 134
3 142
3 148
3 152
3 184
3 218
3 224
3 238
4 44
4 52
4 58
4 64
4 105
4 141
4 199
4 246
4 249
5 17
5 48
5 49
5 54
5 62
5 81
5 87
5 196
5 226
5 240
6 29
6 75
6 96
6 99
6 102
6 103
6 118
6 127
6 151
6 192
6 230
7 25
7 34
7 36
7 44
7 46
7 51
7 64
7 130
7 134
7 148
7 168
7 212
7 219
7 221
8 58
8 88
8 102
8 105
8 140
8 176
8 229
9 15
9 21
9 41
9 47
9 49
9 58
9 65
9 69
9 89
9 119
9 143
9 165
9 191
9 209
9 211
9 230
9 241
10 33
10 68
10 70
10 92
10 117
10 121
10 134
10 157
10 186
10 202
11 27
11 41
11 114
11 119
11 121
11 129
11 156
12 15
12 20
12 30
12 51
12 92
12 93
12 122
12 137
12 144
12 155
12 166
12 195
12 215
12 233
13 30
13 52
13 56
13 76
13 86
13 112
13 121
13 133
13 134
13 147
13 197
13 245
13 249
14 25
14 30
14 72
14 80
14 94
14 175
14 178
14 196
14 201
14 217
14 235
15 34
15 41
15 103
15 106
15 117
15 121
15 126
15 131
15 169
15 177
15 183
15 186
15 201
15 235
15 246
16 30
16 37
16 40
16 46
16 76
16 79
16 113
16 115
16 117
16 147
16 150
16 187
16 189
16 195
16 198
16 202
16 210
16 225
16 237
17 39
17 44
17 51
17 60
17 71
17 92
17 100
17 120
17 121
17 122
17 169
17 172
17 174
17 198
17 229
17 236
18 46
18 109
18 119
18 121
18 154
18 207
18 231
19 25
19 46
19 111
19 159
19 188
19 219
19 243
20 21
20 28
20 57
20 65
20 76
20 80
20 100
20 141
20 172
20 178
20 236
21 31
21 86
21 116
21 159
21 215
21 218
22 93
22 132
22 148
22 162
23 157
23 205
23 226
23 232
24 32
24 89
24 107
24 155
24 168
24 180
24 193
24 210
25 39
25 43
25 65
25 72
25 116
25 117
25 139
25 146
25 232
25 245
26 27
26 35
26 36
26 85
26 92
26 127
26 128
26 132
26 152
26 167
26 172
26 203
26 214
27 55
27 83
27 101
27 130
27 162
27 184
27 207
27 228
28 86
28 88
28 91
28 96
28 101
28 145
28 179
28 189
28 191
28 207
28 231
29 46
29 57
29 77
29 85
29 90
29 96
29 110
29 112
29 122
29 132
29 223
29 227
29 228
29 245
30 45
30 56
30 61
30 62
30 65
30 73
30 83
30 108
30 125
30 135
30 137
30 138
30 152
30 165
30 217
31 58
31 68
31 82
31 123
31 125
31 132
31 138
31 202
32 46
32 82
32 124
32 141
32 145
32 146
32 156
32 169
32 209
32 232
32 245
33 37
33 39
33 46
33 49
33 70
33 158
33 164
33 165
33 198
33 214
33 228
34 66
34 75
34 81
34 91
34 95
34 153
34 172
34 203
34 225
34 227
34 243
34 247
35 47
35 104
35 158
35 174
35 177
35 181
35 182
35 194
35 217
36 61
36 66
36 71
36 84
36 111
36 125
36 187
36 213
36 247
37 47
37 51
37 53
37 59
37 61
37 119
37 139
37 194
37 215
37 218
37 239
38 44
38 48
38 83
38 116
38 143
38 157
38 192
38 198
38 213
38 214
38 229
39 59
39 61
39 78
39 101
39 102
39 113
39 119
39 142
39 191
39 197
39 204
40 54
40 60
40 61
40 62
40 107
40 168
41 44
41 111
41 114
41 150
41 189
41 210
41 223
41 240
42 46
42 57
42 84
42 168
42 207
42 236
42 241
42 242
42 249
43 89
43 96
43 109
43 129
43 138
43 140
43 149
43 155
43 175
43 183
44 75
44 93
44 101
44 108
44 135
44 136
44 178
44 184
44 210
44 225
44 231
44 232
44 240
45 96
45 133
45 143
45 150
45 165
45 170
45 179
45 185
45 213
46 56
46 59
46 96
46 107
46 125
46 130
46 131
46 133
46 135
46 142
46 148
46 161
46 213
46 217
46 224
46 228
46 231
46 245
47 81
47 82
47 85
47 87
47 120
47 133
47 134
47 147
47 168
47 171
47 178
47 181
47 191
47 193
47 202
47 206
47 213
48 129
48 146
48 159
48 185
48 195
48 207
48 241
48 247
49 56
49 64
49 74
49 82
49 105
49 146
49 160
49 231
50 68
50 96
50 99
50 118
50 119
50 147
50 177
50 197
50 226
50 236
50 244
51 56
51 96
51 112
51 159
51 188
51 203
51 212
52 61
52 73
52 83
52 97
52 100
52 122
52 124
52 134
52 140
52 145
52 178
52 182
53 74
53 117
53 239
54 67
54 92
54 100
54 170
54 179
55 56
55 78
55 101
55 138
55 153
55 161
55 172
55 191
55 202
55 216
55 217
56 59
56 81
56 108
56 117
56 118
56 124
56 152
56 158
56 162
56 211
56 221
56 225
56 247
57 93
57 98
57 101
57 102
57 113
57 121
57 123
57 136
57 193
57 203
57 231
58 75
58 100
58 120
58 124
58 136
58 157
58 198
58 199
58 200
58 210
58 215
58 222
58 241
58 248
59 64
59 83
59 136
59 138
59 143
59 153
59 176
59 199
59 205
59 242
59 246
60 72
60 88
60 93
60 131
60 213
60 238
61 106
61 162
61 215
62 89
62 140
62 159
62 216
62 217
62 227
62 239
63 65
63 91
63 97
63 100
63 102
63 129
63 142
63 160
63 161
63 179
63 182
63 192
63 208
63 212
63 219
63 221
63 227
63 232
64 71
64 86
64 87
64 97
64 205
64 219
64 220
64 224
65 128
65 154
65 215
65 227
65 230
66 106
66 179
66 182
66 223
66 226
67 130
68 74
68 140
68 161
68 187
68 220
68 224
69 100
69 106
69 120
69 139
69 172
69 204
69 215
69 218
69 224
69 243
69 244
70 101
70 143
70 164
70 209
70 230
71 122
71 130
71 141
71 162
71 174
71 178
71 202
71 214
71 223
71 228
72 92
72 95
72 116
72 156
72 163
72 164
72 224
73 75
73 92
73 163
73 184
73 188
73 235
74 85
74 107
74 118
74 126
74 145
74 167
74 223
74 246
75 91
75 140
75 163
75 178
75 186
75 188
75 206
75 216
76 86
76 95
76 184
76 186
76 213
76 232
77 94
77 99
77 100
77 140
77 142
77 150
77 172
77 192
77 234
78 214
78 222
78 248
79 97
79 110
79 139
79 145
79 194
79 195
80 89
80 164
80 176
80 192
80 201
81 122
81 173
81 205
81 209
81 213
81 224
81 246
82 97
82 129
82 141
82 185
82 194
83 90
83 92
83 106
83 107
83 112
83 127
83 131
83 140
83 145
83 151
83 152
83 166
83 169
83 202
83 218
83 229
83 247
84 88
84 127
84 134
84 136
84 147
84 150
84 179
84 180
84 183
84 204
84 213
84 229
84 241
85 99
85 100
85 101
85 181
85 197
85 211
85 218
86 93
86 119
86 163
86 166
86 168
86 177
86 181
86 219
86 233
87 107
87 142
87 158
87 162
87 169
87 171
87 187
87 205
87 212
87 215
87 229
88 91
88 93
88 107
88 189
88 231
88 233
89 115
89 116
89 129
89 144
89 146
89 171
89 190
89 217
89 235
90 93
90 136
90 143
90 174
90 199
90 205
90 219
90 240
90 249
91 107
91 121
91 157
91 185
91 188
91 194
91 227
91 229
92 94
92 116
92 124
92 134
92 177
92 183
92 189
92 197
92 230
92 243
93 104
93 132
93 137
93 143
93 157
93 172
93 189
93 214
93 215
93 221
93 235
93 244
94 129
94 132
94 154
94 161
94 203
94 213
94 219
94 230
94 237
94 243
95 102
95 137
95 145
95 148
95 168
95 169
95 200
95 229
96 124
96 156
96 158
96 160
96 161
96 177
96 220
97 112
97 113
97 137
97 149
97 186
97 214
97 224
98 119
98 138
98 166
98 190
98 194
98 214
98 231
98 234
98 245
99 104
99 109
99 122
99 182
99 195
99 198
99 221
99 248
100 126
100 195
101 136
101 172
101 185
101 191
101 210
101 217
102 113
102 169
102 201
103 106
103 120
103 123
103 125
103 148
103 186
103 193
103 194
103 204
103 224
103 237
104 112
104 113
104 127
104 132
104 144
104 177
104 184
104 194
104 249
105 162
105 171
105 172
105 181
105 238
105 241
106 119
106 124
106 138
106 147
106 165
106 182
106 183
106 192
106 200
107 129
107 167
107 213
107 214
108 132
108 134
108 140
108 142
108 157
108 179
108 193
108 230
108 231
108 232
108 237
108 242
109 149
109 181
109 208
109 229
110 135
110 140
110 149
110 154
110 163
110 164
110 184
110 202
110 204
110 218
110 230
111 124
111 136
111 148
111 157
111 163
111 187
111 210
111 215
111 227
112 113
112 122
112 132
112 141
112 149
112 150
112 202
112 205
112 207
112 213
112 226
113 124
113 149
113 155
114 128
114 171
114 224
114 235
114 243
115 121
115 201
115 223
116 165
116 169
116 170
116 175
116 190
116 192
116 205
116 221
116 227
116 228
117 129
117 175
117 179
117 186
117 189
118 129
118 135
118 215
119 152
119 159
119 160
119 173
119 205
119 227
120 157
120 167
120 176
120 211
120 230
121 124
121 132
121 181
121 188
121 197
121 224
122 128
122 147
122 184
122 189
122 233
122 236
122 244
123 156
123 197
123 208
123 214
123 222
123 226
124 133
124 160
124 170
124 173
124 174
124 183
124 204
124 220
125 169
125 178
125 195
125 202
125 220
125 246
125 248
126 142
126 153
126 181
126 187
126 190
126 204
126 211
126 232
126 233
126 245
127 150
127 160
127 169
127 186
127 192
127 209
127 240
128 144
128 176
128 216
129 132
129 139
129 186
129 188
129 191
129 220
129 221
129 224
129 241
129 246
130 204
130 209
130 210
130 215
131 136
131 206
131 235
131 238
132 161
132 191
132 199
132 233
132 241
132 243
133 155
133 162
133 170
133 183
133 197
133 209
133 216
133 237
134 157
134 166
134 179
134 230
135 160
135 170
135 177
135 210
135 213
136 139
136 157
136 179
136 189
137 172
137 205
137 220
137 242
138 151
138 158
139 157
139 166
139 180
139 181
139 205
139 232
140 159
140 177
140 196
140 205
140 229
140 246
141 149
141 154
141 161
141 207
141 209
141 215
141 229
141 231
142 158
142 189
142 202
142 204
142 210
142 211
143 147
143 174
143 204
143 208
143 213
143 247
144 150
144 208
144 225
145 198
145 235
146 163
146 188
147 168
147 221
147 249
148 158
148 168
148 170
148 204
148 224
148 225
148 228
148 240
149 176
149 213
149 224
150 163
150 168
150 193
150 247
151 182
151 198
151 200
151 205
152 156
152 167
152 180
152 193
152 210
153 154
153 188
153 220
154 169
154 231
154 241
155 163
155 184
155 192
155 196
155 198
155 199
155 211
155 221
155 226
155 242
156 163
156 165
156 210
156 224
156 227
156 233
157 174
157 178
157 210
157 247
158 162
158 195
158 196
158 234
159 186
159 187
159 195
159 226
159 230
159 234
160 168
160 177
160 211
160 234
160 246
162 176
162 185
162 192
162 197
162 209
163 194
163 219
163 220
163 235
163 240
164 173
164 176
164 180
164 228
164 241
165 171
165 208
165 213
166 173
166 207
167 174
167 181
167 184
167 199
167 200
167 228
167 232
168 182
168 187
168 191
168 241
169 224
169 226
169 247
169 249
170 188
170 219
170 221
170 241
171 177
171 185
171 224
171 229
172 183
172 199
172 215
172 225
172 234
172 235
172 242
173 179
173 180
173 196
173 215
173 219
174 180
174 201
174 203
174 222
175 232
175 238
176 206
176 218
176 225
177 180
177 193
177 196
177 223
177 240
178 185
178 191
178 192
179 180
179 183
179 190
179 209
179 229
180 185
180 191
180 210
180 213
180 239
180 241
181 182
181 225
181 229
181 241
182 195
182 235
183 218
184 198
184 231
184 240
185 186
185 193
185 195
186 226
186 229
186 233
187 191
187 207
187 209
187 213
188 199
188 249
189 199
189 208
189 209
190 209
190 218
190 222
190 225
190 234
190 248
191 198
191 210
192 200
192 223
192 225
192 235
192 249
193 208
193 231
193 245
194 227
194 239
195 196
195 225
196 199
196 215
197 234
198 211
198 227
198 228
199 212
199 231
200 223
200 247
200 248
201 207
201 212
201 237
201 239
201 242
202 212
202 219
202 223
203 215
203 234
204 213
206 222
206 231
206 238
206 239
207 225
207 233
207 246
209 235
209 238
210 213
211 215
211 216
212 213
213 225
213 230
213 231
213 249
214 223
214 225
214 238
215 233
216 223
218 237
219 226
219 247
220 243
221 224
223 232
223 242
225 229
226 243
226 244
226 248
227 228
228 231
228 245
228 246
229 242
230 244
230 246
230 248
232 241
234 244
235 241
235 248
236 239
243 247

1 0 1 1 0 1 0 1 1 1 0 1 0 1 1 1 1 1 1 0 0 1 0 1 1 0 1 0 1 0 1 1 0 1 1 1 1 1 1 0 1 1 0 1 0 1 1 0 1 1 0 0 1 1 1 1 0 1 1 1 1 0 0 1 1 0 1 1 1 1 1 1 0 0 1 0 0 0 0 0 0 1 0 1 0 0 0 0 0 0 1 1 1 0 1 1 0 0 1 0 1 0 1 0 0 0 0 1 0 1 1 0 0 0 1 1 1 0 1 0 1 0 1 0 0 0 1 0 0 1 1 1 1 0 0 0 1 0 0 1 0 1 1 0 1 0 0 1 0 0 1 1 1 1 1 1 0 0 1 1 0 0 0 0 0 1 0 0 0 1 1 1 1 0 0 1 0 0 1 1 0 1 0 1 0 0 0 1 0 1 1 0 0 1 0 0 0 1 1 0 1 1 0 1 0 0 0 0 0 0 0 0 1 1 0 0 1 1 1 1 0 0 0 1 1 0 0 0 0 1 0 1 0 1 0 0 1 0 1 0 1 1 1 0 0 0 0 0 0 1