200 198
0 1 2 3 4 5 6 7 8 9 10 11 12 13 14 15 16 17 18 19 20 21 22 23 24 25 26 27 28 29 30 31 32 33 34 35 36 37 38 39 40 41 42 43 44 45 46 47 48 49 50 51 52 53 54 55 56 57 58 59 60 61 62 63 64 65 66 67 68 69 70 71 72 73 74 75 76 77 78 79 80 81 82 83 84 85 86 87 88 89 90 91 92 93 94 95 96 97 98 99 100 101 102 103 104 105 106 107 108 109 110 111 112 113 114 115 116 117 118 119 120 121 122 123 124 125 126 127 128 129 130 131 132 133 134 135 136 137 138 139 140 141 142 143 144 145 146 147 148 149 150 151 152 153 154 155 156 157 158 159 160 161 162 163 164 165 166 167 168 169 170 171 172 173 174 175 176 177 178 179 180 181 182 183 184 185 186 187 188 189 190 191 192 193 194 195 196 197 198 199
0 2
0 16
0 71
0 171
1 34
2 56
2 171
3 96
3 128
5 166
5 171
6 43
7 67
7 103
7 112
9 10
9 12
10 70
10 138
10 152
11 60
12 114
15 170
15 179
16 82
16 117
17 46
20 96
20 101
20 107
20 173
20 191
21 34
21 53
22 63
22 83
24 57
24 116
24 119
24 125
25 96
25 144
25 182
25 190
26 91
26 183
27 114
27 198
28 30
28 113
28 129
29 155
29 161
30 158
30 187
32 96
32 126
32 143
33 114
33 126
33 164
34 63
34 87
35 184
37 169
38 68
38 174
38 197
40 54
40 150
41 154
42 56
43 111
43 141
43 188
45 152
47 61
47 62
47 141
48 134
49 87
49 153
50 54
50 90
50 111
51 101
52 96
53 94
53 115
54 115
54 123
55 105
56 122
58 181
58 193
59 142
60 85
60 95
60 132
60 198
61 192
64 119
65 111
66 76
66 103
66 186
66 198
67 137
67 191
68 165
69 160
69 193
72 143
73 147
73 182
75 96
75 135
76 145
76 173
77 152
79 101
80 96
82 98
83 87
84 155
85 143
85 192
86 124
87 111
87 199
90 155
91 103
91 118
92 115
92 184
93 152
93 196
93 198
94 146
94 176
96 105
98 125
100 120
100 170
102 151
103 105
103 182
103 192
104 171
105 168
106 158
108 185
109 141
109 171
109 179
110 184
112 124
113 155
114 168
114 169
117 142
119 123
120 136
121 185
123 199
124 127
124 142
124 147
124 179
127 146
128 151
129 199
130 168
132 139
133 172
135 188
143 191
144 153
144 171
149 182
152 165
153 176
154 159
156 195
157 190
158 172
158 185
159 178
165 179
165 187
165 192
168 181
173 177
177 182
178 184
187 198
188 198
192 196

1 0 1 1 0 1 0 1 1 1 1 0 0 1 1 0 0 1 1 0 0 1 1 0 0 1 1 1 1 0 1 1 1 1 0 0 0 0 1 0 1 1 1 0 1 0 1 0 0 0 0 1 1 0 0 1 1 0 1 1 1 1 1 0 1 1 1 0 0 0 1 1 1 1 0 1 0 0 0 0 1 0 0 0 0 0 1 1 1 1 1 0 1 0 1 0 1 1 0 0 1 1 1 1 0 1 0 0 0 1 1 0 0 0 0 1 1 0 0 1 1 0 0 1 0 1 0 0 1 1 1 1 0 1 0 0 0 0 1 0 1 0 0 1 1 1 0 0 0 0 0 1 0 1 1 0 0 1 0 0 0 0 0 0 0 0 1 1 1 1 0 1 0 0 1 0 1 0 1 0 0 1 0 0 0 1 1 0 0 0 1 0 0 1 1 1 0 1 1 1