100 995
0 1 2 3 4 5 6 7 8 9 10 11 12 13 14 15 16 17 18 19 20 21 22 23 24 25 26 27 28 29 30 31 32 33 34 35 36 37 38 39 40 41 42 43 44 45 46 47 48 49 50 51 52 53 54 55 56 57 58 59 60 61 62 63 64 65 66 67 68 69 70 71 72 73 74 75 76 77 78 79 80 81 82 83 84 85 86 87 88 89 90 91 92 93 94 95 96 97 98 99
0 2
0 4
0 6
0 11
0 14
0 16
0 24
0 31
0 37
0 52
0 54
0 58
0 61
0 62
0 63
0 71
0 72
0 86
0 93
0 94
0 98
1 3
1 4
1 6
1 7
1 9
1 17
1 21
1 22
1 25
1 28
1 31
1 35
1 36
1 39
1 47
1 56
1 67
1 72
1 75
1 81
1 84
1 87
1 94
2 7
2 12
2 17
2 18
2 24
2 27
2 29
2 35
2 37
2 72
2 73
2 83
2 84
2 89
2 97
3 9
3 14
3 16
3 21
3 32
3 33
3 38
3 43
3 70
3 73
3 78
3 81
3 98
3 99
4 5
4 9
4 12
4 14
4 19
4 21
4 33
4 35
4 44
4 51
4 63
4 65
4 66
4 67
4 80
4 86
4 87
4 91
4 95
4 96
4 97
4 99
5 8
5 10
5 16
5 18
5 21
5 33
5 40
5 46
5 47
5 50
5 54
5 55
5 61
5 66
5 71
5 73
5 74
5 87
5 98
5 99
6 7
6 11
6 12
6 14
6 18
6 20
6 27
6 28
6 35
6 45
6 50
6 52
6 59
6 64
6 75
6 86
6 87
6 95
6 98
7 17
7 22
7 23
7 28
7 30
7 31
7 35
7 40
7 42
7 48
7 49
7 58
7 67
7 72
7 82
7 86
7 88
7 90
7 94
8 13
8 16
8 21
8 24
8 30
8 33
8 36
8 39
8 47
8 52
8 53
8 54
8 57
8 63
8 71
8 77
8 80
8 91
8 92
8 95
8 96
8 98
9 14
9 21
9 24
9 29
9 33
9 34
9 35
9 42
9 43
9 50
9 54
9 56
9 62
9 63
9 67
9 68
9 70
9 75
9 77
9 79
9 91
9 93
9 94
9 98
10 20
10 21
10 30
10 34
10 36
10 38
10 39
10 46
10 48
10 68
10 70
10 73
10 76
10 77
10 78
10 80
10 87
10 99
11 14
11 30
11 35
11 40
11 63
11 67
11 69
11 82
11 88
11 94
11 98
12 13
12 21
12 30
12 34
12 38
12 51
12 64
12 66
12 71
12 85
12 97
13 16
13 22
13 23
13 26
13 39
13 43
13 45
13 52
13 55
13 67
13 70
13 71
13 74
13 77
13 86
13 87
13 95
13 97
14 16
14 18
14 20
14 23
14 28
14 30
14 34
14 35
14 42
14 44
14 46
14 48
14 49
14 56
14 57
14 67
14 69
14 77
14 80
14 90
14 92
14 94
14 95
14 97
15 28
15 29
15 56
15 58
15 62
15 68
15 75
15 83
15 86
15 88
15 93
15 95
15 96
15 99
16 20
16 22
16 25
16 27
16 28
16 29
16 36
16 51
16 69
16 71
16 72
16 75
16 78
16 88
16 94
16 95
17 23
17 24
17 26
17 30
17 39
17 40
17 44
17 46
17 47
17 50
17 53
17 57
17 63
17 67
17 68
17 70
17 73
17 77
17 78
17 80
17 88
17 96
18 19
18 21
18 25
18 27
18 32
18 34
18 36
18 43
18 44
18 47
18 52
18 56
18 57
18 65
18 67
18 73
18 76
18 82
18 84
18 94
18 97
18 98
18 99
19 24
19 26
19 31
19 36
19 46
19 49
19 50
19 60
19 66
19 69
19 70
19 77
19 80
19 86
19 89
20 21
20 22
20 31
20 32
20 43
20 52
20 56
20 58
20 59
20 63
20 68
20 72
20 74
20 79
20 91
20 98
21 25
21 28
21 40
21 52
21 55
21 59
21 62
21 63
21 64
21 67
21 69
21 72
21 74
21 75
21 78
21 89
21 97
21 99
22 28
22 29
22 40
22 47
22 49
22 57
22 59
22 64
22 65
22 66
22 67
22 69
22 82
22 98
22 99
23 28
23 43
23 44
23 59
23 76
23 77
23 78
23 99
24 25
24 30
24 38
24 41
24 44
24 55
24 68
24 73
24 78
24 83
24 94
24 96
25 33
25 35
25 38
25 43
25 45
25 46
25 48
25 54
25 59
25 67
25 68
25 72
25 74
25 84
25 85
25 86
25 87
25 91
25 97
26 40
26 47
26 49
26 54
26 56
26 61
26 66
26 70
26 75
26 76
26 78
26 97
26 99
27 33
27 49
27 54
27 62
27 67
27 68
27 76
27 78
27 84
27 88
27 93
27 98
28 34
28 43
28 47
28 48
28 49
28 58
28 61
28 71
28 79
28 82
28 83
28 84
28 89
28 90
28 99
29 31
29 37
29 42
29 52
29 55
29 61
29 63
29 71
29 77
29 83
29 85
29 94
30 32
30 35
30 39
30 42
30 47
30 49
30 51
30 54
30 57
30 60
30 67
30 69
30 79
30 81
30 84
30 94
31 33
31 36
31 43
31 44
31 45
31 47
31 52
31 59
31 62
31 63
31 65
31 71
31 76
31 84
31 86
31 97
32 36
32 37
32 38
32 39
32 48
32 51
32 55
32 57
32 62
32 69
32 73
32 77
32 80
32 83
33 34
33 38
33 42
33 47
33 50
33 51
33 54
33 58
33 61
33 62
33 71
33 75
33 88
33 90
33 91
34 40
34 45
34 46
34 47
34 51
34 53
34 54
34 68
34 69
34 71
34 75
34 79
34 82
34 93
34 99
35 36
35 37
35 38
35 39
35 42
35 43
35 46
35 52
35 56
35 66
35 69
35 70
35 71
35 82
35 83
35 89
35 93
35 96
36 39
36 51
36 55
36 56
36 57
36 62
36 63
36 70
36 80
36 87
36 88
36 96
37 43
37 53
37 59
37 69
37 85
37 87
37 88
37 93
37 96
38 40
38 46
38 47
38 54
38 55
38 56
38 60
38 61
38 62
38 63
38 65
38 72
38 83
39 41
39 44
39 50
39 53
39 54
39 64
39 70
39 80
39 85
39 87
39 92
39 94
39 98
40 42
40 64
40 67
40 71
40 81
40 90
40 94
40 99
41 44
41 49
41 52
41 53
41 56
41 68
41 69
41 70
41 72
41 76
41 77
41 81
42 43
42 45
42 54
42 55
42 57
42 61
42 66
42 84
42 91
42 92
42 98
43 48
43 50
43 51
43 61
43 66
43 71
43 96
44 57
44 67
44 71
44 78
44 85
44 86
44 88
44 96
45 50
45 52
45 60
45 62
45 66
45 79
45 82
45 83
45 97
45 98
46 47
46 56
46 64
46 65
46 82
46 91
47 51
47 56
47 59
47 66
47 69
47 71
47 75
47 84
47 86
47 87
47 93
47 99
48 64
48 65
48 69
48 72
48 77
48 86
48 87
48 90
48 95
48 97
49 58
49 68
49 72
49 73
49 79
49 83
49 88
49 89
49 94
49 98
50 55
50 56
50 58
50 59
50 62
50 66
50 67
50 70
50 84
50 86
50 95
50 96
51 55
51 58
51 60
51 66
51 72
51 73
51 76
51 78
51 79
51 93
52 64
52 75
52 79
52 83
52 86
52 88
53 56
53 60
53 68
53 73
53 74
53 86
53 87
53 88
53 90
53 99
54 57
54 61
54 67
54 68
54 71
54 73
54 83
54 84
54 87
54 89
54 93
54 98
55 60
55 62
55 65
55 69
55 71
55 73
55 83
55 96
55 97
55 98
56 59
56 62
56 67
56 69
56 79
56 92
56 93
56 96
57 65
57 80
57 85
57 87
57 92
57 93
57 99
58 59
58 63
58 71
58 72
58 78
58 79
58 80
58 83
58 89
59 63
59 68
59 77
59 95
60 62
60 72
60 80
60 81
60 87
60 90
60 94
60 95
61 67
61 76
61 80
61 82
61 83
61 85
61 87
61 93
61 98
62 73
62 75
62 81
62 82
62 85
62 87
62 88
62 90
62 96
62 97
63 65
63 69
63 73
63 76
63 79
63 81
63 83
63 84
63 85
63 86
63 90
63 92
63 94
63 99
64 69
64 75
64 76
64 78
64 83
64 84
64 86
64 90
64 93
64 95
65 66
65 67
65 71
65 72
65 75
65 77
65 79
65 88
65 89
66 73
66 74
66 85
66 87
66 99
67 68
67 76
67 77
67 85
67 88
67 89
67 92
67 93
67 95
68 74
68 79
68 92
68 93
68 94
69 78
69 85
70 71
70 74
70 77
70 84
70 88
70 94
70 95
71 72
71 81
71 82
72 80
72 83
72 89
72 90
73 80
73 94
74 79
74 85
74 92
75 78
75 81
75 84
75 89
75 92
75 96
76 79
76 87
76 89
76 93
76 95
77 78
77 88
78 84
78 85
78 99
79 89
79 98
80 83
80 86
80 87
80 90
80 91
80 94
80 95
80 96
81 88
81 92
81 93
81 95
82 86
82 91
82 92
82 93
83 90
84 97
85 86
85 89
86 88
86 91
87 90
87 94
88 93
88 94
89 92
89 96
89 99
90 93
90 97
91 95
91 99
92 94
93 95
93 96
93 97
94 96
95 96
95 97
95 98
95 99
97 98

0 1 1 0 1 1 0 1 0 0 0 0 1 0 0 1 0 0 1 1 0 1 0 1 0 0 0 1 1 1 0 1 1 1 0 1 0 0 1 0 1 1 0 0 1 1 0 1 0 0 1 1 0 1 1 0 0 1 0 1 0 0 1 1 1 0 0 1 0 0 0 1 1 1 0 0 1 1 0 1 1 0 1 0 1 1 0 1 0 0 1 0 0 0 0 1 1 1 1 0