50 56
0 1 2 3 4 5 6 7 8 9 10 11 12 13 14 15 16 17 18 19 20 21 22 23 24 25 26 27 28 29 30 31 32 33 34 35 36 37 38 39 40 41 42 43 44 45 46 47 48 49
0 10
0 38
0 40
1 13
1 23
2 7
2 15
2 20
2 26
2 39
4 8
4 34
5 24
5 46
6 10
7 10
7 11
7 30
8 10
8 13
9 44
13 20
13 25
13 32
13 43
14 44
15 40
15 45
16 26
16 35
16 42
16 44
17 49
18 21
18 24
21 32
23 31
23 36
23 38
25 26
25 30
25 38
26 45
29 34
30 32
31 34
31 41
31 43
33 34
33 47
34 38
34 49
39 44
41 42
41 44
41 48

1 1 1 0 0 0 0 0 0 0 1 0 1 1 0 0 1 1 1 1 0 0 0 1 0 1 1 1 1 1 1 1 0 0 0 0 1 1 1 1 1 0 0 0 0 0 0 1 0 1