150 540
0 1 2 3 4 5 6 7 8 9 10 11 12 13 14 15 16 17 18 19 20 21 22 23 24 25 26 27 28 29 30 31 32 33 34 35 36 37 38 39 40 41 42 43 44 45 46 47 48 49 50 51 52 53 54 55 56 57 58 59 60 61 62 63 64 65 66 67 68 69 70 71 72 73 74 75 76 77 78 79 80 81 82 83 84 85 86 87 88 89 90 91 92 93 94 95 96 97 98 99 100 101 102 103 104 105 106 107 108 109 110 111 112 113 114 115 116 117 118 119 120 121 122 123 124 125 126 127 128 129 130 131 132 133 134 135 136 137 138 139 140 141 142 143 144 145 146 147 148 149
1 25
1 64
1 66
1 69
1 114
1 125
2 7
2 13
2 38
2 57
2 82
2 88
2 91
2 101
2 147
3 36
3 38
3 44
3 68
3 73
3 88
3 96
3 125
3 148
4 34
4 40
4 52
4 74
4 95
4 119
4 123
4 132
5 22
5 110
6 18
6 40
6 54
6 55
6 63
6 67
6 117
6 138
7 9
7 14
7 31
7 42
7 56
7 86
7 113
7 140
8 32
8 33
8 34
8 66
8 127
8 148
9 15
9 93
9 117
9 147
10 13
10 22
10 46
10 114
10 131
10 143
11 12
11 13
11 27
11 38
11 41
11 48
11 55
11 79
11 112
11 142
12 17
12 49
12 106
12 108
12 113
12 130
13 23
13 50
13 64
13 91
14 44
14 50
14 57
14 62
14 69
14 70
14 87
14 91
14 95
14 116
14 140
15 26
15 49
15 131
15 136
16 26
16 44
16 45
16 52
16 56
16 69
16 103
16 112
16 144
16 146
16 147
17 27
17 59
17 83
17 97
17 119
17 120
17 145
18 32
18 43
18 51
18 52
18 59
18 70
18 80
18 135
18 146
19 85
19 92
19 96
19 132
20 42
20 67
20 96
20 97
20 122
20 137
20 140
20 148
21 56
21 87
21 132
22 24
22 45
22 64
22 81
22 96
22 102
22 104
22 141
23 27
23 34
23 50
23 94
23 103
23 108
23 133
24 53
24 103
24 122
25 36
25 45
25 94
25 97
25 143
26 50
26 76
26 78
26 83
26 84
26 106
26 109
26 110
26 113
26 130
27 38
27 50
27 88
27 94
27 108
27 117
27 133
28 52
28 54
28 64
28 81
28 94
28 109
28 136
28 148
29 44
29 46
29 57
29 59
29 61
29 83
29 91
29 118
29 121
29 123
29 135
30 50
30 101
30 129
31 35
31 41
31 47
31 55
31 56
31 115
31 145
32 45
32 77
33 45
33 59
33 84
33 91
33 98
33 102
33 112
34 39
34 52
34 56
34 71
34 92
34 118
34 124
34 145
35 64
35 72
35 76
35 102
35 125
35 142
36 47
36 60
36 145
37 53
37 71
38 48
38 55
38 78
39 41
39 45
39 56
39 59
39 105
39 111
39 127
40 46
40 75
40 108
40 119
41 56
41 57
41 65
41 82
41 93
41 110
41 117
41 119
41 142
41 145
42 43
42 57
42 66
42 95
42 104
42 129
42 135
43 61
44 85
44 139
44 143
44 148
45 77
45 88
45 89
45 94
45 100
45 131
45 134
45 135
46 49
46 112
46 117
46 133
47 54
47 73
47 86
47 90
47 97
47 103
47 134
47 143
48 62
49 81
49 90
49 105
49 121
49 142
49 149
50 58
50 67
50 88
50 102
50 105
50 106
50 131
50 132
50 135
50 136
50 139
51 52
51 66
51 82
51 104
51 127
52 57
52 59
52 111
53 69
53 70
53 97
53 136
53 141
54 63
54 80
55 76
55 83
56 66
56 132
57 104
58 72
58 85
58 87
59 105
59 106
59 119
60 80
60 82
60 90
60 106
60 127
60 133
61 77
61 94
61 97
61 98
61 146
62 90
62 91
62 105
62 112
62 116
63 76
63 89
63 116
63 134
64 84
64 86
64 111
64 113
64 121
64 134
65 72
65 73
65 90
65 91
66 78
66 85
66 86
66 102
66 119
66 128
67 72
67 90
67 96
67 121
67 139
68 87
68 121
68 139
68 143
69 73
69 75
69 125
69 129
69 134
69 149
70 101
72 76
72 97
72 102
72 103
73 99
73 100
73 118
73 122
74 103
74 115
74 137
74 149
75 76
75 86
75 92
75 118
76 79
76 121
76 124
76 131
76 133
76 138
77 87
77 105
77 131
78 87
78 90
78 101
78 104
78 125
79 119
80 109
80 113
80 120
81 93
81 131
81 148
82 101
82 120
83 94
83 120
83 129
83 135
83 144
83 147
84 127
84 140
85 88
85 92
85 118
85 149
86 87
86 96
86 101
87 103
87 125
87 146
88 100
88 104
88 111
88 143
88 149
89 144
90 105
90 109
90 121
90 133
90 142
92 95
92 99
92 147
94 98
94 104
94 126
94 136
94 142
95 127
96 121
97 122
97 132
97 136
98 100
98 102
98 120
99 125
99 142
100 111
100 124
100 129
100 134
100 145
101 121
102 104
102 129
102 130
103 113
103 123
103 124
103 130
103 143
104 112
104 117
104 122
104 149
106 114
107 142
107 145
107 149
108 135
108 145
109 115
109 126
110 144
110 148
111 131
113 120
114 116
114 117
114 137
114 144
115 124
115 135
115 138
115 143
115 149
116 123
116 127
116 132
117 120
117 130
119 146
119 149
120 127
121 131
122 148
123 146
124 144
125 139
125 142
127 143
130 137
131 147
132 148
133 134
134 146
137 142
143 149
146 149

0 0 1 0 1 0 0 0 1 1 0 1 0 1 0 1 0 0 0 0 0 0 1 1 0 0 1 0 0 0 1 1 0 1 0 0 1 1 0 1 0 0 1 1 0 0 1 1 0 1 0 1 0 0 0 0 0 1 1 0 1 0 1 1 1 1 1 1 1 1 1 0 0 1 1 1 1 1 1 1 0 0 1 1 0 0 0 1 1 0 1 1 0 1 1 1 0 1 1 0 0 1 1 0 0 1 0 0 0 1 1 1 1 0 0 0 0 1 1 0 0 1 0 0 0 0 0 0 0 1 1 0 1 0 1 1 1 1 0 1 0 0 1 0 1 0 1 1 0 1