100 513
0 1 2 3 4 5 6 7 8 9 10 11 12 13 14 15 16 17 18 19 20 21 22 23 24 25 26 27 28 29 30 31 32 33 34 35 36 37 38 39 40 41 42 43 44 45 46 47 48 49 50 51 52 53 54 55 56 57 58 59 60 61 62 63 64 65 66 67 68 69 70 71 72 73 74 75 76 77 78 79 80 81 82 83 84 85 86 87 88 89 90 91 92 93 94 95 96 97 98 99
0 6
0 18
0 22
0 23
0 34
0 36
0 50
0 67
0 80
0 86
0 91
0 99
1 11
1 18
1 21
1 23
1 27
1 33
1 52
1 59
1 62
1 65
1 91
2 5
2 7
2 9
2 11
2 14
2 22
2 25
2 43
2 68
2 73
2 83
3 9
3 22
3 24
3 27
3 32
3 38
3 39
3 40
3 42
3 43
3 52
3 53
3 59
3 70
3 72
3 79
3 87
3 98
4 5
4 12
4 19
4 24
4 47
4 53
4 68
4 72
4 80
5 6
5 12
5 29
5 41
5 47
5 52
6 8
6 9
6 77
6 82
7 20
7 26
7 49
7 55
7 68
7 69
7 70
7 77
8 28
8 34
8 39
8 70
8 74
8 77
8 81
8 87
8 88
8 90
8 94
9 14
9 15
9 21
9 34
9 49
9 92
10 51
10 75
10 84
10 86
10 96
11 15
11 66
11 69
11 79
12 21
12 35
12 42
12 45
12 82
13 48
13 49
13 51
13 57
13 60
13 65
13 72
13 80
13 84
13 88
13 97
14 16
14 30
14 38
14 39
14 40
14 43
14 49
14 54
14 83
14 93
14 98
15 41
15 61
15 84
15 89
16 17
16 18
16 24
16 69
16 85
16 92
17 22
17 30
17 39
17 71
17 81
17 99
18 20
18 26
18 43
18 62
18 70
18 71
18 77
18 94
18 98
19 24
19 28
19 31
19 59
19 67
19 68
19 73
19 76
19 83
19 99
20 35
20 43
20 49
20 61
20 65
21 40
21 43
21 68
21 75
21 85
21 98
22 25
22 33
22 43
22 52
22 84
22 88
22 91
22 95
23 34
23 51
23 54
23 55
23 58
23 62
23 75
23 81
23 82
23 92
23 98
24 36
24 49
24 51
24 68
24 72
24 83
24 86
24 89
24 94
25 44
25 45
25 75
25 77
25 83
25 93
25 94
26 29
26 32
26 38
26 65
26 74
26 81
26 83
27 38
27 47
27 64
27 82
27 84
27 86
27 96
27 99
28 45
28 47
28 48
28 53
28 56
28 59
28 71
28 80
28 92
29 55
29 57
29 59
29 69
29 70
29 72
29 76
29 83
29 96
29 99
30 32
30 34
30 49
30 50
30 53
30 76
30 82
30 85
30 87
30 95
31 61
31 67
31 73
31 78
31 85
32 40
32 43
32 55
32 63
32 68
32 74
32 96
32 97
33 51
33 52
33 58
33 67
33 70
33 87
34 53
34 80
34 83
35 41
35 44
35 57
35 85
35 88
35 95
35 96
36 53
36 56
36 69
36 71
36 83
36 94
36 95
37 40
37 56
37 76
37 79
38 43
38 45
38 54
38 57
38 59
38 69
38 77
38 84
38 85
38 87
38 90
38 91
38 97
39 62
39 65
39 70
39 82
39 84
39 96
40 68
40 75
40 84
40 85
40 93
41 45
41 50
41 54
41 57
41 61
41 67
41 69
41 71
41 76
41 80
41 85
41 92
41 94
42 48
42 53
42 68
42 71
42 91
42 92
42 98
43 51
43 61
43 62
43 65
43 72
43 87
43 89
43 95
43 99
44 49
44 67
44 86
44 93
45 49
45 61
45 65
45 66
45 76
45 83
46 58
46 63
46 72
46 73
46 77
47 56
47 67
47 68
47 79
47 85
48 51
48 77
48 78
48 79
48 96
49 50
49 54
49 71
49 75
49 78
49 82
49 84
49 86
49 91
49 92
49 98
50 64
50 73
50 74
50 77
51 77
51 97
51 98
51 99
52 56
52 62
52 64
52 67
52 68
52 73
52 80
52 85
53 68
53 91
53 93
54 63
54 76
54 85
54 92
54 94
55 63
55 64
55 74
55 91
55 97
56 58
56 69
56 78
57 82
57 83
57 86
58 62
58 70
58 71
58 75
58 77
58 83
58 87
58 92
58 95
58 96
59 65
59 80
59 85
59 92
59 94
60 61
60 65
60 68
60 79
60 86
60 93
60 96
60 98
61 71
61 78
61 90
61 96
62 63
62 64
62 81
62 86
63 67
63 75
63 80
63 89
63 90
63 91
65 71
65 80
65 83
65 85
65 87
65 96
66 72
66 75
66 92
66 94
67 71
67 76
67 88
68 92
69 85
69 86
69 98
70 83
70 88
71 79
72 90
72 98
73 94
73 98
74 86
74 90
74 93
77 88
77 92
77 94
77 99
78 88
78 92
79 87
79 91
79 98
80 81
80 85
81 85
81 94
82 91
83 95
83 98
84 97
85 98
86 87
86 91
87 93
89 98
91 94
91 98
92 97
93 95
95 98
97 98

0 0 0 1 0 1 0 0 0 1 1 1 1 0 0 1 0 0 0 0 0 0 0 1 0 1 1 1 1 1 0 0 0 0 0 1 1 1 1 1 0 0 0 1 1 0 0 1 1 1 0 0 1 0 1 1 1 0 1 1 1 0 1 1 0 0 1 1 0 0 0 0 0 1 0 0 0 1 1 1 1 1 1 1 1 1 1 1 0 0 0 1 1 0 0 0 1 0 0 1