50 69
0 1 2 3 4 5 6 7 8 9 10 11 12 13 14 15 16 17 18 19 20 21 22 23 24 25 26 27 28 29 30 31 32 33 34 35 36 37 38 39 40 41 42 43 44 45 46 47 48 49
0 17
0 30
0 41
1 25
1 42
2 25
2 34
3 5
3 10
3 36
4 9
4 11
4 40
5 6
5 10
5 20
5 32
5 43
6 18
6 26
6 38
7 14
7 37
7 43
8 14
8 40
8 48
10 27
11 28
12 18
12 23
12 28
13 49
14 29
14 45
15 28
16 36
16 41
16 43
17 29
18 30
18 35
18 36
20 41
20 45
20 47
21 31
21 36
21 49
22 23
22 29
24 33
25 48
26 30
28 41
28 43
29 32
29 48
30 38
32 42
34 39
35 36
36 41
36 47
37 40
38 43
39 49
40 48
45 47

0 1 1 0 0 1 1 0 1 0 1 0 0 1 0 1 1 0 1 1 1 0 1 0 1 1 0 1 1 1 1 1 1 0 0 1 0 0 1 1 0 1 0 0 0 0 0 0 0 0