250 6310
0 1 2 3 4 5 6 7 8 9 10 11 12 13 14 15 16 17 18 19 20 21 22 23 24 25 26 27 28 29 30 31 32 33 34 35 36 37 38 39 40 41 42 43 44 45 46 47 48 49 50 51 52 53 54 55 56 57 58 59 60 61 62 63 64 65 66 67 68 69 70 71 72 73 74 75 76 77 78 79 80 81 82 83 84 85 86 87 88 89 90 91 92 93 94 95 96 97 98 99 100 101 102 103 104 105 106 107 108 109 110 111 112 113 114 115 116 117 118 119 120 121 122 123 124 125 126 127 128 129 130 131 132 133 134 135 136 137 138 139 140 141 142 143 144 145 146 147 148 149 150 151 152 153 154 155 156 157 158 159 160 161 162 163 164 165 166 167 168 169 170 171 172 173 174 175 176 177 178 179 180 181 182 183 184 185 186 187 188 189 190 191 192 193 194 195 196 197 198 199 200 201 202 203 204 205 206 207 208 209 210 211 212 213 214 215 216 217 218 219 220 221 222 223 224 225 226 227 228 229 230 231 232 233 234 235 236 237 238 239 240 241 242 243 244 245 246 247 248 249
0 5
0 9
0 11
0 12
0 15
0 19
0 21
0 33
0 51
0 73
0 81
0 83
0 98
0 122
0 124
0 125
0 126
0 130
0 135
0 137
0 147
0 156
0 169
0 175
0 176
0 177
0 178
0 182
0 184
0 186
0 192
0 197
0 198
0 199
0 200
0 208
0 225
0 228
0 233
0 234
0 238
0 243
1 5
1 6
1 7
1 8
1 11
1 13
1 16
1 30
1 31
1 32
1 41
1 45
1 50
1 61
1 66
1 71
1 72
1 83
1 89
1 94
1 98
1 99
1 100
1 101
1 105
1 107
1 112
1 119
1 122
1 123
1 125
1 127
1 130
1 132
1 136
1 141
1 144
1 145
1 152
1 155
1 167
1 173
1 176
1 181
1 183
1 184
1 191
1 194
1 195
1 197
1 199
1 200
1 207
1 209
1 212
1 213
1 220
1 228
1 249
2 7
2 8
2 13
2 21
2 23
2 27
2 28
2 32
2 48
2 52
2 54
2 59
2 63
2 68
2 72
2 74
2 78
2 79
2 83
2 84
2 91
2 94
2 98
2 102
2 105
2 110
2 121
2 128
2 132
2 142
2 147
2 159
2 163
2 179
2 180
2 181
2 183
2 188
2 192
2 194
2 198
2 201
2 203
2 208
2 220
2 222
2 225
2 230
2 232
2 233
2 235
2 237
2 247
3 6
3 7
3 9
3 17
3 20
3 28
3 29
3 32
3 37
3 44
3 50
3 54
3 55
3 57
3 58
3 66
3 68
3 72
3 87
3 90
3 94
3 100
3 101
3 102
3 106
3 121
3 122
3 123
3 127
3 130
3 140
3 143
3 145
3 147
3 155
3 161
3 166
3 171
3 174
3 177
3 179
3 184
3 190
3 193
3 206
3 207
3 208
3 211
3 218
3 223
3 225
3 232
3 236
3 241
3 248
4 9
4 11
4 12
4 15
4 17
4 19
4 21
4 23
4 24
4 25
4 26
4 35
4 38
4 40
4 44
4 46
4 51
4 67
4 71
4 77
4 80
4 85
4 105
4 106
4 109
4 110
4 113
4 117
4 127
4 132
4 133
4 148
4 149
4 151
4 158
4 160
4 161
4 165
4 176
4 182
4 186
4 195
4 199
4 201
4 210
4 213
4 214
4 221
4 226
4 229
4 237
4 241
4 242
4 244
5 14
5 20
5 27
5 32
5 34
5 48
5 50
5 53
5 55
5 56
5 62
5 63
5 71
5 77
5 82
5 86
5 91
5 105
5 108
5 109
5 125
5 126
5 133
5 140
5 141
5 143
5 154
5 164
5 166
5 170
5 184
5 208
5 209
5 210
5 219
5 221
5 223
5 226
5 228
5 232
5 238
6 20
6 23
6 26
6 27
6 40
6 42
6 48
6 55
6 71
6 74
6 75
6 78
6 80
6 83
6 97
6 107
6 111
6 114
6 120
6 126
6 127
6 132
6 133
6 134
6 135
6 137
6 147
6 150
6 151
6 161
6 162
6 169
6 181
6 184
6 197
6 200
6 201
6 206
6 207
6 209
6 213
6 221
6 225
6 228
6 233
6 236
6 237
6 245
6 246
7 20
7 28
7 30
7 38
7 42
7 44
7 54
7 59
7 66
7 78
7 94
7 100
7 101
7 109
7 112
7 113
7 123
7 126
7 131
7 132
7 133
7 136
7 141
7 157
7 164
7 165
7 169
7 178
7 180
7 181
7 189
7 200
7 209
7 210
7 222
7 223
7 228
7 232
7 236
7 246
7 248
8 12
8 16
8 24
8 25
8 38
8 53
8 59
8 60
8 65
8 79
8 86
8 91
8 94
8 96
8 103
8 107
8 118
8 120
8 150
8 151
8 159
8 169
8 175
8 179
8 181
8 182
8 185
8 186
8 193
8 200
8 202
8 206
8 207
8 208
8 217
8 221
8 227
8 230
8 235
8 241
8 243
9 13
9 14
9 16
9 17
9 19
9 23
9 41
9 59
9 62
9 65
9 66
9 78
9 83
9 89
9 90
9 91
9 93
9 99
9 101
9 102
9 104
9 105
9 109
9 114
9 116
9 125
9 129
9 134
9 135
9 142
9 144
9 148
9 151
9 154
9 157
9 168
9 169
9 173
9 177
9 187
9 190
9 199
9 207
9 213
9 219
9 227
9 234
9 235
9 239
9 248
10 12
10 16
10 21
10 23
10 24
10 30
10 32
10 38
10 39
10 41
10 44
10 46
10 48
10 55
10 58
10 65
10 67
10 82
10 83
10 94
10 112
10 115
10 119
10 123
10 126
10 127
10 135
10 137
10 155
10 156
10 160
10 166
10 170
10 175
10 177
10 182
10 187
10 190
10 197
10 198
10 199
10 203
10 218
10 220
10 226
10 227
10 230
10 232
10 233
10 236
10 238
10 248
11 12
11 21
11 25
11 38
11 47
11 51
11 67
11 80
11 83
11 101
11 102
11 112
11 116
11 124
11 125
11 128
11 129
11 133
11 138
11 155
11 157
11 161
11 165
11 169
11 171
11 172
11 185
11 198
11 201
11 203
11 207
11 208
11 224
11 225
11 238
12 14
12 18
12 28
12 32
12 35
12 45
12 46
12 47
12 56
12 62
12 68
12 70
12 72
12 73
12 75
12 76
12 93
12 94
12 110
12 111
12 120
12 121
12 131
12 133
12 140
12 145
12 152
12 154
12 161
12 162
12 173
12 174
12 178
12 182
12 185
12 191
12 198
12 207
12 215
12 221
12 227
12 230
12 231
12 233
12 234
12 241
12 242
12 243
13 22
13 25
13 28
13 29
13 33
13 37
13 38
13 43
13 45
13 53
13 66
13 69
13 77
13 81
13 83
13 95
13 102
13 103
13 106
13 113
13 124
13 125
13 138
13 144
13 154
13 156
13 161
13 169
13 170
13 172
13 178
13 182
13 184
13 195
13 204
13 216
13 227
13 238
13 241
13 242
13 249
14 24
14 25
14 28
14 32
14 38
14 39
14 41
14 46
14 52
14 54
14 58
14 59
14 67
14 71
14 72
14 76
14 85
14 86
14 95
14 100
14 106
14 108
14 113
14 116
14 121
14 128
14 136
14 137
14 140
14 143
14 149
14 154
14 168
14 174
14 178
14 180
14 181
14 184
14 195
14 197
14 198
14 201
14 205
14 210
14 215
14 217
14 219
14 227
14 238
14 240
14 246
15 17
15 19
15 23
15 27
15 29
15 33
15 37
15 43
15 55
15 62
15 64
15 69
15 72
15 76
15 79
15 84
15 89
15 93
15 98
15 99
15 100
15 104
15 106
15 108
15 116
15 120
15 122
15 125
15 126
15 129
15 134
15 140
15 150
15 152
15 160
15 177
15 181
15 190
15 198
15 204
15 211
15 215
15 218
15 225
15 232
15 235
15 246
15 248
16 17
16 21
16 22
16 24
16 30
16 31
16 34
16 44
16 46
16 51
16 54
16 55
16 56
16 57
16 73
16 75
16 86
16 87
16 88
16 89
16 96
16 98
16 116
16 122
16 124
16 126
16 133
16 135
16 138
16 139
16 166
16 167
16 170
16 175
16 191
16 199
16 200
16 203
16 207
16 210
16 215
16 217
16 221
16 232
16 233
16 235
16 236
16 244
16 245
16 246
16 248
17 23
17 27
17 32
17 39
17 40
17 42
17 49
17 50
17 51
17 56
17 61
17 63
17 76
17 85
17 98
17 104
17 116
17 118
17 126
17 127
17 129
17 130
17 133
17 142
17 151
17 153
17 163
17 164
17 175
17 197
17 199
17 204
17 206
17 208
17 213
17 215
17 216
17 238
17 240
17 244
18 24
18 25
18 26
18 31
18 36
18 38
18 43
18 46
18 57
18 58
18 62
18 66
18 68
18 69
18 77
18 80
18 93
18 100
18 101
18 105
18 125
18 133
18 134
18 136
18 139
18 143
18 144
18 157
18 161
18 171
18 177
18 183
18 191
18 202
18 217
18 219
18 221
18 223
18 230
18 231
18 235
18 236
18 238
18 239
18 245
18 248
19 22
19 33
19 34
19 37
19 43
19 48
19 54
19 55
19 60
19 62
19 63
19 67
19 74
19 77
19 102
19 108
19 110
19 117
19 122
19 123
19 133
19 134
19 135
19 143
19 145
19 147
19 167
19 172
19 176
19 177
19 182
19 183
19 186
19 189
19 196
19 198
19 205
19 206
19 209
19 217
19 219
19 230
19 237
19 242
20 24
20 28
20 34
20 37
20 38
20 39
20 41
20 42
20 43
20 45
20 47
20 51
20 53
20 58
20 59
20 63
20 65
20 68
20 71
20 73
20 77
20 94
20 106
20 113
20 124
20 125
20 130
20 136
20 138
20 140
20 145
20 154
20 167
20 170
20 172
20 174
20 181
20 183
20 186
20 200
20 203
20 207
20 216
20 228
20 229
20 242
20 243
20 245
21 30
21 33
21 37
21 39
21 44
21 60
21 62
21 68
21 83
21 87
21 92
21 100
21 109
21 120
21 125
21 128
21 129
21 131
21 133
21 136
21 138
21 139
21 142
21 145
21 147
21 165
21 167
21 177
21 184
21 188
21 189
21 194
21 203
21 206
21 210
21 212
21 213
21 229
21 239
21 244
22 26
22 35
22 38
22 39
22 46
22 49
22 57
22 64
22 66
22 67
22 69
22 85
22 89
22 90
22 92
22 94
22 102
22 111
22 114
22 118
22 122
22 125
22 128
22 130
22 141
22 145
22 147
22 150
22 169
22 171
22 173
22 178
22 179
22 182
22 186
22 189
22 193
22 197
22 201
22 205
22 207
22 218
22 220
22 222
22 241
22 249
23 24
23 26
23 31
23 34
23 35
23 46
23 49
23 50
23 52
23 53
23 57
23 63
23 72
23 80
23 81
23 87
23 90
23 93
23 95
23 97
23 103
23 104
23 107
23 108
23 110
23 112
23 114
23 129
23 131
23 142
23 147
23 152
23 161
23 163
23 178
23 179
23 180
23 187
23 192
23 195
23 196
23 212
23 223
23 228
23 229
23 243
23 247
24 26
24 35
24 42
24 44
24 49
24 50
24 53
24 55
24 56
24 58
24 59
24 63
24 65
24 70
24 72
24 81
24 82
24 86
24 88
24 89
24 90
24 92
24 93
24 95
24 96
24 97
24 107
24 108
24 110
24 112
24 117
24 118
24 128
24 133
24 136
24 144
24 147
24 148
24 152
24 156
24 163
24 169
24 177
24 178
24 180
24 186
24 191
24 194
24 198
24 204
24 206
24 207
24 209
24 217
24 218
24 228
24 231
24 233
24 235
24 238
24 246
24 248
24 249
25 37
25 46
25 52
25 58
25 61
25 62
25 63
25 70
25 72
25 75
25 85
25 95
25 97
25 101
25 105
25 116
25 117
25 118
25 123
25 127
25 129
25 131
25 139
25 141
25 161
25 162
25 168
25 178
25 181
25 186
25 188
25 191
25 210
25 214
25 215
25 226
25 242
25 243
25 244
25 248
26 27
26 29
26 34
26 35
26 36
26 52
26 64
26 69
26 76
26 77
26 79
26 80
26 82
26 98
26 114
26 119
26 129
26 132
26 134
26 135
26 140
26 142
26 150
26 155
26 157
26 168
26 169
26 171
26 173
26 174
26 181
26 182
26 184
26 191
26 193
26 198
26 209
26 212
26 217
26 218
26 230
26 232
26 235
26 238
26 239
26 244
26 245
26 246
26 249
27 29
27 30
27 31
27 33
27 34
27 35
27 51
27 54
27 58
27 65
27 67
27 72
27 81
27 83
27 88
27 96
27 98
27 99
27 101
27 104
27 106
27 109
27 116
27 127
27 131
27 152
27 153
27 154
27 160
27 166
27 167
27 177
27 197
27 214
27 220
27 230
27 234
27 235
27 246
27 247
28 29
28 39
28 45
28 46
28 47
28 50
28 59
28 64
28 71
28 75
28 77
28 79
28 83
28 87
28 98
28 116
28 131
28 133
28 135
28 144
28 146
28 151
28 152
28 157
28 158
28 161
28 163
28 168
28 169
28 187
28 188
28 197
28 199
28 202
28 207
28 230
28 241
28 245
28 246
29 32
29 37
29 55
29 58
29 59
29 66
29 69
29 71
29 77
29 78
29 80
29 81
29 86
29 87
29 88
29 89
29 105
29 107
29 110
29 122
29 126
29 127
29 131
29 133
29 135
29 138
29 146
29 148
29 149
29 151
29 153
29 157
29 172
29 182
29 189
29 193
29 202
29 205
29 229
29 233
29 235
29 246
29 248
30 42
30 47
30 49
30 57
30 64
30 65
30 68
30 75
30 105
30 108
30 110
30 121
30 123
30 127
30 138
30 143
30 148
30 153
30 155
30 157
30 159
30 160
30 167
30 176
30 177
30 178
30 179
30 185
30 201
30 216
30 220
30 221
30 222
30 225
30 230
30 234
30 238
30 242
30 243
31 39
31 40
31 41
31 44
31 53
31 67
31 71
31 76
31 83
31 88
31 96
31 103
31 104
31 116
31 117
31 119
31 121
31 128
31 136
31 138
31 139
31 140
31 145
31 150
31 157
31 162
31 166
31 172
31 175
31 177
31 180
31 181
31 184
31 195
31 198
31 200
31 201
31 206
31 207
31 209
31 226
31 235
31 242
31 245
32 33
32 41
32 46
32 51
32 58
32 61
32 63
32 75
32 81
32 88
32 90
32 93
32 94
32 104
32 108
32 111
32 112
32 113
32 121
32 125
32 129
32 137
32 142
32 145
32 151
32 152
32 154
32 155
32 156
32 166
32 168
32 182
32 183
32 189
32 190
32 198
32 211
32 215
32 222
32 228
32 230
32 238
32 239
32 244
32 248
32 249
33 35
33 43
33 46
33 54
33 56
33 57
33 61
33 62
33 64
33 68
33 75
33 83
33 94
33 102
33 107
33 108
33 109
33 118
33 124
33 133
33 139
33 141
33 156
33 162
33 165
33 166
33 175
33 176
33 178
33 181
33 185
33 195
33 202
33 203
33 212
33 216
33 229
33 236
33 238
34 39
34 50
34 54
34 56
34 57
34 60
34 65
34 71
34 72
34 74
34 75
34 86
34 107
34 112
34 124
34 128
34 130
34 133
34 142
34 145
34 146
34 148
34 154
34 155
34 156
34 161
34 162
34 165
34 170
34 173
34 175
34 190
34 195
34 201
34 202
34 214
34 221
34 233
34 239
34 249
35 37
35 41
35 61
35 62
35 66
35 69
35 72
35 75
35 81
35 90
35 91
35 96
35 101
35 105
35 108
35 116
35 117
35 118
35 121
35 123
35 124
35 133
35 134
35 142
35 150
35 151
35 155
35 157
35 161
35 162
35 163
35 166
35 171
35 179
35 181
35 185
35 190
35 195
35 204
35 208
35 209
35 223
35 230
35 233
35 235
35 238
35 241
35 245
35 247
36 41
36 43
36 58
36 64
36 68
36 70
36 75
36 81
36 84
36 89
36 91
36 92
36 94
36 102
36 107
36 111
36 113
36 117
36 119
36 126
36 135
36 137
36 138
36 142
36 144
36 146
36 155
36 159
36 170
36 184
36 187
36 188
36 189
36 190
36 208
36 213
36 214
36 220
36 228
36 233
36 235
36 249
37 43
37 49
37 51
37 55
37 65
37 67
37 70
37 80
37 82
37 83
37 86
37 88
37 89
37 92
37 96
37 108
37 115
37 118
37 124
37 126
37 138
37 140
37 141
37 154
37 157
37 158
37 159
37 160
37 161
37 163
37 165
37 166
37 168
37 182
37 194
37 208
37 210
37 221
37 226
37 245
38 42
38 46
38 48
38 53
38 55
38 56
38 62
38 68
38 72
38 73
38 76
38 80
38 84
38 85
38 93
38 99
38 105
38 107
38 109
38 111
38 121
38 122
38 130
38 135
38 138
38 146
38 154
38 158
38 159
38 160
38 162
38 163
38 166
38 169
38 171
38 179
38 180
38 181
38 186
38 192
38 198
38 210
38 211
38 212
38 213
38 216
38 217
38 220
38 224
38 229
38 232
38 236
38 238
38 244
38 249
39 44
39 47
39 49
39 50
39 57
39 59
39 60
39 73
39 80
39 87
39 101
39 104
39 108
39 125
39 138
39 139
39 140
39 152
39 157
39 167
39 169
39 188
39 190
39 200
39 201
39 202
39 217
39 229
39 230
39 232
39 234
39 242
39 244
39 249
40 41
40 48
40 51
40 54
40 61
40 69
40 78
40 84
40 90
40 92
40 93
40 95
40 101
40 102
40 104
40 106
40 112
40 114
40 122
40 124
40 126
40 130
40 131
40 142
40 164
40 165
40 175
40 178
40 182
40 183
40 191
40 194
40 196
40 206
40 211
40 217
40 220
40 224
40 238
40 243
41 43
41 44
41 54
41 56
41 59
41 62
41 64
41 69
41 74
41 81
41 88
41 108
41 115
41 118
41 121
41 124
41 137
41 140
41 154
41 155
41 156
41 158
41 169
41 176
41 177
41 184
41 186
41 187
41 188
41 190
41 193
41 197
41 198
41 204
41 211
41 215
41 223
41 227
41 228
41 233
41 234
42 47
42 51
42 55
42 56
42 68
42 70
42 73
42 76
42 78
42 85
42 90
42 92
42 93
42 101
42 103
42 104
42 108
42 117
42 120
42 128
42 132
42 134
42 150
42 152
42 153
42 166
42 167
42 179
42 188
42 191
42 194
42 197
42 210
42 215
42 216
42 221
42 223
42 225
42 226
42 227
42 233
42 235
42 240
42 241
42 242
42 246
43 47
43 58
43 64
43 67
43 68
43 72
43 73
43 75
43 80
43 85
43 88
43 89
43 92
43 100
43 102
43 107
43 117
43 120
43 124
43 150
43 152
43 153
43 154
43 157
43 167
43 172
43 177
43 187
43 189
43 206
43 208
43 224
43 226
43 229
43 238
43 241
43 244
44 49
44 52
44 53
44 54
44 56
44 62
44 67
44 71
44 73
44 76
44 82
44 88
44 90
44 96
44 98
44 105
44 110
44 118
44 122
44 130
44 132
44 139
44 143
44 148
44 159
44 160
44 163
44 175
44 186
44 191
44 206
44 209
44 221
44 225
44 227
44 228
44 234
44 242
45 49
45 51
45 53
45 62
45 70
45 75
45 79
45 85
45 94
45 95
45 96
45 102
45 103
45 109
45 114
45 119
45 125
45 131
45 134
45 136
45 148
45 149
45 151
45 152
45 156
45 157
45 160
45 162
45 163
45 164
45 165
45 167
45 169
45 170
45 172
45 176
45 192
45 193
45 194
45 195
45 200
45 212
45 215
45 219
45 220
45 221
45 228
45 230
45 232
45 237
45 238
45 242
46 47
46 58
46 63
46 66
46 70
46 76
46 77
46 82
46 99
46 111
46 115
46 123
46 133
46 137
46 142
46 143
46 144
46 151
46 153
46 155
46 157
46 166
46 172
46 181
46 188
46 189
46 199
46 206
46 207
46 214
46 216
46 224
46 226
46 236
46 245
47 49
47 63
47 64
47 75
47 78
47 80
47 86
47 93
47 96
47 97
47 99
47 101
47 104
47 108
47 109
47 120
47 125
47 130
47 140
47 146
47 154
47 161
47 171
47 172
47 176
47 178
47 189
47 191
47 194
47 217
47 218
47 219
47 220
47 226
47 235
47 237
47 239
47 244
48 49
48 51
48 52
48 54
48 61
48 65
48 67
48 86
48 90
48 91
48 94
48 108
48 110
48 113
48 119
48 120
48 122
48 124
48 128
48 131
48 144
48 160
48 167
48 175
48 176
48 177
48 178
48 182
48 191
48 194
48 196
48 199
48 200
48 208
48 211
48 213
48 214
48 218
48 219
48 220
48 229
48 240
48 242
48 249
49 55
49 60
49 61
49 63
49 69
49 70
49 71
49 73
49 84
49 87
49 90
49 99
49 105
49 117
49 122
49 138
49 139
49 140
49 141
49 146
49 149
49 151
49 163
49 165
49 172
49 173
49 176
49 188
49 189
49 190
49 194
49 196
49 198
49 199
49 205
49 206
49 214
49 223
49 224
49 237
49 249
50 56
50 57
50 72
50 77
50 80
50 88
50 96
50 103
50 113
50 123
50 127
50 133
50 136
50 138
50 140
50 141
50 143
50 157
50 170
50 184
50 185
50 189
50 191
50 193
50 195
50 198
50 201
50 206
50 207
50 211
50 215
50 218
50 220
50 224
50 227
50 228
50 234
50 235
50 238
50 245
50 246
51 52
51 53
51 54
51 56
51 57
51 59
51 65
51 76
51 78
51 83
51 85
51 87
51 96
51 99
51 103
51 104
51 106
51 111
51 112
51 114
51 116
51 119
51 126
51 131
51 134
51 139
51 146
51 149
51 153
51 159
51 174
51 177
51 190
51 191
51 197
51 204
51 207
51 209
51 212
51 219
51 223
51 228
51 233
51 235
51 238
51 242
51 243
51 247
51 249
52 64
52 65
52 66
52 94
52 97
52 107
52 117
52 118
52 120
52 122
52 128
52 138
52 140
52 141
52 147
52 151
52 153
52 157
52 165
52 168
52 171
52 179
52 181
52 230
52 233
52 242
52 246
52 247
53 76
53 77
53 83
53 90
53 104
53 105
53 114
53 120
53 121
53 124
53 139
53 148
53 153
53 155
53 157
53 159
53 161
53 167
53 169
53 170
53 178
53 190
53 191
53 196
53 199
53 206
53 218
53 219
53 223
53 226
53 231
53 233
53 245
53 248
54 56
54 57
54 60
54 68
54 82
54 84
54 93
54 109
54 116
54 121
54 123
54 133
54 136
54 143
54 146
54 147
54 151
54 154
54 156
54 158
54 159
54 160
54 162
54 164
54 166
54 168
54 169
54 170
54 176
54 181
54 190
54 193
54 197
54 198
54 199
54 203
54 212
54 217
54 221
54 223
54 225
54 233
54 245
54 247
55 59
55 61
55 63
55 75
55 77
55 81
55 84
55 102
55 104
55 105
55 108
55 112
55 117
55 121
55 141
55 142
55 145
55 147
55 163
55 171
55 172
55 178
55 191
55 192
55 194
55 204
55 215
55 219
55 227
55 231
55 232
55 236
55 241
55 249
56 58
56 67
56 69
56 70
56 71
56 72
56 79
56 80
56 81
56 84
56 86
56 87
56 92
56 93
56 102
56 103
56 139
56 142
56 143
56 150
56 153
56 155
56 157
56 167
56 171
56 172
56 179
56 182
56 183
56 184
56 185
56 186
56 188
56 196
56 198
56 199
56 200
56 204
56 205
56 209
56 214
56 219
56 220
56 223
56 224
56 228
56 229
56 231
56 233
56 239
57 63
57 83
57 89
57 90
57 104
57 110
57 113
57 114
57 117
57 122
57 126
57 143
57 148
57 156
57 161
57 165
57 166
57 175
57 176
57 183
57 190
57 200
57 204
57 205
57 206
57 215
57 217
57 233
57 237
57 246
58 60
58 61
58 63
58 75
58 77
58 82
58 87
58 89
58 98
58 99
58 102
58 105
58 110
58 112
58 118
58 119
58 133
58 165
58 167
58 172
58 180
58 186
58 188
58 193
58 194
58 198
58 202
58 207
58 210
58 217
58 219
58 227
58 230
58 231
58 232
58 234
58 238
58 239
58 241
59 62
59 65
59 68
59 78
59 82
59 83
59 84
59 95
59 103
59 106
59 107
59 109
59 115
59 119
59 124
59 132
59 138
59 141
59 152
59 157
59 160
59 166
59 167
59 173
59 176
59 182
59 213
59 222
59 231
59 233
59 240
59 245
60 61
60 64
60 70
60 71
60 77
60 81
60 91
60 92
60 99
60 110
60 111
60 114
60 122
60 125
60 128
60 137
60 140
60 151
60 166
60 168
60 169
60 174
60 175
60 179
60 181
60 183
60 186
60 192
60 199
60 203
60 206
60 211
60 223
60 226
60 239
60 247
60 249
61 73
61 82
61 83
61 84
61 89
61 92
61 94
61 102
61 108
61 125
61 128
61 129
61 130
61 132
61 134
61 135
61 141
61 143
61 146
61 148
61 153
61 164
61 172
61 177
61 186
61 188
61 190
61 192
61 202
61 207
61 216
61 217
61 223
61 245
61 246
62 70
62 73
62 75
62 78
62 79
62 81
62 85
62 92
62 100
62 104
62 105
62 110
62 112
62 118
62 129
62 132
62 136
62 143
62 146
62 154
62 155
62 156
62 168
62 176
62 178
62 179
62 195
62 196
62 199
62 200
62 203
62 204
62 205
62 208
62 209
62 214
62 216
62 217
62 219
62 225
62 229
62 244
62 245
62 248
63 73
63 74
63 76
63 77
63 78
63 81
63 95
63 96
63 97
63 103
63 109
63 111
63 113
63 116
63 122
63 126
63 134
63 135
63 140
63 141
63 158
63 159
63 162
63 164
63 165
63 167
63 176
63 188
63 189
63 191
63 192
63 197
63 202
63 209
63 210
63 216
63 220
63 224
63 233
63 240
64 67
64 70
64 74
64 75
64 78
64 80
64 86
64 91
64 96
64 108
64 124
64 127
64 128
64 133
64 135
64 136
64 153
64 156
64 161
64 165
64 174
64 180
64 181
64 186
64 190
64 194
64 197
64 204
64 205
64 214
64 219
64 223
64 227
64 228
64 230
64 242
64 244
64 245
65 76
65 79
65 91
65 94
65 96
65 97
65 99
65 102
65 103
65 105
65 108
65 114
65 115
65 118
65 120
65 121
65 122
65 124
65 126
65 129
65 134
65 135
65 148
65 159
65 164
65 172
65 179
65 181
65 182
65 183
65 185
65 188
65 193
65 195
65 203
65 209
65 224
65 227
65 242
65 243
65 246
65 248
66 70
66 71
66 89
66 92
66 95
66 96
66 98
66 106
66 110
66 120
66 127
66 129
66 139
66 153
66 159
66 160
66 162
66 170
66 178
66 181
66 183
66 187
66 189
66 193
66 197
66 208
66 209
66 210
66 222
66 223
66 235
66 237
66 243
67 69
67 71
67 78
67 82
67 85
67 89
67 100
67 104
67 106
67 108
67 112
67 117
67 121
67 122
67 123
67 126
67 127
67 135
67 151
67 156
67 162
67 165
67 170
67 172
67 181
67 184
67 185
67 189
67 190
67 191
67 196
67 198
67 202
67 207
67 217
67 223
67 225
67 226
67 231
67 232
67 237
67 240
67 242
67 243
68 69
68 73
68 76
68 78
68 79
68 80
68 81
68 83
68 92
68 93
68 94
68 106
68 109
68 112
68 116
68 120
68 122
68 124
68 126
68 132
68 137
68 142
68 145
68 152
68 155
68 165
68 168
68 170
68 174
68 188
68 199
68 200
68 208
68 209
68 211
68 215
68 218
68 219
68 222
68 227
68 229
68 233
68 237
68 241
68 243
69 75
69 77
69 85
69 87
69 89
69 97
69 98
69 100
69 101
69 103
69 107
69 114
69 115
69 121
69 133
69 140
69 141
69 144
69 160
69 165
69 175
69 177
69 187
69 192
69 197
69 212
69 215
69 217
69 227
69 228
69 234
69 235
69 238
69 242
69 243
69 244
69 245
70 76
70 81
70 88
70 90
70 95
70 101
70 103
70 104
70 107
70 111
70 113
70 114
70 119
70 128
70 132
70 135
70 139
70 140
70 143
70 150
70 151
70 152
70 153
70 157
70 163
70 167
70 169
70 170
70 172
70 176
70 183
70 185
70 191
70 198
70 199
70 208
70 212
70 213
70 214
70 216
70 219
70 224
70 228
70 229
70 231
71 73
71 75
71 85
71 87
71 91
71 93
71 98
71 106
71 111
71 114
71 116
71 119
71 128
71 140
71 141
71 142
71 143
71 144
71 145
71 157
71 166
71 170
71 175
71 176
71 177
71 179
71 185
71 190
71 193
71 204
71 208
71 216
71 218
71 221
71 223
71 230
71 231
71 237
71 249
72 75
72 79
72 81
72 84
72 85
72 87
72 97
72 98
72 100
72 102
72 109
72 114
72 117
72 119
72 124
72 126
72 127
72 128
72 131
72 136
72 138
72 139
72 140
72 144
72 146
72 149
72 155
72 160
72 169
72 178
72 179
72 180
72 186
72 190
72 191
72 203
72 207
72 215
72 218
72 228
72 231
72 238
72 239
72 245
73 79
73 86
73 91
73 95
73 99
73 101
73 104
73 122
73 124
73 128
73 130
73 131
73 136
73 146
73 147
73 149
73 163
73 165
73 169
73 173
73 179
73 191
73 205
73 206
73 207
73 208
73 214
73 216
73 217
73 219
73 220
73 224
73 227
73 228
73 229
73 231
73 236
73 237
73 242
74 76
74 86
74 89
74 91
74 107
74 113
74 118
74 126
74 127
74 129
74 135
74 141
74 142
74 158
74 165
74 169
74 172
74 174
74 177
74 184
74 186
74 192
74 200
74 208
74 213
74 217
74 220
74 223
74 225
74 228
74 230
74 236
74 244
74 249
75 77
75 80
75 83
75 84
75 98
75 100
75 109
75 110
75 113
75 124
75 130
75 131
75 145
75 149
75 150
75 157
75 172
75 186
75 189
75 194
75 198
75 204
75 206
75 207
75 210
75 211
75 212
75 219
75 221
75 225
75 228
75 242
75 243
75 248
76 77
76 78
76 83
76 86
76 96
76 99
76 102
76 108
76 113
76 115
76 124
76 134
76 137
76 155
76 165
76 167
76 170
76 172
76 176
76 180
76 193
76 194
76 195
76 196
76 201
76 203
76 213
76 226
76 227
76 237
76 244
76 245
76 249
77 78
77 80
77 83
77 84
77 92
77 100
77 104
77 105
77 107
77 108
77 111
77 114
77 123
77 131
77 135
77 144
77 146
77 151
77 154
77 168
77 171
77 177
77 180
77 185
77 191
77 197
77 205
77 219
77 222
77 223
77 229
77 238
77 243
78 81
78 82
78 83
78 92
78 93
78 96
78 107
78 111
78 135
78 142
78 151
78 152
78 157
78 159
78 168
78 197
78 204
78 208
78 209
78 211
78 212
78 217
78 233
78 235
78 236
78 240
78 241
78 246
78 248
78 249
79 80
79 81
79 85
79 94
79 95
79 98
79 105
79 106
79 113
79 114
79 122
79 124
79 125
79 131
79 137
79 139
79 144
79 152
79 164
79 166
79 169
79 185
79 186
79 190
79 197
79 203
79 204
79 212
79 215
79 217
79 219
79 222
79 223
79 225
79 230
79 232
79 243
79 248
80 83
80 84
80 85
80 90
80 91
80 98
80 108
80 110
80 113
80 116
80 120
80 122
80 127
80 128
80 146
80 147
80 158
80 160
80 161
80 164
80 167
80 174
80 178
80 180
80 185
80 187
80 195
80 199
80 207
80 208
80 222
80 228
80 234
80 236
80 237
80 241
80 244
80 249
81 85
81 89
81 97
81 98
81 101
81 106
81 114
81 124
81 126
81 128
81 140
81 142
81 146
81 151
81 160
81 161
81 162
81 169
81 170
81 171
81 172
81 174
81 181
81 199
81 200
81 202
81 205
81 206
81 207
81 211
81 217
81 223
81 225
81 238
81 240
81 245
81 246
81 247
81 249
82 86
82 91
82 94
82 109
82 112
82 114
82 115
82 127
82 132
82 134
82 148
82 149
82 150
82 152
82 154
82 157
82 166
82 176
82 177
82 178
82 179
82 181
82 183
82 185
82 191
82 192
82 198
82 201
82 203
82 208
82 212
82 213
82 219
82 223
82 229
82 234
82 238
82 242
82 243
82 249
83 90
83 97
83 100
83 113
83 117
83 123
83 126
83 131
83 133
83 137
83 146
83 154
83 157
83 161
83 162
83 163
83 170
83 171
83 174
83 185
83 189
83 190
83 196
83 197
83 204
83 214
83 217
83 223
83 242
83 247
84 91
84 105
84 106
84 112
84 113
84 117
84 122
84 123
84 126
84 131
84 133
84 135
84 144
84 148
84 164
84 167
84 169
84 182
84 185
84 187
84 188
84 189
84 192
84 201
84 204
84 208
84 220
84 223
84 226
84 228
84 231
84 243
84 244
85 86
85 89
85 107
85 114
85 121
85 124
85 127
85 131
85 138
85 139
85 141
85 142
85 147
85 151
85 164
85 171
85 184
85 186
85 188
85 194
85 195
85 207
85 213
85 219
85 223
85 228
85 232
85 233
85 236
85 239
85 249
86 90
86 118
86 122
86 127
86 129
86 131
86 144
86 147
86 163
86 166
86 173
86 174
86 177
86 186
86 191
86 199
86 201
86 202
86 205
86 206
86 218
86 229
86 234
86 235
86 236
86 244
86 248
87 91
87 99
87 103
87 104
87 105
87 108
87 113
87 121
87 131
87 135
87 138
87 139
87 144
87 146
87 157
87 159
87 160
87 164
87 165
87 168
87 171
87 173
87 191
87 192
87 195
87 199
87 201
87 212
87 213
87 222
87 231
87 232
87 234
87 237
87 243
87 246
87 249
88 89
88 94
88 97
88 101
88 104
88 114
88 122
88 123
88 124
88 127
88 131
88 142
88 145
88 148
88 151
88 160
88 164
88 165
88 173
88 176
88 177
88 178
88 182
88 189
88 192
88 207
88 210
88 214
88 216
88 218
88 220
88 221
88 228
88 233
88 237
88 244
88 249
89 102
89 103
89 115
89 116
89 122
89 125
89 132
89 137
89 146
89 150
89 151
89 160
89 162
89 170
89 179
89 184
89 187
89 191
89 201
89 209
89 221
89 239
89 242
89 247
90 97
90 99
90 101
90 102
90 106
90 113
90 114
90 116
90 117
90 123
90 132
90 134
90 135
90 138
90 145
90 146
90 151
90 153
90 154
90 160
90 164
90 170
90 174
90 182
90 186
90 187
90 191
90 192
90 203
90 207
90 214
90 218
90 224
90 231
90 232
90 236
90 237
90 245
90 248
91 93
91 96
91 97
91 100
91 104
91 109
91 111
91 115
91 117
91 124
91 126
91 130
91 139
91 140
91 151
91 158
91 168
91 169
91 175
91 177
91 178
91 182
91 186
91 190
91 203
91 206
91 207
91 214
91 215
91 219
91 223
91 233
91 237
91 249
92 99
92 104
92 105
92 107
92 110
92 120
92 122
92 124
92 128
92 131
92 132
92 135
92 139
92 147
92 148
92 158
92 162
92 163
92 170
92 172
92 180
92 191
92 194
92 196
92 199
92 200
92 221
92 226
92 230
92 234
92 240
92 247
93 99
93 101
93 102
93 105
93 115
93 122
93 134
93 142
93 144
93 157
93 159
93 162
93 170
93 175
93 176
93 181
93 184
93 185
93 188
93 191
93 192
93 195
93 203
93 209
93 210
93 212
93 213
93 214
93 217
93 218
93 219
93 221
93 228
93 236
93 238
93 241
93 245
93 246
94 95
94 96
94 99
94 106
94 114
94 120
94 122
94 135
94 136
94 137
94 160
94 163
94 167
94 168
94 170
94 171
94 172
94 173
94 177
94 178
94 182
94 187
94 190
94 199
94 200
94 201
94 209
94 212
94 214
94 223
94 229
94 240
94 248
95 96
95 98
95 99
95 105
95 108
95 109
95 110
95 116
95 118
95 119
95 120
95 125
95 126
95 127
95 139
95 142
95 144
95 149
95 150
95 174
95 186
95 197
95 204
95 205
95 206
95 207
95 212
95 215
95 216
95 232
95 234
95 239
95 244
96 98
96 101
96 109
96 113
96 117
96 118
96 122
96 124
96 130
96 133
96 134
96 136
96 138
96 150
96 151
96 168
96 169
96 177
96 186
96 189
96 192
96 193
96 198
96 201
96 206
96 211
96 213
96 215
96 218
96 219
96 231
96 232
96 235
96 243
96 244
96 246
96 247
96 249
97 99
97 101
97 108
97 113
97 117
97 118
97 124
97 131
97 138
97 141
97 148
97 149
97 156
97 157
97 162
97 163
97 168
97 188
97 195
97 205
97 206
97 207
97 208
97 215
97 221
97 235
97 237
97 248
98 99
98 111
98 113
98 128
98 133
98 134
98 143
98 147
98 150
98 165
98 169
98 170
98 175
98 176
98 177
98 180
98 190
98 196
98 201
98 202
98 205
98 206
98 207
98 212
98 213
98 214
98 219
98 220
98 224
98 230
98 237
99 110
99 114
99 123
99 126
99 131
99 138
99 144
99 148
99 152
99 158
99 167
99 171
99 176
99 180
99 186
99 203
99 204
99 207
99 224
99 230
99 242
100 101
100 106
100 109
100 112
100 117
100 118
100 120
100 126
100 131
100 133
100 139
100 140
100 154
100 165
100 174
100 177
100 179
100 181
100 195
100 202
100 208
100 215
100 219
100 230
100 248
101 103
101 105
101 111
101 115
101 121
101 130
101 141
101 148
101 151
101 152
101 157
101 160
101 165
101 168
101 170
101 173
101 174
101 176
101 181
101 189
101 194
101 200
101 202
101 203
101 206
101 212
101 216
101 231
101 234
101 241
102 108
102 121
102 123
102 127
102 131
102 133
102 136
102 137
102 139
102 149
102 155
102 165
102 166
102 169
102 175
102 180
102 185
102 192
102 194
102 196
102 200
102 210
102 212
102 215
102 218
102 219
102 222
102 227
102 229
102 231
102 232
102 235
102 240
102 244
102 247
103 104
103 112
103 114
103 118
103 122
103 124
103 131
103 140
103 141
103 144
103 149
103 156
103 159
103 164
103 165
103 166
103 170
103 181
103 189
103 191
103 192
103 195
103 207
103 225
103 248
104 105
104 111
104 115
104 118
104 120
104 125
104 127
104 134
104 135
104 136
104 137
104 139
104 147
104 151
104 159
104 164
104 166
104 183
104 185
104 197
104 211
104 213
104 215
104 216
104 220
104 229
104 237
104 240
104 247
105 108
105 110
105 114
105 125
105 132
105 138
105 140
105 150
105 153
105 155
105 160
105 167
105 170
105 174
105 177
105 189
105 190
105 195
105 199
105 209
105 211
105 215
105 216
105 220
106 110
106 119
106 121
106 132
106 133
106 136
106 139
106 142
106 149
106 153
106 155
106 161
106 167
106 173
106 176
106 182
106 184
106 194
106 196
106 203
106 205
106 217
106 227
106 232
106 234
106 240
106 241
107 108
107 115
107 116
107 129
107 142
107 148
107 152
107 163
107 170
107 174
107 177
107 180
107 183
107 187
107 190
107 200
107 208
107 210
107 211
107 212
107 215
107 225
107 239
107 244
108 113
108 114
108 115
108 116
108 117
108 124
108 135
108 140
108 142
108 144
108 152
108 154
108 168
108 180
108 185
108 186
108 187
108 196
108 197
108 200
108 201
108 212
108 216
108 222
108 223
108 226
108 236
108 240
108 243
108 244
108 245
108 247
108 249
109 112
109 124
109 125
109 128
109 136
109 141
109 146
109 147
109 149
109 156
109 160
109 161
109 163
109 166
109 173
109 174
109 191
109 195
109 200
109 201
109 205
109 206
109 208
109 209
109 219
109 222
109 228
109 233
109 236
109 240
110 115
110 133
110 137
110 149
110 150
110 159
110 171
110 173
110 175
110 176
110 181
110 183
110 185
110 187
110 190
110 191
110 195
110 197
110 198
110 200
110 201
110 203
110 212
110 214
110 219
110 220
110 230
110 233
110 236
110 237
110 241
111 112
111 113
111 115
111 119
111 123
111 126
111 131
111 133
111 134
111 143
111 152
111 156
111 161
111 162
111 170
111 171
111 175
111 178
111 181
111 192
111 195
111 196
111 209
111 222
111 223
111 225
111 236
111 240
111 247
111 248
112 129
112 131
112 134
112 139
112 143
112 148
112 156
112 157
112 159
112 174
112 175
112 178
112 188
112 193
112 202
112 214
112 216
112 217
112 218
112 219
112 221
112 224
112 226
112 228
112 229
112 237
112 238
112 240
112 247
113 117
113 123
113 124
113 128
113 130
113 140
113 150
113 162
113 167
113 174
113 179
113 182
113 203
113 208
113 214
113 224
113 233
113 235
113 236
113 237
113 241
113 242
113 245
113 247
114 115
114 121
114 135
114 138
114 140
114 143
114 149
114 150
114 160
114 162
114 165
114 170
114 175
114 182
114 183
114 190
114 200
114 208
114 209
114 211
114 217
114 232
114 244
114 246
115 116
115 127
115 140
115 141
115 143
115 151
115 156
115 157
115 158
115 160
115 164
115 174
115 182
115 190
115 199
115 202
115 203
115 222
115 225
115 234
115 241
116 121
116 122
116 126
116 127
116 133
116 134
116 135
116 138
116 141
116 146
116 156
116 166
116 171
116 172
116 174
116 180
116 184
116 186
116 188
116 198
116 206
116 208
116 223
116 226
116 237
116 238
116 242
117 125
117 126
117 129
117 130
117 138
117 142
117 150
117 154
117 158
117 159
117 164
117 172
117 173
117 176
117 180
117 184
117 186
117 190
117 191
117 199
117 204
117 212
117 218
117 220
117 221
117 226
117 229
117 236
117 242
117 243
117 249
118 127
118 130
118 134
118 138
118 141
118 145
118 147
118 151
118 152
118 157
118 161
118 167
118 170
118 180
118 187
118 194
118 196
118 198
118 214
118 221
118 224
118 225
118 243
118 249
119 122
119 135
119 143
119 146
119 160
119 164
119 170
119 171
119 172
119 173
119 186
119 187
119 191
119 198
119 201
119 202
119 203
119 204
119 207
119 215
119 227
119 232
119 235
119 239
119 245
119 247
120 122
120 127
120 130
120 131
120 132
120 134
120 141
120 146
120 157
120 177
120 178
120 182
120 183
120 194
120 196
120 207
120 214
120 222
120 233
120 236
120 243
120 244
120 247
121 125
121 135
121 137
121 142
121 145
121 149
121 160
121 172
121 175
121 192
121 194
121 195
121 202
121 216
121 220
121 233
121 235
121 245
121 246
121 249
122 123
122 125
122 149
122 158
122 159
122 162
122 167
122 171
122 177
122 182
122 183
122 185
122 192
122 193
122 194
122 202
122 204
122 208
122 214
122 215
122 216
122 225
122 231
122 232
122 245
122 247
122 249
123 133
123 142
123 143
123 146
123 147
123 151
123 165
123 166
123 168
123 170
123 175
123 177
123 178
123 179
123 180
123 183
123 187
123 188
123 190
123 191
123 192
123 199
123 202
123 212
123 214
123 219
123 222
123 232
123 236
123 248
124 129
124 132
124 142
124 143
124 146
124 150
124 174
124 177
124 184
124 189
124 194
124 203
124 220
124 227
124 230
124 235
124 245
125 128
125 131
125 132
125 141
125 143
125 145
125 157
125 161
125 162
125 165
125 167
125 185
125 190
125 201
125 205
125 210
125 215
125 218
125 219
125 232
125 238
125 243
125 245
126 138
126 139
126 140
126 141
126 143
126 150
126 151
126 152
126 159
126 160
126 164
126 166
126 167
126 170
126 174
126 176
126 184
126 191
126 194
126 195
126 196
126 202
126 206
126 219
126 227
126 235
126 237
126 239
126 241
126 243
126 247
127 128
127 141
127 152
127 154
127 160
127 165
127 175
127 177
127 178
127 184
127 210
127 214
127 217
127 221
127 223
127 224
127 237
127 239
127 242
128 135
128 138
128 139
128 140
128 141
128 144
128 147
128 157
128 159
128 161
128 175
128 179
128 182
128 183
128 196
128 197
128 199
128 200
128 203
128 205
128 208
128 210
128 212
128 218
128 230
128 231
128 233
128 239
128 240
128 241
128 242
128 245
128 247
129 132
129 133
129 135
129 137
129 141
129 145
129 153
129 164
129 165
129 171
129 173
129 182
129 195
129 197
129 198
129 200
129 205
129 209
129 210
129 213
129 218
129 225
129 227
129 228
129 231
129 237
129 241
130 134
130 136
130 141
130 143
130 153
130 154
130 164
130 165
130 168
130 170
130 178
130 184
130 188
130 190
130 201
130 203
130 215
130 218
130 223
130 231
130 235
131 136
131 138
131 145
131 147
131 150
131 167
131 172
131 174
131 178
131 180
131 182
131 184
131 186
131 188
131 189
131 190
131 197
131 199
131 202
131 209
131 211
131 217
131 225
131 226
131 228
131 237
131 239
131 240
131 243
131 248
132 136
132 137
132 142
132 144
132 147
132 149
132 154
132 156
132 157
132 158
132 161
132 186
132 194
132 197
132 200
132 201
132 202
132 214
132 215
132 220
132 222
132 226
132 231
132 233
132 242
132 243
132 245
133 135
133 138
133 144
133 145
133 148
133 152
133 153
133 163
133 170
133 175
133 180
133 185
133 196
133 209
133 227
133 229
133 237
133 245
133 248
134 135
134 138
134 144
134 147
134 150
134 161
134 174
134 176
134 182
134 185
134 187
134 192
134 196
134 198
134 200
134 204
134 213
134 227
134 230
134 232
134 235
134 239
134 240
134 243
135 147
135 155
135 156
135 159
135 170
135 177
135 182
135 187
135 188
135 190
135 192
135 211
135 214
135 220
135 227
135 228
135 234
135 235
135 236
135 244
136 138
136 146
136 151
136 152
136 155
136 161
136 162
136 167
136 174
136 176
136 177
136 185
136 188
136 192
136 195
136 197
136 198
136 214
136 221
136 227
136 232
136 243
136 248
136 249
137 141
137 149
137 155
137 157
137 169
137 178
137 181
137 183
137 186
137 192
137 194
137 197
137 201
137 203
137 205
137 212
137 213
137 215
137 218
137 226
137 232
137 236
137 238
137 240
137 244
137 246
138 143
138 149
138 150
138 154
138 156
138 166
138 167
138 173
138 174
138 179
138 181
138 184
138 190
138 195
138 197
138 204
138 207
138 209
138 217
138 233
138 234
138 236
138 242
139 143
139 163
139 172
139 177
139 187
139 188
139 190
139 205
139 210
139 213
139 217
139 218
139 222
139 231
139 235
139 236
139 244
140 144
140 153
140 157
140 159
140 160
140 164
140 166
140 169
140 174
140 175
140 178
140 182
140 185
140 186
140 194
140 195
140 205
140 212
140 220
140 224
140 233
140 235
140 236
140 240
140 243
140 248
141 155
141 156
141 157
141 167
141 168
141 177
141 179
141 193
141 196
141 198
141 200
141 201
141 203
141 204
141 207
141 208
141 209
141 215
141 217
141 221
141 223
141 229
141 239
142 147
142 148
142 153
142 162
142 170
142 191
142 199
142 207
142 216
142 217
142 231
142 233
142 238
142 242
142 248
143 145
143 149
143 153
143 155
143 173
143 177
143 182
143 184
143 185
143 186
143 201
143 212
143 219
143 235
143 246
144 146
144 147
144 155
144 162
144 172
144 182
144 186
144 188
144 190
144 203
144 204
144 205
144 212
144 217
144 218
144 221
144 222
144 224
144 226
144 230
144 236
144 242
144 244
145 147
145 150
145 152
145 153
145 154
145 155
145 159
145 163
145 167
145 178
145 180
145 183
145 193
145 195
145 197
145 198
145 204
145 217
145 225
145 233
145 238
145 246
146 149
146 155
146 156
146 157
146 159
146 160
146 161
146 164
146 167
146 171
146 172
146 174
146 180
146 186
146 189
146 203
146 205
146 208
146 221
146 222
146 228
146 233
146 234
146 242
146 244
146 248
147 169
147 177
147 179
147 183
147 184
147 188
147 200
147 215
147 224
147 225
147 237
147 247
147 249
148 149
148 151
148 158
148 160
148 178
148 179
148 184
148 186
148 187
148 192
148 193
148 199
148 215
148 216
148 239
148 241
149 152
149 157
149 161
149 162
149 165
149 166
149 169
149 170
149 173
149 175
149 181
149 182
149 184
149 187
149 188
149 202
149 203
149 206
149 207
149 208
149 210
149 223
149 226
149 242
150 163
150 165
150 171
150 178
150 181
150 184
150 185
150 187
150 188
150 193
150 197
150 199
150 204
150 206
150 228
150 235
150 240
150 241
150 247
150 249
151 157
151 177
151 181
151 187
151 189
151 197
151 206
151 219
151 220
151 221
151 222
151 224
151 225
151 231
151 243
151 248
152 156
152 157
152 159
152 161
152 168
152 171
152 187
152 188
152 192
152 200
152 206
152 211
152 218
152 230
152 236
152 239
152 242
153 159
153 174
153 175
153 178
153 181
153 183
153 186
153 190
153 194
153 195
153 199
153 202
153 206
153 210
153 216
153 218
153 227
153 228
153 230
153 237
153 242
153 245
154 156
154 164
154 170
154 176
154 182
154 183
154 189
154 198
154 201
154 214
154 216
154 220
154 230
154 231
154 237
154 239
154 240
154 246
155 166
155 168
155 176
155 178
155 179
155 182
155 190
155 206
155 208
155 210
155 211
155 213
155 214
155 217
155 219
155 228
155 235
155 237
156 158
156 162
156 166
156 173
156 177
156 180
156 185
156 189
156 192
156 193
156 200
156 210
156 235
156 237
156 241
156 247
157 160
157 165
157 172
157 177
157 185
157 187
157 197
157 198
157 204
157 208
157 212
157 216
157 224
157 225
157 228
157 233
157 236
157 240
158 160
158 168
158 171
158 180
158 184
158 186
158 187
158 216
158 217
158 219
158 222
158 236
158 247
159 169
159 178
159 179
159 180
159 181
159 191
159 196
159 197
159 201
159 231
159 238
159 241
159 246
160 163
160 171
160 176
160 178
160 179
160 181
160 182
160 187
160 188
160 192
160 196
160 198
160 207
160 221
160 224
160 232
160 234
160 237
160 245
161 163
161 165
161 167
161 168
161 177
161 178
161 180
161 184
161 189
161 192
161 196
161 200
161 202
161 205
161 206
161 209
161 213
161 214
161 216
161 217
161 218
161 221
161 223
161 226
161 239
161 243
161 249
162 163
162 166
162 170
162 177
162 185
162 187
162 197
162 211
162 215
162 221
162 228
162 240
163 171
163 175
163 176
163 179
163 181
163 184
163 186
163 194
163 195
163 198
163 202
163 220
163 221
163 226
163 237
163 240
163 248
164 175
164 179
164 184
164 191
164 192
164 194
164 196
164 197
164 198
164 200
164 204
164 206
164 209
164 214
164 216
164 220
164 222
164 223
164 230
164 232
164 238
164 241
164 242
164 247
165 175
165 176
165 185
165 188
165 195
165 199
165 202
165 205
165 206
165 213
165 219
165 221
165 232
165 237
165 239
165 241
165 244
165 247
165 249
166 185
166 199
166 200
166 206
166 207
166 208
166 209
166 213
166 215
166 222
166 227
166 229
166 231
166 232
166 237
166 243
167 186
167 192
167 194
167 204
167 208
167 211
167 213
167 218
167 219
167 225
167 230
167 239
167 241
167 246
168 170
168 178
168 186
168 189
168 197
168 202
168 203
168 206
168 208
168 213
168 217
168 223
168 234
168 241
169 171
169 174
169 179
169 182
169 184
169 202
169 204
169 207
169 209
169 213
169 215
169 218
169 219
169 220
169 236
169 241
169 244
169 249
170 172
170 176
170 182
170 186
170 191
170 193
170 195
170 201
170 204
170 207
170 208
170 209
170 210
170 211
170 213
170 214
170 218
170 220
170 225
170 245
171 174
171 180
171 181
171 189
171 191
171 202
171 205
171 208
171 214
171 219
171 222
171 227
171 228
171 231
171 237
171 238
171 240
171 243
171 244
172 174
172 176
172 186
172 187
172 190
172 196
172 200
172 202
172 204
172 206
172 221
172 225
172 228
172 247
172 248
172 249
173 182
173 184
173 188
173 196
173 202
173 206
173 207
173 208
173 209
173 213
173 221
173 222
173 223
173 224
173 228
173 229
173 241
173 247
173 249
174 180
174 187
174 189
174 191
174 210
174 214
174 218
174 220
174 225
174 226
174 239
174 240
174 248
175 188
175 191
175 192
175 195
175 201
175 206
175 210
175 216
175 217
175 226
175 229
175 234
175 240
175 241
175 242
175 245
175 246
175 247
176 179
176 183
176 193
176 194
176 199
176 202
176 203
176 205
176 210
176 215
176 216
176 234
176 246
177 184
177 185
177 187
177 188
177 190
177 192
177 201
177 203
177 207
177 209
177 231
177 233
177 235
177 236
177 237
177 239
177 248
178 185
178 189
178 193
178 196
178 198
178 200
178 211
178 212
178 217
178 228
178 229
178 230
178 232
178 235
178 242
178 245
179 181
179 187
179 196
179 199
179 201
179 212
179 213
179 214
179 215
179 220
179 224
179 228
179 240
179 246
180 181
180 182
180 201
180 204
180 212
180 213
180 216
180 218
180 224
180 228
180 231
180 233
180 235
180 239
180 249
181 185
181 190
181 192
181 195
181 198
181 203
181 206
181 213
181 226
181 228
181 229
181 234
181 245
181 248
182 190
182 192
182 214
182 215
182 223
182 226
182 229
182 234
182 235
182 237
182 242
182 243
183 189
183 191
183 206
183 207
183 210
183 219
183 220
183 224
183 229
183 231
183 241
183 242
183 247
184 186
184 189
184 192
184 195
184 198
184 221
184 230
184 243
185 187
185 200
185 202
185 209
185 215
185 217
185 225
185 228
185 233
185 235
185 244
186 192
186 195
186 200
186 204
186 216
186 218
186 226
186 230
186 235
186 237
186 239
186 245
186 246
186 248
187 193
187 195
187 196
187 197
187 200
187 205
187 210
187 229
187 246
188 194
188 199
188 200
188 203
188 214
188 215
188 219
188 225
188 226
188 228
188 238
188 239
188 247
188 248
189 190
189 198
189 199
189 204
189 208
189 213
189 214
189 218
189 222
189 224
189 227
189 231
189 233
189 242
189 243
189 247
190 195
190 197
190 199
190 201
190 203
190 211
190 215
190 217
190 219
190 222
190 230
190 233
190 240
190 243
190 246
190 247
190 248
191 199
191 210
191 213
191 223
191 230
191 233
191 235
191 239
191 245
191 246
191 247
192 196
192 197
192 199
192 207
192 209
192 211
192 213
192 215
192 218
192 223
192 228
192 229
192 231
192 234
192 238
192 241
192 247
193 199
193 200
193 204
193 206
193 207
193 214
193 216
193 218
193 219
193 222
193 229
193 237
193 245
193 248
194 195
194 200
194 203
194 220
194 224
194 232
194 234
194 237
194 247
194 248
195 208
195 210
195 214
195 217
195 220
195 222
195 227
195 231
195 233
195 235
195 240
195 241
195 246
195 248
196 200
196 201
196 202
196 204
196 207
196 208
196 209
196 211
196 227
196 228
196 231
196 233
196 234
196 242
196 245
196 246
197 199
197 206
197 208
197 213
197 214
197 224
197 229
197 235
197 238
197 241
197 247
198 211
198 214
198 216
198 217
198 223
198 226
198 228
198 229
198 230
198 231
198 232
198 238
198 239
198 242
198 244
198 246
199 200
199 215
199 217
199 219
199 227
199 231
199 234
199 235
199 237
199 238
199 239
199 241
199 242
199 245
200 206
200 208
200 210
200 213
200 215
200 221
200 222
200 226
200 236
200 239
200 245
200 247
201 204
201 205
201 207
201 208
201 214
201 219
201 222
201 229
201 232
201 233
201 242
201 249
202 214
202 217
202 229
202 231
202 234
202 235
202 236
202 240
202 242
202 244
203 212
203 220
203 222
203 223
203 225
203 226
203 243
203 245
203 248
204 207
204 212
204 220
204 222
204 228
204 237
204 239
204 241
204 242
204 246
204 248
205 208
205 222
205 225
205 227
205 228
205 230
205 231
205 232
205 234
205 236
205 241
205 244
206 207
206 210
206 212
206 220
206 225
206 227
206 235
206 239
206 241
207 209
207 210
207 218
207 223
207 227
207 242
207 244
207 247
208 211
208 213
208 215
208 220
208 223
208 230
208 233
208 239
208 241
208 247
209 221
209 224
209 227
209 241
210 222
210 236
210 238
210 246
210 248
210 249
211 213
211 219
211 224
211 229
211 233
211 234
211 237
211 240
212 216
212 217
212 220
212 222
212 225
212 232
212 240
212 243
213 219
213 222
213 223
213 225
213 226
213 227
213 229
213 237
213 247
213 248
214 217
214 219
214 222
214 233
215 216
215 221
215 224
215 234
215 235
215 239
215 241
215 242
215 245
215 247
216 231
216 233
216 235
216 237
216 239
217 219
217 230
217 239
218 223
218 224
218 225
218 226
218 242
219 230
219 234
219 235
219 239
219 241
219 249
220 222
220 223
220 224
220 230
220 231
220 232
220 234
221 228
221 239
221 240
221 244
221 247
221 248
222 224
222 232
222 235
222 239
222 241
222 242
222 248
223 226
223 228
223 232
223 237
223 244
223 247
223 248
223 249
224 234
224 236
224 239
224 241
224 243
225 228
225 229
225 230
225 231
226 230
226 242
226 249
227 228
227 234
227 239
227 247
228 237
228 244
228 246
228 248
229 230
229 241
229 246
230 233
230 239
230 241
230 243
230 247
230 248
231 233
231 234
231 240
232 247
233 240
233 241
233 244
233 246
233 247
234 235
234 236
234 242
235 239
235 242
235 245
235 248
236 240
236 246
236 247
237 239
237 242
237 247
238 239
238 248
239 249
240 243
241 245
242 246
242 248
242 249
243 246
247 249

1 0 1 0 0 1 1 0 1 1 0 0 1 1 0 1 1 1 1 0 0 0 0 0 1 1 0 1 0 0 0 0 1 0 1 0 0 0 1 1 1 0 1 1 0 1 0 0 0 0 0 0 0 1 1 1 0 0 1 1 0 0 0 1 0 1 0 1 0 1 0 0 0 1 0 1 1 1 1 1 1 1 0 0 1 0 1 0 1 0 0 1 1 0 1 0 1 1 0 1 0 1 0 0 1 0 1 0 1 1 1 0 1 1 1 1 0 0 0 0 1 1 1 1 1 1 1 1 0 0 0 0 0 1 1 0 1 0 0 0 0 0 1 1 0 0 1 1 1 1 1 1 1 1 0 0 0 0 0 0 1 0 0 0 0 0 1 0 1 0 1 1 0 0 0 1 0 1 0 1 1 0 0 1 1 0 1 0 0 0 1 1 1 0 0 0 1 0 0 1 0 0 0 1 1 1 0 1 1 0 1 1 0 1 1 1 1 0 0 1 0 1 0 1 0 1 1 1 1 0 1 1 1 1 0 1 1 1 0 0 0 1 1 0 1 0 0 0 0 0