100 2427
0 1 2 3 4 5 6 7 8 9 10 11 12 13 14 15 16 17 18 19 20 21 22 23 24 25 26 27 28 29 30 31 32 33 34 35 36 37 38 39 40 41 42 43 44 45 46 47 48 49 50 51 52 53 54 55 56 57 58 59 60 61 62 63 64 65 66 67 68 69 70 71 72 73 74 75 76 77 78 79 80 81 82 83 84 85 86 87 88 89 90 91 92 93 94 95 96 97 98 99
0 1
0 2
0 3
0 8
0 11
0 12
0 13
0 19
0 23
0 24
0 25
0 28
0 30
0 31
0 32
0 36
0 39
0 42
0 43
0 44
0 45
0 46
0 48
0 50
0 53
0 54
0 56
0 60
0 61
0 64
0 65
0 66
0 68
0 70
0 72
0 76
0 77
0 78
0 79
0 80
0 83
0 85
0 86
0 88
0 91
0 93
0 95
0 96
0 97
1 2
1 4
1 5
1 6
1 7
1 8
1 10
1 11
1 12
1 13
1 14
1 16
1 18
1 24
1 25
1 26
1 31
1 34
1 36
1 37
1 39
1 41
1 45
1 46
1 47
1 50
1 55
1 58
1 59
1 60
1 62
1 64
1 65
1 67
1 68
1 75
1 77
1 78
1 82
1 87
1 88
1 89
1 91
1 92
1 93
1 95
2 3
2 4
2 7
2 8
2 11
2 14
2 15
2 16
2 19
2 20
2 21
2 24
2 27
2 28
2 29
2 33
2 34
2 35
2 36
2 37
2 39
2 40
2 41
2 43
2 47
2 49
2 50
2 51
2 54
2 55
2 57
2 59
2 61
2 63
2 66
2 67
2 70
2 72
2 78
2 81
2 84
2 86
2 87
2 88
2 89
2 90
2 91
2 92
2 93
2 98
2 99
3 6
3 8
3 17
3 19
3 20
3 21
3 23
3 24
3 27
3 29
3 30
3 32
3 34
3 35
3 36
3 38
3 39
3 40
3 43
3 44
3 46
3 47
3 51
3 52
3 53
3 54
3 58
3 59
3 61
3 64
3 66
3 70
3 72
3 74
3 75
3 76
3 77
3 78
3 79
3 80
3 81
3 84
3 88
3 90
3 94
3 95
3 96
3 97
3 99
4 10
4 11
4 14
4 15
4 19
4 20
4 21
4 22
4 24
4 25
4 27
4 32
4 33
4 36
4 39
4 40
4 41
4 43
4 47
4 49
4 51
4 52
4 56
4 60
4 62
4 71
4 73
4 74
4 76
4 77
4 79
4 83
4 84
4 87
4 88
4 92
4 95
4 96
5 6
5 8
5 9
5 10
5 13
5 17
5 18
5 19
5 21
5 22
5 23
5 25
5 26
5 28
5 29
5 30
5 34
5 36
5 38
5 39
5 40
5 41
5 45
5 48
5 49
5 51
5 52
5 53
5 54
5 57
5 64
5 65
5 66
5 68
5 72
5 74
5 75
5 76
5 77
5 84
5 85
5 89
5 95
5 97
5 98
5 99
6 9
6 10
6 11
6 12
6 14
6 16
6 20
6 21
6 22
6 23
6 25
6 29
6 32
6 35
6 37
6 40
6 41
6 44
6 46
6 48
6 50
6 51
6 52
6 53
6 55
6 57
6 60
6 61
6 63
6 64
6 65
6 66
6 70
6 71
6 75
6 80
6 83
6 86
6 87
6 88
6 95
6 97
6 98
6 99
7 8
7 9
7 11
7 13
7 15
7 16
7 17
7 18
7 20
7 21
7 22
7 25
7 27
7 28
7 30
7 32
7 34
7 35
7 37
7 39
7 40
7 41
7 42
7 44
7 45
7 46
7 49
7 52
7 54
7 58
7 60
7 62
7 63
7 68
7 74
7 76
7 78
7 82
7 84
7 90
7 92
7 95
7 96
7 97
8 11
8 13
8 15
8 16
8 17
8 19
8 22
8 25
8 27
8 32
8 34
8 35
8 38
8 40
8 41
8 42
8 43
8 44
8 45
8 46
8 48
8 54
8 55
8 56
8 60
8 62
8 66
8 69
8 71
8 73
8 75
8 80
8 81
8 82
8 83
8 84
8 86
8 89
8 92
8 96
9 10
9 11
9 12
9 13
9 17
9 18
9 19
9 21
9 22
9 23
9 24
9 30
9 31
9 32
9 33
9 35
9 36
9 40
9 43
9 44
9 45
9 46
9 47
9 48
9 52
9 53
9 54
9 56
9 57
9 58
9 61
9 62
9 63
9 65
9 66
9 67
9 69
9 70
9 71
9 73
9 74
9 75
9 76
9 77
9 78
9 79
9 80
9 81
9 82
9 83
9 87
9 88
9 89
9 92
9 97
9 98
9 99
10 11
10 16
10 19
10 20
10 21
10 24
10 25
10 26
10 30
10 33
10 34
10 39
10 40
10 42
10 44
10 45
10 46
10 48
10 51
10 52
10 53
10 55
10 57
10 58
10 59
10 61
10 64
10 65
10 66
10 67
10 68
10 69
10 71
10 73
10 76
10 77
10 78
10 79
10 81
10 82
10 86
10 88
10 91
10 93
10 97
10 98
10 99
11 12
11 13
11 15
11 16
11 17
11 18
11 20
11 21
11 22
11 25
11 26
11 27
11 28
11 30
11 33
11 34
11 35
11 37
11 38
11 39
11 40
11 41
11 44
11 45
11 47
11 48
11 50
11 51
11 57
11 58
11 61
11 62
11 63
11 65
11 68
11 69
11 71
11 72
11 76
11 77
11 79
11 80
11 82
11 84
11 91
11 92
11 93
11 97
11 98
11 99
12 14
12 15
12 16
12 18
12 20
12 21
12 22
12 23
12 24
12 28
12 29
12 31
12 32
12 33
12 34
12 36
12 39
12 40
12 42
12 46
12 47
12 51
12 52
12 54
12 61
12 65
12 66
12 68
12 69
12 70
12 72
12 73
12 74
12 75
12 80
12 81
12 82
12 83
12 84
12 88
12 89
12 93
12 95
12 96
12 97
12 98
12 99
13 16
13 17
13 22
13 23
13 24
13 25
13 26
13 30
13 36
13 37
13 39
13 43
13 44
13 46
13 47
13 48
13 49
13 50
13 52
13 54
13 55
13 56
13 58
13 59
13 62
13 64
13 65
13 66
13 68
13 69
13 70
13 71
13 72
13 74
13 76
13 77
13 79
13 82
13 85
13 88
13 89
13 93
13 95
13 96
13 97
14 16
14 20
14 22
14 23
14 25
14 28
14 29
14 31
14 34
14 39
14 42
14 43
14 44
14 45
14 47
14 50
14 51
14 53
14 54
14 55
14 58
14 59
14 61
14 62
14 65
14 69
14 71
14 73
14 75
14 79
14 80
14 83
14 85
14 94
14 95
14 98
14 99
15 16
15 17
15 18
15 21
15 23
15 24
15 26
15 29
15 30
15 31
15 32
15 33
15 34
15 35
15 41
15 42
15 45
15 47
15 50
15 51
15 54
15 56
15 57
15 58
15 62
15 65
15 66
15 70
15 71
15 72
15 73
15 76
15 77
15 80
15 81
15 82
15 83
15 84
15 85
15 88
15 93
15 94
15 95
15 96
15 97
15 98
15 99
16 20
16 21
16 22
16 24
16 28
16 29
16 30
16 31
16 33
16 34
16 35
16 41
16 43
16 46
16 48
16 52
16 53
16 55
16 56
16 57
16 58
16 60
16 61
16 64
16 67
16 72
16 73
16 74
16 75
16 77
16 78
16 83
16 84
16 85
16 86
16 87
16 88
16 92
16 94
16 95
17 18
17 21
17 22
17 23
17 24
17 26
17 28
17 29
17 30
17 31
17 34
17 41
17 43
17 44
17 50
17 51
17 52
17 57
17 62
17 63
17 65
17 66
17 70
17 72
17 73
17 74
17 76
17 77
17 80
17 82
17 83
17 85
17 86
17 88
17 89
17 90
17 95
17 96
18 21
18 25
18 26
18 27
18 29
18 34
18 39
18 40
18 41
18 42
18 43
18 44
18 46
18 48
18 49
18 56
18 58
18 61
18 63
18 65
18 66
18 69
18 71
18 72
18 74
18 76
18 77
18 83
18 84
18 86
18 89
18 91
18 92
18 93
18 96
18 97
18 98
18 99
19 25
19 28
19 29
19 30
19 31
19 32
19 37
19 39
19 40
19 42
19 45
19 46
19 47
19 50
19 51
19 52
19 53
19 54
19 55
19 56
19 57
19 59
19 60
19 61
19 65
19 71
19 75
19 77
19 78
19 80
19 85
19 86
19 87
19 89
19 90
19 91
19 93
19 95
19 96
20 24
20 28
20 30
20 32
20 35
20 36
20 37
20 39
20 43
20 48
20 49
20 52
20 53
20 54
20 55
20 58
20 64
20 65
20 66
20 69
20 70
20 71
20 72
20 73
20 74
20 75
20 76
20 77
20 78
20 79
20 80
20 88
20 90
20 96
20 99
21 22
21 23
21 26
21 29
21 30
21 31
21 33
21 34
21 35
21 36
21 37
21 38
21 39
21 43
21 46
21 51
21 52
21 53
21 57
21 61
21 62
21 63
21 64
21 66
21 67
21 69
21 70
21 72
21 78
21 79
21 80
21 82
21 84
21 85
21 86
21 89
21 92
21 94
21 95
21 96
21 97
21 99
22 24
22 25
22 26
22 28
22 31
22 32
22 33
22 37
22 38
22 39
22 40
22 42
22 43
22 45
22 48
22 49
22 50
22 54
22 58
22 61
22 63
22 66
22 70
22 72
22 73
22 77
22 78
22 80
22 82
22 83
22 85
22 86
22 89
22 90
22 91
22 92
22 95
22 96
22 97
22 98
23 25
23 28
23 32
23 33
23 37
23 40
23 41
23 42
23 45
23 47
23 48
23 52
23 53
23 59
23 66
23 69
23 70
23 75
23 76
23 78
23 83
23 84
23 85
23 86
23 88
23 90
23 93
23 94
23 96
23 97
23 99
24 30
24 33
24 34
24 36
24 37
24 39
24 42
24 44
24 51
24 52
24 53
24 54
24 56
24 57
24 58
24 59
24 60
24 62
24 67
24 69
24 73
24 75
24 76
24 80
24 81
24 82
24 83
24 85
24 87
24 90
24 92
24 96
24 99
25 26
25 29
25 30
25 31
25 32
25 33
25 34
25 37
25 38
25 40
25 43
25 44
25 48
25 51
25 54
25 56
25 57
25 58
25 60
25 62
25 64
25 69
25 71
25 75
25 81
25 83
25 86
25 87
25 88
25 90
25 93
25 94
25 96
25 97
25 98
26 27
26 30
26 32
26 35
26 37
26 43
26 44
26 45
26 47
26 48
26 50
26 51
26 53
26 55
26 59
26 63
26 64
26 66
26 67
26 68
26 70
26 71
26 73
26 78
26 79
26 81
26 86
26 92
26 93
26 95
26 96
26 97
26 99
27 29
27 34
27 38
27 40
27 42
27 44
27 46
27 50
27 53
27 54
27 56
27 58
27 61
27 67
27 70
27 71
27 72
27 73
27 74
27 75
27 77
27 78
27 80
27 81
27 84
27 85
27 87
27 88
27 89
27 90
27 91
27 92
27 93
27 94
27 95
27 96
27 97
27 98
27 99
28 30
28 35
28 36
28 38
28 39
28 40
28 45
28 46
28 47
28 50
28 53
28 54
28 55
28 57
28 59
28 63
28 64
28 65
28 66
28 67
28 68
28 69
28 70
28 71
28 73
28 74
28 79
28 83
28 84
28 87
28 88
28 90
28 91
28 92
28 95
28 96
28 97
28 99
29 31
29 33
29 34
29 38
29 39
29 43
29 45
29 49
29 50
29 54
29 56
29 57
29 62
29 64
29 67
29 68
29 71
29 73
29 76
29 79
29 83
29 84
29 85
29 86
29 87
29 89
29 90
29 91
29 93
29 95
29 96
29 97
29 98
30 34
30 39
30 40
30 42
30 43
30 44
30 48
30 49
30 50
30 52
30 53
30 54
30 55
30 57
30 58
30 60
30 61
30 65
30 68
30 70
30 74
30 75
30 76
30 78
30 79
30 80
30 83
30 84
30 85
30 87
30 88
30 89
30 90
30 92
30 93
30 97
30 98
30 99
31 32
31 35
31 36
31 38
31 39
31 40
31 43
31 45
31 52
31 55
31 60
31 63
31 64
31 65
31 69
31 71
31 73
31 74
31 79
31 80
31 82
31 85
31 88
31 89
31 91
31 92
31 96
31 97
32 33
32 34
32 35
32 36
32 41
32 44
32 46
32 48
32 49
32 50
32 51
32 52
32 53
32 54
32 55
32 57
32 58
32 62
32 63
32 64
32 65
32 66
32 69
32 71
32 72
32 75
32 76
32 77
32 78
32 79
32 81
32 84
32 86
32 87
32 88
32 90
32 93
32 94
32 95
32 96
32 97
33 35
33 39
33 42
33 47
33 50
33 53
33 54
33 56
33 58
33 61
33 62
33 64
33 65
33 66
33 67
33 69
33 71
33 76
33 78
33 79
33 86
33 94
33 98
34 37
34 38
34 40
34 41
34 43
34 44
34 45
34 47
34 51
34 52
34 54
34 55
34 56
34 57
34 58
34 60
34 62
34 63
34 66
34 67
34 69
34 70
34 71
34 72
34 73
34 74
34 75
34 76
34 78
34 82
34 83
34 84
34 86
34 88
34 92
34 96
34 97
34 98
35 37
35 40
35 45
35 46
35 47
35 51
35 52
35 53
35 56
35 57
35 58
35 59
35 60
35 61
35 62
35 66
35 70
35 74
35 76
35 79
35 80
35 85
35 86
35 87
35 88
35 91
35 96
35 97
36 40
36 42
36 43
36 44
36 47
36 48
36 49
36 51
36 53
36 55
36 61
36 62
36 63
36 64
36 65
36 68
36 74
36 75
36 76
36 79
36 82
36 83
36 84
36 89
36 90
36 97
37 45
37 46
37 47
37 48
37 50
37 52
37 53
37 56
37 59
37 60
37 63
37 66
37 73
37 74
37 79
37 81
37 84
37 86
37 87
37 91
37 92
37 93
37 94
37 95
37 96
37 97
37 98
38 39
38 40
38 41
38 46
38 49
38 52
38 53
38 55
38 56
38 60
38 63
38 64
38 67
38 68
38 70
38 71
38 75
38 78
38 80
38 82
38 83
38 88
38 92
38 93
38 95
38 96
38 98
39 41
39 43
39 44
39 47
39 48
39 50
39 54
39 56
39 57
39 58
39 59
39 60
39 61
39 63
39 68
39 69
39 70
39 71
39 72
39 73
39 76
39 82
39 84
39 85
39 86
39 87
39 90
39 91
39 95
39 99
40 41
40 43
40 44
40 45
40 49
40 50
40 51
40 53
40 54
40 56
40 57
40 59
40 60
40 61
40 64
40 67
40 68
40 71
40 73
40 76
40 78
40 79
40 81
40 82
40 87
40 89
40 90
40 92
40 95
40 96
40 98
41 42
41 45
41 48
41 50
41 52
41 53
41 54
41 55
41 56
41 59
41 61
41 62
41 63
41 65
41 71
41 73
41 74
41 76
41 81
41 85
41 87
41 88
41 90
41 93
41 96
41 97
41 99
42 43
42 45
42 47
42 49
42 51
42 52
42 55
42 56
42 58
42 60
42 64
42 65
42 66
42 68
42 69
42 70
42 71
42 75
42 76
42 78
42 81
42 86
42 88
42 91
42 93
42 94
42 95
42 97
42 99
43 46
43 50
43 51
43 52
43 54
43 56
43 57
43 60
43 61
43 62
43 63
43 64
43 69
43 71
43 72
43 73
43 74
43 82
43 84
43 87
43 88
43 89
43 90
43 92
43 93
43 94
43 95
43 96
43 97
43 98
44 45
44 46
44 47
44 48
44 51
44 53
44 57
44 58
44 59
44 63
44 66
44 67
44 68
44 71
44 73
44 77
44 79
44 80
44 82
44 84
44 85
44 90
44 91
44 95
44 97
44 99
45 46
45 47
45 48
45 49
45 50
45 53
45 58
45 60
45 63
45 65
45 66
45 67
45 68
45 69
45 70
45 74
45 77
45 79
45 80
45 82
45 85
45 87
45 93
45 94
45 95
45 96
45 97
46 47
46 48
46 50
46 53
46 54
46 56
46 57
46 58
46 61
46 62
46 63
46 64
46 65
46 67
46 72
46 73
46 78
46 80
46 83
46 84
46 85
46 86
46 87
46 91
46 92
46 95
46 96
46 99
47 49
47 51
47 53
47 54
47 58
47 59
47 65
47 68
47 69
47 74
47 77
47 78
47 81
47 82
47 83
47 85
47 87
47 89
47 97
47 98
47 99
48 50
48 51
48 52
48 53
48 54
48 55
48 56
48 58
48 59
48 63
48 65
48 67
48 69
48 70
48 71
48 74
48 75
48 78
48 80
48 82
48 83
48 85
48 87
48 89
48 92
48 99
49 50
49 52
49 53
49 55
49 56
49 58
49 59
49 62
49 63
49 64
49 68
49 72
49 74
49 76
49 77
49 79
49 80
49 81
49 82
49 83
49 86
49 87
49 90
49 96
49 97
49 99
50 51
50 53
50 54
50 58
50 60
50 61
50 62
50 63
50 67
50 68
50 70
50 75
50 76
50 78
50 79
50 80
50 81
50 87
50 90
50 91
50 93
50 95
50 98
51 54
51 56
51 57
51 58
51 59
51 61
51 64
51 65
51 67
51 68
51 69
51 70
51 72
51 73
51 74
51 75
51 78
51 79
51 80
51 83
51 88
51 91
51 94
51 95
51 96
51 97
51 99
52 56
52 57
52 62
52 64
52 65
52 66
52 67
52 71
52 73
52 75
52 77
52 78
52 79
52 80
52 81
52 82
52 83
52 84
52 86
52 87
52 89
52 90
52 91
52 94
52 97
52 98
52 99
53 55
53 57
53 59
53 60
53 63
53 64
53 68
53 70
53 71
53 72
53 77
53 79
53 82
53 83
53 85
53 88
53 91
53 92
53 93
53 98
53 99
54 58
54 60
54 61
54 64
54 66
54 67
54 68
54 69
54 71
54 72
54 73
54 77
54 81
54 83
54 87
54 92
54 93
54 94
54 97
54 98
54 99
55 60
55 61
55 63
55 64
55 66
55 67
55 69
55 70
55 71
55 78
55 80
55 83
55 84
55 85
55 86
55 88
55 91
55 92
55 93
55 95
55 98
56 58
56 59
56 61
56 63
56 64
56 65
56 72
56 76
56 77
56 78
56 79
56 80
56 81
56 82
56 85
56 86
56 89
56 91
56 94
56 95
56 96
56 98
57 60
57 62
57 64
57 65
57 66
57 67
57 68
57 69
57 73
57 74
57 76
57 78
57 83
57 84
57 85
57 86
57 87
57 90
57 91
57 92
57 93
57 98
57 99
58 59
58 60
58 64
58 65
58 66
58 67
58 68
58 72
58 73
58 76
58 78
58 79
58 81
58 82
58 84
58 86
58 88
58 92
58 93
58 94
58 95
58 96
58 98
59 60
59 61
59 65
59 70
59 73
59 75
59 78
59 79
59 81
59 83
59 84
59 87
59 93
59 94
59 96
59 97
60 61
60 62
60 64
60 66
60 67
60 70
60 74
60 75
60 77
60 81
60 85
60 87
60 88
60 91
60 92
60 94
60 97
60 98
61 62
61 69
61 70
61 71
61 72
61 74
61 75
61 77
61 79
61 80
61 81
61 83
61 84
61 85
61 86
61 89
61 90
61 91
61 93
61 96
61 97
61 99
62 64
62 65
62 66
62 69
62 70
62 71
62 72
62 73
62 76
62 78
62 81
62 82
62 83
62 84
62 85
62 88
62 89
62 98
63 64
63 66
63 68
63 69
63 70
63 71
63 73
63 75
63 77
63 78
63 79
63 80
63 81
63 83
63 84
63 88
63 89
63 94
63 96
63 97
63 99
64 65
64 66
64 70
64 71
64 72
64 74
64 75
64 76
64 77
64 78
64 79
64 81
64 82
64 83
64 84
64 85
64 87
64 93
65 66
65 68
65 69
65 70
65 71
65 72
65 80
65 82
65 83
65 89
65 92
65 93
65 94
65 95
65 97
66 68
66 69
66 70
66 71
66 72
66 74
66 75
66 77
66 80
66 81
66 83
66 84
66 88
66 91
66 95
66 96
66 98
67 69
67 70
67 71
67 72
67 73
67 75
67 78
67 81
67 82
67 83
67 85
67 87
67 89
67 90
67 91
67 93
67 96
67 97
67 98
68 69
68 74
68 76
68 79
68 81
68 84
68 86
68 87
68 89
68 90
68 93
68 94
68 95
68 97
68 99
69 71
69 74
69 75
69 77
69 78
69 81
69 86
69 88
69 91
69 95
69 97
69 98
69 99
70 71
70 72
70 78
70 79
70 83
70 84
70 86
70 94
70 95
70 98
71 73
71 74
71 75
71 81
71 86
71 88
71 89
71 90
71 92
71 94
71 95
71 96
71 97
71 98
71 99
72 73
72 76
72 77
72 78
72 79
72 80
72 83
72 84
72 86
72 87
72 89
72 91
72 94
72 95
72 97
73 81
73 86
73 87
73 89
73 91
73 94
73 97
73 98
74 76
74 77
74 79
74 80
74 82
74 83
74 86
74 87
74 89
74 91
74 92
74 96
74 98
75 77
75 78
75 79
75 81
75 84
75 85
75 86
75 87
75 89
75 91
75 93
75 94
75 95
75 96
76 78
76 79
76 82
76 83
76 86
76 87
76 94
76 95
76 98
76 99
77 78
77 81
77 84
77 85
77 87
77 89
77 90
77 92
77 96
77 97
77 98
77 99
78 80
78 81
78 83
78 87
78 89
78 93
78 94
78 95
78 96
79 80
79 82
79 84
79 85
79 87
79 90
79 91
79 95
79 99
80 82
80 83
80 84
80 85
80 92
80 94
80 95
80 97
80 99
81 83
81 85
81 86
81 87
81 88
81 94
81 95
81 96
82 83
82 86
82 88
82 89
82 90
82 93
82 94
82 96
82 97
83 88
83 92
83 93
83 94
83 96
84 85
84 89
84 91
84 92
84 94
84 95
84 96
84 97
84 98
85 86
85 89
85 90
85 93
85 95
85 97
85 98
85 99
86 88
86 89
86 90
86 91
86 93
86 94
87 89
87 91
87 93
87 95
87 96
87 98
88 91
88 94
88 95
88 97
89 92
89 95
89 97
89 99
90 93
90 96
90 98
91 94
91 95
91 97
91 98
92 93
92 95
92 97
93 96
93 97
94 97
94 99
95 98
96 98

0 1 0 1 0 0 1 1 0 0 0 0 0 0 1 1 1 0 1 1 1 0 1 1 1 1 1 0 1 0 0 0 1 1 0 1 1 0 0 1 1 0 1 1 1 1 0 0 1 0 0 1 0 0 0 1 1 1 0 1 1 0 0 0 1 1 0 0 1 0 0 0 1 1 1 0 0 0 0 1 1 1 0 0 1 0 0 1 1 1 0 0 1 1 0 0 1 0 1 0