200 164
0 1 2 3 4 5 6 7 8 9 10 11 12 13 14 15 16 17 18 19 20 21 22 23 24 25 26 27 28 29 30 31 32 33 34 35 36 37 38 39 40 41 42 43 44 45 46 47 48 49 50 51 52 53 54 55 56 57 58 59 60 61 62 63 64 65 66 67 68 69 70 71 72 73 74 75 76 77 78 79 80 81 82 83 84 85 86 87 88 89 90 91 92 93 94 95 96 97 98 99 100 101 102 103 104 105 106 107 108 109 110 111 112 113 114 115 116 117 118 119 120 121 122 123 124 125 126 127 128 129 130 131 132 133 134 135 136 137 138 139 140 141 142 143 144 145 146 147 148 149 150 151 152 153 154 155 156 157 158 159 160 161 162 163 164 165 166 167 168 169 170 171 172 173 174 175 176 177 178 179 180 181 182 183 184 185 186 187 188 189 190 191 192 193 194 195 196 197 198 199
0 75
0 101
0 172
0 189
1 17
2 4
3 32
3 122
4 155
5 183
6 123
7 126
8 170
9 17
9 86
10 145
11 24
11 138
13 68
13 83
13 135
13 161
15 48
15 144
16 73
18 25
20 22
21 100
22 26
22 77
22 146
23 168
24 177
25 83
25 90
26 30
27 157
28 50
28 90
28 106
28 158
28 180
29 80
30 35
32 50
33 185
34 178
34 180
35 50
36 188
36 192
38 91
38 182
39 162
39 194
39 196
40 118
40 186
41 98
41 99
41 119
41 163
42 87
42 184
43 81
43 91
43 130
44 92
46 67
46 117
46 166
47 61
49 85
49 164
50 168
51 82
51 173
54 79
55 65
55 84
55 160
56 109
56 182
57 120
60 61
60 105
61 90
61 144
62 92
62 129
63 107
65 125
66 165
67 157
67 181
68 81
68 186
71 72
72 105
72 110
72 178
78 144
79 130
79 131
83 156
84 158
85 167
86 94
87 94
87 123
88 89
88 136
90 170
91 92
92 145
93 130
93 135
94 158
94 159
95 133
96 102
96 147
96 176
101 111
101 121
102 115
106 131
108 114
109 145
112 113
112 186
114 186
117 122
118 169
120 150
121 126
124 147
124 173
124 181
125 139
127 140
128 129
129 156
131 167
134 166
136 158
136 187
138 180
139 180
140 152
141 174
142 181
143 181
147 190
149 158
152 170
153 185
157 187
160 164
164 196
169 197
177 181
177 196
183 195

1 1 1 0 0 0 0 0 0 1 0 1 1 0 0 1 0 1 1 0 0 0 0 1 1 1 0 1 1 1 0 0 0 0 1 1 0 1 0 0 1 1 0 0 0 0 1 0 0 0 0 1 1 1 0 0 0 0 0 0 1 1 0 0 0 1 1 1 0 1 0 1 1 1 0 1 1 0 0 1 0 0 0 1 1 1 1 1 0 1 0 0 1 1 1 0 1 1 1 1 0 0 1 0 1 1 0 1 1 0 1 1 0 0 0 0 1 1 1 0 1 0 0 1 1 1 0 0 0 0 1 1 0 0 1 1 1 1 1 0 1 0 0 1 0 0 1 1 0 0 0 1 1 0 1 0 0 1 1 1 1 0 1 0 0 1 0 0 0 0 1 1 0 1 0 1 1 0 1 0 0 1 1 1 0 1 1 0 0 1 0 0 1 0 1 1 1 0 1 0