150 96
0 1 2 3 4 5 6 7 8 9 10 11 12 13 14 15 16 17 18 19 20 21 22 23 24 25 26 27 28 29 30 31 32 33 34 35 36 37 38 39 40 41 42 43 44 45 46 47 48 49 50 51 52 53 54 55 56 57 58 59 60 61 62 63 64 65 66 67 68 69 70 71 72 73 74 75 76 77 78 79 80 81 82 83 84 85 86 87 88 89 90 91 92 93 94 95 96 97 98 99 100 101 102 103 104 105 106 107 108 109 110 111 112 113 114 115 116 117 118 119 120 121 122 123 124 125 126 127 128 129 130 131 132 133 134 135 136 137 138 139 140 141 142 143 144 145 146 147 148 149
0 5
1 106
1 108
2 14
2 50
2 61
2 102
2 107
5 76
5 79
6 136
7 120
9 88
10 84
11 38
11 132
12 64
13 85
17 75
19 28
19 98
20 48
20 52
20 105
21 118
24 37
25 144
26 39
26 111
27 52
28 52
28 134
29 87
29 131
31 133
33 45
34 96
34 105
39 64
41 139
41 146
42 126
44 58
44 136
45 51
45 94
46 62
47 95
49 82
50 84
51 130
53 91
53 117
53 120
55 84
55 121
56 101
57 109
59 99
59 137
62 71
64 119
65 105
66 111
67 85
69 115
70 74
71 80
71 116
71 144
77 139
79 83
82 96
83 128
86 126
88 120
89 128
90 135
90 136
91 105
91 140
95 130
95 137
96 114
96 125
98 140
102 145
107 137
108 129
109 121
111 113
111 140
118 125
123 133
124 148
139 146

0 0 0 1 0 0 1 1 0 0 0 1 0 0 0 0 1 1 0 1 1 1 1 1 0 1 1 1 0 0 1 0 1 0 0 1 1 1 0 0 1 0 0 0 1 1 0 1 1 1 1 1 1 0 1 1 0 0 1 1 1 1 0 1 0 0 0 1 0 1 0 0 1 0 1 0 0 0 1 1 0 1 1 1 0 0 0 0 1 0 1 0 1 1 0 0 1 0 0 0 0 1 1 1 1 0 1 0 0 1 0 1 0 0 0 1 1 1 1 1 1 0 0 0 0 1 1 0 0 0 1 1 1 1 1 0 1 0 0 1 1 1 1 0 0 0 0 0 1 0