150 597
0 1 2 3 4 5 6 7 8 9 10 11 12 13 14 15 16 17 18 19 20 21 22 23 24 25 26 27 28 29 30 31 32 33 34 35 36 37 38 39 40 41 42 43 44 45 46 47 48 49 50 51 52 53 54 55 56 57 58 59 60 61 62 63 64 65 66 67 68 69 70 71 72 73 74 75 76 77 78 79 80 81 82 83 84 85 86 87 88 89 90 91 92 93 94 95 96 97 98 99 100 101 102 103 104 105 106 107 108 109 110 111 112 113 114 115 116 117 118 119 120 121 122 123 124 125 126 127 128 129 130 131 132 133 134 135 136 137 138 139 140 141 142 143 144 145 146 147 148 149
0 1
0 9
0 13
0 25
0 27
0 51
0 96
0 101
0 111
0 127
0 138
0 140
0 141
1 5
1 22
1 33
1 53
1 64
1 65
1 89
1 94
1 98
1 114
1 131
2 31
2 40
2 48
2 61
2 72
2 84
2 88
2 95
2 103
3 14
3 17
3 25
3 50
3 72
3 87
3 122
4 62
4 93
4 100
4 119
4 133
4 136
5 7
5 34
5 72
5 79
6 11
6 12
6 56
6 67
6 71
6 86
6 93
6 98
6 112
6 136
6 140
7 9
7 27
7 43
7 63
7 104
7 121
8 33
8 45
8 69
8 80
8 82
8 89
8 110
8 143
9 22
9 38
9 41
9 42
9 63
9 77
9 99
9 121
9 130
10 35
10 71
10 116
10 131
11 40
11 53
11 75
11 80
11 85
11 102
11 110
11 117
11 122
11 131
12 48
12 60
12 84
12 129
12 133
13 17
13 45
13 68
13 88
13 98
13 129
13 136
13 137
14 16
14 17
14 38
14 47
14 73
14 76
14 93
14 100
14 103
14 116
14 122
14 129
14 134
15 43
15 52
15 107
15 121
15 126
16 40
16 44
16 54
16 65
16 68
16 70
16 75
16 124
16 126
17 35
17 39
17 59
17 63
17 78
17 83
17 104
17 132
17 134
17 145
18 48
18 60
18 72
18 97
18 119
19 21
19 25
19 31
19 39
19 46
19 89
19 95
20 84
20 147
21 50
21 74
21 75
21 114
21 119
22 93
22 98
22 100
22 102
22 110
22 117
22 139
23 66
23 71
23 99
23 113
23 146
23 148
24 26
24 27
24 31
24 43
24 58
24 71
24 83
24 119
24 124
25 64
25 84
25 109
25 125
25 131
26 30
26 50
26 118
27 33
27 60
27 62
27 75
27 85
27 110
27 128
28 64
28 75
28 81
28 85
28 98
29 99
29 108
29 122
30 32
30 54
30 84
30 97
30 113
30 124
30 136
30 138
31 47
31 55
31 68
31 111
31 117
31 123
31 130
31 131
32 39
32 57
32 132
33 42
33 51
33 70
33 107
33 123
34 79
34 99
34 110
34 142
34 146
35 48
35 61
35 78
35 83
35 90
35 102
35 110
35 131
35 133
36 46
36 49
36 53
36 94
36 123
36 136
36 148
37 43
37 44
37 78
37 90
37 96
37 111
37 117
38 74
38 85
38 113
38 114
38 146
39 47
39 54
39 55
39 56
39 69
39 86
39 101
39 127
39 134
39 136
40 67
40 73
40 101
40 114
41 44
41 68
41 81
41 139
42 67
42 105
42 116
42 142
43 89
43 95
43 97
43 109
43 149
44 49
44 57
44 70
44 71
44 84
44 125
45 47
45 63
45 65
45 83
45 85
45 117
45 126
45 131
45 132
46 48
46 63
46 103
47 50
47 52
47 53
47 56
47 60
47 83
47 87
47 95
47 103
47 105
47 131
47 132
47 135
48 83
48 91
48 121
48 133
48 136
49 78
49 109
49 117
49 121
49 134
50 68
50 76
50 116
50 120
50 127
50 134
51 60
51 69
51 71
51 97
51 115
51 120
51 130
51 139
51 146
52 64
52 101
52 107
52 115
52 123
53 54
53 62
53 68
53 78
53 87
53 91
53 104
53 111
53 129
54 83
54 90
54 94
54 95
54 123
54 133
55 71
55 96
55 98
55 125
56 77
56 103
56 135
56 146
57 72
57 100
57 106
57 117
57 120
58 79
58 80
58 98
58 102
58 139
59 80
59 91
59 96
59 100
59 131
59 135
59 136
59 137
60 63
60 140
60 148
60 149
61 72
61 82
61 92
61 100
61 108
61 114
61 137
62 69
62 86
62 88
62 99
62 131
62 140
62 145
63 81
63 119
63 141
64 108
64 110
65 66
65 78
65 89
65 110
65 122
66 72
66 98
67 120
67 132
67 144
68 70
68 142
69 79
69 99
69 105
70 72
70 81
71 91
71 95
71 103
71 117
71 136
72 96
72 126
72 138
73 100
73 126
74 76
74 83
74 90
74 103
74 104
74 107
74 132
74 136
74 143
75 80
75 87
75 99
75 116
75 127
75 134
75 148
76 98
76 112
76 124
77 117
77 128
77 132
77 136
77 143
77 147
78 94
78 134
78 135
78 148
79 139
79 140
80 101
80 107
80 117
80 136
80 139
80 141
80 142
80 146
81 92
81 101
81 111
81 119
81 125
82 93
82 113
82 127
82 142
83 100
83 112
84 104
84 105
86 101
86 111
88 98
88 102
89 131
89 136
90 95
90 97
90 100
90 126
90 132
91 113
91 115
91 132
92 116
92 120
92 128
93 97
93 122
93 123
93 144
94 106
94 111
94 113
94 119
95 138
96 102
96 136
97 107
97 110
97 130
97 148
98 112
98 140
98 146
100 101
100 113
101 112
101 139
102 113
102 122
103 106
103 130
104 105
104 137
106 121
106 140
106 147
107 109
107 110
107 121
107 137
108 135
108 137
110 127
110 136
111 128
111 141
111 148
112 117
112 120
112 130
113 134
114 134
115 122
116 121
116 140
116 147
117 121
117 126
117 129
120 129
120 139
120 144
121 129
121 146
122 126
122 131
122 140
123 134
125 140
125 143
127 147
128 136
128 145
129 134
130 134
130 136
130 148
132 146
134 144
138 139
140 145
140 146
140 149
141 147
144 145

1 0 1 0 1 1 0 1 1 1 0 0 1 1 0 0 1 1 0 1 0 1 1 1 1 1 1 0 0 0 1 1 0 1 0 1 0 1 0 0 1 1 0 1 1 0 1 1 0 0 0 1 1 0 0 0 1 0 0 0 0 0 1 0 1 1 1 0 1 0 0 1 1 1 0 0 1 0 0 0 0 0 1 0 0 0 1 1 1 0 1 0 1 0 1 0 0 1 1 1 1 0 1 0 1 0 1 0 1 0 1 0 0 1 0 1 0 1 1 1 0 0 0 1 1 1 1 0 1 1 0 0 0 0 0 0 0 1 0 1 0 0 0 0 1 0 1 1 1 1