250 1536
0 1 2 3 4 5 6 7 8 9 10 11 12 13 14 15 16 17 18 19 20 21 22 23 24 25 26 27 28 29 30 31 32 33 34 35 36 37 38 39 40 41 42 43 44 45 46 47 48 49 50 51 52 53 54 55 56 57 58 59 60 61 62 63 64 65 66 67 68 69 70 71 72 73 74 75 76 77 78 79 80 81 82 83 84 85 86 87 88 89 90 91 92 93 94 95 96 97 98 99 100 101 102 103 104 105 106 107 108 109 110 111 112 113 114 115 116 117 118 119 120 121 122 123 124 125 126 127 128 129 130 131 132 133 134 135 136 137 138 139 140 141 142 143 144 145 146 147 148 149 150 151 152 153 154 155 156 157 158 159 160 161 162 163 164 165 166 167 168 169 170 171 172 173 174 175 176 177 178 179 180 181 182 183 184 185 186 187 188 189 190 191 192 193 194 195 196 197 198 199 200 201 202 203 204 205 206 207 208 209 210 211 212 213 214 215 216 217 218 219 220 221 222 223 224 225 226 227 228 229 230 231 232 233 234 235 236 237 238 239 240 241 242 243 244 245 246 247 248 249
0 5
0 6
0 15
0 19
0 31
0 68
0 85
0 163
0 164
0 179
0 183
0 200
0 204
0 233
1 3
1 8
1 15
1 18
1 23
1 40
1 42
1 75
1 86
1 92
1 100
1 106
1 109
1 149
1 159
1 202
2 9
2 17
2 19
2 30
2 48
2 53
2 67
2 84
2 86
2 108
2 152
2 179
2 202
2 208
3 12
3 29
3 69
3 111
3 131
3 151
3 189
3 193
3 204
3 217
3 219
4 20
4 88
4 100
4 151
4 154
4 167
4 171
4 231
4 232
4 233
4 235
4 240
5 24
5 37
5 39
5 97
5 106
5 119
5 127
5 164
5 197
5 205
5 226
5 240
5 243
6 35
6 73
6 76
6 98
6 125
6 131
6 132
6 155
6 197
6 240
7 11
7 13
7 15
7 17
7 33
7 98
7 100
7 131
7 132
7 189
7 190
7 226
8 14
8 76
8 93
8 119
8 121
8 146
8 162
9 10
9 22
9 106
9 119
9 124
9 157
9 164
9 181
9 209
9 239
9 244
10 87
10 95
10 129
10 136
10 159
10 223
11 55
11 61
11 97
11 99
11 134
11 170
11 202
11 210
11 236
12 19
12 37
12 41
12 79
12 103
12 104
12 118
12 153
12 177
12 205
12 220
12 232
12 233
13 33
13 48
13 65
13 66
13 68
13 75
13 78
13 138
13 163
13 166
13 211
13 237
14 40
14 52
14 78
14 79
14 99
14 107
14 127
14 130
14 142
14 149
14 155
14 208
14 223
15 27
15 33
15 60
15 71
15 98
15 133
15 143
15 161
15 210
15 223
15 224
16 21
16 41
16 65
16 70
16 88
16 112
16 129
16 174
16 185
16 190
16 210
17 24
17 32
17 59
17 145
17 165
17 166
17 196
17 216
17 226
17 238
17 249
18 134
18 171
18 190
18 218
19 60
19 64
19 87
19 146
19 148
19 149
19 157
19 163
19 174
19 175
19 182
19 196
19 216
20 24
20 38
20 40
20 43
20 53
20 75
20 97
20 115
20 120
20 214
20 231
21 28
21 85
21 97
21 119
21 147
21 164
21 176
21 188
21 191
21 212
21 219
22 25
22 46
22 49
22 101
22 121
22 128
22 136
22 159
22 206
23 39
23 76
23 132
23 174
23 181
23 207
23 215
24 48
24 64
24 109
24 122
24 138
24 143
24 170
24 185
24 194
24 216
25 30
25 37
25 41
25 49
25 66
25 90
25 97
25 101
25 118
25 124
25 127
25 188
25 207
25 213
25 219
25 228
25 236
25 239
26 57
26 82
26 86
26 108
26 157
26 176
26 182
26 204
26 220
26 246
27 39
27 76
27 81
27 121
27 128
27 137
27 151
27 152
27 164
27 171
27 189
27 191
27 205
27 209
27 228
27 229
27 230
27 238
28 43
28 51
28 89
28 101
28 107
28 143
28 188
28 192
28 237
28 248
29 44
29 68
29 123
29 140
29 176
29 187
29 198
29 200
29 224
30 37
30 45
30 57
30 85
30 108
30 117
30 133
30 140
30 164
30 203
30 211
30 217
31 37
31 44
31 89
31 103
31 116
31 119
31 130
31 143
31 165
31 180
31 189
31 194
31 207
31 208
31 226
31 235
31 240
32 42
32 47
32 48
32 63
32 98
32 101
32 114
32 119
32 227
33 58
33 64
33 86
33 92
33 100
33 116
33 132
33 136
33 149
33 159
33 178
33 192
33 196
33 210
33 248
34 51
34 61
34 80
34 101
34 109
34 132
34 133
34 145
34 151
34 184
34 214
34 221
34 232
35 46
35 65
35 91
35 114
35 144
35 192
36 88
36 108
36 128
36 130
36 135
36 155
36 164
36 168
36 213
36 221
36 222
36 223
37 41
37 43
37 46
37 106
37 129
37 135
37 147
37 150
37 187
37 208
37 209
37 217
37 230
37 239
37 249
38 62
38 76
38 156
38 160
38 171
38 182
38 246
39 51
39 52
39 57
39 66
39 71
39 80
39 94
39 108
39 112
39 122
39 127
39 157
39 190
39 207
40 54
40 90
40 144
40 159
40 196
40 225
40 229
40 231
41 52
41 66
41 95
41 111
41 114
41 122
41 139
41 147
41 173
41 177
41 191
41 210
41 211
41 216
41 224
41 227
42 94
42 117
42 120
42 138
42 167
42 181
43 54
43 60
43 95
43 108
43 182
43 186
43 203
43 208
43 248
44 74
44 120
44 137
44 159
44 164
44 167
44 181
45 48
45 103
45 119
45 122
45 126
45 143
45 173
45 196
45 225
45 237
45 238
45 239
46 71
46 78
46 86
46 97
46 105
46 108
46 114
46 129
46 135
46 138
46 147
46 167
46 196
46 208
46 220
46 229
47 59
47 75
47 90
47 169
47 201
47 210
47 234
47 239
48 65
48 78
48 81
48 109
48 118
48 124
48 135
48 210
48 213
48 238
48 241
49 70
49 111
49 117
49 128
49 134
49 168
49 209
49 218
49 222
50 58
50 71
50 73
50 79
50 80
50 82
50 88
50 91
50 125
50 171
50 183
50 187
50 224
51 59
51 66
51 92
51 114
51 156
51 171
51 178
51 189
51 217
52 75
52 120
52 193
52 228
52 231
53 64
53 98
53 125
53 170
53 173
53 174
53 178
53 220
53 228
53 231
53 246
54 61
54 67
54 71
54 97
54 104
54 119
54 171
54 215
54 225
54 231
54 239
55 90
55 91
55 128
55 130
55 165
55 173
55 181
55 209
55 226
55 229
55 247
56 64
56 77
56 79
56 82
56 104
56 108
56 174
56 244
56 247
57 86
57 95
57 100
57 120
57 188
57 193
57 197
57 206
57 222
57 223
57 248
58 75
58 97
58 122
58 149
59 71
59 87
59 101
59 102
59 125
59 129
59 141
59 188
59 222
59 224
60 89
60 97
60 111
60 136
60 143
60 150
60 152
60 191
60 202
60 228
61 124
61 172
61 197
61 202
61 247
62 91
62 127
62 178
62 186
62 199
62 206
62 210
62 226
62 230
63 118
63 123
63 137
63 223
64 113
64 118
64 151
64 159
64 169
64 171
64 174
64 177
64 179
64 248
65 73
65 117
65 154
65 162
65 177
65 216
66 96
66 98
66 103
66 136
66 166
66 177
66 222
66 235
66 246
67 69
67 111
67 212
67 217
67 220
67 245
68 119
68 130
68 156
68 186
68 196
68 197
68 211
68 213
68 233
68 236
69 74
69 76
69 103
69 121
69 123
69 133
69 159
69 184
69 191
69 193
69 203
69 206
70 93
70 101
70 107
70 143
70 158
70 181
70 194
70 243
71 82
71 90
71 101
71 174
71 184
71 220
71 228
71 236
72 99
72 102
72 122
72 138
72 147
72 194
72 219
72 232
73 78
73 80
73 83
73 89
73 100
73 102
73 109
73 152
73 175
73 234
73 246
74 78
74 88
74 107
74 119
74 128
74 152
74 156
74 181
74 203
74 216
75 96
75 97
75 128
75 130
75 133
75 143
75 165
75 215
75 229
76 118
76 123
76 125
76 141
76 144
76 165
76 201
76 210
76 244
76 248
77 79
77 96
77 99
77 149
77 150
77 199
77 201
77 212
77 222
77 226
77 238
77 241
78 102
78 137
78 142
78 146
78 157
78 212
78 234
78 241
79 125
79 156
79 195
79 246
80 88
80 93
80 97
80 143
80 148
80 157
80 184
80 194
80 222
80 234
80 248
81 84
81 96
81 138
81 160
81 198
81 222
81 224
82 85
82 90
82 122
82 181
82 190
82 195
82 209
82 224
83 110
83 127
83 134
83 151
83 159
83 185
83 239
83 242
84 93
84 106
84 118
84 142
84 176
84 181
84 205
84 219
85 101
85 123
85 130
85 134
85 139
85 188
85 197
85 198
85 200
85 218
86 89
86 103
86 132
86 146
86 163
86 179
86 182
86 194
86 197
86 199
86 207
86 213
86 230
86 235
86 239
86 246
86 247
87 138
87 151
87 163
87 167
87 173
87 210
87 216
88 90
88 91
88 138
88 146
88 166
88 183
88 231
88 240
89 122
89 198
89 201
90 97
90 112
90 131
90 155
90 158
90 180
90 211
90 234
91 119
91 139
91 146
91 167
91 202
92 124
92 144
92 157
92 166
92 181
92 223
92 226
92 240
92 245
93 98
93 130
93 139
93 144
93 154
93 168
93 202
93 233
94 123
94 133
94 148
94 165
94 166
94 185
94 208
94 223
94 228
95 119
95 129
95 151
95 164
95 221
95 239
96 113
96 140
97 98
97 144
97 180
97 202
97 228
98 111
98 128
98 138
98 142
98 175
98 186
98 194
98 223
98 224
98 228
98 235
98 240
99 108
99 153
99 204
99 209
99 216
99 224
99 246
100 123
100 160
100 161
100 189
100 191
100 204
100 215
100 225
100 235
101 137
101 187
101 235
102 140
102 147
102 151
102 165
102 168
102 211
102 242
102 248
103 116
103 160
103 161
103 185
103 192
103 194
103 195
103 197
104 153
104 161
104 243
105 159
105 204
105 225
105 239
106 119
106 186
106 193
106 244
107 139
107 140
107 162
107 189
108 113
108 114
108 124
108 159
108 185
108 190
108 192
108 215
108 226
109 125
109 149
109 150
109 152
109 167
109 181
109 219
109 221
110 139
110 149
110 158
110 165
110 170
110 196
110 216
110 223
110 242
111 124
111 154
111 184
111 219
111 224
111 237
111 246
112 117
112 122
112 129
112 155
112 156
112 169
112 170
112 173
112 185
112 235
113 122
113 128
113 135
113 137
113 159
113 185
113 194
113 197
113 248
114 157
114 168
114 169
114 171
114 177
114 184
114 187
114 208
115 186
115 194
115 223
116 136
116 138
116 163
116 192
116 211
116 234
117 120
117 132
117 147
117 150
117 156
117 210
117 232
117 234
117 240
118 152
118 167
118 177
118 178
118 185
118 195
118 217
118 221
118 231
119 142
119 145
119 147
119 150
119 182
119 185
119 190
119 192
119 196
119 201
119 207
119 229
119 233
120 130
120 140
120 182
120 191
120 215
120 219
120 230
120 236
120 247
121 133
121 134
121 160
121 179
121 193
122 124
122 155
122 174
122 232
122 237
122 238
123 136
123 156
123 159
123 189
123 190
123 191
123 209
124 131
124 159
124 161
124 168
124 173
124 234
124 249
125 144
125 170
125 194
125 201
125 213
126 154
126 173
126 182
126 228
126 244
127 134
127 147
127 154
127 180
127 183
127 194
127 211
127 224
127 226
127 245
128 131
128 160
128 181
128 188
128 210
128 237
128 239
129 139
129 148
129 154
129 183
129 218
130 135
130 137
130 142
130 146
130 152
130 197
130 217
130 231
130 243
130 249
131 149
131 156
131 161
131 187
131 202
131 203
132 219
132 244
133 142
133 149
133 181
133 236
133 243
133 244
134 143
134 149
134 209
134 218
135 138
135 177
135 189
135 195
135 230
136 151
136 161
136 171
136 183
136 230
136 235
137 145
137 146
137 174
137 242
137 245
137 247
138 149
138 158
138 177
138 216
138 223
139 173
139 204
139 231
140 161
140 174
140 191
140 240
140 243
141 151
141 166
141 168
141 178
141 182
141 183
141 207
141 235
142 149
142 153
142 154
142 178
142 186
142 194
142 237
143 149
143 162
143 200
143 207
143 247
144 160
144 170
144 202
144 225
144 244
145 151
145 164
145 238
146 154
146 172
146 189
146 192
146 216
146 219
146 221
147 154
147 183
147 186
147 191
147 193
148 154
148 164
148 174
148 181
148 196
148 208
148 232
148 241
149 175
149 176
149 199
149 215
149 218
150 166
150 167
150 196
150 210
150 216
151 162
151 195
152 171
152 183
152 195
152 218
152 219
152 221
152 236
153 168
153 182
153 194
153 223
153 227
153 248
154 158
154 163
154 164
154 184
155 168
155 180
155 205
155 218
156 159
156 164
156 176
156 223
156 230
156 240
158 160
158 194
159 178
159 197
159 222
159 239
160 182
160 201
160 224
161 177
161 200
161 229
161 230
161 249
162 177
162 186
162 195
162 209
162 213
162 224
162 234
162 237
163 208
163 230
163 238
164 172
164 191
165 198
165 202
165 249
166 169
166 171
166 192
167 184
167 201
167 222
167 226
168 169
168 175
169 194
169 204
169 218
169 228
169 236
169 240
169 244
170 230
171 172
171 192
171 232
172 183
172 189
172 190
173 247
174 178
174 220
175 194
175 204
175 221
175 224
175 234
176 198
176 212
176 226
177 179
177 188
177 195
177 210
177 214
178 226
179 218
180 202
180 203
180 212
180 213
180 214
180 220
180 228
181 182
181 193
181 209
181 242
182 185
182 237
182 241
182 244
182 249
183 195
183 215
184 203
184 212
184 214
184 237
185 195
185 206
185 226
185 227
186 197
186 202
186 218
186 223
187 197
187 220
187 233
187 245
188 215
188 237
189 235
189 242
190 205
190 222
191 195
191 207
191 213
191 235
192 202
192 210
192 212
192 214
193 209
193 226
193 228
193 232
193 235
194 247
195 240
195 249
196 240
197 225
197 229
197 235
199 214
200 231
201 206
201 239
201 243
202 205
202 213
203 206
203 209
203 218
203 221
203 238
203 244
204 208
204 213
205 225
205 231
205 234
206 218
206 227
207 211
207 219
207 220
208 231
208 241
209 219
209 229
210 220
210 227
211 224
212 235
212 244
213 222
213 244
213 246
214 215
214 220
214 223
215 222
215 226
215 240
216 218
216 219
216 228
216 234
216 238
216 249
217 221
217 224
217 246
218 249
220 226
220 228
220 232
223 246
224 225
224 238
225 243
225 248
226 242
227 230
229 241
229 247
230 241
231 247
232 239
235 240
237 247
237 248
238 249
242 249
245 247

0 0 0 0 0 0 1 0 0 1 0 0 0 0 0 0 1 1 1 0 0 1 1 1 1 0 1 0 0 1 1 0 1 0 1 1 1 1 1 1 1 1 0 1 1 1 0 1 0 0 0 1 0 1 1 0 0 0 0 1 1 0 1 1 0 0 1 1 1 1 1 1 1 0 0 0 1 1 0 1 1 1 0 1 0 1 1 1 0 0 1 0 0 0 0 1 1 0 1 1 1 1 0 0 0 1 0 0 1 0 1 0 0 1 1 1 1 1 1 0 0 0 1 1 0 0 0 0 0 1 1 0 1 0 1 1 0 0 0 1 0 1 0 1 0 0 1 0 1 0 1 1 0 1 1 0 0 1 1 1 1 1 0 0 0 0 0 1 1 0 1 0 0 0 1 1 0 1 1 0 1 0 0 1 0 1 0 1 0 0 1 0 1 0 1 0 1 1 1 0 0 0 0 1 0 0 0 1 0 0 1 0 1 0 0 1 1 0 1 0 1 0 0 1 1 1 1 0 0 0 1 0 1 1 0 1 1 1 0 1 0 1 0 0 0 1 0 1 0 1