150 5590
0 1 2 3 4 5 6 7 8 9 10 11 12 13 14 15 16 17 18 19 20 21 22 23 24 25 26 27 28 29 30 31 32 33 34 35 36 37 38 39 40 41 42 43 44 45 46 47 48 49 50 51 52 53 54 55 56 57 58 59 60 61 62 63 64 65 66 67 68 69 70 71 72 73 74 75 76 77 78 79 80 81 82 83 84 85 86 87 88 89 90 91 92 93 94 95 96 97 98 99 100 101 102 103 104 105 106 107 108 109 110 111 112 113 114 115 116 117 118 119 120 121 122 123 124 125 126 127 128 129 130 131 132 133 134 135 136 137 138 139 140 141 142 143 144 145 146 147 148 149
0 2
0 3
0 4
0 5
0 6
0 10
0 12
0 17
0 18
0 19
0 20
0 21
0 22
0 23
0 24
0 26
0 28
0 29
0 30
0 32
0 35
0 40
0 42
0 43
0 44
0 47
0 48
0 50
0 53
0 54
0 55
0 57
0 60
0 61
0 65
0 67
0 68
0 69
0 70
0 71
0 75
0 76
0 77
0 82
0 83
0 85
0 86
0 89
0 90
0 91
0 94
0 96
0 98
0 101
0 106
0 108
0 113
0 114
0 116
0 117
0 118
0 119
0 120
0 123
0 124
0 127
0 128
0 131
0 137
0 139
0 140
0 141
0 143
0 144
0 146
0 148
1 2
1 3
1 5
1 7
1 10
1 12
1 14
1 16
1 17
1 18
1 19
1 20
1 22
1 23
1 24
1 27
1 31
1 32
1 33
1 34
1 35
1 36
1 38
1 41
1 51
1 52
1 53
1 54
1 60
1 61
1 68
1 69
1 71
1 76
1 80
1 83
1 87
1 88
1 89
1 94
1 96
1 97
1 100
1 103
1 104
1 109
1 110
1 112
1 113
1 116
1 119
1 120
1 122
1 127
1 128
1 129
1 130
1 131
1 132
1 134
1 135
1 136
1 141
1 143
1 145
1 147
2 3
2 4
2 12
2 13
2 15
2 16
2 21
2 22
2 24
2 26
2 27
2 30
2 32
2 33
2 35
2 39
2 40
2 42
2 43
2 44
2 45
2 47
2 51
2 52
2 53
2 54
2 55
2 60
2 62
2 63
2 64
2 66
2 69
2 70
2 72
2 74
2 78
2 82
2 83
2 85
2 89
2 90
2 91
2 92
2 93
2 94
2 97
2 98
2 101
2 102
2 104
2 106
2 107
2 108
2 110
2 111
2 114
2 115
2 116
2 119
2 125
2 129
2 130
2 132
2 133
2 134
2 135
2 136
2 141
2 142
2 143
2 145
2 146
3 4
3 5
3 7
3 9
3 10
3 11
3 13
3 16
3 17
3 18
3 19
3 20
3 23
3 25
3 26
3 27
3 29
3 31
3 32
3 34
3 35
3 38
3 39
3 40
3 43
3 44
3 45
3 51
3 52
3 53
3 55
3 56
3 60
3 65
3 66
3 68
3 70
3 73
3 75
3 78
3 80
3 83
3 84
3 89
3 91
3 94
3 95
3 97
3 98
3 99
3 101
3 103
3 104
3 106
3 107
3 108
3 109
3 112
3 114
3 116
3 117
3 118
3 119
3 121
3 124
3 127
3 128
3 129
3 135
3 140
3 141
3 143
3 147
3 148
4 7
4 11
4 13
4 16
4 17
4 18
4 20
4 21
4 24
4 28
4 29
4 30
4 33
4 34
4 39
4 42
4 43
4 45
4 48
4 51
4 52
4 53
4 54
4 55
4 56
4 61
4 62
4 65
4 69
4 70
4 76
4 78
4 81
4 85
4 86
4 87
4 89
4 92
4 94
4 96
4 97
4 99
4 104
4 106
4 107
4 108
4 109
4 111
4 114
4 116
4 117
4 120
4 127
4 128
4 129
4 133
4 134
4 135
4 136
4 138
4 142
4 145
4 147
4 148
5 7
5 11
5 14
5 17
5 18
5 23
5 25
5 26
5 27
5 30
5 31
5 33
5 35
5 37
5 38
5 42
5 47
5 49
5 54
5 57
5 58
5 60
5 62
5 63
5 67
5 70
5 72
5 75
5 76
5 77
5 81
5 84
5 87
5 88
5 95
5 98
5 101
5 102
5 104
5 106
5 107
5 112
5 115
5 117
5 118
5 122
5 123
5 125
5 128
5 130
5 131
5 133
5 137
5 139
5 140
5 143
5 145
5 146
5 148
5 149
6 8
6 9
6 12
6 14
6 15
6 16
6 20
6 21
6 23
6 24
6 25
6 26
6 27
6 29
6 31
6 32
6 34
6 37
6 38
6 40
6 43
6 45
6 47
6 48
6 55
6 56
6 60
6 61
6 62
6 63
6 67
6 69
6 71
6 72
6 75
6 76
6 80
6 82
6 83
6 84
6 87
6 88
6 89
6 91
6 93
6 97
6 99
6 104
6 105
6 106
6 107
6 110
6 114
6 116
6 117
6 118
6 119
6 121
6 122
6 124
6 131
6 132
6 134
6 137
6 138
6 139
6 140
6 141
6 142
6 144
6 147
6 149
7 8
7 10
7 11
7 13
7 15
7 17
7 19
7 20
7 23
7 24
7 27
7 30
7 31
7 32
7 34
7 38
7 39
7 41
7 46
7 47
7 51
7 52
7 53
7 60
7 61
7 64
7 65
7 66
7 67
7 70
7 73
7 75
7 77
7 80
7 85
7 86
7 87
7 91
7 92
7 93
7 96
7 99
7 100
7 104
7 106
7 108
7 110
7 111
7 112
7 113
7 115
7 116
7 117
7 118
7 122
7 123
7 124
7 129
7 131
7 134
7 135
7 139
7 140
7 146
7 148
7 149
8 10
8 13
8 14
8 15
8 16
8 17
8 18
8 19
8 21
8 23
8 24
8 25
8 26
8 29
8 32
8 33
8 36
8 39
8 40
8 41
8 43
8 46
8 47
8 49
8 50
8 51
8 55
8 58
8 60
8 61
8 65
8 66
8 67
8 68
8 69
8 70
8 71
8 73
8 75
8 80
8 82
8 84
8 85
8 86
8 92
8 93
8 94
8 96
8 97
8 99
8 103
8 104
8 106
8 108
8 111
8 112
8 116
8 117
8 118
8 120
8 121
8 122
8 123
8 124
8 125
8 126
8 130
8 131
8 133
8 134
8 135
8 137
8 138
8 139
8 141
8 142
8 144
8 146
8 147
8 149
9 12
9 13
9 14
9 16
9 17
9 19
9 20
9 21
9 22
9 25
9 26
9 28
9 29
9 30
9 31
9 33
9 35
9 38
9 46
9 47
9 48
9 49
9 50
9 51
9 52
9 53
9 54
9 55
9 56
9 58
9 59
9 61
9 64
9 65
9 66
9 71
9 72
9 75
9 76
9 77
9 79
9 80
9 82
9 83
9 84
9 85
9 86
9 87
9 90
9 91
9 94
9 98
9 100
9 103
9 106
9 107
9 108
9 111
9 112
9 117
9 120
9 122
9 123
9 124
9 126
9 130
9 131
9 132
9 134
9 135
9 136
9 137
9 138
9 139
9 140
9 141
9 142
9 143
9 147
9 148
9 149
10 12
10 13
10 14
10 16
10 19
10 20
10 21
10 24
10 26
10 28
10 29
10 30
10 32
10 34
10 37
10 38
10 39
10 40
10 42
10 44
10 45
10 47
10 49
10 50
10 51
10 52
10 54
10 57
10 58
10 59
10 63
10 64
10 68
10 69
10 71
10 73
10 74
10 76
10 77
10 78
10 81
10 82
10 85
10 87
10 88
10 89
10 90
10 91
10 94
10 95
10 96
10 97
10 98
10 99
10 100
10 102
10 103
10 106
10 113
10 114
10 115
10 116
10 118
10 119
10 120
10 121
10 122
10 128
10 130
10 132
10 134
10 137
10 141
10 142
10 144
10 145
10 146
10 147
10 148
11 12
11 13
11 14
11 15
11 16
11 17
11 22
11 23
11 24
11 25
11 26
11 27
11 29
11 30
11 31
11 33
11 34
11 36
11 37
11 41
11 43
11 47
11 49
11 50
11 53
11 54
11 56
11 57
11 59
11 60
11 61
11 63
11 68
11 70
11 71
11 72
11 75
11 76
11 81
11 83
11 84
11 85
11 86
11 89
11 93
11 94
11 97
11 98
11 100
11 104
11 105
11 107
11 108
11 110
11 111
11 113
11 116
11 117
11 120
11 121
11 122
11 123
11 124
11 127
11 128
11 130
11 131
11 132
11 133
11 134
11 135
11 138
11 142
11 145
11 146
11 148
11 149
12 13
12 14
12 15
12 16
12 25
12 26
12 27
12 29
12 32
12 33
12 35
12 36
12 37
12 38
12 41
12 42
12 44
12 45
12 46
12 47
12 48
12 50
12 51
12 56
12 60
12 61
12 62
12 64
12 72
12 74
12 80
12 81
12 82
12 86
12 88
12 89
12 92
12 93
12 95
12 96
12 100
12 101
12 104
12 110
12 111
12 113
12 114
12 115
12 117
12 118
12 119
12 122
12 123
12 125
12 126
12 133
12 136
12 137
12 138
12 142
12 145
12 147
12 148
12 149
13 14
13 19
13 20
13 21
13 22
13 26
13 27
13 32
13 34
13 36
13 40
13 43
13 44
13 47
13 49
13 50
13 53
13 54
13 56
13 57
13 59
13 61
13 64
13 66
13 67
13 70
13 71
13 74
13 75
13 76
13 77
13 78
13 79
13 80
13 83
13 85
13 89
13 90
13 91
13 92
13 95
13 96
13 97
13 100
13 102
13 103
13 104
13 112
13 115
13 116
13 117
13 119
13 120
13 121
13 123
13 124
13 125
13 126
13 127
13 128
13 134
13 136
13 137
13 139
13 141
13 142
13 143
13 144
13 145
13 146
13 149
14 15
14 17
14 18
14 20
14 21
14 22
14 23
14 24
14 25
14 26
14 37
14 39
14 41
14 48
14 49
14 50
14 52
14 55
14 57
14 61
14 63
14 64
14 65
14 66
14 69
14 71
14 72
14 75
14 76
14 81
14 82
14 83
14 84
14 86
14 87
14 88
14 90
14 92
14 94
14 95
14 97
14 99
14 100
14 102
14 103
14 104
14 105
14 108
14 111
14 112
14 113
14 115
14 117
14 118
14 123
14 124
14 126
14 127
14 129
14 130
14 132
14 134
14 139
14 144
14 145
14 148
15 17
15 19
15 21
15 22
15 25
15 26
15 27
15 28
15 29
15 32
15 33
15 34
15 36
15 37
15 38
15 39
15 41
15 43
15 46
15 47
15 49
15 50
15 51
15 52
15 55
15 56
15 57
15 58
15 60
15 61
15 62
15 63
15 64
15 65
15 72
15 73
15 77
15 79
15 81
15 83
15 86
15 87
15 89
15 90
15 91
15 94
15 97
15 102
15 107
15 108
15 109
15 111
15 112
15 115
15 119
15 122
15 125
15 129
15 131
15 136
15 138
15 139
15 140
15 141
15 142
15 145
15 149
16 17
16 18
16 19
16 20
16 23
16 24
16 32
16 34
16 35
16 36
16 40
16 44
16 48
16 50
16 53
16 54
16 55
16 56
16 58
16 59
16 61
16 62
16 64
16 67
16 71
16 73
16 74
16 77
16 80
16 82
16 84
16 85
16 86
16 87
16 88
16 90
16 92
16 93
16 94
16 96
16 97
16 101
16 103
16 106
16 109
16 112
16 114
16 119
16 123
16 124
16 125
16 126
16 129
16 130
16 131
16 132
16 134
16 135
16 136
16 140
16 141
16 142
16 144
16 146
16 148
16 149
17 19
17 21
17 24
17 26
17 28
17 31
17 32
17 35
17 36
17 37
17 38
17 39
17 40
17 41
17 43
17 47
17 48
17 49
17 51
17 54
17 56
17 61
17 62
17 66
17 67
17 69
17 73
17 74
17 75
17 78
17 79
17 81
17 82
17 83
17 84
17 85
17 86
17 89
17 91
17 96
17 97
17 98
17 99
17 101
17 102
17 105
17 107
17 111
17 113
17 114
17 116
17 117
17 118
17 119
17 120
17 123
17 125
17 128
17 134
17 136
17 137
17 138
17 139
17 140
17 142
17 143
17 145
17 146
17 147
18 19
18 20
18 21
18 25
18 27
18 29
18 31
18 33
18 34
18 35
18 36
18 37
18 38
18 41
18 42
18 44
18 46
18 51
18 52
18 57
18 61
18 63
18 64
18 65
18 69
18 71
18 73
18 76
18 79
18 82
18 89
18 92
18 93
18 95
18 96
18 97
18 101
18 102
18 103
18 109
18 110
18 111
18 112
18 115
18 117
18 118
18 119
18 123
18 127
18 131
18 132
18 133
18 136
18 140
18 141
18 142
18 143
18 144
18 147
18 148
19 20
19 21
19 22
19 24
19 28
19 29
19 31
19 32
19 33
19 34
19 35
19 41
19 44
19 45
19 46
19 47
19 51
19 53
19 56
19 58
19 61
19 68
19 69
19 72
19 74
19 76
19 78
19 81
19 82
19 85
19 88
19 89
19 93
19 94
19 100
19 108
19 109
19 110
19 112
19 115
19 116
19 117
19 123
19 127
19 128
19 130
19 131
19 133
19 134
19 136
19 139
19 140
19 142
19 144
19 145
19 146
19 148
19 149
20 21
20 23
20 24
20 26
20 29
20 34
20 35
20 37
20 38
20 39
20 41
20 42
20 45
20 46
20 48
20 52
20 54
20 57
20 58
20 59
20 60
20 61
20 65
20 67
20 68
20 71
20 72
20 75
20 77
20 81
20 83
20 85
20 87
20 91
20 93
20 94
20 95
20 101
20 102
20 103
20 109
20 112
20 114
20 117
20 119
20 121
20 125
20 127
20 130
20 134
20 136
20 142
20 144
21 23
21 25
21 26
21 27
21 30
21 32
21 34
21 35
21 37
21 38
21 39
21 41
21 43
21 44
21 48
21 50
21 51
21 52
21 53
21 57
21 58
21 59
21 63
21 64
21 65
21 66
21 67
21 71
21 73
21 74
21 75
21 76
21 77
21 78
21 79
21 80
21 85
21 86
21 88
21 90
21 91
21 92
21 93
21 94
21 95
21 97
21 99
21 100
21 101
21 102
21 103
21 104
21 108
21 112
21 113
21 115
21 116
21 120
21 121
21 123
21 124
21 126
21 127
21 128
21 129
21 130
21 131
21 132
21 133
21 135
21 136
21 138
21 139
21 144
21 146
21 148
21 149
22 23
22 24
22 25
22 26
22 29
22 30
22 34
22 35
22 36
22 38
22 41
22 42
22 46
22 47
22 53
22 54
22 56
22 59
22 62
22 64
22 66
22 67
22 69
22 71
22 72
22 75
22 76
22 79
22 80
22 81
22 82
22 84
22 86
22 87
22 88
22 90
22 93
22 94
22 95
22 97
22 100
22 101
22 104
22 105
22 108
22 109
22 114
22 117
22 119
22 122
22 124
22 126
22 127
22 129
22 130
22 133
22 134
22 137
22 140
22 143
22 144
22 145
22 147
22 149
23 24
23 25
23 26
23 29
23 35
23 37
23 40
23 43
23 45
23 48
23 49
23 50
23 51
23 52
23 53
23 56
23 57
23 58
23 61
23 62
23 63
23 64
23 65
23 70
23 71
23 72
23 73
23 74
23 77
23 78
23 79
23 80
23 83
23 84
23 86
23 89
23 95
23 96
23 98
23 100
23 104
23 105
23 110
23 112
23 114
23 115
23 117
23 121
23 122
23 124
23 125
23 127
23 128
23 129
23 131
23 132
23 133
23 135
23 139
23 144
23 146
24 26
24 27
24 30
24 31
24 32
24 33
24 35
24 36
24 37
24 38
24 42
24 46
24 47
24 56
24 57
24 58
24 59
24 60
24 61
24 63
24 64
24 65
24 66
24 67
24 68
24 69
24 70
24 72
24 74
24 76
24 77
24 79
24 88
24 89
24 90
24 101
24 102
24 104
24 106
24 107
24 108
24 110
24 112
24 113
24 115
24 117
24 118
24 120
24 121
24 123
24 124
24 126
24 127
24 129
24 130
24 132
24 133
24 136
24 138
24 139
24 143
24 145
24 147
25 26
25 28
25 30
25 31
25 33
25 38
25 39
25 40
25 41
25 43
25 44
25 45
25 47
25 48
25 49
25 51
25 52
25 53
25 54
25 55
25 56
25 57
25 61
25 64
25 67
25 70
25 72
25 74
25 77
25 83
25 86
25 87
25 89
25 92
25 94
25 96
25 99
25 100
25 101
25 102
25 111
25 113
25 114
25 116
25 119
25 121
25 122
25 123
25 125
25 126
25 127
25 128
25 130
25 131
25 133
25 135
25 136
25 137
25 139
25 145
25 146
25 149
26 27
26 29
26 31
26 35
26 36
26 39
26 41
26 47
26 49
26 51
26 52
26 53
26 55
26 57
26 59
26 61
26 64
26 65
26 66
26 67
26 68
26 70
26 76
26 79
26 80
26 82
26 85
26 89
26 92
26 93
26 96
26 97
26 98
26 103
26 107
26 110
26 113
26 116
26 117
26 122
26 123
26 124
26 125
26 126
26 128
26 130
26 134
26 136
26 137
26 139
26 141
26 142
26 144
26 145
26 146
27 31
27 35
27 36
27 38
27 42
27 44
27 48
27 49
27 50
27 52
27 53
27 54
27 56
27 57
27 61
27 67
27 69
27 71
27 75
27 77
27 79
27 82
27 83
27 84
27 85
27 86
27 90
27 96
27 99
27 100
27 102
27 103
27 105
27 106
27 107
27 110
27 111
27 112
27 113
27 116
27 117
27 118
27 120
27 121
27 124
27 127
27 129
27 130
27 134
27 136
27 137
27 138
27 139
27 140
27 141
27 142
27 143
27 144
27 145
27 149
28 30
28 33
28 36
28 37
28 42
28 53
28 54
28 56
28 60
28 62
28 64
28 66
28 68
28 69
28 71
28 72
28 73
28 77
28 81
28 87
28 89
28 95
28 96
28 97
28 98
28 100
28 102
28 103
28 104
28 106
28 110
28 111
28 114
28 115
28 116
28 117
28 119
28 121
28 123
28 125
28 126
28 127
28 128
28 130
28 131
28 133
28 135
28 136
28 138
28 141
28 142
28 145
28 146
28 148
28 149
29 30
29 31
29 32
29 33
29 34
29 38
29 39
29 41
29 42
29 44
29 45
29 46
29 49
29 51
29 55
29 56
29 57
29 61
29 62
29 64
29 66
29 70
29 71
29 76
29 80
29 81
29 82
29 85
29 86
29 88
29 91
29 95
29 96
29 99
29 100
29 101
29 103
29 107
29 108
29 109
29 110
29 112
29 113
29 115
29 121
29 122
29 128
29 129
29 130
29 133
29 135
29 136
29 137
29 138
29 139
29 140
29 141
29 142
29 143
29 144
29 145
29 146
29 148
29 149
30 34
30 38
30 39
30 41
30 42
30 45
30 46
30 47
30 48
30 50
30 52
30 53
30 54
30 55
30 56
30 57
30 67
30 70
30 71
30 72
30 74
30 75
30 78
30 80
30 81
30 82
30 85
30 87
30 88
30 91
30 93
30 96
30 97
30 98
30 104
30 106
30 109
30 110
30 111
30 112
30 115
30 118
30 120
30 121
30 123
30 124
30 126
30 127
30 133
30 140
30 141
30 143
30 144
30 149
31 32
31 36
31 39
31 42
31 44
31 49
31 51
31 54
31 56
31 61
31 62
31 63
31 64
31 65
31 67
31 70
31 71
31 73
31 77
31 81
31 84
31 85
31 86
31 87
31 90
31 95
31 96
31 97
31 102
31 103
31 104
31 105
31 106
31 107
31 109
31 110
31 111
31 112
31 115
31 116
31 122
31 123
31 124
31 125
31 127
31 128
31 136
31 137
31 140
31 142
31 144
31 146
31 148
31 149
32 34
32 37
32 38
32 39
32 41
32 46
32 47
32 48
32 51
32 56
32 64
32 65
32 66
32 69
32 70
32 71
32 73
32 75
32 77
32 81
32 82
32 87
32 89
32 93
32 94
32 95
32 97
32 98
32 99
32 100
32 101
32 102
32 103
32 104
32 105
32 106
32 110
32 115
32 116
32 119
32 120
32 122
32 123
32 124
32 125
32 126
32 127
32 130
32 131
32 132
32 134
32 137
32 139
32 141
32 143
32 144
32 147
32 148
32 149
33 34
33 35
33 36
33 39
33 40
33 42
33 44
33 45
33 46
33 47
33 48
33 52
33 54
33 56
33 59
33 62
33 63
33 64
33 68
33 70
33 71
33 73
33 75
33 76
33 77
33 80
33 82
33 85
33 86
33 87
33 89
33 93
33 94
33 96
33 98
33 99
33 100
33 101
33 102
33 103
33 108
33 110
33 111
33 112
33 113
33 115
33 116
33 118
33 119
33 120
33 123
33 126
33 127
33 128
33 134
33 136
33 138
33 140
33 141
33 142
33 144
33 147
34 36
34 37
34 41
34 44
34 46
34 47
34 52
34 54
34 59
34 60
34 62
34 63
34 64
34 68
34 69
34 72
34 73
34 74
34 75
34 78
34 79
34 80
34 83
34 85
34 86
34 88
34 90
34 92
34 94
34 95
34 96
34 97
34 100
34 103
34 104
34 105
34 106
34 107
34 109
34 111
34 113
34 114
34 115
34 117
34 119
34 120
34 122
34 127
34 128
34 130
34 132
34 133
34 135
34 136
34 137
34 138
34 140
34 142
34 143
34 149
35 38
35 39
35 42
35 43
35 44
35 45
35 46
35 47
35 49
35 50
35 51
35 58
35 59
35 60
35 61
35 62
35 65
35 66
35 67
35 68
35 69
35 71
35 72
35 73
35 75
35 76
35 77
35 78
35 82
35 84
35 85
35 86
35 88
35 90
35 91
35 92
35 95
35 97
35 101
35 102
35 103
35 105
35 107
35 108
35 109
35 110
35 111
35 114
35 115
35 117
35 118
35 122
35 125
35 126
35 131
35 134
35 136
35 139
35 142
35 144
35 145
35 146
35 147
35 148
36 37
36 39
36 40
36 43
36 45
36 46
36 48
36 51
36 52
36 53
36 55
36 56
36 58
36 64
36 68
36 69
36 72
36 73
36 76
36 78
36 79
36 82
36 83
36 84
36 85
36 87
36 89
36 90
36 92
36 94
36 99
36 100
36 104
36 105
36 106
36 108
36 113
36 115
36 118
36 119
36 127
36 129
36 130
36 131
36 133
36 134
36 135
36 136
36 138
36 141
36 142
36 145
36 147
37 39
37 40
37 41
37 42
37 46
37 51
37 52
37 54
37 56
37 57
37 58
37 59
37 61
37 62
37 63
37 64
37 65
37 70
37 71
37 72
37 74
37 75
37 77
37 79
37 80
37 85
37 87
37 88
37 95
37 96
37 98
37 99
37 100
37 102
37 107
37 108
37 110
37 111
37 113
37 115
37 116
37 120
37 121
37 125
37 128
37 129
37 130
37 131
37 132
37 136
37 137
37 138
37 140
37 142
37 145
37 149
38 39
38 40
38 42
38 46
38 48
38 50
38 51
38 54
38 56
38 58
38 59
38 60
38 65
38 71
38 72
38 73
38 75
38 78
38 79
38 80
38 81
38 82
38 85
38 87
38 89
38 91
38 93
38 94
38 95
38 96
38 97
38 98
38 100
38 101
38 102
38 104
38 105
38 107
38 108
38 119
38 120
38 123
38 125
38 129
38 130
38 132
38 134
38 135
38 141
38 142
38 143
38 144
38 146
38 147
38 148
38 149
39 40
39 47
39 48
39 49
39 50
39 52
39 54
39 55
39 56
39 59
39 61
39 62
39 64
39 65
39 71
39 76
39 77
39 78
39 79
39 87
39 90
39 91
39 94
39 96
39 98
39 100
39 101
39 103
39 105
39 106
39 108
39 111
39 114
39 117
39 118
39 121
39 124
39 132
39 133
39 136
39 138
39 140
39 143
39 145
39 146
39 147
40 41
40 42
40 48
40 50
40 51
40 52
40 53
40 54
40 56
40 57
40 58
40 59
40 60
40 61
40 64
40 69
40 74
40 75
40 77
40 78
40 79
40 80
40 82
40 83
40 84
40 85
40 86
40 87
40 91
40 94
40 98
40 99
40 100
40 102
40 105
40 106
40 111
40 112
40 113
40 115
40 117
40 121
40 122
40 126
40 127
40 128
40 130
40 133
40 138
40 139
40 140
40 141
40 142
40 144
40 146
40 147
40 149
41 42
41 46
41 53
41 58
41 62
41 64
41 65
41 68
41 72
41 73
41 74
41 75
41 79
41 80
41 81
41 83
41 85
41 88
41 89
41 91
41 93
41 95
41 98
41 104
41 105
41 106
41 114
41 116
41 117
41 121
41 123
41 128
41 129
41 130
41 131
41 132
41 133
41 134
41 136
41 139
41 142
41 144
41 145
41 147
42 45
42 47
42 49
42 51
42 52
42 55
42 56
42 61
42 62
42 63
42 66
42 71
42 72
42 73
42 75
42 80
42 84
42 86
42 87
42 88
42 92
42 94
42 100
42 101
42 103
42 104
42 105
42 108
42 112
42 114
42 115
42 116
42 117
42 121
42 122
42 126
42 128
42 129
42 130
42 132
42 133
42 134
42 135
42 137
42 141
42 142
42 147
43 44
43 45
43 47
43 49
43 50
43 51
43 52
43 53
43 55
43 56
43 57
43 59
43 63
43 64
43 66
43 71
43 73
43 74
43 75
43 76
43 80
43 81
43 84
43 86
43 87
43 88
43 89
43 90
43 94
43 95
43 97
43 98
43 102
43 103
43 106
43 107
43 108
43 109
43 111
43 113
43 114
43 115
43 116
43 117
43 120
43 123
43 125
43 127
43 129
43 134
43 137
43 144
43 145
44 46
44 47
44 48
44 50
44 51
44 54
44 56
44 57
44 59
44 60
44 66
44 67
44 68
44 69
44 72
44 74
44 75
44 76
44 78
44 80
44 81
44 82
44 89
44 90
44 91
44 93
44 94
44 95
44 97
44 98
44 100
44 103
44 104
44 105
44 106
44 108
44 112
44 113
44 118
44 119
44 121
44 124
44 127
44 130
44 132
44 133
44 134
44 135
44 136
44 141
44 145
44 148
45 46
45 48
45 50
45 53
45 54
45 55
45 58
45 59
45 61
45 64
45 65
45 67
45 69
45 72
45 73
45 75
45 76
45 78
45 79
45 80
45 82
45 83
45 85
45 86
45 87
45 89
45 92
45 93
45 94
45 95
45 97
45 102
45 103
45 104
45 105
45 111
45 113
45 118
45 119
45 120
45 121
45 125
45 126
45 127
45 130
45 135
45 138
45 139
45 141
45 143
45 144
45 148
45 149
46 48
46 52
46 54
46 55
46 56
46 58
46 59
46 60
46 62
46 63
46 64
46 67
46 70
46 71
46 72
46 73
46 75
46 78
46 79
46 80
46 82
46 84
46 86
46 87
46 89
46 90
46 94
46 95
46 97
46 98
46 104
46 105
46 108
46 109
46 111
46 112
46 115
46 117
46 120
46 123
46 124
46 126
46 127
46 128
46 129
46 135
46 136
46 137
46 139
46 149
47 51
47 52
47 57
47 59
47 62
47 63
47 64
47 67
47 68
47 69
47 70
47 71
47 76
47 77
47 79
47 80
47 83
47 84
47 90
47 92
47 93
47 94
47 95
47 96
47 97
47 100
47 103
47 104
47 106
47 108
47 110
47 115
47 116
47 117
47 119
47 120
47 123
47 126
47 128
47 132
47 133
47 134
47 135
47 138
47 140
47 142
47 143
47 144
47 146
47 148
47 149
48 52
48 53
48 55
48 57
48 59
48 60
48 61
48 62
48 63
48 67
48 68
48 69
48 70
48 71
48 72
48 74
48 75
48 77
48 79
48 81
48 83
48 84
48 85
48 86
48 87
48 88
48 91
48 93
48 94
48 95
48 97
48 98
48 99
48 100
48 101
48 102
48 103
48 108
48 111
48 115
48 118
48 123
48 124
48 125
48 126
48 130
48 132
48 133
48 134
48 136
48 137
48 138
48 140
48 143
48 147
49 50
49 51
49 52
49 53
49 54
49 56
49 58
49 60
49 63
49 69
49 70
49 72
49 73
49 74
49 75
49 80
49 81
49 82
49 84
49 85
49 87
49 90
49 91
49 92
49 93
49 94
49 95
49 97
49 98
49 99
49 101
49 107
49 108
49 109
49 110
49 111
49 113
49 114
49 115
49 117
49 120
49 121
49 122
49 123
49 124
49 125
49 126
49 130
49 131
49 133
49 135
49 137
49 138
49 140
49 141
49 143
49 145
49 146
49 147
50 52
50 54
50 55
50 56
50 58
50 60
50 62
50 64
50 65
50 66
50 67
50 69
50 70
50 75
50 76
50 78
50 79
50 81
50 82
50 84
50 85
50 86
50 87
50 89
50 91
50 94
50 95
50 96
50 98
50 101
50 102
50 104
50 105
50 106
50 108
50 111
50 114
50 115
50 118
50 119
50 120
50 121
50 126
50 127
50 130
50 131
50 133
50 134
50 137
50 138
50 145
51 52
51 55
51 59
51 60
51 62
51 63
51 64
51 65
51 68
51 69
51 71
51 72
51 73
51 74
51 75
51 78
51 82
51 85
51 86
51 91
51 92
51 93
51 94
51 98
51 100
51 101
51 103
51 104
51 108
51 109
51 110
51 111
51 112
51 114
51 115
51 117
51 120
51 121
51 122
51 123
51 126
51 127
51 128
51 129
51 130
51 131
51 132
51 134
51 135
51 136
51 137
51 140
51 141
51 142
51 143
51 144
51 147
51 148
51 149
52 53
52 55
52 58
52 60
52 62
52 65
52 66
52 70
52 73
52 76
52 83
52 84
52 86
52 87
52 91
52 93
52 94
52 97
52 98
52 102
52 105
52 106
52 109
52 114
52 116
52 117
52 119
52 120
52 122
52 126
52 127
52 128
52 132
52 133
52 136
52 138
52 142
52 143
52 144
52 148
52 149
53 57
53 63
53 66
53 67
53 71
53 73
53 74
53 77
53 78
53 80
53 81
53 82
53 83
53 84
53 87
53 90
53 91
53 92
53 93
53 94
53 95
53 96
53 98
53 104
53 105
53 110
53 111
53 113
53 114
53 116
53 118
53 119
53 120
53 123
53 124
53 125
53 126
53 127
53 128
53 129
53 130
53 131
53 132
53 133
53 135
53 139
53 145
53 146
53 148
54 56
54 57
54 58
54 59
54 64
54 65
54 67
54 69
54 70
54 71
54 76
54 77
54 79
54 80
54 81
54 83
54 84
54 90
54 93
54 95
54 99
54 100
54 101
54 103
54 104
54 110
54 112
54 116
54 122
54 123
54 125
54 127
54 128
54 129
54 132
54 134
54 135
54 138
54 140
54 147
54 149
55 59
55 60
55 62
55 64
55 65
55 66
55 69
55 71
55 72
55 74
55 75
55 77
55 79
55 81
55 82
55 83
55 84
55 87
55 91
55 92
55 93
55 97
55 102
55 103
55 104
55 105
55 108
55 109
55 110
55 114
55 117
55 118
55 120
55 121
55 122
55 123
55 124
55 125
55 127
55 128
55 129
55 131
55 132
55 133
55 134
55 136
55 137
55 139
55 140
55 142
55 143
55 144
55 145
55 146
55 147
56 58
56 60
56 61
56 62
56 64
56 65
56 66
56 67
56 68
56 70
56 71
56 72
56 74
56 76
56 77
56 78
56 79
56 80
56 82
56 83
56 84
56 85
56 88
56 92
56 94
56 97
56 101
56 105
56 106
56 107
56 109
56 110
56 113
56 114
56 116
56 118
56 119
56 120
56 122
56 124
56 125
56 127
56 128
56 131
56 132
56 137
56 140
56 141
56 142
56 144
56 147
56 149
57 61
57 62
57 64
57 67
57 68
57 69
57 72
57 74
57 75
57 76
57 77
57 80
57 82
57 85
57 86
57 87
57 90
57 91
57 92
57 93
57 94
57 95
57 96
57 97
57 101
57 105
57 107
57 110
57 113
57 114
57 118
57 120
57 122
57 123
57 125
57 127
57 128
57 131
57 132
57 134
57 135
57 137
57 139
57 144
57 146
57 147
58 60
58 61
58 67
58 71
58 75
58 76
58 77
58 81
58 84
58 86
58 91
58 92
58 95
58 96
58 98
58 99
58 100
58 102
58 103
58 104
58 106
58 107
58 111
58 114
58 116
58 117
58 119
58 120
58 123
58 126
58 127
58 128
58 129
58 131
58 132
58 134
58 136
58 138
58 139
58 142
58 143
58 144
58 145
58 148
58 149
59 61
59 62
59 63
59 64
59 65
59 66
59 68
59 70
59 72
59 74
59 75
59 76
59 77
59 78
59 79
59 81
59 84
59 86
59 87
59 90
59 91
59 92
59 94
59 96
59 99
59 101
59 103
59 104
59 109
59 110
59 113
59 114
59 117
59 118
59 120
59 121
59 122
59 123
59 125
59 126
59 132
59 135
59 136
59 137
59 138
59 139
59 140
59 141
59 144
59 145
59 146
59 147
59 148
59 149
60 61
60 63
60 67
60 71
60 72
60 74
60 75
60 76
60 79
60 80
60 84
60 89
60 90
60 91
60 92
60 95
60 96
60 97
60 100
60 102
60 103
60 107
60 111
60 113
60 116
60 117
60 118
60 120
60 124
60 126
60 127
60 128
60 132
60 133
60 134
60 137
60 138
60 144
60 146
60 147
60 148
60 149
61 63
61 67
61 68
61 69
61 70
61 71
61 72
61 73
61 76
61 77
61 78
61 79
61 80
61 81
61 84
61 85
61 87
61 90
61 92
61 94
61 100
61 101
61 103
61 106
61 107
61 108
61 110
61 111
61 113
61 114
61 115
61 116
61 118
61 119
61 121
61 122
61 125
61 126
61 128
61 129
61 130
61 131
61 132
61 135
61 138
61 140
61 143
61 144
61 147
61 149
62 63
62 64
62 65
62 69
62 72
62 73
62 76
62 77
62 78
62 79
62 80
62 81
62 83
62 85
62 90
62 92
62 94
62 96
62 97
62 99
62 102
62 106
62 111
62 112
62 114
62 115
62 116
62 117
62 121
62 123
62 125
62 126
62 128
62 129
62 130
62 134
62 135
62 138
62 141
62 142
62 143
62 147
62 148
62 149
63 65
63 66
63 67
63 68
63 69
63 71
63 72
63 75
63 81
63 82
63 84
63 86
63 88
63 90
63 93
63 94
63 95
63 97
63 98
63 99
63 100
63 101
63 102
63 113
63 115
63 116
63 117
63 123
63 124
63 125
63 127
63 128
63 129
63 130
63 132
63 134
63 135
63 136
63 138
63 139
63 142
63 144
63 148
63 149
64 67
64 68
64 70
64 71
64 76
64 77
64 78
64 79
64 80
64 82
64 83
64 84
64 91
64 92
64 93
64 95
64 97
64 98
64 99
64 107
64 108
64 109
64 110
64 111
64 117
64 118
64 119
64 122
64 126
64 127
64 129
64 131
64 134
64 140
64 141
64 144
64 145
65 69
65 71
65 72
65 77
65 78
65 79
65 81
65 85
65 87
65 88
65 89
65 91
65 92
65 94
65 98
65 99
65 100
65 102
65 104
65 108
65 116
65 118
65 119
65 120
65 121
65 122
65 124
65 125
65 126
65 127
65 134
65 135
65 136
65 137
65 138
65 140
65 142
65 144
65 148
65 149
66 68
66 72
66 73
66 74
66 75
66 78
66 82
66 84
66 87
66 88
66 89
66 95
66 97
66 98
66 99
66 100
66 104
66 107
66 108
66 111
66 112
66 114
66 117
66 118
66 120
66 123
66 125
66 127
66 128
66 129
66 130
66 132
66 133
66 134
66 135
66 136
66 141
66 142
66 143
66 144
66 145
66 146
67 68
67 70
67 71
67 72
67 75
67 77
67 78
67 81
67 83
67 84
67 85
67 86
67 87
67 88
67 89
67 90
67 91
67 92
67 93
67 95
67 97
67 99
67 101
67 103
67 105
67 109
67 110
67 114
67 119
67 121
67 122
67 124
67 127
67 128
67 130
67 132
67 133
67 135
67 136
67 138
67 139
67 141
67 142
67 143
67 144
67 149
68 72
68 73
68 75
68 82
68 86
68 87
68 89
68 92
68 93
68 94
68 96
68 97
68 101
68 103
68 105
68 108
68 110
68 111
68 112
68 114
68 121
68 122
68 127
68 128
68 130
68 131
68 132
68 134
68 135
68 136
68 137
68 141
68 142
68 143
68 144
68 145
68 146
68 147
69 70
69 71
69 74
69 77
69 78
69 79
69 86
69 88
69 89
69 92
69 93
69 94
69 95
69 97
69 98
69 99
69 101
69 102
69 103
69 104
69 105
69 108
69 115
69 119
69 120
69 122
69 124
69 125
69 126
69 131
69 132
69 133
69 134
69 135
69 138
69 144
69 146
70 71
70 76
70 77
70 78
70 79
70 82
70 85
70 87
70 90
70 92
70 94
70 99
70 104
70 108
70 111
70 113
70 114
70 120
70 128
70 130
70 131
70 133
70 135
70 137
70 138
70 142
70 146
70 147
70 149
71 74
71 75
71 76
71 82
71 83
71 84
71 85
71 89
71 96
71 99
71 101
71 105
71 107
71 109
71 110
71 111
71 112
71 115
71 116
71 117
71 119
71 122
71 123
71 125
71 128
71 130
71 131
71 133
71 134
71 135
71 136
71 138
71 139
71 140
71 141
71 142
71 144
71 147
71 149
72 74
72 75
72 76
72 77
72 79
72 80
72 89
72 93
72 95
72 96
72 98
72 99
72 101
72 102
72 103
72 104
72 106
72 108
72 110
72 111
72 112
72 115
72 116
72 117
72 118
72 119
72 122
72 129
72 132
72 133
72 134
72 135
72 137
72 145
72 147
73 79
73 80
73 84
73 88
73 90
73 91
73 93
73 94
73 95
73 97
73 99
73 101
73 103
73 104
73 106
73 112
73 114
73 115
73 122
73 124
73 125
73 131
73 135
73 137
73 138
73 139
73 140
73 142
73 144
73 146
73 148
74 75
74 76
74 77
74 79
74 80
74 82
74 87
74 88
74 89
74 90
74 91
74 92
74 93
74 96
74 97
74 98
74 99
74 100
74 105
74 106
74 107
74 108
74 114
74 117
74 118
74 119
74 121
74 127
74 128
74 130
74 131
74 133
74 135
74 136
74 137
74 140
74 141
74 142
74 143
74 144
74 145
74 149
75 76
75 78
75 81
75 82
75 83
75 85
75 86
75 88
75 90
75 93
75 94
75 95
75 96
75 98
75 101
75 102
75 104
75 105
75 106
75 108
75 111
75 112
75 115
75 117
75 118
75 120
75 122
75 124
75 128
75 132
75 137
75 141
75 143
75 144
75 146
75 147
76 77
76 81
76 84
76 87
76 90
76 91
76 92
76 93
76 95
76 100
76 101
76 102
76 104
76 107
76 109
76 111
76 113
76 114
76 118
76 119
76 120
76 123
76 124
76 125
76 126
76 129
76 130
76 131
76 135
76 137
76 138
76 141
76 143
76 145
76 146
76 148
76 149
77 80
77 81
77 82
77 84
77 85
77 86
77 87
77 88
77 90
77 99
77 102
77 103
77 107
77 109
77 112
77 114
77 115
77 116
77 117
77 118
77 119
77 121
77 125
77 129
77 130
77 131
77 139
77 140
77 144
77 147
77 148
78 80
78 82
78 83
78 85
78 86
78 87
78 88
78 89
78 90
78 91
78 94
78 97
78 98
78 100
78 102
78 103
78 104
78 105
78 107
78 110
78 111
78 114
78 115
78 117
78 119
78 121
78 122
78 123
78 124
78 126
78 127
78 129
78 132
78 134
78 139
78 141
78 143
78 145
78 146
78 147
78 148
78 149
79 84
79 88
79 89
79 90
79 91
79 94
79 95
79 96
79 97
79 98
79 99
79 100
79 101
79 102
79 105
79 110
79 111
79 112
79 114
79 115
79 116
79 117
79 120
79 121
79 123
79 125
79 127
79 128
79 129
79 132
79 137
79 138
79 139
79 143
79 144
79 145
79 146
79 148
79 149
80 83
80 85
80 88
80 89
80 90
80 92
80 93
80 94
80 97
80 99
80 106
80 107
80 110
80 111
80 112
80 113
80 114
80 117
80 118
80 122
80 123
80 128
80 130
80 132
80 135
80 136
80 137
80 138
80 139
80 141
80 145
81 82
81 83
81 84
81 86
81 87
81 90
81 91
81 93
81 100
81 103
81 104
81 105
81 106
81 111
81 112
81 114
81 117
81 118
81 120
81 122
81 124
81 126
81 127
81 128
81 129
81 130
81 132
81 133
81 135
81 136
81 137
81 138
81 139
81 143
81 144
81 146
81 147
81 148
81 149
82 83
82 84
82 85
82 86
82 88
82 93
82 94
82 95
82 96
82 98
82 108
82 110
82 111
82 115
82 116
82 119
82 120
82 121
82 122
82 123
82 126
82 129
82 130
82 131
82 136
82 138
82 139
82 143
82 146
82 147
82 148
82 149
83 84
83 88
83 90
83 91
83 92
83 93
83 94
83 96
83 98
83 99
83 100
83 102
83 106
83 109
83 114
83 115
83 117
83 119
83 121
83 122
83 125
83 127
83 128
83 130
83 133
83 136
83 139
83 141
83 143
83 147
83 148
83 149
84 85
84 86
84 87
84 89
84 90
84 91
84 93
84 94
84 98
84 99
84 101
84 102
84 103
84 104
84 105
84 106
84 110
84 111
84 115
84 119
84 121
84 122
84 123
84 124
84 125
84 127
84 130
84 131
84 134
84 137
84 141
84 144
84 148
84 149
85 87
85 88
85 89
85 91
85 92
85 93
85 94
85 96
85 100
85 101
85 103
85 104
85 106
85 107
85 108
85 111
85 113
85 118
85 123
85 126
85 127
85 131
85 132
85 134
85 135
85 137
85 139
85 140
85 142
85 143
85 144
85 145
85 146
85 147
85 149
86 90
86 92
86 93
86 94
86 95
86 96
86 97
86 98
86 103
86 105
86 107
86 110
86 113
86 117
86 118
86 122
86 123
86 124
86 127
86 128
86 131
86 132
86 133
86 136
86 138
86 140
86 142
86 143
86 145
86 148
86 149
87 88
87 90
87 99
87 101
87 102
87 103
87 104
87 105
87 106
87 108
87 109
87 111
87 112
87 117
87 120
87 121
87 125
87 126
87 133
87 136
87 137
87 138
87 140
87 141
87 142
87 143
87 144
87 148
88 90
88 91
88 95
88 98
88 101
88 102
88 103
88 104
88 105
88 106
88 110
88 113
88 116
88 117
88 118
88 119
88 120
88 122
88 123
88 124
88 128
88 130
88 134
88 135
88 137
88 138
88 141
88 143
88 147
88 148
88 149
89 93
89 95
89 96
89 97
89 100
89 101
89 103
89 104
89 105
89 107
89 108
89 110
89 113
89 115
89 117
89 118
89 121
89 123
89 124
89 126
89 127
89 130
89 132
89 135
89 137
89 139
89 140
89 141
89 143
89 144
89 145
89 146
89 147
89 148
90 91
90 96
90 99
90 101
90 104
90 105
90 106
90 107
90 108
90 109
90 110
90 111
90 112
90 115
90 116
90 117
90 118
90 119
90 120
90 121
90 126
90 127
90 128
90 129
90 130
90 131
90 132
90 133
90 134
90 135
90 136
90 137
90 138
90 139
90 140
90 142
90 147
90 148
91 93
91 95
91 96
91 97
91 100
91 101
91 103
91 105
91 106
91 107
91 111
91 113
91 117
91 118
91 123
91 124
91 125
91 126
91 127
91 131
91 135
91 136
91 137
91 138
91 139
91 140
91 141
91 144
91 145
91 146
91 148
92 93
92 94
92 99
92 100
92 101
92 103
92 105
92 106
92 107
92 108
92 112
92 114
92 115
92 117
92 119
92 122
92 123
92 126
92 130
92 131
92 132
92 134
92 137
92 139
92 140
92 144
92 146
92 147
92 148
92 149
93 94
93 95
93 98
93 99
93 101
93 102
93 104
93 105
93 112
93 119
93 122
93 123
93 125
93 127
93 129
93 130
93 133
93 134
93 138
93 139
93 140
93 141
93 145
93 147
93 148
94 95
94 96
94 97
94 102
94 106
94 107
94 108
94 109
94 110
94 112
94 114
94 115
94 116
94 118
94 119
94 122
94 125
94 129
94 131
94 132
94 133
94 134
94 135
94 136
94 138
94 141
94 144
94 147
94 149
95 96
95 98
95 99
95 100
95 101
95 103
95 106
95 108
95 109
95 110
95 114
95 117
95 118
95 120
95 121
95 123
95 128
95 129
95 130
95 131
95 132
95 135
95 137
95 139
95 145
95 146
96 98
96 99
96 100
96 103
96 104
96 105
96 106
96 107
96 109
96 111
96 112
96 114
96 120
96 121
96 123
96 127
96 132
96 133
96 136
96 137
96 139
96 141
96 142
96 143
96 145
96 146
96 149
97 98
97 99
97 101
97 103
97 106
97 107
97 108
97 110
97 112
97 114
97 115
97 116
97 117
97 118
97 120
97 121
97 123
97 126
97 131
97 132
97 133
97 135
97 136
97 139
97 142
97 143
97 147
97 148
98 101
98 102
98 111
98 112
98 114
98 117
98 118
98 122
98 124
98 125
98 127
98 130
98 131
98 140
98 141
98 143
98 144
98 145
98 147
98 149
99 100
99 101
99 105
99 106
99 109
99 111
99 112
99 113
99 116
99 117
99 118
99 119
99 120
99 124
99 125
99 128
99 130
99 131
99 132
99 134
99 137
99 142
99 144
99 145
100 103
100 110
100 113
100 117
100 119
100 123
100 128
100 131
100 132
100 133
100 136
100 138
100 140
100 141
100 142
100 143
100 145
100 146
100 147
101 103
101 104
101 105
101 106
101 107
101 108
101 114
101 115
101 116
101 120
101 123
101 124
101 125
101 126
101 128
101 131
101 133
101 136
101 138
101 141
101 143
101 144
101 145
101 146
101 147
101 148
102 105
102 108
102 109
102 111
102 112
102 114
102 119
102 120
102 124
102 125
102 129
102 132
102 135
102 140
102 142
102 143
102 144
102 146
103 105
103 109
103 112
103 113
103 114
103 115
103 116
103 119
103 120
103 121
103 123
103 126
103 128
103 129
103 134
103 135
103 136
103 138
103 139
103 141
103 142
103 143
103 147
103 148
103 149
104 105
104 107
104 111
104 112
104 113
104 114
104 118
104 119
104 124
104 127
104 128
104 137
104 138
104 139
104 142
104 148
105 110
105 112
105 113
105 117
105 118
105 123
105 125
105 126
105 127
105 131
105 133
105 135
105 139
105 140
105 142
105 143
105 144
105 146
105 147
106 108
106 110
106 112
106 113
106 114
106 115
106 119
106 120
106 121
106 125
106 126
106 128
106 131
106 135
106 136
106 137
106 138
106 143
106 144
106 146
106 147
106 148
107 109
107 112
107 114
107 115
107 120
107 121
107 122
107 123
107 124
107 125
107 127
107 131
107 133
107 134
107 135
107 136
107 137
107 138
107 142
107 144
107 146
107 149
108 109
108 110
108 115
108 116
108 118
108 120
108 122
108 123
108 124
108 129
108 130
108 132
108 134
108 136
108 137
108 141
108 142
108 143
108 145
108 148
108 149
109 112
109 115
109 116
109 117
109 119
109 120
109 124
109 126
109 131
109 132
109 133
109 136
109 137
109 138
109 140
109 142
109 147
109 149
110 112
110 114
110 118
110 119
110 120
110 122
110 124
110 127
110 130
110 132
110 134
110 135
110 137
110 139
110 140
110 142
110 145
110 147
110 149
111 112
111 114
111 116
111 119
111 120
111 122
111 123
111 124
111 129
111 130
111 132
111 135
111 138
111 139
111 140
111 141
111 143
111 145
111 149
112 113
112 115
112 120
112 122
112 124
112 125
112 127
112 128
112 129
112 131
112 133
112 134
112 135
112 138
112 139
112 145
112 146
112 147
112 149
113 115
113 117
113 118
113 119
113 120
113 122
113 123
113 124
113 127
113 132
113 133
113 135
113 138
113 139
113 140
113 141
113 143
113 144
113 146
113 147
113 148
114 116
114 118
114 119
114 121
114 123
114 124
114 125
114 128
114 131
114 132
114 134
114 135
114 136
114 137
114 141
114 142
114 144
114 145
114 148
114 149
115 121
115 124
115 125
115 127
115 129
115 136
115 138
115 143
115 144
115 145
115 147
116 117
116 118
116 119
116 120
116 121
116 122
116 123
116 126
116 127
116 129
116 130
116 131
116 133
116 134
116 135
116 136
116 137
116 138
116 140
116 141
116 142
116 143
116 144
116 145
116 146
116 148
117 118
117 120
117 122
117 123
117 125
117 128
117 130
117 131
117 133
117 134
117 135
117 136
117 137
117 139
117 140
117 142
117 147
117 149
118 119
118 122
118 123
118 124
118 125
118 126
118 127
118 129
118 133
118 135
118 137
118 138
118 140
118 142
118 144
118 146
118 149
119 121
119 123
119 124
119 126
119 128
119 132
119 134
119 135
119 139
119 141
119 142
119 144
119 149
120 123
120 124
120 126
120 129
120 130
120 131
120 133
120 135
120 140
120 141
120 147
120 148
121 122
121 123
121 124
121 127
121 128
121 129
121 134
121 135
121 137
121 140
121 143
121 146
121 148
121 149
122 124
122 126
122 127
122 129
122 130
122 132
122 135
122 136
122 137
122 138
122 140
122 145
122 146
122 149
123 124
123 125
123 128
123 129
123 131
123 132
123 133
123 135
123 136
123 138
123 139
123 141
123 142
123 144
123 145
123 147
123 148
124 126
124 127
124 128
124 129
124 130
124 132
124 134
124 136
124 138
124 140
124 142
124 144
124 145
124 149
125 126
125 127
125 132
125 133
125 134
125 135
125 139
125 140
125 141
125 144
125 145
125 146
125 147
126 128
126 131
126 132
126 133
126 136
126 138
126 139
126 141
126 142
126 146
126 148
126 149
127 129
127 131
127 132
127 133
127 135
127 138
127 139
127 141
127 143
127 144
127 146
127 147
127 148
128 129
128 132
128 133
128 134
128 135
128 136
128 138
128 141
128 142
128 143
128 144
128 145
128 146
128 148
128 149
129 131
129 133
129 134
129 137
129 139
129 141
129 142
129 143
129 145
129 148
129 149
130 131
130 132
130 133
130 136
130 137
130 138
130 141
130 142
130 143
130 144
130 145
130 146
130 148
130 149
131 132
131 133
131 135
131 137
131 140
131 141
131 147
131 148
131 149
132 133
132 138
132 140
132 142
132 149
133 135
133 136
133 137
133 138
133 139
133 141
133 144
133 149
134 135
134 139
134 142
134 143
134 145
134 148
134 149
135 138
135 139
135 143
135 146
135 147
135 148
136 137
136 141
136 143
136 144
136 145
136 146
137 138
137 139
137 140
137 142
137 143
137 144
137 145
137 146
137 147
137 148
138 139
138 140
138 141
138 142
138 143
138 145
138 146
138 148
139 142
139 143
139 149
140 145
140 146
140 148
140 149
141 146
141 147
141 148
142 145
142 146
142 148
143 144
143 145
143 146
143 148
144 145
144 146
145 146
145 147
145 148
145 149
146 148
146 149
147 149

1 0 1 0 1 0 0 0 0 0 1 1 0 1 0 0 1 1 1 0 0 0 1 1 1 1 0 1 1 1 0 0 1 1 0 1 1 0 1 0 1 1 1 0 0 0 1 1 0 1 1 0 1 0 0 0 1 1 0 1 1 0 1 1 0 0 0 1 0 1 1 0 1 0 1 1 0 0 1 0 0 1 0 0 0 1 0 0 1 1 1 0 1 0 0 0 0 0 1 1 1 0 1 0 0 0 0 0 1 1 0 0 1 1 0 1 1 1 1 0 0 0 0 1 0 1 0 0 1 1 0 1 0 1 1 1 1 0 1 1 0 0 0 0 1 1 0 1 0 1