200 9980
0 1 2 3 4 5 6 7 8 9 10 11 12 13 14 15 16 17 18 19 20 21 22 23 24 25 26 27 28 29 30 31 32 33 34 35 36 37 38 39 40 41 42 43 44 45 46 47 48 49 50 51 52 53 54 55 56 57 58 59 60 61 62 63 64 65 66 67 68 69 70 71 72 73 74 75 76 77 78 79 80 81 82 83 84 85 86 87 88 89 90 91 92 93 94 95 96 97 98 99 100 101 102 103 104 105 106 107 108 109 110 111 112 113 114 115 116 117 118 119 120 121 122 123 124 125 126 127 128 129 130 131 132 133 134 135 136 137 138 139 140 141 142 143 144 145 146 147 148 149 150 151 152 153 154 155 156 157 158 159 160 161 162 163 164 165 166 167 168 169 170 171 172 173 174 175 176 177 178 179 180 181 182 183 184 185 186 187 188 189 190 191 192 193 194 195 196 197 198 199
0 3
0 5
0 6
0 10
0 11
0 12
0 15
0 19
0 23
0 26
0 27
0 29
0 30
0 33
0 37
0 39
0 41
0 46
0 47
0 48
0 51
0 54
0 55
0 59
0 60
0 63
0 64
0 67
0 68
0 72
0 76
0 80
0 82
0 83
0 85
0 92
0 95
0 97
0 99
0 105
0 108
0 109
0 112
0 113
0 115
0 120
0 122
0 123
0 124
0 128
0 130
0 131
0 132
0 133
0 134
0 135
0 137
0 140
0 141
0 142
0 144
0 147
0 152
0 154
0 158
0 160
0 163
0 164
0 166
0 168
0 169
0 171
0 172
0 174
0 179
0 182
0 183
0 185
0 186
0 189
0 192
0 195
0 198
1 2
1 4
1 12
1 14
1 15
1 17
1 19
1 22
1 28
1 29
1 30
1 34
1 37
1 40
1 41
1 45
1 46
1 48
1 49
1 51
1 52
1 55
1 58
1 60
1 61
1 63
1 64
1 65
1 66
1 67
1 68
1 70
1 72
1 74
1 75
1 78
1 79
1 82
1 83
1 90
1 95
1 97
1 99
1 100
1 101
1 104
1 105
1 106
1 108
1 109
1 110
1 111
1 112
1 115
1 118
1 119
1 121
1 124
1 126
1 127
1 128
1 129
1 130
1 133
1 135
1 136
1 138
1 140
1 142
1 145
1 147
1 148
1 150
1 151
1 152
1 153
1 154
1 155
1 158
1 160
1 163
1 164
1 165
1 168
1 169
1 171
1 173
1 176
1 177
1 179
1 180
1 182
1 185
1 186
1 187
1 190
1 191
1 193
1 195
1 197
1 199
2 3
2 4
2 5
2 6
2 7
2 9
2 10
2 13
2 15
2 17
2 21
2 23
2 26
2 29
2 30
2 31
2 32
2 34
2 41
2 42
2 45
2 46
2 47
2 49
2 50
2 53
2 54
2 55
2 57
2 60
2 65
2 66
2 70
2 72
2 73
2 78
2 80
2 81
2 82
2 83
2 84
2 85
2 86
2 89
2 90
2 93
2 95
2 96
2 98
2 101
2 103
2 106
2 107
2 108
2 113
2 124
2 125
2 127
2 128
2 130
2 131
2 132
2 133
2 136
2 140
2 141
2 142
2 145
2 146
2 148
2 149
2 153
2 154
2 155
2 158
2 160
2 162
2 164
2 167
2 169
2 170
2 171
2 176
2 177
2 178
2 182
2 184
2 185
2 186
2 188
2 190
2 191
2 192
2 194
2 195
2 197
3 4
3 8
3 11
3 13
3 14
3 18
3 19
3 20
3 22
3 23
3 30
3 31
3 34
3 37
3 41
3 43
3 44
3 45
3 49
3 51
3 54
3 56
3 57
3 58
3 60
3 61
3 62
3 63
3 64
3 65
3 66
3 67
3 68
3 73
3 74
3 77
3 80
3 81
3 82
3 86
3 87
3 88
3 90
3 93
3 95
3 98
3 100
3 101
3 103
3 104
3 106
3 109
3 110
3 112
3 115
3 118
3 121
3 123
3 124
3 127
3 128
3 130
3 131
3 133
3 134
3 135
3 136
3 139
3 142
3 143
3 147
3 148
3 149
3 150
3 151
3 155
3 160
3 161
3 164
3 165
3 166
3 168
3 172
3 173
3 177
3 178
3 181
3 182
3 184
3 185
3 191
3 192
3 193
3 194
3 197
3 198
4 7
4 8
4 9
4 10
4 11
4 15
4 16
4 18
4 23
4 24
4 25
4 26
4 27
4 31
4 32
4 36
4 39
4 42
4 43
4 46
4 47
4 49
4 51
4 53
4 55
4 56
4 57
4 58
4 59
4 61
4 62
4 64
4 65
4 66
4 68
4 74
4 77
4 79
4 81
4 84
4 85
4 89
4 91
4 92
4 96
4 99
4 102
4 105
4 106
4 107
4 108
4 109
4 111
4 113
4 116
4 118
4 120
4 122
4 125
4 126
4 127
4 128
4 131
4 136
4 138
4 139
4 140
4 141
4 143
4 147
4 148
4 150
4 153
4 154
4 159
4 161
4 168
4 169
4 170
4 171
4 172
4 175
4 176
4 177
4 181
4 184
4 185
4 186
4 188
4 189
4 191
4 192
4 193
4 197
4 198
4 199
5 6
5 8
5 9
5 11
5 12
5 18
5 20
5 21
5 22
5 29
5 33
5 36
5 39
5 42
5 44
5 45
5 46
5 47
5 50
5 51
5 52
5 53
5 55
5 56
5 57
5 58
5 60
5 61
5 63
5 64
5 65
5 66
5 69
5 70
5 72
5 73
5 74
5 76
5 77
5 80
5 86
5 87
5 93
5 94
5 95
5 96
5 97
5 100
5 101
5 102
5 103
5 104
5 106
5 109
5 111
5 113
5 114
5 115
5 116
5 117
5 119
5 121
5 122
5 123
5 124
5 127
5 128
5 129
5 130
5 132
5 135
5 136
5 138
5 139
5 141
5 142
5 148
5 149
5 151
5 152
5 154
5 158
5 160
5 161
5 162
5 163
5 164
5 166
5 167
5 169
5 170
5 171
5 174
5 175
5 176
5 177
5 184
5 185
5 186
5 188
5 189
5 190
5 191
5 192
5 195
5 198
5 199
6 7
6 12
6 16
6 17
6 18
6 19
6 20
6 23
6 24
6 26
6 28
6 30
6 32
6 33
6 34
6 35
6 37
6 41
6 42
6 43
6 46
6 48
6 49
6 50
6 56
6 58
6 59
6 61
6 62
6 63
6 66
6 67
6 68
6 70
6 72
6 76
6 77
6 79
6 81
6 82
6 87
6 88
6 91
6 92
6 93
6 95
6 96
6 100
6 102
6 107
6 108
6 110
6 112
6 113
6 116
6 117
6 118
6 119
6 120
6 121
6 122
6 123
6 126
6 128
6 131
6 132
6 134
6 135
6 136
6 137
6 138
6 139
6 140
6 143
6 147
6 149
6 150
6 152
6 153
6 154
6 156
6 160
6 161
6 162
6 163
6 166
6 169
6 170
6 171
6 174
6 175
6 176
6 177
6 181
6 182
6 183
6 184
6 185
6 187
6 189
6 192
6 193
6 194
6 195
6 196
6 197
6 198
6 199
7 10
7 12
7 13
7 17
7 21
7 22
7 25
7 27
7 28
7 29
7 31
7 34
7 35
7 39
7 42
7 51
7 54
7 55
7 56
7 58
7 60
7 61
7 63
7 64
7 66
7 68
7 69
7 73
7 74
7 75
7 77
7 78
7 79
7 83
7 85
7 87
7 92
7 100
7 101
7 104
7 108
7 109
7 111
7 113
7 115
7 116
7 117
7 119
7 120
7 121
7 122
7 123
7 125
7 126
7 128
7 130
7 133
7 135
7 136
7 138
7 139
7 141
7 142
7 144
7 146
7 150
7 152
7 153
7 156
7 158
7 159
7 161
7 164
7 165
7 166
7 168
7 169
7 170
7 171
7 176
7 183
7 184
7 185
7 186
7 188
7 194
7 198
7 199
8 10
8 11
8 14
8 15
8 19
8 20
8 21
8 23
8 24
8 26
8 28
8 31
8 32
8 33
8 34
8 35
8 36
8 38
8 39
8 40
8 43
8 47
8 48
8 49
8 50
8 51
8 52
8 53
8 57
8 58
8 63
8 65
8 68
8 69
8 70
8 72
8 73
8 75
8 76
8 77
8 78
8 80
8 81
8 85
8 86
8 87
8 88
8 89
8 90
8 93
8 94
8 96
8 97
8 99
8 100
8 103
8 104
8 105
8 106
8 113
8 115
8 116
8 118
8 121
8 122
8 125
8 128
8 129
8 132
8 136
8 138
8 139
8 141
8 142
8 143
8 147
8 148
8 149
8 151
8 155
8 156
8 158
8 159
8 160
8 162
8 163
8 164
8 165
8 168
8 169
8 170
8 171
8 172
8 174
8 175
8 176
8 179
8 181
8 182
8 183
8 185
8 187
8 188
8 191
8 194
8 195
8 197
8 199
9 10
9 11
9 14
9 19
9 23
9 27
9 30
9 34
9 39
9 44
9 51
9 53
9 54
9 55
9 56
9 57
9 58
9 59
9 60
9 61
9 62
9 63
9 66
9 67
9 69
9 70
9 74
9 75
9 79
9 80
9 81
9 82
9 85
9 86
9 87
9 89
9 93
9 95
9 97
9 98
9 101
9 102
9 104
9 105
9 109
9 110
9 111
9 112
9 113
9 114
9 115
9 116
9 120
9 123
9 127
9 128
9 130
9 134
9 135
9 137
9 140
9 141
9 142
9 143
9 144
9 146
9 148
9 149
9 151
9 152
9 153
9 157
9 159
9 160
9 161
9 162
9 164
9 165
9 168
9 169
9 170
9 174
9 176
9 179
9 182
9 184
9 185
9 186
9 188
9 189
9 190
9 192
9 193
9 196
9 198
9 199
10 12
10 13
10 14
10 15
10 17
10 18
10 19
10 20
10 21
10 27
10 29
10 32
10 33
10 34
10 35
10 36
10 38
10 39
10 41
10 42
10 43
10 44
10 45
10 46
10 47
10 48
10 51
10 54
10 59
10 61
10 63
10 64
10 69
10 71
10 72
10 74
10 76
10 77
10 78
10 79
10 80
10 81
10 84
10 85
10 86
10 87
10 89
10 90
10 93
10 94
10 97
10 98
10 101
10 106
10 107
10 110
10 112
10 115
10 117
10 124
10 126
10 130
10 132
10 136
10 137
10 138
10 139
10 141
10 142
10 146
10 147
10 149
10 152
10 155
10 157
10 159
10 160
10 163
10 167
10 168
10 170
10 172
10 174
10 177
10 181
10 184
10 190
10 191
10 195
10 197
10 199
11 12
11 13
11 15
11 16
11 19
11 22
11 26
11 29
11 37
11 41
11 43
11 45
11 46
11 48
11 49
11 52
11 53
11 54
11 57
11 58
11 59
11 60
11 61
11 62
11 63
11 69
11 70
11 78
11 79
11 80
11 81
11 82
11 84
11 86
11 89
11 92
11 93
11 95
11 96
11 98
11 101
11 103
11 104
11 105
11 106
11 108
11 109
11 112
11 114
11 115
11 119
11 120
11 122
11 124
11 125
11 128
11 129
11 130
11 133
11 136
11 137
11 138
11 139
11 142
11 143
11 145
11 146
11 151
11 152
11 154
11 155
11 156
11 157
11 158
11 162
11 165
11 169
11 170
11 171
11 172
11 173
11 174
11 177
11 179
11 180
11 183
11 184
11 186
11 191
11 192
11 194
11 196
11 198
12 13
12 14
12 15
12 17
12 19
12 20
12 21
12 23
12 26
12 27
12 28
12 31
12 34
12 35
12 36
12 38
12 43
12 51
12 52
12 55
12 57
12 58
12 61
12 64
12 65
12 66
12 68
12 69
12 70
12 72
12 73
12 76
12 77
12 78
12 81
12 82
12 83
12 84
12 85
12 87
12 89
12 90
12 95
12 96
12 97
12 99
12 100
12 104
12 105
12 109
12 111
12 112
12 114
12 116
12 117
12 123
12 125
12 127
12 129
12 132
12 133
12 134
12 139
12 140
12 141
12 142
12 143
12 144
12 146
12 147
12 148
12 154
12 155
12 157
12 158
12 161
12 162
12 163
12 166
12 168
12 169
12 170
12 171
12 173
12 174
12 178
12 184
12 185
12 186
12 187
12 190
12 192
12 193
12 197
13 15
13 16
13 17
13 19
13 24
13 27
13 30
13 31
13 32
13 33
13 35
13 40
13 41
13 43
13 44
13 51
13 53
13 55
13 56
13 58
13 59
13 60
13 61
13 62
13 65
13 66
13 68
13 70
13 71
13 72
13 76
13 77
13 78
13 79
13 81
13 83
13 85
13 86
13 87
13 88
13 91
13 92
13 93
13 98
13 100
13 101
13 106
13 107
13 108
13 113
13 115
13 116
13 118
13 120
13 121
13 124
13 125
13 126
13 128
13 129
13 140
13 146
13 149
13 152
13 153
13 154
13 156
13 157
13 159
13 160
13 162
13 164
13 168
13 172
13 173
13 175
13 176
13 179
13 182
13 183
13 184
13 187
13 189
13 191
13 192
13 193
13 197
13 199
14 15
14 17
14 20
14 21
14 25
14 26
14 27
14 28
14 31
14 35
14 37
14 39
14 40
14 43
14 45
14 48
14 49
14 53
14 54
14 55
14 57
14 59
14 60
14 62
14 65
14 66
14 69
14 71
14 73
14 75
14 76
14 79
14 80
14 82
14 85
14 86
14 87
14 88
14 90
14 91
14 94
14 95
14 96
14 98
14 99
14 101
14 102
14 107
14 108
14 109
14 110
14 112
14 114
14 115
14 117
14 119
14 121
14 123
14 125
14 127
14 130
14 131
14 133
14 134
14 138
14 139
14 141
14 143
14 145
14 146
14 147
14 150
14 151
14 153
14 155
14 160
14 163
14 169
14 170
14 171
14 172
14 177
14 178
14 179
14 181
14 182
14 185
14 188
14 190
14 192
14 193
14 194
14 196
14 197
14 199
15 18
15 19
15 22
15 24
15 25
15 27
15 30
15 34
15 35
15 37
15 38
15 39
15 44
15 47
15 48
15 49
15 50
15 51
15 53
15 56
15 60
15 62
15 64
15 67
15 69
15 70
15 72
15 73
15 74
15 76
15 78
15 79
15 81
15 91
15 92
15 93
15 94
15 96
15 102
15 103
15 105
15 106
15 108
15 109
15 110
15 115
15 118
15 120
15 121
15 123
15 125
15 128
15 129
15 130
15 132
15 133
15 135
15 136
15 137
15 138
15 141
15 142
15 143
15 147
15 148
15 149
15 151
15 152
15 154
15 156
15 161
15 163
15 165
15 166
15 167
15 170
15 172
15 174
15 176
15 179
15 180
15 181
15 183
15 184
15 186
15 190
15 192
15 195
15 198
15 199
16 17
16 18
16 19
16 20
16 21
16 24
16 25
16 28
16 31
16 32
16 33
16 34
16 35
16 37
16 38
16 39
16 40
16 42
16 48
16 51
16 52
16 53
16 54
16 56
16 58
16 61
16 62
16 63
16 65
16 67
16 71
16 73
16 74
16 76
16 77
16 80
16 82
16 83
16 84
16 86
16 87
16 89
16 92
16 95
16 99
16 100
16 102
16 104
16 106
16 111
16 114
16 116
16 120
16 121
16 122
16 123
16 124
16 126
16 127
16 131
16 133
16 134
16 135
16 136
16 137
16 139
16 142
16 146
16 150
16 151
16 156
16 157
16 161
16 162
16 165
16 167
16 169
16 170
16 175
16 177
16 178
16 179
16 180
16 181
16 183
16 184
16 185
16 186
16 187
16 188
16 191
16 192
16 193
16 195
16 196
16 198
16 199
17 19
17 20
17 21
17 22
17 24
17 28
17 29
17 30
17 32
17 38
17 39
17 41
17 42
17 43
17 44
17 46
17 47
17 50
17 51
17 53
17 54
17 56
17 58
17 60
17 61
17 62
17 63
17 65
17 66
17 68
17 71
17 72
17 74
17 75
17 78
17 79
17 84
17 86
17 87
17 88
17 90
17 95
17 96
17 97
17 99
17 100
17 102
17 105
17 106
17 108
17 110
17 112
17 113
17 114
17 117
17 118
17 120
17 121
17 122
17 123
17 125
17 128
17 129
17 131
17 133
17 134
17 135
17 136
17 137
17 140
17 141
17 142
17 145
17 146
17 147
17 148
17 149
17 152
17 155
17 157
17 158
17 160
17 164
17 165
17 166
17 168
17 169
17 171
17 173
17 177
17 178
17 179
17 180
17 184
17 185
17 186
17 188
17 190
17 194
17 195
17 196
17 199
18 21
18 23
18 24
18 28
18 29
18 31
18 34
18 35
18 36
18 37
18 41
18 43
18 46
18 48
18 49
18 50
18 52
18 53
18 54
18 57
18 58
18 61
18 63
18 64
18 65
18 67
18 71
18 74
18 77
18 78
18 80
18 81
18 84
18 85
18 88
18 91
18 92
18 95
18 96
18 97
18 98
18 99
18 101
18 103
18 105
18 106
18 108
18 109
18 110
18 113
18 114
18 115
18 116
18 118
18 119
18 122
18 123
18 124
18 125
18 128
18 129
18 130
18 132
18 133
18 134
18 136
18 138
18 139
18 140
18 142
18 145
18 147
18 148
18 149
18 152
18 153
18 154
18 155
18 157
18 158
18 159
18 162
18 168
18 169
18 172
18 173
18 174
18 175
18 176
18 177
18 178
18 179
18 184
18 185
18 193
19 20
19 24
19 25
19 28
19 30
19 34
19 35
19 36
19 37
19 38
19 39
19 40
19 43
19 44
19 48
19 50
19 51
19 52
19 54
19 56
19 57
19 58
19 59
19 60
19 62
19 64
19 65
19 68
19 69
19 73
19 74
19 75
19 76
19 77
19 82
19 83
19 84
19 86
19 88
19 89
19 91
19 93
19 94
19 95
19 96
19 97
19 98
19 99
19 100
19 102
19 103
19 106
19 108
19 109
19 110
19 111
19 117
19 120
19 121
19 123
19 125
19 126
19 128
19 129
19 130
19 132
19 133
19 135
19 138
19 141
19 142
19 145
19 146
19 147
19 148
19 150
19 151
19 152
19 153
19 154
19 155
19 158
19 160
19 162
19 165
19 166
19 167
19 168
19 169
19 173
19 174
19 176
19 177
19 179
19 182
19 184
19 185
19 187
19 189
19 191
19 192
19 194
19 198
20 21
20 22
20 25
20 26
20 28
20 29
20 31
20 32
20 34
20 35
20 37
20 38
20 39
20 40
20 42
20 46
20 47
20 52
20 54
20 55
20 57
20 58
20 60
20 62
20 63
20 64
20 65
20 66
20 67
20 69
20 70
20 73
20 76
20 78
20 81
20 83
20 85
20 86
20 87
20 88
20 90
20 91
20 95
20 96
20 97
20 98
20 101
20 102
20 105
20 106
20 108
20 112
20 114
20 115
20 117
20 119
20 122
20 123
20 127
20 129
20 131
20 136
20 138
20 139
20 140
20 142
20 144
20 146
20 149
20 151
20 157
20 160
20 161
20 162
20 163
20 165
20 167
20 168
20 170
20 172
20 174
20 175
20 182
20 184
20 188
20 189
20 191
20 194
20 195
20 196
20 197
20 198
20 199
21 22
21 27
21 28
21 29
21 30
21 33
21 36
21 37
21 40
21 41
21 43
21 46
21 47
21 48
21 51
21 52
21 53
21 54
21 55
21 57
21 60
21 62
21 63
21 65
21 66
21 67
21 68
21 69
21 71
21 74
21 75
21 77
21 79
21 80
21 81
21 82
21 83
21 84
21 86
21 92
21 96
21 97
21 98
21 101
21 104
21 105
21 106
21 112
21 113
21 117
21 121
21 126
21 127
21 129
21 131
21 132
21 135
21 139
21 141
21 142
21 143
21 146
21 147
21 148
21 149
21 150
21 151
21 153
21 154
21 156
21 157
21 158
21 159
21 161
21 162
21 164
21 166
21 169
21 170
21 171
21 175
21 176
21 177
21 178
21 179
21 180
21 181
21 182
21 188
21 190
21 195
21 196
21 197
21 199
22 24
22 25
22 26
22 28
22 30
22 31
22 32
22 33
22 35
22 38
22 39
22 41
22 42
22 43
22 44
22 46
22 48
22 49
22 50
22 51
22 52
22 57
22 58
22 60
22 62
22 63
22 67
22 68
22 73
22 77
22 78
22 79
22 80
22 81
22 82
22 84
22 87
22 88
22 89
22 90
22 91
22 93
22 96
22 97
22 99
22 106
22 107
22 108
22 109
22 110
22 111
22 112
22 113
22 116
22 117
22 118
22 120
22 121
22 122
22 123
22 124
22 126
22 131
22 133
22 134
22 135
22 141
22 142
22 143
22 144
22 146
22 148
22 149
22 150
22 151
22 152
22 153
22 155
22 160
22 161
22 162
22 163
22 167
22 168
22 169
22 171
22 177
22 179
22 182
22 183
22 184
22 186
22 187
22 189
22 194
22 195
22 198
23 24
23 27
23 28
23 30
23 33
23 35
23 41
23 42
23 44
23 45
23 47
23 48
23 56
23 61
23 63
23 69
23 72
23 74
23 76
23 79
23 80
23 81
23 85
23 87
23 88
23 89
23 91
23 92
23 93
23 95
23 100
23 101
23 106
23 107
23 113
23 114
23 115
23 116
23 117
23 120
23 123
23 125
23 126
23 136
23 137
23 138
23 142
23 143
23 144
23 145
23 148
23 151
23 152
23 155
23 158
23 161
23 162
23 166
23 167
23 168
23 170
23 172
23 175
23 180
23 181
23 182
23 183
23 188
23 189
23 192
23 193
23 195
23 196
23 199
24 25
24 27
24 28
24 29
24 30
24 32
24 34
24 35
24 37
24 40
24 41
24 44
24 45
24 48
24 50
24 55
24 57
24 59
24 64
24 65
24 68
24 70
24 73
24 75
24 76
24 77
24 78
24 80
24 81
24 82
24 83
24 90
24 92
24 93
24 95
24 96
24 97
24 99
24 100
24 103
24 104
24 106
24 107
24 110
24 111
24 114
24 115
24 119
24 122
24 124
24 126
24 127
24 128
24 129
24 130
24 132
24 135
24 137
24 139
24 140
24 141
24 142
24 143
24 149
24 150
24 151
24 152
24 155
24 158
24 160
24 161
24 163
24 166
24 168
24 170
24 171
24 172
24 173
24 174
24 176
24 178
24 179
24 181
24 182
24 183
24 185
24 189
24 190
24 192
24 194
24 195
25 26
25 32
25 33
25 35
25 36
25 39
25 40
25 42
25 44
25 45
25 46
25 47
25 50
25 54
25 55
25 56
25 57
25 58
25 60
25 61
25 62
25 63
25 64
25 66
25 67
25 68
25 69
25 70
25 71
25 72
25 74
25 78
25 82
25 85
25 86
25 90
25 92
25 94
25 97
25 98
25 99
25 100
25 101
25 104
25 106
25 108
25 109
25 119
25 121
25 123
25 125
25 131
25 132
25 134
25 139
25 140
25 141
25 143
25 144
25 145
25 146
25 147
25 151
25 152
25 155
25 156
25 157
25 159
25 162
25 163
25 164
25 166
25 169
25 172
25 173
25 175
25 177
25 178
25 179
25 182
25 186
25 189
25 191
25 196
25 198
25 199
26 27
26 30
26 32
26 33
26 35
26 36
26 37
26 39
26 42
26 45
26 47
26 48
26 49
26 53
26 57
26 58
26 59
26 60
26 63
26 65
26 67
26 69
26 71
26 74
26 77
26 79
26 81
26 85
26 86
26 87
26 88
26 90
26 93
26 95
26 99
26 100
26 103
26 104
26 107
26 108
26 109
26 113
26 114
26 115
26 117
26 118
26 121
26 123
26 125
26 126
26 128
26 130
26 131
26 134
26 135
26 136
26 137
26 138
26 139
26 143
26 144
26 145
26 147
26 150
26 151
26 152
26 155
26 156
26 157
26 159
26 164
26 170
26 171
26 172
26 173
26 180
26 182
26 183
26 184
26 185
26 187
26 188
26 190
26 191
26 196
26 197
26 198
27 28
27 31
27 32
27 33
27 35
27 36
27 39
27 42
27 44
27 46
27 49
27 51
27 52
27 54
27 55
27 61
27 62
27 64
27 65
27 67
27 68
27 71
27 76
27 77
27 78
27 79
27 80
27 82
27 83
27 84
27 86
27 89
27 91
27 92
27 96
27 97
27 98
27 100
27 101
27 102
27 103
27 104
27 106
27 109
27 114
27 117
27 118
27 120
27 121
27 122
27 123
27 124
27 128
27 130
27 133
27 139
27 140
27 143
27 145
27 148
27 154
27 155
27 156
27 157
27 158
27 160
27 163
27 165
27 169
27 170
27 171
27 176
27 179
27 180
27 182
27 183
27 184
27 185
27 186
27 190
27 194
27 195
27 196
27 197
27 199
28 31
28 33
28 37
28 38
28 40
28 43
28 44
28 45
28 46
28 47
28 48
28 50
28 51
28 52
28 56
28 60
28 61
28 63
28 64
28 65
28 66
28 68
28 69
28 70
28 72
28 73
28 74
28 75
28 76
28 77
28 78
28 79
28 81
28 83
28 86
28 89
28 92
28 93
28 94
28 95
28 96
28 97
28 99
28 100
28 101
28 102
28 103
28 104
28 105
28 109
28 112
28 114
28 116
28 119
28 120
28 125
28 126
28 129
28 131
28 134
28 135
28 137
28 138
28 139
28 140
28 142
28 146
28 147
28 150
28 151
28 156
28 157
28 160
28 162
28 163
28 165
28 169
28 170
28 174
28 182
28 183
28 185
28 186
28 187
28 188
28 189
28 190
28 195
28 198
28 199
29 31
29 33
29 34
29 37
29 38
29 40
29 42
29 43
29 45
29 46
29 47
29 48
29 50
29 52
29 53
29 54
29 57
29 64
29 65
29 68
29 72
29 74
29 77
29 79
29 80
29 82
29 83
29 86
29 87
29 89
29 91
29 92
29 95
29 97
29 98
29 100
29 101
29 102
29 104
29 108
29 110
29 111
29 113
29 115
29 117
29 118
29 119
29 126
29 127
29 131
29 132
29 134
29 136
29 139
29 140
29 141
29 144
29 146
29 148
29 149
29 152
29 153
29 155
29 156
29 158
29 159
29 162
29 165
29 166
29 168
29 169
29 170
29 171
29 182
29 184
29 185
29 186
29 187
29 188
29 191
29 194
29 196
29 199
30 31
30 36
30 37
30 39
30 40
30 41
30 42
30 44
30 46
30 50
30 51
30 52
30 54
30 55
30 56
30 57
30 58
30 59
30 61
30 65
30 66
30 67
30 68
30 69
30 70
30 73
30 74
30 76
30 79
30 82
30 83
30 84
30 85
30 87
30 88
30 90
30 91
30 94
30 95
30 96
30 97
30 100
30 101
30 103
30 106
30 110
30 112
30 113
30 114
30 115
30 117
30 118
30 119
30 120
30 121
30 122
30 123
30 124
30 125
30 126
30 127
30 134
30 135
30 140
30 141
30 142
30 143
30 145
30 149
30 151
30 153
30 154
30 158
30 160
30 161
30 162
30 164
30 165
30 166
30 169
30 170
30 171
30 172
30 173
30 176
30 181
30 183
30 185
30 186
30 188
30 189
30 193
30 194
30 195
30 197
31 32
31 33
31 35
31 39
31 40
31 44
31 45
31 47
31 48
31 49
31 50
31 51
31 52
31 54
31 55
31 56
31 58
31 63
31 65
31 66
31 67
31 69
31 70
31 72
31 73
31 74
31 75
31 76
31 77
31 78
31 79
31 83
31 84
31 87
31 89
31 90
31 91
31 92
31 93
31 94
31 98
31 99
31 100
31 101
31 102
31 106
31 108
31 110
31 111
31 112
31 113
31 115
31 120
31 121
31 122
31 124
31 127
31 128
31 129
31 130
31 131
31 136
31 137
31 139
31 140
31 141
31 143
31 144
31 147
31 149
31 150
31 151
31 152
31 153
31 156
31 157
31 159
31 160
31 163
31 164
31 167
31 168
31 169
31 170
31 171
31 172
31 173
31 174
31 176
31 177
31 178
31 179
31 180
31 181
31 182
31 183
31 184
31 186
31 188
31 189
31 190
31 191
31 192
31 195
31 196
31 197
31 198
31 199
32 33
32 34
32 35
32 36
32 37
32 38
32 39
32 41
32 43
32 44
32 47
32 48
32 49
32 52
32 54
32 55
32 56
32 57
32 65
32 66
32 67
32 68
32 69
32 70
32 71
32 72
32 77
32 78
32 79
32 80
32 83
32 84
32 85
32 86
32 88
32 94
32 95
32 96
32 97
32 107
32 108
32 109
32 110
32 118
32 119
32 120
32 121
32 122
32 124
32 125
32 126
32 129
32 132
32 134
32 135
32 136
32 137
32 138
32 139
32 142
32 144
32 149
32 150
32 152
32 154
32 156
32 158
32 160
32 162
32 163
32 164
32 165
32 166
32 167
32 168
32 170
32 176
32 180
32 181
32 182
32 185
32 186
32 188
32 189
32 190
32 192
32 195
32 197
32 198
33 34
33 35
33 36
33 37
33 40
33 42
33 44
33 49
33 50
33 56
33 58
33 60
33 61
33 62
33 63
33 69
33 73
33 76
33 77
33 83
33 85
33 87
33 88
33 92
33 104
33 109
33 110
33 112
33 115
33 117
33 119
33 120
33 121
33 122
33 129
33 130
33 135
33 141
33 143
33 147
33 148
33 149
33 150
33 151
33 153
33 154
33 157
33 158
33 160
33 161
33 162
33 168
33 169
33 170
33 172
33 173
33 174
33 175
33 178
33 179
33 180
33 182
33 188
33 190
33 192
33 193
33 194
33 195
33 198
33 199
34 35
34 36
34 38
34 39
34 45
34 46
34 47
34 51
34 52
34 53
34 54
34 55
34 57
34 58
34 59
34 60
34 61
34 62
34 69
34 71
34 73
34 74
34 75
34 77
34 78
34 79
34 81
34 82
34 84
34 85
34 87
34 89
34 90
34 95
34 101
34 102
34 104
34 106
34 107
34 116
34 117
34 118
34 119
34 121
34 122
34 123
34 125
34 126
34 128
34 129
34 131
34 133
34 135
34 137
34 139
34 141
34 142
34 143
34 146
34 147
34 150
34 156
34 157
34 158
34 159
34 164
34 165
34 166
34 167
34 169
34 171
34 172
34 173
34 178
34 181
34 182
34 186
34 188
34 190
34 191
34 192
34 193
34 194
34 195
34 196
34 197
34 198
35 36
35 37
35 41
35 43
35 44
35 45
35 48
35 49
35 55
35 60
35 61
35 62
35 63
35 65
35 66
35 68
35 69
35 70
35 71
35 73
35 77
35 80
35 84
35 85
35 88
35 89
35 90
35 91
35 96
35 98
35 99
35 101
35 104
35 105
35 106
35 107
35 109
35 111
35 112
35 116
35 118
35 119
35 120
35 127
35 131
35 133
35 137
35 138
35 147
35 148
35 149
35 150
35 151
35 152
35 153
35 154
35 155
35 157
35 158
35 161
35 162
35 168
35 169
35 172
35 174
35 175
35 176
35 178
35 181
35 183
35 185
35 188
35 189
35 190
35 193
35 194
35 195
35 197
35 198
36 39
36 42
36 43
36 44
36 45
36 47
36 48
36 55
36 57
36 58
36 59
36 61
36 62
36 63
36 64
36 65
36 68
36 69
36 70
36 71
36 74
36 76
36 77
36 80
36 82
36 84
36 85
36 86
36 87
36 92
36 94
36 95
36 96
36 97
36 98
36 99
36 100
36 101
36 103
36 104
36 106
36 110
36 111
36 113
36 115
36 116
36 117
36 121
36 124
36 126
36 132
36 135
36 136
36 137
36 138
36 143
36 145
36 146
36 149
36 152
36 159
36 160
36 161
36 162
36 166
36 180
36 181
36 185
36 186
36 190
36 192
36 194
36 195
36 196
36 198
37 38
37 39
37 41
37 45
37 47
37 49
37 51
37 52
37 54
37 56
37 58
37 59
37 60
37 61
37 62
37 64
37 66
37 73
37 74
37 75
37 76
37 78
37 79
37 80
37 83
37 87
37 89
37 91
37 92
37 93
37 95
37 97
37 98
37 99
37 102
37 103
37 107
37 109
37 111
37 113
37 114
37 115
37 116
37 121
37 123
37 124
37 125
37 126
37 128
37 129
37 134
37 135
37 136
37 137
37 139
37 140
37 142
37 143
37 144
37 146
37 148
37 149
37 150
37 151
37 153
37 154
37 155
37 156
37 159
37 162
37 164
37 166
37 167
37 168
37 171
37 175
37 176
37 177
37 183
37 185
37 188
37 190
37 193
37 194
37 196
37 197
37 199
38 39
38 41
38 45
38 47
38 48
38 49
38 50
38 51
38 53
38 57
38 58
38 60
38 62
38 63
38 64
38 65
38 66
38 67
38 70
38 71
38 74
38 78
38 83
38 84
38 86
38 89
38 91
38 92
38 94
38 95
38 103
38 104
38 105
38 107
38 110
38 113
38 114
38 117
38 121
38 122
38 125
38 128
38 131
38 133
38 137
38 138
38 140
38 141
38 142
38 145
38 146
38 147
38 148
38 149
38 153
38 157
38 158
38 164
38 166
38 167
38 169
38 170
38 171
38 172
38 173
38 175
38 176
38 180
38 185
38 186
38 193
38 195
38 196
38 197
38 199
39 40
39 41
39 42
39 44
39 53
39 54
39 58
39 59
39 60
39 62
39 64
39 67
39 68
39 71
39 72
39 73
39 75
39 76
39 78
39 79
39 82
39 83
39 84
39 86
39 88
39 89
39 92
39 95
39 96
39 100
39 101
39 102
39 104
39 108
39 110
39 111
39 112
39 113
39 120
39 122
39 123
39 124
39 126
39 128
39 129
39 130
39 133
39 135
39 137
39 139
39 140
39 142
39 144
39 146
39 147
39 150
39 152
39 153
39 157
39 160
39 161
39 162
39 164
39 175
39 177
39 180
39 181
39 182
39 183
39 185
39 187
39 188
39 190
39 191
39 192
39 193
39 194
39 195
39 197
39 199
40 41
40 42
40 45
40 47
40 48
40 49
40 50
40 51
40 55
40 56
40 58
40 59
40 60
40 61
40 62
40 63
40 64
40 65
40 66
40 73
40 74
40 75
40 76
40 77
40 78
40 83
40 85
40 86
40 87
40 89
40 91
40 93
40 96
40 98
40 99
40 100
40 102
40 106
40 108
40 109
40 111
40 115
40 118
40 123
40 125
40 126
40 128
40 131
40 132
40 143
40 144
40 146
40 147
40 148
40 149
40 150
40 152
40 154
40 155
40 158
40 159
40 160
40 161
40 162
40 163
40 166
40 167
40 168
40 170
40 171
40 176
40 177
40 178
40 179
40 180
40 183
40 184
40 185
40 186
40 187
40 191
40 193
40 194
40 197
40 198
40 199
41 42
41 43
41 44
41 46
41 48
41 51
41 52
41 57
41 58
41 63
41 64
41 68
41 70
41 71
41 72
41 73
41 74
41 76
41 79
41 80
41 81
41 85
41 91
41 93
41 96
41 98
41 99
41 100
41 101
41 105
41 106
41 108
41 109
41 111
41 112
41 113
41 118
41 122
41 124
41 125
41 126
41 130
41 134
41 137
41 138
41 139
41 141
41 142
41 143
41 145
41 146
41 147
41 151
41 152
41 154
41 158
41 159
41 160
41 166
41 167
41 171
41 172
41 173
41 175
41 178
41 181
41 188
41 192
41 193
41 194
41 196
41 197
41 199
42 43
42 45
42 46
42 48
42 49
42 52
42 54
42 55
42 58
42 60
42 61
42 62
42 63
42 64
42 65
42 66
42 68
42 70
42 71
42 73
42 78
42 81
42 82
42 83
42 84
42 85
42 87
42 88
42 89
42 91
42 93
42 95
42 96
42 98
42 99
42 100
42 101
42 103
42 105
42 106
42 107
42 108
42 111
42 112
42 115
42 116
42 118
42 120
42 122
42 124
42 129
42 130
42 132
42 135
42 140
42 142
42 144
42 145
42 146
42 148
42 153
42 155
42 156
42 158
42 159
42 162
42 166
42 172
42 173
42 174
42 175
42 177
42 180
42 181
42 184
42 185
42 187
42 189
42 192
42 194
42 195
42 196
42 197
42 199
43 46
43 48
43 51
43 53
43 56
43 57
43 59
43 62
43 64
43 65
43 66
43 69
43 70
43 71
43 72
43 73
43 75
43 76
43 77
43 78
43 79
43 80
43 82
43 84
43 85
43 87
43 90
43 91
43 92
43 93
43 95
43 96
43 97
43 98
43 99
43 100
43 102
43 103
43 105
43 106
43 109
43 115
43 116
43 118
43 121
43 124
43 127
43 129
43 130
43 131
43 133
43 136
43 140
43 144
43 145
43 148
43 150
43 151
43 152
43 154
43 155
43 157
43 158
43 159
43 163
43 164
43 165
43 167
43 170
43 171
43 173
43 174
43 177
43 179
43 180
43 184
43 185
43 186
43 189
43 190
43 191
43 193
43 194
43 196
44 47
44 51
44 52
44 54
44 55
44 56
44 57
44 58
44 61
44 64
44 66
44 69
44 70
44 71
44 73
44 76
44 77
44 78
44 79
44 82
44 83
44 84
44 88
44 90
44 91
44 93
44 94
44 95
44 96
44 97
44 100
44 101
44 102
44 103
44 104
44 106
44 107
44 111
44 112
44 113
44 114
44 115
44 117
44 118
44 119
44 120
44 123
44 124
44 129
44 131
44 138
44 139
44 141
44 142
44 143
44 144
44 146
44 147
44 149
44 150
44 151
44 154
44 155
44 156
44 157
44 159
44 161
44 163
44 165
44 166
44 168
44 174
44 176
44 178
44 179
44 180
44 181
44 183
44 184
44 185
44 186
44 188
44 189
44 190
44 193
45 46
45 47
45 49
45 51
45 52
45 55
45 59
45 63
45 65
45 66
45 70
45 72
45 74
45 75
45 76
45 77
45 79
45 81
45 84
45 90
45 91
45 92
45 93
45 94
45 96
45 97
45 99
45 100
45 101
45 102
45 105
45 106
45 110
45 111
45 114
45 116
45 125
45 126
45 128
45 130
45 131
45 132
45 133
45 134
45 138
45 139
45 140
45 143
45 144
45 145
45 148
45 151
45 155
45 158
45 161
45 165
45 167
45 168
45 169
45 172
45 177
45 178
45 181
45 182
45 183
45 185
45 187
45 188
45 191
45 192
45 193
45 194
45 197
46 48
46 50
46 52
46 55
46 56
46 58
46 59
46 60
46 63
46 65
46 67
46 71
46 72
46 73
46 77
46 78
46 80
46 81
46 82
46 83
46 84
46 86
46 90
46 91
46 96
46 98
46 99
46 108
46 109
46 110
46 114
46 115
46 116
46 119
46 122
46 123
46 128
46 129
46 130
46 132
46 135
46 139
46 140
46 141
46 145
46 147
46 149
46 152
46 153
46 159
46 163
46 166
46 167
46 169
46 170
46 171
46 172
46 173
46 174
46 176
46 177
46 181
46 182
46 183
46 184
46 189
46 190
46 193
46 196
46 197
46 198
47 51
47 52
47 53
47 57
47 58
47 60
47 64
47 68
47 69
47 70
47 75
47 76
47 77
47 78
47 79
47 81
47 83
47 85
47 86
47 89
47 90
47 91
47 92
47 95
47 99
47 101
47 106
47 109
47 111
47 112
47 113
47 115
47 118
47 119
47 121
47 122
47 123
47 126
47 129
47 132
47 133
47 137
47 138
47 141
47 146
47 147
47 154
47 155
47 159
47 161
47 162
47 165
47 166
47 168
47 170
47 171
47 173
47 175
47 176
47 177
47 178
47 179
47 180
47 182
47 184
47 185
47 190
47 193
47 195
47 196
47 197
47 198
48 50
48 51
48 52
48 55
48 59
48 60
48 61
48 62
48 63
48 64
48 65
48 67
48 68
48 70
48 73
48 74
48 76
48 77
48 78
48 79
48 83
48 85
48 86
48 88
48 89
48 92
48 96
48 98
48 99
48 100
48 101
48 103
48 104
48 108
48 109
48 110
48 114
48 116
48 118
48 120
48 123
48 126
48 130
48 135
48 138
48 140
48 142
48 145
48 147
48 149
48 151
48 152
48 154
48 155
48 156
48 160
48 161
48 162
48 163
48 166
48 168
48 172
48 173
48 174
48 175
48 176
48 179
48 181
48 185
48 187
48 189
48 191
48 192
48 193
48 194
48 197
49 51
49 53
49 56
49 57
49 58
49 63
49 64
49 67
49 72
49 73
49 74
49 76
49 77
49 78
49 80
49 83
49 89
49 94
49 96
49 98
49 100
49 102
49 103
49 105
49 106
49 109
49 110
49 113
49 115
49 121
49 122
49 123
49 124
49 126
49 127
49 128
49 130
49 132
49 136
49 137
49 138
49 140
49 141
49 142
49 143
49 144
49 145
49 147
49 148
49 150
49 153
49 155
49 156
49 159
49 160
49 161
49 164
49 167
49 168
49 169
49 170
49 171
49 172
49 176
49 177
49 182
49 183
49 184
49 185
49 186
49 187
49 193
49 194
49 197
49 198
49 199
50 54
50 55
50 57
50 62
50 66
50 69
50 70
50 71
50 73
50 81
50 84
50 86
50 87
50 88
50 92
50 95
50 99
50 105
50 106
50 107
50 108
50 109
50 115
50 116
50 117
50 121
50 124
50 125
50 126
50 127
50 128
50 130
50 140
50 141
50 150
50 151
50 152
50 154
50 160
50 162
50 164
50 167
50 169
50 170
50 171
50 173
50 175
50 179
50 181
50 184
50 185
50 186
50 188
50 189
50 192
50 195
50 196
50 197
51 54
51 56
51 58
51 60
51 61
51 63
51 64
51 67
51 71
51 73
51 74
51 76
51 78
51 80
51 81
51 83
51 84
51 85
51 86
51 88
51 92
51 96
51 97
51 99
51 100
51 102
51 105
51 106
51 112
51 113
51 114
51 119
51 120
51 121
51 124
51 125
51 128
51 129
51 131
51 132
51 135
51 137
51 139
51 140
51 141
51 144
51 146
51 147
51 148
51 149
51 155
51 156
51 157
51 160
51 161
51 163
51 165
51 167
51 168
51 170
51 171
51 172
51 173
51 174
51 175
51 177
51 178
51 179
51 182
51 183
51 184
51 187
51 190
51 191
51 194
51 195
51 196
51 197
51 198
52 55
52 56
52 57
52 59
52 60
52 62
52 64
52 65
52 66
52 67
52 68
52 72
52 76
52 77
52 78
52 79
52 80
52 82
52 84
52 88
52 89
52 90
52 91
52 92
52 93
52 95
52 97
52 98
52 99
52 101
52 102
52 103
52 104
52 105
52 106
52 107
52 108
52 109
52 111
52 112
52 117
52 120
52 122
52 123
52 124
52 127
52 129
52 132
52 136
52 138
52 139
52 140
52 143
52 144
52 145
52 147
52 149
52 151
52 153
52 155
52 162
52 164
52 165
52 167
52 168
52 171
52 172
52 174
52 176
52 177
52 178
52 180
52 181
52 182
52 186
52 187
52 188
52 190
52 191
52 192
52 195
52 197
52 198
52 199
53 56
53 58
53 62
53 65
53 67
53 68
53 72
53 73
53 75
53 79
53 82
53 83
53 84
53 86
53 88
53 89
53 92
53 96
53 97
53 98
53 103
53 105
53 106
53 108
53 109
53 114
53 116
53 121
53 122
53 124
53 129
53 132
53 133
53 135
53 137
53 138
53 139
53 140
53 142
53 145
53 147
53 148
53 149
53 152
53 154
53 155
53 162
53 164
53 165
53 170
53 173
53 174
53 176
53 177
53 178
53 179
53 180
53 182
53 184
53 189
53 191
53 193
54 59
54 60
54 61
54 62
54 63
54 64
54 68
54 71
54 72
54 73
54 74
54 77
54 79
54 83
54 84
54 85
54 87
54 89
54 90
54 91
54 93
54 95
54 98
54 99
54 100
54 101
54 103
54 104
54 106
54 107
54 108
54 110
54 112
54 113
54 115
54 116
54 117
54 118
54 120
54 124
54 126
54 127
54 128
54 129
54 130
54 132
54 134
54 135
54 137
54 141
54 146
54 147
54 149
54 151
54 153
54 154
54 155
54 156
54 157
54 158
54 159
54 160
54 161
54 162
54 164
54 168
54 169
54 171
54 172
54 173
54 176
54 177
54 181
54 182
54 183
54 186
54 189
54 190
54 195
54 196
54 198
55 56
55 57
55 58
55 61
55 62
55 64
55 65
55 67
55 69
55 71
55 75
55 76
55 78
55 79
55 80
55 81
55 83
55 85
55 91
55 95
55 97
55 98
55 101
55 102
55 103
55 104
55 105
55 107
55 108
55 110
55 112
55 113
55 114
55 117
55 118
55 119
55 121
55 122
55 124
55 125
55 130
55 131
55 135
55 137
55 140
55 143
55 144
55 152
55 154
55 155
55 156
55 158
55 161
55 162
55 163
55 164
55 165
55 167
55 170
55 172
55 174
55 175
55 177
55 179
55 182
55 183
55 184
55 186
55 188
55 190
55 191
55 192
55 195
55 196
55 197
55 199
56 58
56 59
56 60
56 61
56 64
56 67
56 68
56 71
56 73
56 74
56 75
56 76
56 77
56 79
56 85
56 86
56 88
56 89
56 90
56 91
56 93
56 95
56 96
56 98
56 99
56 100
56 104
56 107
56 109
56 110
56 111
56 112
56 115
56 116
56 117
56 118
56 120
56 121
56 122
56 124
56 125
56 127
56 129
56 130
56 132
56 134
56 136
56 137
56 140
56 145
56 147
56 150
56 151
56 154
56 156
56 162
56 166
56 172
56 173
56 176
56 178
56 180
56 181
56 182
56 191
56 192
56 195
56 197
57 58
57 60
57 61
57 62
57 65
57 67
57 68
57 71
57 74
57 76
57 80
57 82
57 83
57 85
57 87
57 88
57 90
57 92
57 93
57 94
57 95
57 96
57 103
57 104
57 107
57 109
57 111
57 112
57 114
57 115
57 121
57 122
57 124
57 125
57 127
57 129
57 132
57 133
57 134
57 139
57 141
57 142
57 144
57 148
57 150
57 151
57 152
57 156
57 157
57 161
57 162
57 163
57 164
57 165
57 166
57 167
57 169
57 170
57 171
57 174
57 177
57 178
57 179
57 180
57 183
57 185
57 190
57 191
57 192
57 193
57 197
58 60
58 61
58 63
58 64
58 66
58 70
58 71
58 72
58 73
58 74
58 76
58 77
58 78
58 79
58 81
58 82
58 83
58 86
58 88
58 90
58 91
58 92
58 97
58 100
58 101
58 102
58 104
58 105
58 110
58 112
58 113
58 114
58 117
58 118
58 120
58 123
58 124
58 125
58 128
58 129
58 130
58 132
58 134
58 135
58 136
58 138
58 140
58 144
58 145
58 153
58 154
58 155
58 157
58 158
58 159
58 160
58 165
58 166
58 171
58 173
58 176
58 178
58 183
58 185
58 188
58 189
58 191
58 192
58 193
58 194
58 195
58 196
59 65
59 66
59 67
59 70
59 71
59 73
59 75
59 79
59 80
59 83
59 87
59 91
59 93
59 94
59 95
59 98
59 100
59 101
59 102
59 103
59 112
59 114
59 115
59 118
59 119
59 120
59 123
59 125
59 126
59 127
59 128
59 132
59 135
59 137
59 139
59 142
59 144
59 146
59 148
59 151
59 152
59 153
59 155
59 156
59 157
59 158
59 160
59 161
59 162
59 163
59 164
59 165
59 166
59 167
59 170
59 171
59 175
59 176
59 180
59 182
59 183
59 185
59 187
59 188
59 191
59 193
59 197
59 198
60 61
60 64
60 65
60 67
60 71
60 72
60 73
60 76
60 77
60 78
60 79
60 82
60 84
60 87
60 89
60 90
60 91
60 93
60 94
60 95
60 96
60 97
60 98
60 100
60 104
60 107
60 109
60 110
60 112
60 115
60 116
60 119
60 120
60 121
60 122
60 123
60 124
60 126
60 127
60 129
60 132
60 133
60 135
60 136
60 137
60 139
60 141
60 142
60 143
60 144
60 146
60 148
60 149
60 151
60 155
60 157
60 161
60 162
60 163
60 165
60 166
60 170
60 178
60 179
60 180
60 181
60 182
60 186
60 187
60 190
60 191
60 193
60 197
60 198
60 199
61 62
61 63
61 70
61 71
61 76
61 78
61 79
61 80
61 82
61 84
61 85
61 86
61 87
61 88
61 93
61 97
61 98
61 99
61 103
61 104
61 107
61 110
61 113
61 114
61 117
61 118
61 122
61 123
61 128
61 129
61 130
61 132
61 134
61 136
61 138
61 143
61 145
61 149
61 152
61 153
61 154
61 155
61 156
61 157
61 158
61 165
61 166
61 168
61 169
61 170
61 176
61 177
61 186
61 187
61 188
61 190
61 193
61 194
61 199
62 64
62 65
62 72
62 73
62 80
62 82
62 83
62 84
62 85
62 87
62 89
62 91
62 96
62 98
62 99
62 102
62 104
62 108
62 113
62 115
62 117
62 118
62 120
62 121
62 124
62 125
62 126
62 128
62 129
62 132
62 134
62 137
62 139
62 140
62 143
62 145
62 148
62 151
62 152
62 153
62 155
62 160
62 162
62 163
62 164
62 165
62 166
62 168
62 171
62 172
62 175
62 176
62 178
62 179
62 181
62 185
62 187
62 188
62 189
62 190
62 191
62 193
62 196
62 198
63 64
63 66
63 67
63 69
63 70
63 71
63 72
63 74
63 79
63 80
63 83
63 84
63 85
63 86
63 88
63 91
63 92
63 94
63 98
63 99
63 100
63 102
63 103
63 110
63 111
63 114
63 118
63 121
63 123
63 124
63 126
63 128
63 129
63 130
63 131
63 132
63 135
63 136
63 142
63 143
63 144
63 145
63 147
63 148
63 149
63 152
63 154
63 155
63 157
63 158
63 161
63 165
63 166
63 167
63 168
63 171
63 172
63 174
63 176
63 177
63 178
63 182
63 183
63 185
63 186
63 188
63 191
63 194
63 198
63 199
64 65
64 67
64 70
64 71
64 78
64 79
64 80
64 81
64 83
64 84
64 86
64 88
64 89
64 90
64 91
64 92
64 96
64 99
64 100
64 102
64 104
64 105
64 106
64 108
64 109
64 111
64 114
64 115
64 116
64 118
64 119
64 120
64 121
64 122
64 124
64 125
64 128
64 129
64 130
64 131
64 132
64 133
64 136
64 140
64 141
64 143
64 145
64 147
64 148
64 151
64 155
64 156
64 159
64 161
64 162
64 163
64 164
64 165
64 167
64 168
64 169
64 170
64 171
64 173
64 174
64 180
64 182
64 183
64 184
64 191
64 194
64 197
64 199
65 67
65 68
65 70
65 71
65 74
65 76
65 78
65 80
65 81
65 82
65 85
65 89
65 90
65 91
65 93
65 94
65 95
65 98
65 100
65 101
65 103
65 108
65 109
65 111
65 115
65 116
65 117
65 120
65 121
65 123
65 124
65 126
65 127
65 129
65 130
65 131
65 134
65 136
65 137
65 139
65 142
65 143
65 145
65 146
65 147
65 148
65 150
65 152
65 153
65 155
65 161
65 162
65 165
65 166
65 168
65 170
65 171
65 172
65 178
65 179
65 180
65 182
65 184
65 185
65 187
65 190
65 191
65 193
65 194
65 195
65 199
66 67
66 69
66 70
66 71
66 73
66 74
66 76
66 77
66 78
66 79
66 80
66 81
66 82
66 86
66 90
66 91
66 95
66 96
66 97
66 98
66 99
66 101
66 102
66 103
66 106
66 107
66 111
66 112
66 113
66 115
66 117
66 120
66 121
66 123
66 124
66 125
66 126
66 127
66 129
66 130
66 134
66 138
66 139
66 144
66 147
66 148
66 153
66 154
66 157
66 160
66 164
66 165
66 166
66 167
66 168
66 169
66 170
66 171
66 175
66 177
66 179
66 182
66 183
66 186
66 189
66 190
66 191
66 193
66 194
66 195
66 196
66 197
66 198
67 71
67 72
67 75
67 76
67 80
67 82
67 83
67 84
67 86
67 87
67 88
67 91
67 92
67 93
67 94
67 96
67 97
67 100
67 101
67 103
67 104
67 109
67 111
67 117
67 120
67 122
67 123
67 125
67 127
67 129
67 130
67 131
67 133
67 137
67 138
67 139
67 141
67 143
67 145
67 146
67 147
67 154
67 158
67 159
67 160
67 161
67 163
67 165
67 167
67 169
67 171
67 173
67 174
67 175
67 177
67 179
67 180
67 187
67 188
67 190
67 195
67 196
67 199
68 69
68 70
68 72
68 73
68 74
68 76
68 82
68 84
68 86
68 92
68 98
68 103
68 105
68 108
68 109
68 111
68 113
68 117
68 118
68 119
68 120
68 122
68 129
68 131
68 132
68 133
68 135
68 139
68 142
68 145
68 152
68 156
68 160
68 161
68 165
68 169
68 170
68 172
68 175
68 177
68 178
68 180
68 182
68 183
68 187
68 191
68 192
68 194
69 71
69 72
69 73
69 74
69 75
69 76
69 77
69 81
69 86
69 87
69 88
69 89
69 90
69 94
69 96
69 97
69 98
69 99
69 101
69 102
69 104
69 105
69 107
69 108
69 109
69 110
69 114
69 117
69 119
69 120
69 122
69 123
69 124
69 125
69 126
69 129
69 130
69 131
69 132
69 137
69 138
69 143
69 144
69 145
69 147
69 149
69 150
69 151
69 152
69 153
69 154
69 155
69 161
69 162
69 164
69 167
69 168
69 169
69 170
69 172
69 174
69 175
69 179
69 184
69 187
69 188
69 189
69 190
69 191
69 192
69 193
69 194
69 196
69 198
70 72
70 73
70 74
70 75
70 77
70 78
70 79
70 84
70 89
70 92
70 96
70 97
70 100
70 102
70 105
70 107
70 109
70 110
70 112
70 113
70 115
70 118
70 122
70 123
70 126
70 127
70 132
70 134
70 137
70 139
70 140
70 141
70 143
70 144
70 145
70 146
70 147
70 148
70 151
70 153
70 154
70 155
70 156
70 157
70 163
70 164
70 166
70 168
70 169
70 172
70 173
70 175
70 178
70 181
70 183
70 184
70 186
70 188
70 190
70 193
70 195
70 199
71 74
71 75
71 78
71 79
71 80
71 83
71 87
71 88
71 89
71 90
71 91
71 93
71 94
71 96
71 97
71 98
71 100
71 104
71 105
71 106
71 107
71 108
71 109
71 111
71 112
71 113
71 115
71 120
71 122
71 126
71 130
71 131
71 132
71 134
71 136
71 143
71 145
71 146
71 147
71 149
71 150
71 151
71 152
71 153
71 154
71 156
71 157
71 158
71 159
71 161
71 164
71 165
71 171
71 172
71 174
71 175
71 181
71 184
71 187
71 188
71 191
71 192
71 193
71 196
71 198
71 199
72 74
72 78
72 80
72 81
72 87
72 88
72 90
72 91
72 93
72 100
72 103
72 105
72 111
72 112
72 113
72 114
72 116
72 117
72 120
72 123
72 134
72 135
72 136
72 137
72 139
72 141
72 142
72 143
72 144
72 145
72 146
72 147
72 149
72 150
72 151
72 152
72 155
72 156
72 157
72 158
72 160
72 165
72 167
72 171
72 172
72 173
72 174
72 176
72 177
72 179
72 182
72 189
72 194
72 198
73 80
73 82
73 85
73 88
73 89
73 92
73 93
73 94
73 96
73 97
73 98
73 101
73 103
73 106
73 107
73 108
73 109
73 111
73 112
73 113
73 116
73 117
73 119
73 121
73 125
73 128
73 135
73 136
73 138
73 140
73 146
73 147
73 149
73 153
73 155
73 157
73 158
73 159
73 160
73 161
73 163
73 164
73 165
73 169
73 170
73 171
73 172
73 174
73 177
73 178
73 179
73 180
73 183
73 185
73 188
73 189
73 190
73 191
73 192
73 194
73 197
73 198
74 75
74 77
74 81
74 82
74 85
74 86
74 89
74 91
74 92
74 94
74 95
74 98
74 99
74 100
74 102
74 103
74 104
74 108
74 109
74 110
74 111
74 113
74 114
74 117
74 118
74 128
74 129
74 130
74 133
74 134
74 135
74 136
74 137
74 140
74 141
74 142
74 146
74 148
74 152
74 153
74 155
74 157
74 158
74 159
74 160
74 161
74 165
74 172
74 174
74 180
74 184
74 186
74 189
74 195
74 197
75 79
75 80
75 81
75 82
75 83
75 84
75 85
75 86
75 87
75 88
75 92
75 93
75 94
75 95
75 99
75 101
75 102
75 103
75 110
75 112
75 117
75 118
75 121
75 123
75 125
75 126
75 129
75 130
75 131
75 134
75 136
75 137
75 141
75 142
75 144
75 151
75 154
75 155
75 156
75 157
75 161
75 162
75 163
75 164
75 165
75 167
75 169
75 171
75 172
75 176
75 178
75 179
75 184
75 192
75 194
75 195
75 196
76 78
76 79
76 81
76 87
76 89
76 90
76 93
76 94
76 95
76 96
76 97
76 100
76 101
76 102
76 103
76 104
76 105
76 106
76 108
76 111
76 114
76 117
76 118
76 119
76 120
76 123
76 124
76 125
76 127
76 128
76 130
76 132
76 137
76 139
76 142
76 143
76 146
76 147
76 149
76 150
76 154
76 156
76 159
76 160
76 162
76 163
76 165
76 170
76 172
76 173
76 174
76 175
76 177
76 178
76 180
76 181
76 182
76 184
76 188
76 189
76 191
76 192
76 193
76 196
76 197
76 198
77 78
77 79
77 80
77 82
77 83
77 84
77 86
77 87
77 88
77 89
77 90
77 91
77 92
77 94
77 96
77 97
77 100
77 101
77 103
77 107
77 109
77 111
77 112
77 113
77 114
77 118
77 120
77 123
77 124
77 125
77 126
77 127
77 128
77 130
77 131
77 132
77 134
77 136
77 141
77 142
77 148
77 151
77 153
77 154
77 157
77 160
77 161
77 165
77 169
77 171
77 172
77 177
77 179
77 185
77 188
77 190
77 193
77 194
77 196
77 198
77 199
78 80
78 81
78 89
78 91
78 98
78 100
78 102
78 103
78 104
78 114
78 115
78 116
78 118
78 119
78 122
78 128
78 130
78 131
78 133
78 134
78 135
78 136
78 139
78 141
78 143
78 144
78 145
78 146
78 149
78 151
78 155
78 158
78 159
78 161
78 164
78 168
78 173
78 175
78 176
78 177
78 178
78 183
78 185
78 186
78 189
78 191
78 193
78 197
78 198
78 199
79 80
79 83
79 84
79 87
79 89
79 91
79 92
79 96
79 97
79 98
79 99
79 101
79 102
79 103
79 104
79 110
79 111
79 112
79 115
79 118
79 119
79 123
79 124
79 127
79 129
79 133
79 135
79 137
79 140
79 143
79 145
79 146
79 149
79 152
79 157
79 159
79 160
79 164
79 166
79 172
79 173
79 174
79 177
79 180
79 182
79 183
79 184
79 186
79 191
79 194
79 196
80 82
80 87
80 88
80 91
80 92
80 93
80 95
80 96
80 98
80 99
80 101
80 102
80 105
80 107
80 109
80 112
80 114
80 117
80 119
80 120
80 125
80 126
80 128
80 131
80 133
80 134
80 136
80 137
80 140
80 142
80 144
80 145
80 146
80 147
80 149
80 151
80 153
80 155
80 156
80 158
80 159
80 160
80 161
80 163
80 164
80 165
80 166
80 167
80 169
80 171
80 172
80 173
80 176
80 177
80 178
80 179
80 180
80 184
80 186
80 188
80 189
80 192
80 193
80 194
80 195
80 197
80 199
81 85
81 88
81 91
81 94
81 95
81 96
81 98
81 99
81 101
81 102
81 103
81 105
81 106
81 107
81 108
81 110
81 111
81 114
81 118
81 119
81 122
81 124
81 125
81 126
81 128
81 129
81 131
81 132
81 133
81 134
81 135
81 137
81 143
81 145
81 146
81 147
81 148
81 150
81 152
81 154
81 155
81 156
81 159
81 161
81 162
81 163
81 165
81 166
81 167
81 168
81 169
81 170
81 171
81 172
81 174
81 175
81 176
81 179
81 183
81 184
81 186
81 187
81 188
81 190
81 191
81 195
81 198
81 199
82 83
82 86
82 87
82 90
82 91
82 94
82 97
82 98
82 99
82 100
82 101
82 102
82 105
82 108
82 113
82 116
82 117
82 118
82 119
82 121
82 125
82 126
82 127
82 128
82 129
82 131
82 132
82 134
82 136
82 138
82 140
82 142
82 145
82 146
82 150
82 156
82 157
82 158
82 159
82 160
82 161
82 164
82 165
82 166
82 167
82 168
82 169
82 175
82 176
82 177
82 178
82 184
82 186
82 187
82 188
82 190
82 192
82 194
82 197
82 198
82 199
83 84
83 86
83 87
83 89
83 93
83 94
83 95
83 96
83 100
83 102
83 104
83 105
83 106
83 108
83 110
83 115
83 116
83 120
83 121
83 123
83 125
83 126
83 127
83 130
83 131
83 132
83 134
83 135
83 136
83 139
83 141
83 142
83 148
83 151
83 153
83 155
83 156
83 157
83 159
83 162
83 163
83 164
83 165
83 168
83 169
83 171
83 175
83 184
83 187
83 190
83 191
83 192
83 196
83 197
83 198
84 85
84 87
84 92
84 93
84 94
84 96
84 97
84 98
84 100
84 102
84 106
84 107
84 110
84 111
84 112
84 114
84 115
84 116
84 117
84 119
84 120
84 121
84 123
84 127
84 128
84 129
84 130
84 133
84 135
84 138
84 140
84 141
84 142
84 146
84 147
84 148
84 149
84 150
84 152
84 155
84 156
84 157
84 158
84 162
84 165
84 167
84 170
84 173
84 176
84 179
84 183
84 184
84 189
84 191
84 194
84 197
84 199
85 87
85 88
85 90
85 91
85 92
85 96
85 97
85 98
85 105
85 106
85 107
85 108
85 109
85 114
85 115
85 116
85 117
85 118
85 119
85 120
85 122
85 124
85 127
85 128
85 129
85 130
85 132
85 133
85 139
85 141
85 142
85 143
85 150
85 151
85 152
85 153
85 155
85 156
85 160
85 162
85 168
85 169
85 170
85 173
85 181
85 182
85 184
85 185
85 186
85 187
85 188
85 190
85 191
85 192
85 194
85 195
85 196
86 88
86 89
86 91
86 92
86 93
86 94
86 99
86 102
86 104
86 105
86 107
86 108
86 114
86 115
86 118
86 119
86 120
86 121
86 123
86 127
86 129
86 130
86 131
86 138
86 139
86 141
86 142
86 144
86 147
86 150
86 156
86 158
86 159
86 160
86 161
86 164
86 174
86 175
86 176
86 177
86 185
86 186
86 187
86 193
86 196
87 88
87 89
87 91
87 94
87 95
87 96
87 97
87 100
87 105
87 106
87 107
87 108
87 110
87 113
87 116
87 117
87 118
87 120
87 122
87 123
87 124
87 126
87 129
87 131
87 134
87 135
87 136
87 138
87 140
87 143
87 145
87 149
87 151
87 152
87 154
87 155
87 156
87 157
87 158
87 159
87 160
87 163
87 166
87 168
87 169
87 171
87 175
87 178
87 181
87 182
87 188
87 189
87 191
87 193
87 197
88 91
88 99
88 101
88 102
88 103
88 104
88 106
88 107
88 109
88 110
88 113
88 115
88 118
88 120
88 123
88 124
88 130
88 133
88 135
88 137
88 138
88 139
88 140
88 142
88 144
88 147
88 148
88 150
88 151
88 152
88 154
88 158
88 159
88 160
88 162
88 167
88 168
88 169
88 171
88 172
88 174
88 175
88 177
88 182
88 183
88 186
88 188
88 192
88 194
88 195
89 90
89 91
89 94
89 96
89 97
89 98
89 99
89 100
89 102
89 104
89 105
89 110
89 116
89 120
89 122
89 127
89 128
89 130
89 131
89 134
89 136
89 138
89 140
89 141
89 142
89 156
89 157
89 160
89 161
89 162
89 166
89 167
89 169
89 171
89 172
89 173
89 175
89 177
89 179
89 180
89 181
89 182
89 184
89 185
89 186
89 191
89 194
89 195
89 196
89 199
90 92
90 93
90 94
90 96
90 98
90 99
90 103
90 105
90 106
90 107
90 108
90 109
90 110
90 112
90 117
90 118
90 120
90 121
90 127
90 132
90 134
90 135
90 137
90 139
90 141
90 144
90 145
90 146
90 147
90 148
90 149
90 150
90 153
90 154
90 157
90 159
90 162
90 166
90 167
90 170
90 173
90 177
90 180
90 184
90 185
90 193
90 194
90 197
91 92
91 93
91 95
91 97
91 102
91 106
91 107
91 109
91 110
91 114
91 117
91 119
91 121
91 122
91 124
91 127
91 128
91 131
91 134
91 135
91 136
91 143
91 144
91 147
91 148
91 150
91 153
91 155
91 158
91 160
91 162
91 164
91 165
91 167
91 168
91 169
91 170
91 171
91 173
91 175
91 176
91 178
91 179
91 184
91 187
91 189
91 190
91 193
91 195
91 197
92 93
92 94
92 95
92 96
92 97
92 99
92 100
92 102
92 103
92 104
92 105
92 108
92 109
92 112
92 113
92 114
92 117
92 118
92 120
92 123
92 124
92 127
92 128
92 129
92 130
92 134
92 138
92 141
92 143
92 144
92 148
92 150
92 151
92 152
92 153
92 154
92 157
92 158
92 161
92 162
92 163
92 166
92 167
92 169
92 170
92 172
92 174
92 175
92 177
92 178
92 180
92 184
92 185
92 187
92 188
92 189
92 190
92 191
92 193
92 194
92 197
92 198
92 199
93 95
93 96
93 98
93 99
93 100
93 103
93 104
93 105
93 106
93 107
93 108
93 110
93 111
93 113
93 114
93 115
93 117
93 118
93 119
93 122
93 123
93 128
93 130
93 137
93 139
93 140
93 142
93 143
93 149
93 152
93 156
93 158
93 159
93 160
93 167
93 168
93 169
93 171
93 173
93 174
93 175
93 179
93 181
93 185
93 187
93 190
93 191
93 192
93 193
93 194
93 197
93 198
94 97
94 100
94 101
94 103
94 107
94 108
94 116
94 119
94 120
94 121
94 129
94 130
94 133
94 135
94 137
94 138
94 139
94 140
94 144
94 145
94 147
94 148
94 152
94 156
94 157
94 159
94 161
94 162
94 164
94 167
94 168
94 169
94 171
94 173
94 174
94 176
94 177
94 181
94 182
94 184
94 186
94 188
94 189
94 190
94 191
94 193
94 194
94 196
94 197
94 198
94 199
95 99
95 102
95 103
95 105
95 106
95 109
95 110
95 113
95 115
95 117
95 118
95 119
95 121
95 123
95 124
95 125
95 129
95 134
95 135
95 136
95 137
95 139
95 140
95 142
95 144
95 148
95 151
95 152
95 153
95 154
95 157
95 159
95 161
95 163
95 164
95 168
95 170
95 173
95 179
95 181
95 182
95 184
95 185
95 186
95 188
95 190
95 193
95 196
96 97
96 98
96 100
96 101
96 102
96 104
96 105
96 108
96 110
96 113
96 116
96 118
96 120
96 122
96 123
96 128
96 129
96 130
96 133
96 134
96 136
96 141
96 142
96 143
96 144
96 146
96 147
96 153
96 154
96 155
96 156
96 157
96 159
96 160
96 161
96 163
96 166
96 170
96 173
96 174
96 177
96 179
96 184
96 186
96 188
96 196
97 99
97 100
97 103
97 105
97 109
97 112
97 115
97 116
97 118
97 123
97 124
97 126
97 130
97 132
97 133
97 134
97 135
97 139
97 141
97 142
97 145
97 149
97 154
97 155
97 157
97 163
97 164
97 166
97 171
97 174
97 175
97 177
97 178
97 179
97 181
97 182
97 183
97 185
97 187
97 189
97 192
97 193
97 194
97 195
97 198
97 199
98 99
98 101
98 102
98 104
98 106
98 107
98 110
98 112
98 113
98 115
98 117
98 118
98 119
98 120
98 122
98 123
98 126
98 127
98 130
98 132
98 133
98 135
98 136
98 137
98 138
98 141
98 143
98 144
98 147
98 148
98 151
98 152
98 153
98 155
98 156
98 160
98 161
98 163
98 164
98 170
98 171
98 178
98 179
98 180
98 181
98 182
98 183
98 184
98 186
98 189
98 191
98 192
98 193
98 195
98 197
98 199
99 101
99 102
99 108
99 109
99 111
99 112
99 113
99 116
99 118
99 119
99 122
99 125
99 126
99 130
99 131
99 133
99 134
99 135
99 137
99 138
99 141
99 144
99 145
99 147
99 149
99 152
99 153
99 154
99 156
99 160
99 162
99 163
99 165
99 166
99 168
99 169
99 170
99 171
99 175
99 183
99 187
99 190
99 192
99 195
100 101
100 102
100 103
100 104
100 107
100 109
100 110
100 112
100 114
100 116
100 117
100 118
100 119
100 126
100 129
100 130
100 131
100 132
100 133
100 134
100 135
100 137
100 138
100 140
100 141
100 144
100 147
100 149
100 154
100 155
100 159
100 160
100 161
100 162
100 164
100 166
100 168
100 170
100 172
100 174
100 178
100 179
100 183
100 185
100 188
100 189
100 190
100 194
100 197
100 199
101 102
101 107
101 108
101 109
101 111
101 112
101 113
101 114
101 116
101 117
101 120
101 121
101 123
101 124
101 127
101 130
101 132
101 137
101 139
101 140
101 142
101 144
101 146
101 148
101 149
101 152
101 153
101 154
101 155
101 158
101 160
101 162
101 163
101 164
101 170
101 171
101 173
101 176
101 179
101 180
101 181
101 182
101 183
101 187
101 188
101 189
101 190
101 192
101 193
101 197
101 198
101 199
102 104
102 106
102 107
102 109
102 111
102 113
102 115
102 117
102 119
102 126
102 127
102 128
102 130
102 131
102 134
102 140
102 141
102 143
102 144
102 145
102 147
102 148
102 153
102 154
102 155
102 156
102 157
102 159
102 163
102 164
102 169
102 170
102 171
102 172
102 173
102 176
102 178
102 179
102 181
102 190
102 191
102 192
102 193
102 195
102 196
102 197
103 107
103 109
103 111
103 114
103 115
103 117
103 122
103 124
103 125
103 127
103 128
103 129
103 131
103 135
103 137
103 138
103 140
103 143
103 145
103 151
103 153
103 154
103 157
103 163
103 166
103 168
103 171
103 174
103 175
103 179
103 180
103 183
103 185
103 186
103 189
103 191
103 192
103 193
103 194
103 195
103 196
103 199
104 105
104 106
104 109
104 110
104 111
104 112
104 114
104 120
104 122
104 123
104 125
104 126
104 127
104 130
104 131
104 133
104 134
104 135
104 137
104 138
104 142
104 144
104 147
104 151
104 152
104 153
104 157
104 159
104 162
104 173
104 174
104 176
104 180
104 185
104 186
104 187
104 188
104 190
104 197
105 106
105 107
105 109
105 111
105 113
105 117
105 118
105 121
105 125
105 126
105 127
105 129
105 130
105 134
105 137
105 138
105 143
105 144
105 145
105 146
105 150
105 153
105 156
105 159
105 160
105 162
105 167
105 168
105 176
105 177
105 178
105 185
105 189
105 190
105 195
105 196
105 199
106 107
106 109
106 111
106 112
106 113
106 114
106 115
106 117
106 118
106 119
106 120
106 121
106 123
106 125
106 129
106 130
106 131
106 133
106 134
106 139
106 140
106 141
106 143
106 147
106 148
106 151
106 152
106 154
106 158
106 159
106 160
106 161
106 162
106 163
106 164
106 167
106 168
106 174
106 175
106 176
106 177
106 179
106 180
106 181
106 182
106 185
106 190
106 194
106 197
106 198
107 108
107 109
107 110
107 112
107 114
107 117
107 118
107 119
107 120
107 121
107 122
107 123
107 126
107 128
107 129
107 131
107 132
107 135
107 136
107 144
107 145
107 150
107 151
107 152
107 154
107 155
107 158
107 159
107 162
107 165
107 167
107 168
107 170
107 171
107 172
107 174
107 177
107 179
107 180
107 181
107 182
107 188
107 189
107 193
107 195
107 197
108 110
108 111
108 113
108 114
108 115
108 116
108 117
108 118
108 119
108 120
108 121
108 123
108 124
108 125
108 126
108 128
108 129
108 130
108 131
108 133
108 135
108 138
108 139
108 142
108 143
108 144
108 145
108 147
108 148
108 149
108 150
108 151
108 154
108 155
108 158
108 160
108 161
108 163
108 168
108 169
108 171
108 172
108 177
108 179
108 181
108 182
108 183
108 188
108 192
108 196
109 113
109 114
109 115
109 117
109 119
109 120
109 121
109 122
109 124
109 128
109 129
109 134
109 135
109 137
109 140
109 141
109 145
109 147
109 148
109 151
109 152
109 153
109 154
109 156
109 158
109 159
109 160
109 166
109 168
109 169
109 170
109 171
109 173
109 174
109 175
109 176
109 177
109 178
109 181
109 182
109 183
109 184
109 185
109 186
109 188
109 190
109 191
109 194
109 195
109 196
109 198
110 113
110 115
110 118
110 119
110 122
110 123
110 129
110 131
110 134
110 137
110 141
110 144
110 146
110 148
110 152
110 153
110 158
110 160
110 161
110 162
110 164
110 166
110 170
110 171
110 178
110 181
110 184
110 185
110 186
110 188
110 189
110 190
110 191
110 192
110 196
110 197
110 199
111 113
111 115
111 116
111 117
111 119
111 122
111 123
111 124
111 126
111 128
111 132
111 133
111 134
111 136
111 140
111 141
111 142
111 144
111 145
111 146
111 147
111 148
111 149
111 150
111 151
111 152
111 154
111 158
111 160
111 161
111 162
111 163
111 165
111 167
111 168
111 171
111 174
111 175
111 177
111 178
111 179
111 181
111 182
111 183
111 184
111 186
111 190
111 192
111 193
111 196
111 197
112 115
112 117
112 120
112 122
112 124
112 128
112 131
112 133
112 134
112 135
112 139
112 140
112 142
112 143
112 144
112 145
112 148
112 149
112 151
112 152
112 153
112 159
112 161
112 162
112 163
112 164
112 167
112 169
112 171
112 173
112 176
112 177
112 178
112 181
112 184
112 186
112 192
112 193
112 194
112 198
112 199
113 114
113 115
113 118
113 119
113 120
113 122
113 123
113 124
113 125
113 126
113 127
113 132
113 133
113 134
113 136
113 137
113 138
113 139
113 141
113 142
113 145
113 147
113 150
113 151
113 154
113 159
113 160
113 162
113 164
113 165
113 166
113 167
113 168
113 169
113 170
113 171
113 172
113 174
113 178
113 179
113 180
113 182
113 184
113 186
113 191
113 195
114 116
114 117
114 119
114 123
114 124
114 125
114 131
114 135
114 136
114 137
114 139
114 140
114 144
114 149
114 150
114 153
114 154
114 155
114 156
114 158
114 159
114 161
114 162
114 163
114 164
114 168
114 169
114 172
114 173
114 174
114 175
114 179
114 181
114 183
114 186
114 188
114 190
114 191
114 192
114 193
114 195
114 196
114 197
114 199
115 118
115 119
115 120
115 123
115 125
115 127
115 128
115 129
115 131
115 133
115 136
115 137
115 138
115 139
115 142
115 143
115 146
115 149
115 150
115 151
115 154
115 155
115 157
115 158
115 159
115 164
115 165
115 166
115 167
115 169
115 171
115 174
115 178
115 179
115 183
115 185
115 187
115 188
115 189
115 193
115 199
116 117
116 118
116 119
116 121
116 125
116 126
116 128
116 130
116 131
116 132
116 136
116 139
116 142
116 143
116 145
116 146
116 152
116 153
116 158
116 159
116 164
116 165
116 166
116 169
116 170
116 171
116 173
116 178
116 179
116 180
116 181
116 182
116 183
116 184
116 189
116 190
116 191
116 192
116 195
116 196
116 197
117 120
117 121
117 123
117 125
117 126
117 127
117 128
117 130
117 133
117 134
117 135
117 136
117 137
117 138
117 141
117 142
117 143
117 146
117 147
117 149
117 150
117 151
117 156
117 157
117 158
117 160
117 162
117 166
117 168
117 169
117 171
117 175
117 176
117 177
117 178
117 179
117 181
117 183
117 185
117 190
117 195
117 196
117 198
117 199
118 119
118 120
118 121
118 122
118 125
118 127
118 129
118 133
118 134
118 137
118 139
118 140
118 141
118 143
118 144
118 145
118 148
118 150
118 154
118 156
118 157
118 158
118 159
118 160
118 163
118 165
118 166
118 167
118 168
118 169
118 170
118 171
118 173
118 174
118 175
118 176
118 181
118 182
118 183
118 187
118 188
118 191
118 195
118 199
119 120
119 121
119 123
119 126
119 127
119 130
119 131
119 132
119 134
119 136
119 138
119 139
119 142
119 146
119 147
119 148
119 149
119 150
119 152
119 157
119 159
119 161
119 162
119 164
119 169
119 171
119 173
119 177
119 181
119 182
119 184
119 185
119 186
119 189
119 190
119 192
119 199
120 121
120 123
120 127
120 128
120 130
120 132
120 133
120 134
120 135
120 136
120 137
120 138
120 139
120 141
120 143
120 145
120 147
120 149
120 151
120 152
120 155
120 157
120 158
120 160
120 161
120 163
120 164
120 166
120 167
120 168
120 169
120 170
120 173
120 178
120 180
120 181
120 187
120 188
120 193
120 194
120 195
120 196
120 197
120 198
121 122
121 123
121 124
121 126
121 128
121 132
121 136
121 137
121 138
121 140
121 141
121 143
121 145
121 146
121 149
121 150
121 151
121 157
121 158
121 161
121 162
121 164
121 167
121 168
121 170
121 172
121 179
121 184
121 189
121 190
121 191
121 192
121 193
121 194
121 195
121 196
121 197
122 123
122 126
122 129
122 133
122 134
122 137
122 138
122 140
122 142
122 144
122 152
122 154
122 155
122 156
122 158
122 160
122 161
122 162
122 163
122 166
122 167
122 168
122 169
122 171
122 172
122 173
122 174
122 175
122 177
122 178
122 181
122 182
122 183
122 187
122 188
122 191
122 196
122 197
122 198
123 124
123 125
123 127
123 128
123 130
123 132
123 134
123 135
123 143
123 145
123 149
123 150
123 153
123 154
123 158
123 159
123 164
123 167
123 168
123 171
123 173
123 174
123 175
123 176
123 180
123 182
123 185
123 186
123 187
123 191
123 193
123 198
124 125
124 126
124 127
124 131
124 133
124 134
124 135
124 137
124 138
124 141
124 143
124 146
124 147
124 149
124 150
124 153
124 154
124 156
124 157
124 158
124 161
124 163
124 164
124 165
124 166
124 168
124 170
124 171
124 176
124 179
124 181
124 183
124 186
124 187
124 189
124 190
124 192
124 193
124 194
124 196
124 198
124 199
125 127
125 128
125 133
125 134
125 137
125 147
125 149
125 150
125 152
125 154
125 155
125 157
125 158
125 159
125 160
125 161
125 162
125 165
125 166
125 168
125 169
125 172
125 174
125 175
125 176
125 177
125 178
125 179
125 180
125 181
125 182
125 183
125 186
125 189
125 192
125 193
125 194
125 199
126 128
126 129
126 134
126 137
126 139
126 140
126 142
126 143
126 144
126 147
126 150
126 151
126 152
126 155
126 156
126 157
126 158
126 163
126 164
126 165
126 166
126 169
126 171
126 175
126 177
126 178
126 179
126 181
126 182
126 184
126 186
126 187
126 189
126 191
126 192
126 196
126 197
126 198
127 129
127 130
127 132
127 135
127 136
127 139
127 140
127 145
127 147
127 148
127 149
127 150
127 152
127 153
127 154
127 155
127 156
127 157
127 160
127 166
127 168
127 170
127 171
127 173
127 174
127 176
127 180
127 181
127 182
127 184
127 188
127 190
127 192
127 193
127 194
127 198
127 199
128 131
128 133
128 134
128 135
128 136
128 141
128 143
128 148
128 149
128 150
128 153
128 154
128 155
128 157
128 163
128 165
128 166
128 167
128 170
128 172
128 174
128 175
128 176
128 178
128 180
128 181
128 182
128 183
128 184
128 187
128 188
128 190
128 191
128 192
128 193
128 197
129 130
129 131
129 135
129 136
129 137
129 142
129 144
129 145
129 148
129 150
129 151
129 155
129 160
129 163
129 165
129 166
129 168
129 169
129 170
129 172
129 173
129 174
129 175
129 177
129 179
129 180
129 183
129 185
129 187
129 188
129 192
129 195
129 196
129 197
129 199
130 135
130 137
130 138
130 141
130 143
130 146
130 147
130 148
130 150
130 151
130 152
130 154
130 156
130 157
130 158
130 159
130 160
130 162
130 164
130 166
130 167
130 170
130 172
130 173
130 174
130 177
130 178
130 180
130 182
130 183
130 186
130 189
130 190
130 191
130 194
130 196
130 197
130 198
130 199
131 133
131 135
131 139
131 140
131 142
131 143
131 145
131 146
131 147
131 148
131 150
131 154
131 156
131 157
131 158
131 159
131 160
131 162
131 163
131 166
131 170
131 172
131 173
131 176
131 179
131 182
131 183
131 188
131 191
131 192
131 195
131 197
131 199
132 133
132 134
132 135
132 136
132 138
132 140
132 145
132 146
132 150
132 151
132 153
132 154
132 156
132 157
132 162
132 163
132 165
132 167
132 169
132 172
132 173
132 176
132 179
132 181
132 184
132 186
132 187
132 188
132 189
132 190
132 192
132 193
132 194
132 196
132 197
132 198
132 199
133 137
133 138
133 140
133 143
133 145
133 146
133 151
133 157
133 158
133 159
133 160
133 164
133 167
133 171
133 174
133 179
133 182
133 184
133 186
133 190
133 191
133 192
133 193
133 194
133 195
133 197
133 198
134 135
134 136
134 138
134 141
134 143
134 145
134 147
134 148
134 150
134 153
134 154
134 157
134 165
134 167
134 171
134 173
134 174
134 177
134 178
134 180
134 182
134 184
134 186
134 187
134 189
134 190
134 193
134 197
134 198
135 137
135 139
135 140
135 141
135 142
135 149
135 151
135 152
135 153
135 154
135 155
135 157
135 159
135 160
135 162
135 163
135 164
135 165
135 166
135 167
135 169
135 170
135 171
135 172
135 173
135 175
135 176
135 181
135 182
135 184
135 186
135 187
135 189
135 190
135 191
135 192
135 194
135 196
135 199
136 137
136 138
136 139
136 141
136 143
136 144
136 147
136 148
136 151
136 153
136 157
136 159
136 161
136 163
136 164
136 169
136 173
136 175
136 178
136 181
136 182
136 189
136 192
136 193
136 194
136 196
136 197
137 138
137 140
137 143
137 144
137 149
137 150
137 155
137 156
137 158
137 159
137 161
137 165
137 166
137 167
137 169
137 171
137 173
137 174
137 177
137 179
137 181
137 183
137 185
137 186
137 190
137 195
137 196
137 197
137 198
138 139
138 141
138 142
138 148
138 149
138 150
138 151
138 152
138 153
138 154
138 155
138 157
138 158
138 159
138 160
138 161
138 167
138 168
138 169
138 170
138 175
138 176
138 181
138 182
138 183
138 186
138 188
138 190
138 194
138 196
138 197
138 198
138 199
139 141
139 143
139 144
139 146
139 147
139 151
139 152
139 153
139 155
139 156
139 157
139 158
139 160
139 161
139 165
139 166
139 173
139 174
139 178
139 179
139 184
139 185
139 186
139 187
139 192
139 193
139 195
139 197
139 198
139 199
140 141
140 143
140 145
140 148
140 151
140 152
140 153
140 155
140 157
140 160
140 161
140 164
140 165
140 167
140 169
140 170
140 172
140 173
140 177
140 180
140 182
140 186
140 187
140 188
140 198
141 145
141 146
141 148
141 149
141 150
141 152
141 155
141 158
141 160
141 161
141 163
141 167
141 169
141 170
141 171
141 173
141 174
141 175
141 176
141 178
141 180
141 182
141 188
141 189
141 191
141 192
141 198
142 143
142 145
142 146
142 147
142 148
142 150
142 151
142 152
142 154
142 156
142 157
142 158
142 160
142 163
142 168
142 170
142 171
142 175
142 177
142 180
142 182
142 186
142 187
142 188
142 189
142 190
142 191
142 192
142 193
142 195
142 196
142 199
143 145
143 147
143 151
143 154
143 155
143 156
143 158
143 160
143 163
143 164
143 167
143 168
143 169
143 170
143 171
143 172
143 175
143 177
143 178
143 180
143 181
143 185
143 186
143 188
143 189
143 191
143 194
143 195
143 198
144 145
144 146
144 147
144 148
144 149
144 150
144 153
144 154
144 155
144 159
144 160
144 161
144 163
144 164
144 165
144 166
144 168
144 169
144 170
144 171
144 173
144 176
144 178
144 179
144 180
144 181
144 182
144 183
144 186
144 187
144 195
144 196
144 197
144 198
145 146
145 149
145 152
145 154
145 157
145 158
145 159
145 160
145 161
145 166
145 168
145 171
145 172
145 173
145 174
145 179
145 183
145 184
145 185
145 186
145 187
145 191
145 192
145 193
145 194
145 196
145 197
145 199
146 147
146 149
146 150
146 151
146 152
146 155
146 156
146 158
146 159
146 163
146 167
146 169
146 172
146 175
146 176
146 177
146 178
146 179
146 180
146 187
146 188
146 190
146 194
146 195
146 198
146 199
147 152
147 153
147 158
147 159
147 162
147 165
147 169
147 176
147 179
147 183
147 187
147 189
147 191
147 192
147 195
147 196
147 198
148 152
148 155
148 157
148 161
148 162
148 164
148 165
148 167
148 168
148 170
148 172
148 173
148 175
148 176
148 177
148 178
148 180
148 183
148 186
148 188
148 189
148 191
148 192
148 197
148 198
149 150
149 151
149 154
149 155
149 156
149 157
149 159
149 160
149 162
149 163
149 164
149 166
149 170
149 171
149 172
149 173
149 174
149 178
149 180
149 181
149 182
149 184
149 185
149 186
149 187
149 189
149 191
149 192
149 194
149 196
149 197
149 198
149 199
150 152
150 153
150 154
150 156
150 157
150 161
150 164
150 167
150 169
150 170
150 171
150 172
150 174
150 175
150 176
150 178
150 179
150 180
150 181
150 185
150 188
150 189
150 190
150 193
150 194
150 195
150 196
150 197
150 198
150 199
151 152
151 155
151 158
151 163
151 164
151 165
151 166
151 167
151 172
151 174
151 175
151 177
151 179
151 180
151 182
151 183
151 186
151 188
151 189
151 193
151 194
151 197
151 198
151 199
152 153
152 156
152 157
152 158
152 159
152 160
152 161
152 162
152 163
152 166
152 168
152 169
152 170
152 171
152 172
152 174
152 175
152 177
152 179
152 181
152 184
152 185
152 186
152 187
152 190
152 192
152 193
152 194
152 196
152 199
153 156
153 157
153 158
153 163
153 164
153 171
153 172
153 174
153 178
153 180
153 181
153 183
153 184
153 185
153 186
153 189
153 193
153 194
153 195
153 196
153 199
154 161
154 162
154 164
154 166
154 167
154 171
154 173
154 174
154 175
154 178
154 179
154 180
154 182
154 186
154 188
154 189
154 191
154 194
154 195
154 197
154 199
155 156
155 158
155 161
155 162
155 163
155 165
155 172
155 176
155 179
155 180
155 182
155 183
155 184
155 186
155 187
155 189
155 190
155 191
155 192
155 193
155 195
155 196
156 157
156 158
156 159
156 160
156 163
156 164
156 165
156 166
156 167
156 169
156 170
156 171
156 174
156 177
156 178
156 183
156 185
156 186
156 188
156 189
156 191
156 192
156 193
156 197
156 199
157 161
157 162
157 166
157 167
157 168
157 172
157 177
157 178
157 179
157 182
157 183
157 188
157 189
157 190
157 191
157 194
157 196
158 159
158 160
158 161
158 164
158 165
158 167
158 168
158 171
158 172
158 173
158 174
158 175
158 178
158 179
158 181
158 183
158 184
158 188
158 191
158 193
158 194
158 195
158 196
158 197
158 198
158 199
159 162
159 164
159 168
159 173
159 175
159 176
159 177
159 178
159 180
159 184
159 185
159 186
159 187
159 189
159 190
159 192
159 194
159 197
159 198
160 161
160 167
160 170
160 171
160 172
160 173
160 177
160 179
160 181
160 183
160 184
160 185
160 187
160 189
160 190
160 193
160 194
160 196
160 197
160 198
161 163
161 165
161 166
161 167
161 171
161 173
161 175
161 176
161 178
161 180
161 181
161 185
161 186
161 187
161 188
161 191
161 192
161 194
161 195
161 198
161 199
162 163
162 167
162 168
162 170
162 171
162 172
162 173
162 176
162 178
162 180
162 181
162 182
162 183
162 184
162 188
162 190
162 191
162 194
162 197
162 198
162 199
163 165
163 167
163 168
163 171
163 172
163 177
163 179
163 180
163 182
163 183
163 184
163 186
163 189
163 191
163 195
163 196
163 198
163 199
164 165
164 166
164 168
164 173
164 174
164 175
164 176
164 177
164 179
164 182
164 183
164 187
164 190
164 194
165 166
165 168
165 171
165 183
165 184
165 186
165 187
165 188
165 189
165 196
165 197
165 199
166 168
166 172
166 176
166 177
166 181
166 184
166 186
166 188
166 189
166 191
166 192
166 196
166 198
166 199
167 168
167 170
167 171
167 172
167 173
167 174
167 181
167 182
167 183
167 185
167 187
167 188
167 189
167 190
167 194
167 196
167 199
168 172
168 173
168 174
168 177
168 179
168 182
168 184
168 185
168 189
168 190
168 191
168 192
168 194
168 195
168 196
168 198
168 199
169 171
169 172
169 173
169 175
169 176
169 177
169 178
169 183
169 184
169 186
169 187
169 188
169 189
169 190
169 191
169 192
169 193
169 196
170 171
170 173
170 174
170 175
170 178
170 179
170 180
170 183
170 184
170 185
170 186
170 188
170 189
170 190
170 191
170 192
170 195
170 196
170 198
171 173
171 175
171 176
171 180
171 181
171 183
171 185
171 188
171 190
171 193
171 195
171 199
172 176
172 178
172 180
172 182
172 185
172 187
172 188
172 189
172 190
172 191
172 193
172 196
172 197
172 198
172 199
173 174
173 177
173 178
173 179
173 180
173 182
173 183
173 185
173 186
173 187
173 188
173 189
173 191
173 193
173 194
173 199
174 176
174 179
174 181
174 182
174 183
174 184
174 189
174 190
174 191
174 192
174 195
174 196
174 197
175 182
175 183
175 184
175 187
175 188
175 189
175 190
175 191
175 193
175 194
175 198
175 199
176 177
176 179
176 183
176 184
176 185
176 186
176 190
176 192
176 193
176 194
176 195
176 196
176 197
177 178
177 179
177 181
177 182
177 183
177 187
177 189
177 192
177 193
177 199
178 180
178 181
178 185
178 187
178 191
178 196
178 197
179 181
179 186
179 187
179 189
179 190
179 191
179 192
179 197
179 199
180 182
180 186
180 187
180 188
180 189
180 191
180 192
180 194
180 195
180 197
180 199
181 182
181 183
181 184
181 186
181 187
181 188
181 191
181 192
181 193
181 194
181 196
181 197
181 198
181 199
182 184
182 185
182 186
182 191
182 192
182 194
182 195
182 199
183 186
183 188
183 189
183 190
183 191
183 192
183 196
183 197
183 198
184 190
184 193
184 196
184 197
184 198
184 199
185 186
185 190
185 191
185 196
185 197
185 198
186 187
186 190
186 191
186 192
186 193
186 195
186 197
186 199
187 189
187 190
187 191
187 192
187 195
187 198
188 189
188 191
188 192
188 194
188 195
188 196
188 197
188 198
188 199
189 190
189 191
189 193
189 196
189 197
189 199
190 191
190 194
190 198
190 199
191 192
191 193
191 194
191 195
191 197
192 193
192 198
193 195
193 196
193 199
194 196
194 198
195 196
195 197
195 199
196 197
196 199
197 198
197 199
198 199

0 1 1 0 0 0 0 0 0 1 1 1 1 1 0 1 1 0 1 1 0 1 0 1 1 1 0 0 0 1 0 0 1 0 0 1 0 1 0 1 1 1 0 0 0 0 0 0 0 0 1 1 1 0 0 0 1 1 0 1 1 0 0 1 0 0 0 0 1 0 1 1 0 0 1 1 0 1 1 1 1 1 0 1 1 0 0 0 1 0 1 0 1 0 0 1 0 1 0 0 1 1 1 1 0 1 1 1 0 0 1 0 1 1 1 0 0 0 0 0 0 0 0 1 1 1 1 0 0 0 1 1 0 1 1 1 0 0 1 0 0 0 0 0 1 1 1 1 1 0 1 1 0 1 1 0 1 0 1 0 1 1 1 1 1 0 0 1 1 0 1 1 0 1 0 0 1 1 0 0 1 0 0 1 0 1 0 0 1 0 0 1 0 0 0 1 0 1 1 1