250 320
0 1 2 3 4 5 6 7 8 9 10 11 12 13 14 15 16 17 18 19 20 21 22 23 24 25 26 27 28 29 30 31 32 33 34 35 36 37 38 39 40 41 42 43 44 45 46 47 48 49 50 51 52 53 54 55 56 57 58 59 60 61 62 63 64 65 66 67 68 69 70 71 72 73 74 75 76 77 78 79 80 81 82 83 84 85 86 87 88 89 90 91 92 93 94 95 96 97 98 99 100 101 102 103 104 105 106 107 108 109 110 111 112 113 114 115 116 117 118 119 120 121 122 123 124 125 126 127 128 129 130 131 132 133 134 135 136 137 138 139 140 141 142 143 144 145 146 147 148 149 150 151 152 153 154 155 156 157 158 159 160 161 162 163 164 165 166 167 168 169 170 171 172 173 174 175 176 177 178 179 180 181 182 183 184 185 186 187 188 189 190 191 192 193 194 195 196 197 198 199 200 201 202 203 204 205 206 207 208 209 210 211 212 213 214 215 216 217 218 219 220 221 222 223 224 225 226 227 228 229 230 231 232 233 234 235 236 237 238 239 240 241 242 243 244 245 246 247 248 249
1 43
2 5
2 129
2 174
3 43
3 85
4 28
4 61
4 148
5 36
5 43
5 62
5 124
5 129
6 93
6 127
7 12
7 102
7 170
7 200
8 44
8 57
8 97
8 112
8 179
8 203
9 161
10 56
10 63
11 191
11 204
12 75
12 145
12 233
13 70
13 71
13 81
13 86
13 188
14 82
14 133
14 143
14 148
15 154
15 187
16 38
16 152
16 186
17 134
18 39
18 146
19 45
19 47
19 74
19 122
19 247
20 109
21 34
21 85
21 188
21 197
22 57
22 170
23 66
23 154
23 171
24 157
24 158
24 209
25 211
25 223
25 247
26 47
26 165
26 184
26 226
27 40
27 223
28 81
28 144
28 175
28 218
29 88
29 105
29 178
29 183
29 218
29 236
30 136
30 188
31 182
31 239
32 71
32 98
32 191
33 43
33 75
33 149
33 209
34 242
34 243
35 134
35 162
36 132
36 174
36 175
37 92
38 136
38 150
39 70
39 237
40 174
40 197
40 202
41 138
41 183
41 200
42 210
43 100
43 105
44 152
45 76
45 103
45 142
45 165
45 179
46 91
46 200
46 219
46 221
47 155
47 157
48 163
48 187
48 193
49 56
49 83
49 103
50 166
51 203
52 154
53 162
53 220
54 85
54 173
55 97
55 196
56 234
57 156
58 93
58 216
59 233
60 166
60 181
60 246
61 136
62 120
62 198
62 211
63 81
63 124
64 126
64 242
65 71
65 218
65 236
66 82
67 124
67 135
68 134
69 115
70 192
71 98
71 173
71 229
71 241
72 118
75 84
75 114
75 174
75 242
76 119
76 160
76 190
78 176
78 212
78 241
79 132
81 119
81 170
81 211
82 117
82 210
83 213
83 221
84 100
84 136
84 175
84 248
85 93
85 183
85 232
86 109
86 145
86 222
87 241
88 164
88 190
89 116
89 217
90 232
91 218
91 239
92 106
92 142
93 167
95 105
95 158
96 206
97 118
97 223
99 193
99 228
101 163
101 176
101 196
103 140
104 121
104 175
104 195
105 138
105 192
105 204
108 180
108 235
109 189
109 222
111 169
111 201
112 204
113 199
114 118
114 212
115 171
116 208
117 204
119 185
120 183
121 136
121 138
121 154
123 204
124 210
124 246
126 176
126 243
127 136
127 137
127 143
129 239
130 200
132 182
138 207
139 160
141 146
141 185
142 155
145 220
145 242
148 162
148 212
149 199
151 210
152 172
153 166
154 218
155 230
158 225
158 243
159 203
162 213
162 229
163 186
164 174
164 187
164 191
166 218
169 174
169 206
170 208
173 236
174 178
176 197
177 210
178 204
178 216
184 210
185 207
188 201
192 200
193 215
194 216
194 226
194 249
196 242
197 215
201 237
203 226
205 232
206 218
206 244
212 249
215 238
216 222
216 233
217 226
217 231
218 226
221 242
227 239

1 0 0 1 1 0 0 1 0 1 1 0 1 0 0 1 0 1 0 1 1 1 0 0 1 1 0 1 1 1 0 1 0 0 0 1 1 0 1 0 1 0 1 1 1 0 1 0 1 1 0 0 0 1 1 1 0 0 0 1 1 1 0 1 0 0 1 0 1 0 1 0 1 0 1 0 0 0 1 1 0 1 0 1 1 0 0 1 0 0 1 1 0 0 1 0 0 1 0 1 1 1 1 1 1 1 0 0 0 1 1 1 0 0 1 0 0 1 1 1 1 0 1 0 1 1 0 0 0 0 0 0 0 1 0 1 0 1 1 0 1 0 0 1 1 1 1 1 0 1 0 0 1 0 0 0 0 0 0 0 1 0 0 1 0 1 0 1 1 0 0 1 1 1 0 1 1 0 1 1 0 1 0 0 0 1 0 1 1 0 0 1 0 1 0 0 1 1 1 0 1 1 0 0 1 1 0 0 1 1 0 0 0 0 0 1 0 1 0 1 0 1 1 1 0 1 1 0 1 0 0 0 0 0 1 0 1 1 1 1 0 0 1 1 0 0 0 1 0 1