100 56
0 1 2 3 4 5 6 7 8 9 10 11 12 13 14 15 16 17 18 19 20 21 22 23 24 25 26 27 28 29 30 31 32 33 34 35 36 37 38 39 40 41 42 43 44 45 46 47 48 49 50 51 52 53 54 55 56 57 58 59 60 61 62 63 64 65 66 67 68 69 70 71 72 73 74 75 76 77 78 79 80 81 82 83 84 85 86 87 88 89 90 91 92 93 94 95 96 97 98 99
0 5
0 30
1 5
1 41
3 17
3 26
5 17
5 47
6 33
6 74
7 70
8 38
8 41
9 18
9 19
11 59
11 60
13 79
13 83
14 88
17 29
17 30
17 46
23 90
24 31
24 41
25 62
30 33
30 84
30 95
33 72
34 67
35 54
36 88
40 79
41 82
42 57
42 77
44 91
45 96
46 59
47 65
47 90
54 80
54 84
55 90
58 92
63 83
64 99
67 81
72 76
74 85
78 90
80 89
86 97
93 97

1 0 0 1 0 0 1 0 0 1 1 1 1 1 1 1 0 1 0 1 1 1 0 0 1 0 1 0 0 0 1 0 1 0 0 0 1 1 1 1 1 1 1 1 0 0 0 0 0 1 1 1 0 0 1 0 0 1 0 1 0 0 1 1 0 1 0 1 0 0 1 0 0 1 0 1 1 0 0 0 1 1 0 0 1 0 1 1 1 1 0 0 0 1 0 0 1 0 1 0