200 3958
0 1 2 3 4 5 6 7 8 9 10 11 12 13 14 15 16 17 18 19 20 21 22 23 24 25 26 27 28 29 30 31 32 33 34 35 36 37 38 39 40 41 42 43 44 45 46 47 48 49 50 51 52 53 54 55 56 57 58 59 60 61 62 63 64 65 66 67 68 69 70 71 72 73 74 75 76 77 78 79 80 81 82 83 84 85 86 87 88 89 90 91 92 93 94 95 96 97 98 99 100 101 102 103 104 105 106 107 108 109 110 111 112 113 114 115 116 117 118 119 120 121 122 123 124 125 126 127 128 129 130 131 132 133 134 135 136 137 138 139 140 141 142 143 144 145 146 147 148 149 150 151 152 153 154 155 156 157 158 159 160 161 162 163 164 165 166 167 168 169 170 171 172 173 174 175 176 177 178 179 180 181 182 183 184 185 186 187 188 189 190 191 192 193 194 195 196 197 198 199
0 1
0 7
0 10
0 13
0 17
0 20
0 35
0 36
0 52
0 55
0 58
0 61
0 63
0 70
0 72
0 76
0 80
0 85
0 92
0 96
0 105
0 112
0 122
0 131
0 132
0 138
0 142
0 163
0 167
0 171
0 186
0 192
0 193
0 194
1 21
1 30
1 33
1 35
1 42
1 55
1 57
1 58
1 65
1 66
1 72
1 73
1 81
1 91
1 111
1 113
1 115
1 132
1 136
1 137
1 140
1 142
1 143
1 147
1 149
1 155
1 158
1 161
1 165
1 180
1 182
1 183
1 187
1 191
1 192
2 5
2 8
2 9
2 13
2 23
2 25
2 27
2 35
2 45
2 50
2 53
2 62
2 69
2 76
2 86
2 93
2 95
2 97
2 101
2 103
2 104
2 110
2 123
2 130
2 133
2 137
2 139
2 141
2 150
2 152
2 155
2 168
2 170
2 172
2 173
2 198
3 4
3 12
3 14
3 15
3 19
3 24
3 28
3 31
3 34
3 36
3 37
3 40
3 48
3 54
3 60
3 61
3 62
3 63
3 69
3 70
3 76
3 80
3 84
3 95
3 100
3 111
3 122
3 125
3 132
3 138
3 139
3 147
3 148
3 156
3 158
3 160
3 169
3 173
3 182
3 183
3 186
3 187
3 194
3 197
4 5
4 8
4 10
4 24
4 28
4 29
4 36
4 47
4 50
4 54
4 71
4 84
4 86
4 88
4 94
4 101
4 105
4 106
4 108
4 113
4 115
4 125
4 126
4 134
4 151
4 155
4 156
4 163
4 166
4 168
4 171
4 173
4 178
4 179
4 185
4 187
4 191
4 193
4 198
5 6
5 17
5 24
5 26
5 27
5 30
5 31
5 33
5 36
5 41
5 43
5 50
5 54
5 56
5 57
5 61
5 63
5 64
5 68
5 73
5 83
5 85
5 95
5 96
5 102
5 104
5 107
5 110
5 112
5 117
5 124
5 128
5 148
5 152
5 158
5 162
5 166
5 170
5 173
5 174
5 178
6 7
6 12
6 19
6 21
6 22
6 23
6 33
6 39
6 41
6 52
6 53
6 56
6 58
6 71
6 77
6 84
6 86
6 92
6 96
6 98
6 101
6 102
6 106
6 121
6 122
6 123
6 134
6 136
6 140
6 146
6 147
6 152
6 155
6 156
6 159
6 166
6 174
6 181
6 184
6 185
6 196
7 9
7 14
7 17
7 19
7 21
7 24
7 25
7 28
7 30
7 33
7 40
7 47
7 48
7 55
7 65
7 68
7 69
7 83
7 84
7 87
7 93
7 95
7 98
7 102
7 112
7 113
7 114
7 118
7 119
7 124
7 134
7 140
7 152
7 153
7 159
7 167
7 173
7 174
7 175
7 186
7 194
8 9
8 11
8 23
8 25
8 27
8 33
8 36
8 44
8 46
8 48
8 51
8 55
8 56
8 58
8 61
8 64
8 73
8 76
8 78
8 80
8 85
8 86
8 90
8 92
8 94
8 100
8 112
8 117
8 120
8 121
8 130
8 134
8 135
8 137
8 142
8 146
8 148
8 149
8 153
8 159
8 162
8 163
8 176
8 189
8 191
8 192
8 196
9 20
9 21
9 22
9 23
9 35
9 39
9 41
9 44
9 47
9 49
9 52
9 56
9 62
9 64
9 70
9 73
9 74
9 75
9 78
9 81
9 82
9 84
9 88
9 97
9 106
9 109
9 112
9 118
9 119
9 121
9 125
9 127
9 132
9 137
9 141
9 145
9 147
9 150
9 167
9 169
9 178
9 181
9 187
9 188
9 192
9 198
10 12
10 13
10 14
10 24
10 25
10 27
10 37
10 39
10 44
10 47
10 49
10 50
10 53
10 55
10 71
10 76
10 77
10 82
10 88
10 92
10 99
10 110
10 113
10 117
10 118
10 119
10 122
10 129
10 132
10 136
10 141
10 143
10 148
10 150
10 151
10 155
10 160
10 164
10 172
10 173
10 176
10 180
10 185
11 12
11 14
11 22
11 25
11 42
11 51
11 54
11 58
11 66
11 69
11 78
11 85
11 94
11 101
11 103
11 109
11 112
11 116
11 118
11 120
11 135
11 137
11 142
11 147
11 148
11 161
11 165
11 169
11 175
11 178
11 186
11 188
11 191
12 17
12 18
12 19
12 21
12 22
12 23
12 26
12 31
12 36
12 42
12 46
12 47
12 48
12 52
12 58
12 94
12 99
12 102
12 105
12 107
12 109
12 116
12 120
12 121
12 131
12 132
12 134
12 135
12 136
12 140
12 141
12 150
12 159
12 161
12 163
12 176
12 183
12 185
12 189
12 192
12 197
13 21
13 24
13 25
13 28
13 38
13 57
13 58
13 59
13 63
13 73
13 80
13 94
13 97
13 99
13 110
13 114
13 116
13 121
13 122
13 127
13 130
13 135
13 139
13 143
13 144
13 145
13 149
13 162
13 165
13 177
13 181
13 193
13 197
13 198
14 15
14 23
14 26
14 28
14 29
14 32
14 36
14 37
14 38
14 51
14 74
14 83
14 90
14 98
14 101
14 103
14 106
14 107
14 112
14 119
14 121
14 122
14 130
14 131
14 133
14 141
14 142
14 145
14 150
14 165
14 169
14 178
14 181
14 185
14 186
14 188
14 191
15 29
15 31
15 42
15 48
15 49
15 50
15 52
15 53
15 64
15 65
15 70
15 85
15 88
15 89
15 90
15 91
15 94
15 108
15 124
15 127
15 128
15 132
15 138
15 143
15 147
15 152
15 162
15 163
15 164
15 169
15 174
15 176
15 179
15 192
15 195
15 197
15 198
16 29
16 30
16 34
16 45
16 47
16 51
16 56
16 64
16 70
16 73
16 74
16 75
16 80
16 83
16 87
16 89
16 90
16 95
16 104
16 129
16 133
16 138
16 140
16 144
16 146
16 150
16 156
16 160
16 173
16 175
16 179
16 191
16 193
16 195
16 198
17 20
17 39
17 42
17 44
17 47
17 61
17 63
17 67
17 68
17 73
17 80
17 83
17 84
17 87
17 90
17 92
17 95
17 97
17 100
17 102
17 123
17 125
17 127
17 136
17 138
17 144
17 147
17 150
17 157
17 167
17 171
17 176
17 178
17 192
17 194
17 196
17 198
18 20
18 22
18 26
18 48
18 52
18 58
18 63
18 64
18 72
18 78
18 94
18 95
18 97
18 99
18 109
18 114
18 116
18 120
18 121
18 125
18 130
18 133
18 134
18 141
18 150
18 153
18 156
18 168
18 170
18 171
18 176
18 181
18 182
18 188
18 191
18 197
19 26
19 38
19 44
19 47
19 52
19 53
19 59
19 62
19 65
19 70
19 71
19 74
19 82
19 83
19 87
19 91
19 94
19 95
19 97
19 101
19 105
19 108
19 112
19 119
19 120
19 121
19 122
19 129
19 134
19 137
19 142
19 144
19 154
19 155
19 157
19 159
19 165
19 167
19 171
19 173
19 175
19 176
19 192
20 23
20 24
20 27
20 32
20 39
20 40
20 42
20 46
20 49
20 61
20 77
20 80
20 90
20 97
20 107
20 111
20 112
20 113
20 123
20 129
20 155
20 166
20 167
20 168
20 177
20 195
20 197
20 198
21 24
21 26
21 27
21 34
21 45
21 48
21 49
21 56
21 68
21 87
21 89
21 110
21 121
21 122
21 128
21 133
21 135
21 137
21 138
21 140
21 156
21 160
21 170
21 172
21 182
21 186
21 189
21 190
21 192
21 196
22 26
22 27
22 38
22 45
22 46
22 48
22 49
22 53
22 56
22 60
22 62
22 65
22 69
22 73
22 83
22 84
22 89
22 92
22 93
22 100
22 132
22 133
22 141
22 147
22 150
22 151
22 155
22 162
22 165
22 168
22 185
22 190
23 27
23 30
23 36
23 37
23 38
23 46
23 52
23 56
23 61
23 62
23 72
23 82
23 86
23 87
23 89
23 91
23 94
23 95
23 98
23 100
23 123
23 136
23 137
23 138
23 142
23 153
23 159
23 161
23 166
23 171
23 179
23 180
23 181
23 183
23 187
23 193
23 196
23 198
24 30
24 39
24 42
24 44
24 47
24 56
24 61
24 67
24 83
24 85
24 88
24 89
24 92
24 97
24 102
24 105
24 107
24 110
24 113
24 126
24 133
24 141
24 142
24 143
24 148
24 150
24 154
24 157
24 165
24 182
24 183
24 184
24 192
24 195
25 30
25 32
25 33
25 52
25 54
25 56
25 60
25 63
25 64
25 71
25 75
25 83
25 84
25 85
25 92
25 93
25 96
25 99
25 107
25 109
25 113
25 114
25 117
25 118
25 123
25 130
25 131
25 135
25 136
25 137
25 139
25 141
25 143
25 146
25 147
25 149
25 160
25 165
25 176
25 177
25 182
25 185
25 189
25 191
25 193
26 39
26 48
26 53
26 58
26 62
26 64
26 66
26 75
26 86
26 95
26 100
26 106
26 107
26 113
26 115
26 117
26 127
26 129
26 134
26 135
26 138
26 139
26 141
26 147
26 151
26 156
26 165
26 173
26 175
26 181
26 184
26 187
26 196
27 29
27 34
27 50
27 65
27 70
27 75
27 85
27 90
27 91
27 96
27 101
27 102
27 104
27 108
27 109
27 114
27 128
27 133
27 141
27 142
27 154
27 159
27 165
27 173
27 175
27 176
27 177
27 178
27 179
27 180
27 183
27 185
27 198
28 37
28 53
28 55
28 64
28 66
28 72
28 77
28 84
28 92
28 94
28 100
28 103
28 104
28 105
28 118
28 119
28 136
28 142
28 146
28 177
28 178
28 183
28 191
28 194
28 196
29 31
29 37
29 41
29 52
29 64
29 65
29 66
29 75
29 77
29 83
29 87
29 88
29 90
29 95
29 96
29 97
29 104
29 107
29 114
29 125
29 127
29 140
29 141
29 144
29 161
29 174
29 177
29 179
29 183
29 185
29 189
29 190
29 197
29 199
30 62
30 72
30 76
30 77
30 82
30 89
30 95
30 101
30 104
30 122
30 127
30 132
30 137
30 140
30 144
30 153
30 158
30 178
30 183
30 187
30 190
30 192
30 193
30 199
31 32
31 34
31 38
31 40
31 46
31 47
31 51
31 56
31 67
31 72
31 74
31 75
31 80
31 81
31 101
31 104
31 117
31 120
31 122
31 123
31 131
31 133
31 134
31 135
31 150
31 169
31 170
31 171
31 172
31 177
31 180
31 182
31 183
31 185
31 187
31 188
31 191
31 193
31 195
32 41
32 47
32 48
32 58
32 64
32 66
32 67
32 77
32 79
32 80
32 83
32 84
32 85
32 86
32 89
32 97
32 110
32 112
32 114
32 119
32 122
32 125
32 137
32 142
32 146
32 148
32 157
32 170
32 173
33 35
33 36
33 43
33 51
33 53
33 54
33 59
33 69
33 74
33 79
33 82
33 85
33 90
33 93
33 94
33 102
33 107
33 109
33 120
33 123
33 124
33 139
33 141
33 145
33 146
33 163
33 166
33 174
33 175
33 182
33 183
33 188
33 191
34 38
34 46
34 50
34 52
34 60
34 61
34 63
34 64
34 66
34 73
34 78
34 81
34 83
34 88
34 90
34 93
34 95
34 97
34 99
34 107
34 110
34 117
34 130
34 131
34 135
34 137
34 151
34 152
34 154
34 165
34 183
34 185
34 188
34 190
34 192
34 193
35 49
35 54
35 55
35 56
35 57
35 65
35 70
35 78
35 80
35 81
35 85
35 90
35 91
35 92
35 97
35 100
35 106
35 110
35 112
35 120
35 121
35 125
35 130
35 136
35 141
35 146
35 148
35 157
35 167
35 175
35 179
35 187
35 194
36 46
36 57
36 58
36 59
36 62
36 63
36 69
36 70
36 71
36 74
36 81
36 97
36 115
36 116
36 121
36 124
36 125
36 130
36 131
36 140
36 148
36 150
36 163
36 166
36 170
36 175
36 178
36 185
36 188
36 190
36 192
36 199
37 42
37 48
37 50
37 51
37 58
37 68
37 70
37 73
37 74
37 77
37 81
37 82
37 85
37 91
37 93
37 99
37 106
37 111
37 118
37 126
37 128
37 130
37 134
37 135
37 144
37 146
37 190
38 50
38 52
38 53
38 54
38 60
38 62
38 67
38 68
38 74
38 86
38 97
38 104
38 105
38 107
38 111
38 112
38 126
38 147
38 163
38 167
38 170
38 172
38 176
38 185
38 187
38 190
38 196
38 197
39 42
39 51
39 56
39 58
39 77
39 78
39 79
39 86
39 88
39 95
39 100
39 110
39 113
39 130
39 131
39 133
39 147
39 151
39 152
39 155
39 161
39 162
39 172
39 179
39 182
39 189
39 193
39 199
40 47
40 48
40 60
40 62
40 64
40 65
40 76
40 80
40 89
40 90
40 101
40 103
40 106
40 108
40 117
40 118
40 119
40 123
40 124
40 132
40 134
40 144
40 159
40 162
40 168
40 173
40 184
40 194
41 49
41 62
41 63
41 74
41 78
41 86
41 102
41 108
41 109
41 112
41 117
41 118
41 121
41 129
41 130
41 134
41 137
41 148
41 150
41 152
41 168
41 171
41 175
41 176
41 185
41 190
41 194
41 195
41 197
42 44
42 45
42 59
42 61
42 64
42 66
42 77
42 80
42 85
42 97
42 100
42 103
42 106
42 114
42 117
42 121
42 131
42 132
42 134
42 136
42 143
42 144
42 148
42 149
42 162
42 163
42 172
42 173
42 174
42 189
43 46
43 51
43 56
43 63
43 66
43 68
43 69
43 78
43 90
43 92
43 93
43 109
43 114
43 116
43 117
43 125
43 127
43 140
43 141
43 150
43 163
43 166
43 167
43 176
43 183
43 186
43 189
43 195
43 196
44 47
44 58
44 61
44 63
44 65
44 72
44 74
44 75
44 79
44 88
44 91
44 92
44 96
44 102
44 104
44 106
44 119
44 126
44 128
44 141
44 148
44 152
44 153
44 162
44 170
44 172
44 174
44 176
44 178
44 182
44 194
45 46
45 58
45 59
45 61
45 72
45 80
45 83
45 94
45 105
45 108
45 110
45 112
45 117
45 122
45 128
45 129
45 130
45 132
45 134
45 138
45 141
45 145
45 151
45 154
45 162
45 167
45 168
45 169
45 171
45 176
45 183
45 185
45 194
45 197
46 56
46 63
46 68
46 72
46 77
46 82
46 90
46 91
46 92
46 94
46 111
46 117
46 124
46 125
46 133
46 138
46 140
46 141
46 142
46 157
46 163
46 169
46 171
46 176
46 185
46 198
46 199
47 48
47 68
47 79
47 81
47 86
47 97
47 98
47 100
47 112
47 123
47 126
47 128
47 131
47 135
47 141
47 142
47 144
47 145
47 157
47 158
47 159
47 166
47 168
47 169
47 170
47 173
47 178
47 179
47 180
47 182
47 186
47 187
47 189
47 198
48 55
48 65
48 74
48 79
48 81
48 86
48 90
48 98
48 106
48 108
48 114
48 115
48 122
48 126
48 131
48 136
48 137
48 144
48 145
48 146
48 149
48 150
48 154
48 155
48 164
48 176
48 178
48 185
48 186
48 190
48 193
48 194
49 50
49 51
49 58
49 61
49 80
49 81
49 83
49 97
49 98
49 102
49 103
49 106
49 113
49 114
49 119
49 127
49 128
49 137
49 155
49 160
49 173
49 175
49 192
49 198
50 67
50 70
50 76
50 78
50 82
50 89
50 90
50 92
50 97
50 112
50 121
50 122
50 136
50 153
50 155
50 170
50 173
50 185
50 189
50 195
50 198
50 199
51 52
51 58
51 62
51 71
51 72
51 74
51 78
51 82
51 85
51 92
51 104
51 108
51 109
51 114
51 121
51 124
51 128
51 134
51 136
51 137
51 139
51 148
51 150
51 156
51 163
51 167
51 168
51 170
51 172
51 173
51 187
51 192
51 193
52 54
52 55
52 84
52 85
52 89
52 90
52 95
52 102
52 103
52 107
52 108
52 111
52 118
52 123
52 125
52 136
52 141
52 155
52 164
52 170
52 171
52 180
52 183
52 185
52 187
52 188
52 190
52 198
53 62
53 68
53 71
53 72
53 74
53 77
53 82
53 88
53 95
53 96
53 97
53 98
53 106
53 108
53 113
53 114
53 121
53 122
53 124
53 128
53 131
53 138
53 143
53 144
53 147
53 148
53 149
53 150
53 154
53 160
53 164
53 165
53 185
53 195
53 197
54 62
54 71
54 73
54 75
54 77
54 81
54 85
54 87
54 89
54 104
54 105
54 113
54 125
54 126
54 129
54 132
54 138
54 139
54 140
54 143
54 147
54 148
54 157
54 158
54 165
54 169
54 173
54 177
54 182
54 185
54 195
55 56
55 64
55 67
55 69
55 75
55 81
55 85
55 94
55 97
55 100
55 103
55 112
55 116
55 117
55 126
55 128
55 134
55 139
55 143
55 145
55 147
55 150
55 155
55 159
55 162
55 163
55 167
55 169
55 170
55 177
55 179
55 183
55 193
55 194
55 199
56 62
56 64
56 66
56 67
56 69
56 70
56 78
56 81
56 94
56 97
56 98
56 100
56 104
56 110
56 116
56 121
56 122
56 125
56 132
56 138
56 141
56 142
56 144
56 146
56 148
56 151
56 168
56 170
56 173
56 176
56 181
56 185
56 190
56 195
56 196
57 59
57 68
57 69
57 72
57 73
57 80
57 85
57 92
57 96
57 107
57 109
57 124
57 127
57 132
57 143
57 146
57 151
57 152
57 156
57 158
57 161
57 163
57 164
57 185
57 187
57 188
57 189
57 191
57 192
57 195
58 66
58 72
58 73
58 74
58 76
58 78
58 82
58 87
58 96
58 107
58 111
58 113
58 120
58 127
58 137
58 140
58 141
58 144
58 151
58 156
58 162
58 166
58 168
58 172
58 175
58 197
58 199
59 67
59 76
59 78
59 88
59 94
59 97
59 107
59 112
59 125
59 127
59 131
59 133
59 134
59 141
59 144
59 145
59 149
59 152
59 156
59 166
59 173
59 177
59 178
59 181
59 193
60 62
60 64
60 68
60 72
60 77
60 78
60 88
60 115
60 120
60 123
60 126
60 127
60 137
60 142
60 148
60 151
60 154
60 159
60 160
60 165
60 170
60 176
60 177
60 189
60 197
60 198
61 80
61 83
61 91
61 99
61 101
61 122
61 123
61 130
61 140
61 146
61 147
61 149
61 151
61 172
61 173
61 174
61 175
61 177
61 178
61 179
61 184
61 191
61 193
61 197
61 199
62 70
62 71
62 75
62 88
62 89
62 93
62 96
62 102
62 107
62 109
62 119
62 122
62 130
62 136
62 140
62 150
62 163
62 167
62 169
62 173
62 182
62 184
62 187
62 191
62 195
62 197
62 198
63 69
63 75
63 79
63 81
63 84
63 85
63 88
63 99
63 101
63 113
63 126
63 143
63 144
63 149
63 153
63 160
63 162
63 172
63 183
63 193
63 194
63 196
63 198
64 72
64 86
64 89
64 95
64 101
64 108
64 113
64 114
64 115
64 123
64 138
64 143
64 144
64 147
64 149
64 155
64 172
64 176
64 181
64 189
64 197
65 74
65 76
65 81
65 90
65 110
65 113
65 127
65 136
65 139
65 140
65 141
65 150
65 151
65 154
65 166
65 167
65 171
65 175
65 180
65 182
65 185
65 194
66 72
66 83
66 85
66 86
66 89
66 90
66 94
66 108
66 119
66 124
66 126
66 132
66 133
66 136
66 143
66 145
66 149
66 150
66 152
66 161
66 165
66 175
66 177
66 179
66 184
66 188
66 191
66 195
66 198
67 70
67 73
67 81
67 82
67 90
67 94
67 113
67 124
67 133
67 135
67 136
67 139
67 142
67 143
67 149
67 150
67 153
67 154
67 158
67 173
67 174
67 177
67 184
67 186
67 189
67 193
67 198
68 69
68 74
68 78
68 88
68 91
68 102
68 116
68 134
68 135
68 143
68 144
68 145
68 148
68 150
68 157
68 158
68 162
68 170
68 172
68 176
68 190
68 195
68 196
68 197
69 73
69 79
69 80
69 87
69 88
69 96
69 98
69 101
69 102
69 107
69 111
69 115
69 117
69 121
69 123
69 132
69 145
69 150
69 151
69 162
69 168
69 170
69 174
69 185
69 187
70 71
70 73
70 79
70 80
70 81
70 93
70 98
70 104
70 109
70 118
70 119
70 122
70 124
70 125
70 127
70 133
70 134
70 136
70 145
70 146
70 147
70 149
70 153
70 173
70 175
70 178
70 188
70 191
71 73
71 74
71 98
71 104
71 123
71 128
71 132
71 135
71 143
71 144
71 146
71 148
71 149
71 153
71 174
71 181
71 186
72 74
72 76
72 78
72 79
72 104
72 105
72 107
72 108
72 111
72 113
72 135
72 142
72 145
72 147
72 148
72 151
72 158
72 161
72 162
72 164
72 167
72 168
72 169
72 179
72 181
72 188
72 192
73 84
73 89
73 94
73 103
73 105
73 116
73 121
73 122
73 127
73 132
73 137
73 147
73 154
73 158
73 159
73 162
73 163
73 173
73 174
73 176
73 178
73 193
73 199
74 76
74 81
74 83
74 84
74 88
74 100
74 116
74 118
74 119
74 124
74 129
74 130
74 136
74 145
74 148
74 149
74 156
74 159
74 164
74 165
74 166
74 185
74 190
74 196
75 77
75 82
75 85
75 88
75 98
75 107
75 111
75 120
75 122
75 123
75 134
75 139
75 145
75 146
75 149
75 163
75 174
75 179
75 182
75 183
75 188
75 190
75 193
75 198
75 199
76 86
76 87
76 97
76 109
76 112
76 113
76 121
76 126
76 129
76 134
76 136
76 137
76 139
76 150
76 159
76 160
76 163
76 164
76 168
76 171
76 176
76 178
76 181
76 187
76 190
76 197
77 82
77 83
77 91
77 106
77 111
77 112
77 114
77 122
77 124
77 130
77 140
77 149
77 152
77 153
77 154
77 159
77 161
77 165
77 173
77 175
77 179
77 187
77 190
78 81
78 83
78 89
78 108
78 122
78 124
78 131
78 143
78 149
78 151
78 155
78 173
78 176
78 180
78 181
78 183
78 186
78 190
78 195
78 196
79 84
79 88
79 89
79 91
79 96
79 108
79 117
79 118
79 120
79 121
79 122
79 131
79 146
79 147
79 151
79 159
79 164
79 169
79 178
79 184
79 189
79 192
79 194
79 197
79 199
80 87
80 92
80 94
80 99
80 107
80 121
80 123
80 125
80 130
80 134
80 136
80 138
80 143
80 151
80 153
80 157
80 163
80 174
80 194
80 197
81 83
81 84
81 91
81 94
81 97
81 103
81 104
81 106
81 126
81 134
81 136
81 149
81 155
81 165
81 167
81 186
81 194
81 196
82 86
82 90
82 92
82 93
82 95
82 114
82 125
82 126
82 145
82 147
82 153
82 180
82 186
82 187
82 188
82 197
83 88
83 92
83 96
83 101
83 110
83 114
83 124
83 130
83 132
83 134
83 135
83 141
83 151
83 153
83 158
83 163
83 166
83 167
83 170
83 187
83 194
83 199
84 89
84 91
84 96
84 97
84 103
84 106
84 109
84 117
84 131
84 133
84 138
84 146
84 149
84 152
84 153
84 154
84 155
84 159
84 160
84 169
84 171
84 175
84 177
84 183
84 188
84 199
85 87
85 88
85 89
85 95
85 101
85 108
85 109
85 118
85 121
85 123
85 128
85 130
85 133
85 144
85 145
85 147
85 150
85 152
85 154
85 157
85 161
85 162
85 171
85 173
85 176
85 179
85 183
85 190
85 196
85 198
86 89
86 94
86 97
86 110
86 112
86 118
86 127
86 128
86 136
86 139
86 142
86 151
86 159
86 162
86 164
86 169
86 170
86 182
86 184
86 190
86 199
87 88
87 90
87 100
87 101
87 102
87 104
87 112
87 114
87 124
87 130
87 132
87 135
87 140
87 154
87 158
87 159
87 161
87 162
87 176
87 178
87 185
87 193
87 196
87 197
87 198
88 109
88 112
88 116
88 120
88 126
88 134
88 135
88 142
88 152
88 156
88 158
88 163
88 165
88 167
88 170
88 172
88 175
88 176
88 186
88 192
88 195
88 199
89 103
89 107
89 108
89 109
89 110
89 111
89 125
89 126
89 136
89 138
89 139
89 147
89 148
89 152
89 154
89 156
89 160
89 169
89 170
89 171
89 187
89 193
90 93
90 95
90 102
90 104
90 112
90 114
90 117
90 129
90 131
90 135
90 153
90 155
90 164
90 167
90 170
90 174
90 176
90 177
90 180
90 185
90 186
90 187
90 192
90 195
90 198
91 93
91 108
91 112
91 113
91 114
91 117
91 119
91 121
91 132
91 136
91 137
91 155
91 158
91 164
91 173
91 177
91 179
91 181
91 188
91 189
91 194
92 93
92 99
92 100
92 101
92 102
92 110
92 117
92 118
92 120
92 125
92 126
92 127
92 133
92 139
92 143
92 148
92 150
92 151
92 163
92 172
92 173
92 174
92 179
92 187
92 188
92 189
92 192
92 198
92 199
93 94
93 95
93 96
93 97
93 101
93 102
93 105
93 106
93 107
93 117
93 125
93 126
93 157
93 159
93 160
93 162
93 164
93 165
93 172
93 181
93 187
93 197
94 95
94 96
94 97
94 110
94 118
94 121
94 126
94 127
94 129
94 134
94 136
94 138
94 140
94 144
94 155
94 159
94 165
94 171
94 172
94 177
94 179
94 181
94 183
94 185
94 186
94 192
94 193
95 97
95 102
95 108
95 113
95 115
95 117
95 123
95 124
95 127
95 130
95 131
95 135
95 140
95 143
95 146
95 155
95 161
95 163
95 166
95 177
95 180
95 183
95 185
95 190
95 193
95 196
95 199
96 105
96 106
96 107
96 109
96 110
96 112
96 117
96 118
96 125
96 128
96 138
96 148
96 152
96 154
96 157
96 165
96 169
96 171
96 175
96 182
96 186
96 190
96 194
96 197
96 198
97 103
97 107
97 109
97 116
97 117
97 126
97 152
97 155
97 158
97 161
97 164
97 170
97 171
97 197
98 99
98 102
98 103
98 112
98 114
98 124
98 125
98 127
98 137
98 152
98 153
98 163
98 179
98 181
98 187
98 190
98 194
98 195
98 197
98 199
99 107
99 110
99 116
99 117
99 120
99 124
99 126
99 135
99 139
99 144
99 148
99 149
99 150
99 160
99 161
99 172
99 176
99 184
100 101
100 106
100 107
100 112
100 113
100 114
100 118
100 121
100 145
100 146
100 149
100 152
100 154
100 158
100 160
100 161
100 164
100 168
100 171
100 173
100 175
100 176
100 197
100 198
101 106
101 113
101 125
101 126
101 127
101 132
101 159
101 163
101 171
101 173
101 176
101 177
101 178
101 181
101 187
102 106
102 107
102 108
102 109
102 118
102 126
102 127
102 129
102 136
102 140
102 141
102 146
102 153
102 160
102 161
102 164
102 168
102 176
102 178
102 185
102 187
102 189
102 192
102 193
103 107
103 111
103 114
103 115
103 116
103 125
103 127
103 131
103 147
103 150
103 152
103 153
103 162
103 168
103 171
103 174
103 176
103 177
103 178
103 181
103 182
103 185
103 186
103 199
104 116
104 119
104 121
104 142
104 147
104 150
104 151
104 152
104 158
104 161
104 163
104 168
104 172
104 181
104 182
104 186
104 197
105 110
105 130
105 141
105 150
105 152
105 154
105 164
105 166
105 168
105 171
105 173
105 181
105 183
105 192
105 199
106 107
106 109
106 112
106 117
106 119
106 133
106 145
106 149
106 158
106 160
106 167
106 174
106 175
106 178
106 180
106 181
106 195
107 109
107 112
107 118
107 121
107 132
107 134
107 143
107 144
107 155
107 157
107 166
107 167
107 168
107 170
107 178
107 179
107 185
107 186
107 190
107 193
107 199
108 114
108 116
108 121
108 131
108 138
108 148
108 161
108 171
108 172
108 174
108 177
108 182
108 183
108 187
108 198
109 110
109 111
109 112
109 118
109 119
109 125
109 128
109 131
109 136
109 138
109 140
109 144
109 145
109 146
109 149
109 153
109 155
109 162
109 166
109 167
109 174
109 178
109 191
110 111
110 116
110 129
110 138
110 140
110 141
110 146
110 151
110 152
110 155
110 166
110 171
110 174
110 180
110 181
110 182
110 197
111 113
111 115
111 128
111 134
111 154
111 174
111 177
111 178
111 189
111 191
111 193
111 194
111 199
112 116
112 118
112 119
112 127
112 131
112 134
112 135
112 142
112 148
112 152
112 167
112 168
112 170
112 177
112 187
112 191
112 193
112 198
113 116
113 117
113 123
113 127
113 128
113 130
113 131
113 133
113 135
113 145
113 155
113 166
113 168
113 173
113 174
113 179
113 182
113 183
113 187
113 188
113 192
113 193
114 134
114 143
114 153
114 164
114 176
114 177
114 179
114 180
114 190
114 193
114 196
115 119
115 129
115 131
115 137
115 139
115 141
115 143
115 156
115 160
115 178
115 182
115 183
115 184
115 194
115 197
116 118
116 120
116 121
116 123
116 124
116 125
116 127
116 129
116 130
116 139
116 146
116 151
116 165
116 167
116 170
116 173
116 175
116 176
116 181
116 191
117 122
117 124
117 125
117 132
117 135
117 138
117 142
117 145
117 152
117 153
117 156
117 165
117 174
117 177
117 182
117 184
117 185
117 186
117 197
117 198
118 120
118 123
118 124
118 131
118 133
118 135
118 138
118 144
118 147
118 149
118 154
118 155
118 170
118 174
119 139
119 143
119 145
119 156
119 170
119 173
119 177
119 188
119 191
119 194
120 129
120 130
120 135
120 136
120 144
120 148
120 150
120 156
120 157
120 170
120 172
120 178
120 185
120 192
120 198
121 130
121 133
121 134
121 138
121 145
121 151
121 152
121 161
121 173
121 183
121 184
121 186
121 187
121 190
121 196
121 197
121 198
122 126
122 130
122 131
122 136
122 149
122 154
122 157
122 161
122 164
122 165
122 166
122 169
122 171
122 174
122 175
122 190
122 192
123 124
123 128
123 133
123 141
123 144
123 149
123 154
123 158
123 160
123 162
123 163
123 166
123 167
123 179
123 182
123 188
124 129
124 133
124 136
124 138
124 143
124 145
124 146
124 149
124 152
124 155
124 160
124 161
124 168
124 169
124 170
124 171
124 174
124 178
124 193
124 195
125 132
125 133
125 138
125 145
125 151
125 152
125 154
125 155
125 171
125 182
125 186
125 193
125 195
126 145
126 146
126 150
126 155
126 156
126 162
126 168
126 174
126 178
126 181
126 182
126 184
126 186
126 199
127 132
127 136
127 139
127 143
127 145
127 150
127 152
127 157
127 161
127 162
127 170
127 175
127 186
127 187
127 192
127 194
127 198
128 134
128 138
128 142
128 155
128 158
128 165
128 168
128 171
128 172
128 173
128 180
128 188
128 191
128 192
128 193
129 131
129 135
129 139
129 148
129 150
129 152
129 160
129 161
129 162
129 169
129 174
129 176
129 178
129 187
129 191
130 134
130 142
130 151
130 155
130 157
130 162
130 171
130 174
130 182
130 188
130 189
130 191
130 193
130 198
131 132
131 135
131 137
131 138
131 149
131 151
131 154
131 161
131 168
131 176
131 179
131 189
131 191
132 135
132 144
132 151
132 152
132 167
132 170
132 171
132 177
132 186
132 189
133 135
133 137
133 140
133 143
133 147
133 157
133 158
133 162
133 163
133 165
133 168
133 185
133 191
133 194
134 135
134 137
134 143
134 145
134 152
134 153
134 165
134 174
134 176
134 181
134 190
134 191
134 193
134 196
135 149
135 155
135 163
135 165
135 169
135 170
135 176
135 178
135 183
135 184
135 186
135 188
135 191
136 137
136 140
136 141
136 147
136 156
136 165
136 171
136 177
136 181
136 183
136 186
136 188
136 194
136 195
137 143
137 148
137 149
137 150
137 153
137 177
137 180
137 184
137 188
137 194
137 198
138 144
138 148
138 149
138 150
138 155
138 158
138 160
138 164
138 173
138 174
138 175
138 184
138 187
139 140
139 150
139 155
139 161
139 163
139 165
139 169
139 178
139 191
139 192
139 194
139 199
140 141
140 145
140 154
140 155
140 161
140 165
140 170
140 186
140 188
140 193
140 199
141 145
141 154
141 156
141 158
141 160
141 161
141 169
141 170
141 171
141 172
141 181
141 191
141 192
141 195
142 145
142 155
142 156
142 166
142 168
142 173
142 174
142 194
143 153
143 154
143 161
143 162
143 163
143 165
143 177
143 178
143 180
143 184
143 190
143 194
144 148
144 149
144 151
144 154
144 155
144 157
144 175
144 178
144 179
144 187
144 189
144 192
144 194
144 197
145 157
145 160
145 187
145 188
145 189
145 193
145 195
146 149
146 150
146 151
146 152
146 156
146 157
146 158
146 162
146 169
146 172
146 177
146 179
146 182
147 165
147 173
147 175
147 178
147 185
147 187
147 195
147 198
148 152
148 156
148 157
148 162
148 163
148 164
148 171
148 177
148 179
148 181
148 189
148 195
148 198
149 151
149 165
149 178
149 180
149 189
149 195
149 198
150 152
150 166
150 170
150 176
150 178
150 184
150 189
150 190
150 195
151 153
151 159
151 164
151 165
151 175
151 178
151 180
151 188
151 192
151 195
151 198
152 159
152 161
152 162
152 163
152 168
152 169
152 172
152 183
152 191
152 193
153 155
153 165
153 170
153 171
153 172
153 173
153 175
153 180
153 186
153 192
153 195
153 198
154 156
154 158
154 162
154 169
154 170
154 177
154 190
154 196
155 157
155 159
155 161
155 162
155 166
155 168
155 169
155 170
155 190
156 157
156 158
156 163
156 164
156 170
156 171
156 172
156 174
156 177
156 180
156 186
156 193
157 158
157 162
157 167
157 168
157 174
157 178
157 187
157 194
157 197
158 164
158 169
158 171
158 179
158 187
158 191
158 194
158 195
158 199
159 160
159 161
159 163
159 174
159 182
159 188
159 189
159 193
159 195
159 197
159 198
160 165
160 166
160 167
160 168
160 175
160 176
160 199
161 164
161 170
161 174
161 180
161 183
161 195
162 165
162 171
162 172
162 173
162 175
162 176
162 179
162 184
162 187
162 188
162 193
162 199
163 164
163 173
163 174
163 177
163 185
163 199
164 169
164 171
164 174
164 178
164 183
164 184
164 185
164 189
164 193
164 197
165 174
165 181
165 186
165 187
165 188
165 190
165 195
165 198
166 167
166 170
166 172
166 175
166 186
166 187
166 194
166 197
167 176
167 182
167 187
167 194
167 197
167 199
168 176
168 177
168 178
168 180
168 191
169 171
169 172
169 173
169 178
169 196
169 197
170 172
170 175
170 181
170 195
171 173
171 181
171 182
171 187
172 173
172 176
172 182
172 186
172 188
172 189
172 190
173 176
173 179
173 180
173 181
173 190
174 182
175 180
175 181
175 183
175 184
175 188
175 192
176 179
176 181
176 182
176 188
176 198
177 188
177 190
177 192
177 194
178 192
178 194
179 186
179 189
179 195
179 198
179 199
180 181
180 191
181 188
181 189
181 199
182 191
183 188
183 190
183 193
183 196
183 197
183 198
184 189
184 192
185 189
185 192
185 196
185 199
186 192
186 198
187 192
187 193
187 197
187 199
188 197
189 191
189 193
189 195
190 196
191 194
191 195
191 197
191 199
194 196
194 199

1 1 1 1 1 0 0 0 1 1 0 1 0 1 1 1 1 0 0 1 0 0 0 0 1 1 1 1 1 1 1 0 1 1 1 1 0 1 1 0 1 0 0 1 0 0 1 1 0 0 0 1 0 0 0 1 1 1 0 1 0 0 1 1 0 1 1 1 1 1 0 0 0 0 0 1 0 0 1 0 1 0 1 0 0 1 1 0 0 1 0 0 0 1 0 1 0 0 1 1 0 1 0 1 1 1 1 0 0 1 0 1 0 1 1 1 0 0 0 0 1 0 0 0 0 1 0 1 0 0 1 1 1 1 0 1 1 1 0 0 1 1 1 0 0 1 0 0 1 0 1 0 0 0 0 1 1 1 0 0 0 1 1 0 1 0 1 1 0 1 1 0 0 0 0 0 0 1 0 0 0 1 0 1 0 1 0 1 0 0 1 0 1 1 0 1 0 1 1 0