250 1561
0 1 2 3 4 5 6 7 8 9 10 11 12 13 14 15 16 17 18 19 20 21 22 23 24 25 26 27 28 29 30 31 32 33 34 35 36 37 38 39 40 41 42 43 44 45 46 47 48 49 50 51 52 53 54 55 56 57 58 59 60 61 62 63 64 65 66 67 68 69 70 71 72 73 74 75 76 77 78 79 80 81 82 83 84 85 86 87 88 89 90 91 92 93 94 95 96 97 98 99 100 101 102 103 104 105 106 107 108 109 110 111 112 113 114 115 116 117 118 119 120 121 122 123 124 125 126 127 128 129 130 131 132 133 134 135 136 137 138 139 140 141 142 143 144 145 146 147 148 149 150 151 152 153 154 155 156 157 158 159 160 161 162 163 164 165 166 167 168 169 170 171 172 173 174 175 176 177 178 179 180 181 182 183 184 185 186 187 188 189 190 191 192 193 194 195 196 197 198 199 200 201 202 203 204 205 206 207 208 209 210 211 212 213 214 215 216 217 218 219 220 221 222 223 224 225 226 227 228 229 230 231 232 233 234 235 236 237 238 239 240 241 242 243 244 245 246 247 248 249
0 17
0 43
0 58
0 59
0 112
0 125
0 138
0 143
0 154
0 156
0 186
0 191
0 244
0 247
1 22
1 25
1 32
1 34
1 45
1 48
1 51
1 61
1 79
1 94
1 104
1 122
1 128
1 162
1 183
1 230
2 13
2 22
2 68
2 98
2 113
2 127
2 146
2 178
2 185
2 216
2 217
2 236
3 12
3 19
3 24
3 32
3 56
3 95
3 104
3 118
3 162
3 166
3 176
3 203
3 222
3 225
3 239
4 60
4 90
4 160
4 161
4 188
4 208
4 223
4 234
5 27
5 76
5 80
5 94
5 96
5 108
5 114
5 159
5 172
5 175
5 187
5 222
5 234
6 18
6 21
6 43
6 46
6 52
6 71
6 121
6 188
7 64
7 65
7 106
7 175
7 176
8 14
8 42
8 56
8 84
8 109
8 110
8 135
8 136
8 150
8 190
8 230
9 52
9 54
9 76
9 94
9 120
9 122
9 133
9 147
9 151
9 182
9 204
9 229
9 247
10 20
10 52
10 54
10 64
10 69
10 96
10 104
10 106
10 127
10 136
10 137
10 155
10 167
10 168
10 173
11 16
11 32
11 35
11 40
11 43
11 61
11 75
11 108
11 183
11 195
11 213
11 237
11 240
12 59
12 78
12 110
12 140
12 163
12 249
13 55
13 56
13 74
13 89
13 167
13 229
14 16
14 17
14 20
14 33
14 36
14 41
14 49
14 54
14 56
14 60
14 73
14 90
14 103
14 109
14 118
14 119
14 123
14 184
14 209
14 216
14 223
14 244
15 16
15 19
15 65
15 68
15 75
15 79
15 89
15 108
15 125
15 127
15 133
15 135
15 157
15 163
15 190
15 193
15 215
15 249
16 51
16 55
16 61
16 64
16 68
16 93
16 106
16 116
16 120
16 124
16 227
17 22
17 29
17 44
17 60
17 79
17 85
17 103
17 109
17 153
17 161
17 183
17 187
17 220
17 232
17 235
17 248
18 45
18 51
18 67
18 88
18 97
18 150
18 160
18 210
18 223
18 233
19 29
19 34
19 38
19 46
19 58
19 61
19 75
19 100
19 161
19 169
19 193
19 203
19 218
19 224
19 236
19 246
20 26
20 80
20 118
20 154
20 180
20 213
20 226
21 55
21 68
21 84
21 95
21 127
21 132
21 160
21 162
21 170
21 187
21 196
21 223
21 233
22 36
22 47
22 49
22 58
22 63
22 88
22 123
22 159
22 163
22 165
22 202
22 210
22 221
22 229
22 248
23 28
23 38
23 46
23 60
23 106
23 132
23 133
23 144
23 191
24 35
24 39
24 52
24 87
24 92
24 99
24 138
24 172
24 176
24 206
24 226
24 235
25 61
25 74
25 80
25 125
25 162
25 169
25 196
25 201
25 208
25 213
25 219
25 225
26 28
26 73
26 85
26 102
26 119
26 146
26 188
26 213
27 37
27 61
27 64
27 100
27 106
27 131
27 174
27 181
28 60
28 94
28 123
28 126
28 178
28 212
28 220
28 223
28 238
29 35
29 67
29 70
29 131
29 142
29 160
29 161
29 163
29 171
29 237
29 249
30 43
30 47
30 78
30 96
30 106
30 108
30 129
30 131
30 148
30 157
30 213
30 244
31 40
31 46
31 63
31 97
31 105
31 185
31 211
31 213
31 226
31 244
32 43
32 44
32 49
32 123
32 140
32 148
32 174
32 226
32 240
32 243
33 36
33 46
33 49
33 54
33 60
33 99
33 122
33 160
33 187
33 200
33 203
33 206
33 230
33 231
33 242
34 36
34 38
34 77
34 78
34 84
34 102
34 162
34 177
34 206
34 220
34 226
35 46
35 72
35 89
35 105
35 108
35 112
35 125
35 127
35 131
35 139
35 142
35 143
35 150
35 168
35 176
35 214
35 228
35 244
35 248
36 41
36 43
36 48
36 61
36 85
36 109
36 121
36 125
36 136
36 141
36 150
36 168
36 205
36 245
37 96
37 104
37 138
37 150
37 190
37 210
37 235
37 242
38 54
38 119
38 142
38 164
38 166
38 176
38 189
38 208
38 210
38 218
38 244
39 58
39 77
39 105
39 131
39 138
39 191
39 228
39 232
40 49
40 50
40 70
40 101
40 104
40 151
40 153
40 162
40 163
40 180
41 65
41 110
41 168
41 178
41 211
41 216
41 221
41 245
41 247
42 50
42 72
42 122
42 129
42 199
42 210
42 211
42 221
42 222
42 247
43 46
43 113
43 115
43 120
43 126
43 134
43 187
43 192
43 205
43 208
43 222
43 223
43 229
44 53
44 60
44 89
44 112
44 127
44 135
44 140
44 151
44 153
44 181
44 183
44 205
44 208
44 228
44 231
44 233
45 55
45 57
45 78
45 86
45 98
45 120
45 128
45 162
45 172
45 235
46 83
46 108
46 112
46 118
46 125
46 152
46 167
46 182
46 195
46 210
46 227
46 241
47 69
47 108
47 112
47 127
47 132
47 165
47 175
47 178
47 185
47 188
47 199
47 209
47 211
48 90
48 176
48 181
48 203
49 88
49 101
49 137
49 139
49 140
49 153
49 154
49 170
49 203
49 228
50 58
50 83
50 101
50 114
50 194
50 200
50 202
51 64
51 65
51 81
51 118
51 171
51 175
51 184
51 191
51 221
52 59
52 70
52 74
52 92
52 98
52 121
52 137
52 143
52 147
52 161
52 171
52 191
52 249
53 85
53 98
53 124
53 140
53 142
53 145
53 154
53 212
53 214
53 220
53 234
53 243
53 249
54 59
54 142
54 154
54 164
54 186
54 193
55 74
55 134
55 150
55 177
55 223
56 117
56 180
56 201
56 207
56 236
56 249
57 71
57 85
57 102
57 178
57 179
57 208
58 119
58 139
58 143
58 157
58 170
58 171
58 214
59 65
59 80
59 88
59 134
59 181
59 228
59 237
59 245
60 68
60 110
60 125
60 141
60 168
60 174
60 198
60 213
60 232
61 87
61 116
61 133
61 202
61 243
61 249
62 113
62 124
62 158
62 212
63 122
63 138
63 184
63 209
63 236
64 70
64 72
64 75
64 101
64 148
64 167
64 185
64 204
64 229
64 238
64 247
65 71
65 87
65 130
65 135
65 145
65 156
65 164
65 165
65 191
65 194
65 198
65 205
65 211
65 213
65 217
65 220
65 230
65 231
65 241
66 102
66 149
66 154
66 185
66 188
66 210
66 213
66 243
67 78
67 97
67 98
67 107
67 108
67 155
67 195
67 201
67 212
67 228
67 229
67 242
68 101
68 129
68 146
68 157
68 163
68 168
68 221
69 91
69 117
69 158
69 174
69 189
69 201
69 208
69 211
69 226
70 116
70 130
70 139
70 150
70 167
70 169
70 178
71 147
71 153
71 200
71 208
71 210
71 240
72 78
72 102
72 127
72 136
72 142
72 147
72 149
72 163
72 213
73 102
73 126
73 132
73 133
73 175
73 176
73 216
73 220
73 236
74 81
74 99
74 117
74 120
74 132
74 133
74 134
74 144
74 146
74 147
74 148
74 155
74 159
74 176
74 179
74 207
74 229
74 232
75 91
75 98
75 103
75 127
75 165
75 182
76 102
76 144
76 146
76 202
76 207
76 244
77 79
77 104
77 112
77 114
77 115
77 131
77 135
77 159
77 164
77 198
77 233
77 244
78 107
78 134
78 170
78 179
78 184
78 192
78 232
79 81
79 100
79 102
79 116
79 169
79 178
79 241
80 88
80 119
80 126
80 149
80 161
80 171
80 173
80 190
80 242
81 124
81 126
81 147
81 165
81 203
81 205
81 248
82 96
82 108
82 135
82 144
82 225
82 230
82 237
83 91
83 99
83 117
83 118
83 137
83 144
83 152
83 161
83 165
83 209
83 213
83 218
83 237
83 239
84 91
84 101
84 127
84 162
84 175
84 176
84 181
84 189
84 195
84 198
84 210
84 214
85 87
85 96
85 102
85 111
85 128
85 150
85 169
85 174
85 190
85 240
85 249
86 88
86 97
86 151
86 184
86 197
86 217
86 235
86 240
87 144
87 196
87 201
87 226
87 234
87 238
87 244
88 91
88 99
88 128
88 145
88 186
88 206
88 209
88 218
88 241
89 104
89 128
89 141
89 184
89 203
89 219
89 222
89 239
90 101
90 122
90 129
90 158
90 194
90 236
91 101
91 135
91 145
91 175
91 202
91 237
91 242
92 104
92 123
92 124
92 129
92 142
92 154
92 157
92 158
92 166
92 170
92 178
92 181
92 188
92 248
93 95
93 138
93 141
93 192
93 196
93 198
93 206
93 210
93 215
93 237
93 240
94 96
94 100
94 105
94 109
94 127
94 152
94 168
94 202
94 208
94 236
95 136
95 159
95 182
95 221
95 232
96 102
96 118
96 130
96 137
96 140
96 146
96 153
96 167
96 173
96 177
96 181
96 201
96 225
96 239
97 111
97 150
97 176
97 203
97 222
97 234
98 195
98 205
98 209
98 245
99 111
99 116
99 139
99 141
99 151
99 159
99 191
99 206
99 216
99 240
100 125
100 165
100 179
100 211
101 108
101 139
101 160
101 170
101 178
101 193
101 199
101 208
101 227
101 237
102 122
102 211
102 214
102 219
102 223
103 113
103 131
103 133
103 137
103 142
103 164
103 183
103 213
103 218
103 228
103 233
103 235
103 244
103 245
104 139
104 156
104 214
104 217
105 124
105 132
105 149
105 163
105 185
105 206
105 242
106 110
106 150
107 122
107 196
107 215
107 226
108 119
108 122
108 176
108 180
108 186
108 193
108 201
108 220
108 245
109 146
109 202
109 220
109 225
109 233
110 124
110 128
110 141
110 148
110 156
110 166
110 194
110 206
110 227
111 136
111 147
111 167
111 170
111 178
111 198
111 217
111 247
112 114
112 137
112 161
112 163
112 184
112 193
112 214
113 134
113 143
113 212
113 214
113 226
113 230
113 243
114 115
114 117
114 129
114 164
114 175
114 231
114 238
114 245
115 126
115 129
115 159
115 171
115 222
115 228
115 235
115 243
115 247
116 121
116 166
116 168
116 169
116 173
116 175
116 193
116 209
116 211
116 228
117 134
117 202
117 212
117 237
117 245
118 120
118 130
118 208
118 224
118 227
119 131
119 140
119 145
119 152
119 162
119 176
119 223
119 226
119 245
120 140
120 193
120 217
121 122
121 138
121 163
121 181
121 194
121 217
121 227
122 126
122 149
122 151
122 240
122 242
123 128
123 129
123 137
123 139
123 168
123 169
123 227
123 231
124 126
124 145
124 164
124 178
124 219
124 221
125 172
125 198
125 206
125 221
125 235
125 238
125 240
126 152
126 161
126 179
126 201
126 206
126 246
127 132
127 162
127 198
127 216
127 236
128 150
128 168
128 183
128 187
128 199
129 132
129 157
129 178
129 187
129 217
129 225
130 193
130 203
130 239
131 137
131 141
131 162
131 174
131 178
131 213
131 234
132 148
132 149
132 152
132 177
132 207
132 242
133 137
133 150
133 163
133 202
133 204
133 205
133 224
133 226
133 232
134 184
134 195
134 222
134 228
135 147
135 154
135 170
135 175
135 227
136 147
136 203
136 217
136 239
136 245
137 166
137 169
137 189
137 200
137 223
137 249
138 148
138 172
138 173
138 186
138 231
138 236
139 145
139 211
140 142
140 143
140 151
140 156
140 180
140 186
140 214
141 144
141 162
141 165
141 167
141 178
141 192
141 193
141 237
142 149
142 157
142 191
142 203
142 236
143 183
143 202
144 150
144 155
144 171
144 199
144 204
144 223
144 245
145 176
145 177
145 191
145 239
145 248
146 154
146 200
146 215
146 238
146 240
146 247
147 160
147 175
147 183
147 231
148 160
148 177
148 190
148 202
148 228
149 179
149 193
149 221
149 222
149 225
150 195
150 217
150 239
150 245
151 156
151 178
151 198
151 202
151 225
152 158
152 173
152 191
152 209
152 211
152 229
153 168
153 199
153 221
153 225
154 212
155 158
155 160
155 171
155 201
155 212
155 234
156 164
156 242
157 175
157 202
158 177
158 193
158 201
158 211
158 214
158 244
159 179
159 234
160 197
160 216
160 233
160 248
161 196
161 199
161 202
161 210
161 227
161 233
161 235
161 239
161 240
161 245
162 184
162 191
162 195
162 215
162 219
162 231
163 182
163 190
163 191
163 222
163 231
164 179
164 187
164 212
165 170
165 191
165 192
165 228
165 236
165 247
166 178
166 223
167 192
167 193
167 197
167 202
167 223
168 171
168 205
168 217
168 239
169 186
169 191
169 218
170 172
170 229
170 244
171 222
172 188
172 199
172 201
172 209
172 216
172 243
173 179
173 186
173 217
173 247
174 205
174 226
174 247
175 207
175 243
176 188
176 231
176 245
177 194
177 197
177 203
177 211
177 221
177 227
178 200
178 212
178 225
178 238
178 241
179 202
179 208
179 226
179 235
179 249
180 196
180 224
181 216
181 239
181 247
182 197
182 201
182 208
182 229
182 234
183 219
183 233
184 224
184 233
185 208
185 210
185 214
185 231
185 238
186 199
187 192
187 201
187 205
187 206
188 219
188 222
188 227
188 247
189 216
189 231
189 238
190 198
190 235
190 240
191 205
191 228
191 237
192 194
192 218
192 222
193 198
193 224
193 230
193 242
193 243
194 203
194 206
194 219
195 230
196 231
196 235
196 239
197 224
198 203
198 235
198 239
199 234
201 205
201 229
201 231
202 207
202 212
202 226
202 232
203 216
203 227
203 235
203 244
204 219
204 223
204 238
204 249
205 209
205 241
205 244
206 212
206 236
206 240
206 242
206 244
209 230
209 245
209 249
211 218
211 224
212 219
212 232
213 245
214 220
214 224
214 228
214 246
215 231
215 237
215 246
218 226
219 243
220 236
222 234
223 228
224 241
224 245
225 232
225 239
225 242
225 244
226 233
227 243
228 249
230 236
230 244
231 246
232 234
233 244
238 243
239 241
242 245
243 249

1 0 0 1 0 1 0 1 1 0 1 0 1 1 0 1 1 1 1 1 1 0 1 1 1 1 0 0 0 0 1 0 0 1 1 1 0 0 1 1 1 0 0 0 0 1 0 0 0 1 0 0 1 1 0 1 0 1 1 0 1 1 0 0 1 1 1 0 1 1 0 0 1 1 0 1 0 0 1 1 1 0 1 0 1 1 1 0 0 0 0 0 0 1 0 0 1 0 1 1 0 1 0 1 0 1 1 0 1 1 0 0 0 0 1 1 1 1 1 1 0 0 0 1 1 1 1 0 0 1 1 0 0 0 0 1 1 1 0 0 0 0 1 0 0 1 1 0 1 1 0 1 1 0 0 1 0 0 1 0 0 0 1 1 0 1 0 0 0 1 1 1 0 0 1 0 1 0 0 0 0 0 0 1 1 1 0 1 0 0 0 1 0 1 1 0 0 0 1 1 0 0 0 1 0 1 1 0 1 1 1 1 0 0 1 0 0 0 0 1 0 1 0 0 1 0 1 0 0 0 1 1 1 0 1 1 0 1 1 0 1 0 0 0 1 1 1 0 1 1