100 2533
0 1 2 3 4 5 6 7 8 9 10 11 12 13 14 15 16 17 18 19 20 21 22 23 24 25 26 27 28 29 30 31 32 33 34 35 36 37 38 39 40 41 42 43 44 45 46 47 48 49 50 51 52 53 54 55 56 57 58 59 60 61 62 63 64 65 66 67 68 69 70 71 72 73 74 75 76 77 78 79 80 81 82 83 84 85 86 87 88 89 90 91 92 93 94 95 96 97 98 99
0 3
0 5
0 9
0 13
0 14
0 19
0 21
0 25
0 26
0 27
0 28
0 30
0 31
0 34
0 35
0 36
0 40
0 41
0 50
0 51
0 52
0 54
0 55
0 58
0 59
0 60
0 62
0 66
0 68
0 69
0 70
0 79
0 80
0 81
0 83
0 85
0 86
0 87
0 90
0 92
0 94
0 96
0 97
0 98
1 2
1 4
1 9
1 12
1 13
1 16
1 22
1 23
1 25
1 29
1 30
1 31
1 35
1 36
1 39
1 40
1 41
1 43
1 44
1 47
1 49
1 50
1 54
1 58
1 60
1 64
1 66
1 67
1 70
1 76
1 77
1 78
1 81
1 82
1 83
1 84
1 85
1 86
1 88
1 89
1 90
1 93
1 95
1 97
1 99
2 3
2 5
2 8
2 9
2 10
2 11
2 12
2 13
2 14
2 15
2 19
2 21
2 22
2 24
2 26
2 28
2 30
2 32
2 33
2 34
2 35
2 42
2 45
2 47
2 50
2 54
2 55
2 58
2 59
2 60
2 62
2 63
2 65
2 66
2 67
2 68
2 69
2 70
2 72
2 74
2 75
2 76
2 77
2 78
2 81
2 82
2 84
2 85
2 91
2 92
2 93
2 98
3 5
3 6
3 7
3 8
3 12
3 16
3 17
3 19
3 21
3 22
3 23
3 25
3 28
3 30
3 31
3 32
3 34
3 35
3 38
3 39
3 40
3 42
3 48
3 49
3 50
3 51
3 52
3 54
3 56
3 59
3 66
3 67
3 68
3 71
3 73
3 74
3 75
3 79
3 80
3 81
3 82
3 83
3 84
3 88
3 89
3 90
3 91
3 92
3 93
3 95
3 96
3 97
3 98
3 99
4 5
4 7
4 8
4 9
4 13
4 18
4 19
4 22
4 23
4 24
4 25
4 30
4 31
4 32
4 33
4 35
4 36
4 37
4 39
4 40
4 41
4 43
4 46
4 48
4 49
4 50
4 51
4 57
4 61
4 65
4 66
4 69
4 70
4 73
4 74
4 75
4 76
4 79
4 80
4 83
4 84
4 85
4 89
4 97
4 98
5 6
5 8
5 10
5 12
5 15
5 16
5 17
5 19
5 21
5 22
5 23
5 24
5 26
5 28
5 33
5 38
5 39
5 42
5 45
5 46
5 47
5 48
5 50
5 52
5 53
5 55
5 56
5 57
5 59
5 66
5 68
5 69
5 71
5 72
5 73
5 74
5 76
5 78
5 79
5 80
5 81
5 82
5 83
5 85
5 86
5 88
5 95
5 96
5 97
6 7
6 8
6 9
6 14
6 15
6 17
6 18
6 20
6 21
6 22
6 27
6 28
6 33
6 35
6 36
6 38
6 39
6 41
6 43
6 48
6 49
6 51
6 53
6 55
6 56
6 58
6 64
6 65
6 66
6 67
6 68
6 73
6 74
6 75
6 76
6 77
6 78
6 81
6 82
6 85
6 86
6 90
6 93
6 95
6 96
6 98
7 9
7 13
7 14
7 16
7 17
7 18
7 20
7 21
7 22
7 24
7 29
7 30
7 34
7 38
7 39
7 41
7 44
7 45
7 47
7 52
7 53
7 54
7 57
7 60
7 61
7 62
7 63
7 64
7 66
7 67
7 72
7 73
7 77
7 78
7 79
7 81
7 84
7 85
7 86
7 87
7 89
7 92
7 94
7 95
7 96
7 98
8 9
8 10
8 12
8 14
8 15
8 17
8 18
8 20
8 22
8 25
8 26
8 30
8 31
8 38
8 39
8 40
8 42
8 43
8 45
8 46
8 48
8 49
8 51
8 53
8 57
8 59
8 60
8 64
8 65
8 66
8 67
8 68
8 70
8 73
8 79
8 80
8 81
8 83
8 86
8 87
8 88
8 89
8 91
8 92
8 94
8 97
8 98
9 10
9 13
9 14
9 16
9 17
9 19
9 24
9 25
9 27
9 28
9 29
9 30
9 33
9 35
9 37
9 39
9 42
9 46
9 49
9 50
9 51
9 52
9 53
9 54
9 55
9 56
9 59
9 62
9 64
9 65
9 67
9 68
9 69
9 73
9 75
9 76
9 77
9 79
9 80
9 84
9 85
9 86
9 90
9 92
9 94
9 96
9 99
10 12
10 15
10 19
10 24
10 28
10 29
10 30
10 31
10 34
10 35
10 40
10 43
10 44
10 46
10 50
10 52
10 54
10 56
10 57
10 59
10 60
10 67
10 68
10 69
10 70
10 71
10 72
10 73
10 74
10 76
10 78
10 79
10 80
10 81
10 82
10 83
10 84
10 89
10 92
10 93
10 94
10 95
10 96
10 98
10 99
11 12
11 16
11 17
11 18
11 20
11 25
11 26
11 27
11 29
11 30
11 33
11 35
11 36
11 37
11 38
11 41
11 43
11 45
11 47
11 49
11 50
11 51
11 52
11 53
11 54
11 56
11 57
11 58
11 61
11 63
11 64
11 65
11 66
11 67
11 70
11 71
11 73
11 75
11 76
11 77
11 81
11 82
11 88
11 89
11 90
11 91
11 92
11 93
11 94
11 95
11 96
11 98
12 20
12 21
12 22
12 23
12 25
12 26
12 27
12 28
12 29
12 32
12 35
12 38
12 39
12 40
12 41
12 42
12 43
12 49
12 53
12 55
12 56
12 57
12 58
12 60
12 61
12 62
12 64
12 65
12 67
12 68
12 69
12 70
12 71
12 73
12 74
12 78
12 81
12 82
12 83
12 87
12 88
12 90
12 92
12 95
12 97
13 14
13 15
13 16
13 19
13 21
13 22
13 23
13 25
13 30
13 33
13 35
13 36
13 37
13 38
13 40
13 47
13 50
13 58
13 61
13 62
13 67
13 68
13 69
13 70
13 72
13 74
13 75
13 76
13 83
13 85
13 86
13 88
13 90
13 92
13 94
13 95
13 97
14 16
14 17
14 18
14 22
14 23
14 24
14 27
14 28
14 30
14 32
14 33
14 34
14 39
14 40
14 42
14 44
14 45
14 46
14 47
14 51
14 54
14 55
14 56
14 57
14 58
14 60
14 61
14 62
14 64
14 67
14 68
14 69
14 70
14 71
14 73
14 74
14 75
14 76
14 81
14 82
14 83
14 84
14 85
14 86
14 87
14 88
14 91
14 92
14 97
14 98
14 99
15 16
15 17
15 19
15 20
15 21
15 22
15 23
15 25
15 26
15 27
15 32
15 33
15 34
15 36
15 44
15 45
15 46
15 47
15 48
15 50
15 52
15 56
15 59
15 60
15 62
15 66
15 67
15 68
15 69
15 72
15 74
15 75
15 77
15 78
15 82
15 83
15 85
15 87
15 88
15 90
15 91
15 94
15 95
15 96
15 97
15 98
16 20
16 21
16 22
16 29
16 30
16 31
16 33
16 38
16 39
16 43
16 45
16 46
16 48
16 49
16 50
16 51
16 52
16 54
16 55
16 57
16 60
16 61
16 63
16 66
16 67
16 68
16 70
16 72
16 73
16 74
16 78
16 79
16 82
16 85
16 86
16 91
16 92
16 93
16 95
16 96
16 98
17 18
17 19
17 20
17 21
17 25
17 26
17 27
17 28
17 30
17 32
17 33
17 34
17 37
17 38
17 42
17 43
17 46
17 48
17 52
17 53
17 55
17 56
17 58
17 61
17 62
17 67
17 68
17 69
17 70
17 71
17 72
17 73
17 74
17 78
17 80
17 81
17 82
17 84
17 86
17 91
17 95
17 96
17 98
17 99
18 19
18 20
18 22
18 23
18 24
18 25
18 26
18 28
18 32
18 33
18 34
18 40
18 43
18 47
18 53
18 55
18 57
18 59
18 62
18 63
18 65
18 66
18 69
18 70
18 72
18 73
18 78
18 80
18 81
18 89
18 91
18 92
18 94
18 95
18 96
19 20
19 21
19 22
19 24
19 25
19 27
19 29
19 32
19 34
19 40
19 42
19 45
19 47
19 48
19 49
19 51
19 52
19 54
19 56
19 57
19 59
19 61
19 63
19 67
19 70
19 71
19 72
19 75
19 76
19 79
19 88
19 90
19 91
19 94
19 95
19 98
20 21
20 22
20 25
20 28
20 29
20 30
20 32
20 33
20 34
20 36
20 37
20 38
20 39
20 40
20 42
20 43
20 44
20 46
20 49
20 50
20 51
20 52
20 53
20 54
20 57
20 59
20 61
20 62
20 64
20 65
20 67
20 68
20 69
20 72
20 73
20 74
20 76
20 78
20 79
20 80
20 83
20 84
20 86
20 87
20 89
20 90
20 91
20 93
20 94
20 95
20 98
20 99
21 22
21 23
21 24
21 25
21 26
21 28
21 29
21 33
21 36
21 38
21 43
21 45
21 48
21 50
21 53
21 59
21 60
21 62
21 63
21 64
21 67
21 69
21 71
21 72
21 74
21 79
21 80
21 82
21 83
21 86
21 88
21 89
21 90
21 91
21 93
21 94
21 97
21 99
22 26
22 29
22 31
22 34
22 37
22 39
22 42
22 44
22 53
22 54
22 55
22 56
22 57
22 65
22 66
22 67
22 71
22 72
22 74
22 81
22 82
22 84
22 85
22 86
22 87
22 90
22 92
22 93
22 95
22 96
22 98
22 99
23 28
23 32
23 34
23 35
23 36
23 37
23 39
23 40
23 42
23 43
23 44
23 46
23 47
23 51
23 52
23 53
23 56
23 57
23 59
23 60
23 63
23 64
23 65
23 66
23 68
23 69
23 70
23 71
23 72
23 73
23 74
23 75
23 76
23 77
23 79
23 80
23 81
23 83
23 86
23 88
23 89
23 90
23 96
23 98
23 99
24 25
24 27
24 28
24 29
24 30
24 32
24 33
24 34
24 35
24 37
24 38
24 40
24 47
24 51
24 58
24 59
24 61
24 64
24 65
24 66
24 69
24 70
24 71
24 74
24 75
24 78
24 81
24 83
24 84
24 86
24 87
24 88
24 91
24 92
24 94
24 95
24 98
25 27
25 28
25 32
25 33
25 34
25 40
25 44
25 46
25 48
25 49
25 50
25 52
25 53
25 54
25 55
25 58
25 60
25 63
25 66
25 69
25 71
25 72
25 74
25 75
25 76
25 78
25 79
25 83
25 84
25 86
25 88
25 90
25 91
25 92
25 93
25 95
25 97
25 98
26 27
26 28
26 34
26 39
26 40
26 42
26 44
26 45
26 46
26 47
26 50
26 51
26 52
26 54
26 55
26 56
26 57
26 60
26 62
26 63
26 64
26 66
26 68
26 70
26 72
26 74
26 78
26 80
26 81
26 83
26 84
26 89
26 90
26 93
26 94
26 98
27 28
27 33
27 34
27 35
27 37
27 40
27 41
27 42
27 43
27 44
27 45
27 46
27 48
27 49
27 50
27 53
27 58
27 60
27 61
27 62
27 63
27 65
27 66
27 67
27 70
27 71
27 72
27 73
27 74
27 76
27 79
27 82
27 83
27 84
27 85
27 88
27 89
27 90
27 92
27 93
27 94
27 95
27 98
27 99
28 30
28 31
28 34
28 36
28 44
28 51
28 53
28 54
28 55
28 57
28 60
28 61
28 62
28 64
28 66
28 67
28 68
28 70
28 72
28 77
28 78
28 79
28 85
28 90
28 91
28 92
28 93
28 94
28 96
28 99
29 31
29 35
29 37
29 38
29 39
29 40
29 42
29 43
29 44
29 45
29 48
29 52
29 53
29 54
29 56
29 64
29 67
29 69
29 70
29 71
29 75
29 79
29 80
29 83
29 84
29 85
29 89
29 91
29 93
29 94
29 95
29 97
29 98
29 99
30 31
30 32
30 34
30 35
30 36
30 37
30 38
30 39
30 41
30 42
30 43
30 47
30 52
30 56
30 57
30 58
30 59
30 60
30 61
30 62
30 63
30 65
30 66
30 67
30 70
30 71
30 73
30 75
30 78
30 80
30 81
30 83
30 85
30 86
30 87
30 89
30 92
30 94
30 97
31 32
31 34
31 35
31 38
31 44
31 45
31 46
31 48
31 50
31 51
31 52
31 54
31 55
31 57
31 59
31 60
31 62
31 63
31 65
31 66
31 67
31 68
31 74
31 77
31 79
31 80
31 81
31 83
31 84
31 85
31 87
31 90
31 91
31 95
31 96
32 33
32 34
32 36
32 37
32 38
32 42
32 44
32 51
32 55
32 56
32 57
32 59
32 63
32 66
32 68
32 69
32 70
32 72
32 73
32 74
32 77
32 78
32 79
32 84
32 85
32 87
32 88
32 91
32 92
32 93
32 94
32 97
32 98
33 34
33 35
33 36
33 37
33 38
33 39
33 41
33 42
33 43
33 45
33 47
33 49
33 50
33 51
33 53
33 54
33 55
33 57
33 60
33 61
33 63
33 64
33 65
33 69
33 71
33 73
33 75
33 76
33 77
33 79
33 80
33 81
33 83
33 86
33 88
33 89
33 92
33 93
33 99
34 35
34 37
34 42
34 44
34 45
34 47
34 48
34 50
34 52
34 55
34 56
34 57
34 60
34 61
34 63
34 64
34 66
34 71
34 72
34 73
34 76
34 78
34 85
34 89
34 91
34 93
34 94
34 96
34 97
34 98
35 37
35 39
35 40
35 45
35 46
35 47
35 49
35 50
35 51
35 52
35 53
35 54
35 56
35 58
35 60
35 61
35 63
35 64
35 65
35 66
35 67
35 69
35 71
35 73
35 77
35 80
35 83
35 84
35 85
35 92
35 93
35 94
35 95
35 96
36 38
36 41
36 43
36 47
36 48
36 55
36 57
36 59
36 60
36 62
36 66
36 68
36 69
36 72
36 75
36 78
36 84
36 85
36 87
36 88
36 89
36 90
36 91
36 94
36 95
37 39
37 40
37 43
37 44
37 45
37 46
37 47
37 50
37 53
37 54
37 55
37 57
37 58
37 64
37 67
37 68
37 71
37 75
37 77
37 78
37 82
37 83
37 84
37 85
37 86
37 87
37 89
37 91
37 93
37 94
37 95
37 99
38 40
38 41
38 46
38 52
38 53
38 54
38 55
38 56
38 61
38 62
38 64
38 65
38 68
38 69
38 75
38 76
38 77
38 80
38 81
38 83
38 84
38 87
38 88
38 89
38 90
38 92
38 93
38 96
38 98
39 40
39 43
39 46
39 49
39 50
39 51
39 58
39 59
39 60
39 61
39 63
39 65
39 68
39 69
39 70
39 74
39 76
39 78
39 80
39 82
39 84
39 87
39 89
39 90
39 91
39 92
39 93
39 94
39 95
39 96
39 97
39 98
40 41
40 43
40 44
40 46
40 47
40 49
40 50
40 51
40 52
40 54
40 55
40 57
40 59
40 60
40 62
40 65
40 67
40 68
40 69
40 70
40 71
40 74
40 75
40 76
40 78
40 79
40 81
40 82
40 84
40 87
40 90
40 91
40 93
40 94
40 96
40 98
41 42
41 43
41 45
41 46
41 48
41 49
41 50
41 53
41 54
41 55
41 56
41 57
41 58
41 61
41 62
41 65
41 66
41 70
41 72
41 76
41 78
41 79
41 80
41 82
41 83
41 86
41 87
41 88
41 90
41 91
41 94
41 96
41 97
41 98
41 99
42 43
42 44
42 45
42 48
42 49
42 50
42 54
42 55
42 59
42 61
42 65
42 67
42 69
42 70
42 71
42 72
42 75
42 76
42 77
42 78
42 84
42 86
42 89
42 92
42 93
42 94
42 96
42 97
43 45
43 47
43 48
43 50
43 51
43 52
43 54
43 55
43 56
43 58
43 60
43 61
43 63
43 65
43 67
43 68
43 69
43 71
43 72
43 73
43 74
43 77
43 78
43 79
43 80
43 86
43 87
43 88
43 91
43 96
43 97
43 98
43 99
44 47
44 48
44 49
44 52
44 54
44 56
44 57
44 59
44 60
44 64
44 70
44 71
44 73
44 76
44 77
44 79
44 81
44 82
44 85
44 87
44 90
44 91
44 93
44 95
44 96
44 97
44 99
45 46
45 47
45 48
45 49
45 50
45 53
45 54
45 57
45 58
45 60
45 61
45 62
45 64
45 66
45 71
45 72
45 78
45 80
45 83
45 84
45 85
45 86
45 88
45 90
45 91
45 92
45 93
45 94
45 96
45 97
45 98
45 99
46 47
46 48
46 50
46 54
46 55
46 56
46 57
46 59
46 61
46 66
46 69
46 70
46 74
46 75
46 77
46 79
46 80
46 83
46 84
46 85
46 88
46 89
46 90
46 91
46 92
46 93
46 95
46 97
46 98
46 99
47 48
47 49
47 51
47 53
47 56
47 61
47 62
47 64
47 65
47 67
47 69
47 70
47 75
47 81
47 83
47 84
47 86
47 89
47 90
47 94
47 99
48 49
48 51
48 52
48 53
48 57
48 60
48 62
48 63
48 64
48 65
48 77
48 78
48 79
48 81
48 82
48 84
48 87
48 90
48 91
48 93
48 94
48 95
48 96
48 99
49 50
49 51
49 53
49 54
49 58
49 59
49 60
49 62
49 63
49 65
49 66
49 70
49 71
49 75
49 77
49 78
49 81
49 82
49 83
49 84
49 87
49 88
49 92
49 98
49 99
50 51
50 53
50 55
50 57
50 58
50 62
50 65
50 66
50 67
50 69
50 70
50 71
50 72
50 73
50 75
50 76
50 77
50 79
50 81
50 84
50 85
50 86
50 89
50 93
50 95
50 96
50 97
51 53
51 54
51 55
51 56
51 58
51 63
51 64
51 65
51 68
51 75
51 76
51 77
51 79
51 82
51 84
51 85
51 86
51 87
51 88
51 90
51 95
52 54
52 57
52 58
52 59
52 60
52 63
52 66
52 69
52 70
52 72
52 74
52 75
52 81
52 82
52 83
52 86
52 87
52 90
52 93
52 94
52 97
53 54
53 56
53 57
53 58
53 59
53 60
53 61
53 63
53 64
53 66
53 69
53 70
53 71
53 72
53 76
53 83
53 85
53 86
53 87
53 88
53 89
53 93
53 94
53 97
53 98
54 55
54 57
54 58
54 60
54 61
54 68
54 69
54 71
54 72
54 75
54 76
54 78
54 79
54 80
54 86
54 87
54 89
54 92
54 94
54 96
54 97
54 98
54 99
55 57
55 60
55 61
55 62
55 63
55 64
55 65
55 66
55 67
55 69
55 72
55 73
55 74
55 76
55 77
55 78
55 82
55 83
55 85
55 87
55 88
55 89
55 90
55 91
55 93
55 95
55 96
55 98
56 58
56 59
56 60
56 61
56 62
56 63
56 66
56 68
56 69
56 72
56 73
56 75
56 79
56 85
56 87
56 89
56 91
56 92
56 93
56 94
56 95
56 96
56 98
57 59
57 60
57 61
57 62
57 63
57 68
57 69
57 72
57 74
57 77
57 78
57 79
57 80
57 81
57 82
57 89
57 90
57 92
57 94
57 95
57 98
58 59
58 60
58 64
58 65
58 68
58 70
58 72
58 75
58 76
58 77
58 78
58 79
58 82
58 83
58 85
58 86
58 87
58 90
58 91
58 93
58 94
58 96
58 97
58 98
59 60
59 63
59 68
59 71
59 74
59 75
59 76
59 77
59 78
59 84
59 86
59 89
59 91
59 92
59 93
59 95
59 96
59 97
59 99
60 64
60 68
60 69
60 70
60 73
60 75
60 76
60 77
60 78
60 79
60 80
60 83
60 84
60 89
60 90
60 91
60 96
60 97
60 98
61 62
61 63
61 65
61 70
61 72
61 73
61 80
61 84
61 85
61 88
61 92
61 93
61 99
62 63
62 64
62 67
62 70
62 74
62 76
62 77
62 79
62 80
62 81
62 86
62 89
62 91
62 92
62 94
62 98
63 65
63 66
63 67
63 68
63 69
63 72
63 75
63 77
63 78
63 83
63 87
63 88
63 89
63 92
63 93
63 94
63 96
63 99
64 66
64 71
64 72
64 76
64 78
64 79
64 80
64 81
64 82
64 83
64 84
64 85
64 87
64 89
64 91
64 92
64 93
64 94
64 96
65 68
65 69
65 74
65 76
65 77
65 81
65 83
65 84
65 85
65 87
65 89
65 90
65 91
65 97
65 99
66 69
66 73
66 74
66 76
66 78
66 79
66 80
66 81
66 82
66 84
66 86
66 87
66 89
66 91
66 92
66 93
66 95
66 97
66 98
66 99
67 70
67 71
67 72
67 73
67 75
67 79
67 84
67 86
67 88
67 94
67 97
67 99
68 70
68 71
68 72
68 73
68 75
68 76
68 79
68 80
68 81
68 82
68 83
68 84
68 87
68 88
68 89
68 91
68 96
68 97
68 98
68 99
69 70
69 73
69 76
69 77
69 80
69 82
69 83
69 87
69 89
69 91
69 92
69 93
69 96
69 99
70 71
70 72
70 74
70 76
70 77
70 81
70 83
70 85
70 86
70 87
70 89
70 93
70 94
70 96
71 72
71 73
71 74
71 76
71 77
71 78
71 79
71 81
71 82
71 92
71 93
71 97
71 98
71 99
72 73
72 74
72 75
72 77
72 79
72 82
72 84
72 85
72 87
72 88
72 92
72 96
73 74
73 76
73 79
73 83
73 84
73 86
73 89
73 97
74 77
74 80
74 85
74 86
74 87
74 88
74 89
74 91
74 92
74 94
74 96
74 98
74 99
75 76
75 77
75 79
75 81
75 84
75 86
75 89
75 90
75 91
75 92
75 95
75 96
75 97
75 98
76 78
76 79
76 82
76 83
76 84
76 86
76 87
76 89
76 92
76 93
76 94
76 95
76 96
76 97
76 99
77 78
77 79
77 83
77 84
77 88
77 89
77 90
77 92
77 94
77 95
77 97
77 98
77 99
78 80
78 83
78 85
78 86
78 88
78 89
78 92
78 96
78 98
79 80
79 82
79 83
79 84
79 85
79 86
79 89
79 91
79 92
79 93
79 94
79 96
79 99
80 82
80 84
80 85
80 88
80 89
80 90
80 91
80 93
80 95
80 96
80 97
81 83
81 85
81 86
81 87
81 88
81 90
81 94
81 96
81 97
81 98
82 83
82 85
82 86
82 88
82 89
82 90
82 91
82 96
82 98
82 99
83 85
83 88
83 89
83 94
83 98
84 86
84 90
84 93
84 94
84 95
84 96
84 98
85 86
85 87
85 88
85 91
85 93
85 94
85 95
86 87
86 89
86 96
86 98
86 99
87 88
87 93
87 94
87 95
87 96
87 98
87 99
88 90
88 91
88 92
88 93
88 95
88 97
88 98
89 91
89 93
89 96
89 98
89 99
90 91
90 92
90 93
90 95
90 96
90 97
90 98
91 92
91 97
91 99
92 94
92 95
93 94
93 96
93 97
93 98
93 99
94 96
94 99
95 97
95 99
96 97
97 99
98 99

0 0 1 1 1 0 1 1 1 0 0 0 1 1 1 0 0 1 0 0 0 0 0 0 0 0 0 0 1 0 0 0 0 1 1 1 1 0 1 1 1 0 1 0 0 1 0 0 0 1 0 1 0 1 1 1 0 1 0 0 0 0 0 1 0 1 1 1 1 0 0 1 0 1 1 1 1 0 1 1 1 0 1 1 1 0 1 1 1 1 0 1 1 0 0 0 0 1 0 1