200 9992
0 1 2 3 4 5 6 7 8 9 10 11 12 13 14 15 16 17 18 19 20 21 22 23 24 25 26 27 28 29 30 31 32 33 34 35 36 37 38 39 40 41 42 43 44 45 46 47 48 49 50 51 52 53 54 55 56 57 58 59 60 61 62 63 64 65 66 67 68 69 70 71 72 73 74 75 76 77 78 79 80 81 82 83 84 85 86 87 88 89 90 91 92 93 94 95 96 97 98 99 100 101 102 103 104 105 106 107 108 109 110 111 112 113 114 115 116 117 118 119 120 121 122 123 124 125 126 127 128 129 130 131 132 133 134 135 136 137 138 139 140 141 142 143 144 145 146 147 148 149 150 151 152 153 154 155 156 157 158 159 160 161 162 163 164 165 166 167 168 169 170 171 172 173 174 175 176 177 178 179 180 181 182 183 184 185 186 187 188 189 190 191 192 193 194 195 196 197 198 199
0 6
0 8
0 10
0 12
0 15
0 17
0 19
0 21
0 22
0 23
0 24
0 26
0 27
0 29
0 31
0 32
0 33
0 34
0 41
0 43
0 44
0 48
0 49
0 50
0 53
0 54
0 56
0 57
0 58
0 59
0 61
0 62
0 63
0 68
0 69
0 75
0 77
0 78
0 82
0 83
0 84
0 86
0 88
0 89
0 93
0 94
0 95
0 96
0 97
0 98
0 101
0 103
0 104
0 105
0 106
0 108
0 109
0 110
0 114
0 115
0 119
0 121
0 125
0 129
0 130
0 132
0 134
0 135
0 136
0 137
0 139
0 141
0 146
0 147
0 148
0 149
0 150
0 151
0 152
0 153
0 155
0 156
0 157
0 164
0 165
0 166
0 167
0 169
0 171
0 175
0 176
0 177
0 179
0 180
0 181
0 182
0 183
0 184
0 186
0 189
0 196
0 197
0 198
0 199
1 2
1 3
1 4
1 5
1 6
1 7
1 10
1 12
1 13
1 15
1 16
1 17
1 18
1 20
1 21
1 22
1 25
1 26
1 28
1 33
1 36
1 37
1 38
1 40
1 42
1 43
1 46
1 49
1 51
1 53
1 54
1 55
1 56
1 57
1 58
1 60
1 66
1 70
1 71
1 74
1 77
1 78
1 80
1 81
1 83
1 85
1 86
1 87
1 91
1 92
1 99
1 103
1 104
1 105
1 109
1 110
1 112
1 115
1 118
1 120
1 122
1 123
1 126
1 127
1 128
1 131
1 134
1 139
1 140
1 141
1 142
1 143
1 147
1 148
1 151
1 153
1 154
1 155
1 156
1 158
1 162
1 168
1 169
1 170
1 175
1 178
1 179
1 180
1 181
1 182
1 183
1 185
1 191
1 193
1 194
1 196
1 198
2 4
2 5
2 11
2 12
2 13
2 16
2 20
2 21
2 22
2 23
2 24
2 25
2 27
2 30
2 31
2 33
2 34
2 37
2 39
2 40
2 41
2 43
2 44
2 47
2 49
2 50
2 51
2 53
2 54
2 56
2 60
2 61
2 62
2 63
2 64
2 66
2 69
2 72
2 76
2 81
2 84
2 86
2 88
2 90
2 91
2 92
2 93
2 94
2 95
2 99
2 102
2 106
2 107
2 109
2 111
2 116
2 119
2 120
2 121
2 123
2 124
2 128
2 132
2 137
2 139
2 142
2 143
2 145
2 147
2 149
2 150
2 151
2 152
2 153
2 154
2 155
2 157
2 159
2 160
2 161
2 162
2 165
2 167
2 168
2 170
2 173
2 178
2 181
2 182
2 183
2 189
2 192
2 198
2 199
3 6
3 8
3 11
3 13
3 14
3 16
3 18
3 19
3 20
3 23
3 24
3 28
3 32
3 37
3 39
3 40
3 42
3 43
3 44
3 46
3 49
3 52
3 54
3 55
3 57
3 58
3 59
3 63
3 64
3 65
3 68
3 71
3 76
3 79
3 82
3 83
3 84
3 88
3 89
3 93
3 94
3 95
3 97
3 98
3 99
3 102
3 103
3 104
3 107
3 108
3 109
3 110
3 113
3 114
3 115
3 117
3 121
3 122
3 123
3 124
3 125
3 126
3 128
3 134
3 135
3 136
3 140
3 142
3 143
3 144
3 146
3 156
3 157
3 158
3 160
3 162
3 165
3 167
3 169
3 170
3 171
3 175
3 177
3 178
3 179
3 180
3 182
3 187
3 188
3 189
3 192
3 194
3 195
3 196
3 198
3 199
4 8
4 12
4 18
4 20
4 22
4 24
4 25
4 26
4 29
4 30
4 32
4 33
4 34
4 42
4 43
4 46
4 50
4 51
4 53
4 58
4 59
4 60
4 65
4 66
4 70
4 71
4 73
4 75
4 77
4 78
4 83
4 85
4 86
4 87
4 90
4 92
4 93
4 95
4 96
4 97
4 100
4 101
4 103
4 105
4 108
4 109
4 110
4 111
4 112
4 113
4 114
4 115
4 118
4 120
4 123
4 125
4 126
4 127
4 128
4 129
4 132
4 135
4 136
4 138
4 139
4 141
4 143
4 145
4 147
4 148
4 149
4 160
4 163
4 165
4 167
4 168
4 174
4 175
4 176
4 178
4 179
4 180
4 183
4 190
4 196
4 198
5 6
5 7
5 11
5 12
5 14
5 17
5 19
5 20
5 25
5 26
5 28
5 32
5 34
5 35
5 36
5 37
5 38
5 41
5 42
5 43
5 44
5 45
5 46
5 47
5 48
5 51
5 52
5 53
5 60
5 61
5 64
5 65
5 66
5 67
5 68
5 71
5 73
5 74
5 76
5 77
5 80
5 81
5 82
5 84
5 85
5 86
5 88
5 92
5 93
5 94
5 95
5 96
5 98
5 99
5 100
5 101
5 102
5 103
5 104
5 106
5 107
5 108
5 111
5 112
5 114
5 117
5 120
5 122
5 123
5 124
5 125
5 126
5 127
5 128
5 130
5 133
5 134
5 136
5 143
5 146
5 148
5 149
5 150
5 151
5 152
5 154
5 155
5 159
5 161
5 162
5 163
5 168
5 173
5 177
5 180
5 181
5 185
5 186
5 188
5 189
5 190
5 194
5 195
5 196
5 198
5 199
6 7
6 8
6 9
6 10
6 12
6 17
6 18
6 20
6 23
6 26
6 28
6 31
6 34
6 35
6 36
6 40
6 47
6 49
6 52
6 54
6 56
6 59
6 61
6 62
6 63
6 64
6 65
6 66
6 76
6 78
6 79
6 81
6 82
6 83
6 85
6 87
6 88
6 91
6 98
6 99
6 101
6 102
6 104
6 105
6 107
6 109
6 110
6 112
6 113
6 116
6 117
6 118
6 122
6 124
6 126
6 128
6 129
6 133
6 134
6 136
6 137
6 138
6 139
6 142
6 143
6 144
6 145
6 148
6 149
6 150
6 151
6 156
6 158
6 161
6 166
6 167
6 168
6 173
6 176
6 177
6 178
6 185
6 189
6 192
6 195
6 196
6 197
6 199
7 8
7 10
7 11
7 13
7 14
7 15
7 20
7 23
7 24
7 25
7 30
7 32
7 33
7 36
7 39
7 46
7 47
7 50
7 52
7 55
7 56
7 57
7 61
7 64
7 69
7 70
7 74
7 76
7 77
7 79
7 81
7 85
7 86
7 88
7 91
7 93
7 96
7 97
7 98
7 99
7 101
7 102
7 103
7 104
7 107
7 108
7 109
7 116
7 117
7 119
7 120
7 121
7 122
7 123
7 126
7 127
7 128
7 130
7 133
7 135
7 136
7 142
7 145
7 146
7 148
7 149
7 150
7 151
7 152
7 153
7 154
7 156
7 157
7 159
7 161
7 163
7 164
7 167
7 169
7 170
7 171
7 172
7 173
7 175
7 176
7 180
7 182
7 183
7 187
7 190
7 191
7 192
7 193
7 195
7 199
8 11
8 13
8 14
8 15
8 16
8 18
8 19
8 23
8 25
8 28
8 31
8 32
8 33
8 34
8 35
8 37
8 39
8 41
8 43
8 45
8 46
8 48
8 49
8 50
8 51
8 58
8 59
8 62
8 63
8 64
8 66
8 67
8 68
8 72
8 76
8 82
8 84
8 87
8 88
8 89
8 90
8 93
8 94
8 97
8 100
8 101
8 103
8 105
8 108
8 109
8 110
8 111
8 112
8 113
8 116
8 118
8 119
8 120
8 122
8 123
8 125
8 128
8 130
8 131
8 133
8 135
8 136
8 141
8 143
8 144
8 146
8 148
8 150
8 151
8 152
8 154
8 157
8 158
8 161
8 165
8 167
8 168
8 169
8 170
8 172
8 178
8 179
8 181
8 184
8 185
8 186
8 189
8 193
8 195
8 198
9 10
9 12
9 13
9 17
9 19
9 21
9 23
9 24
9 25
9 26
9 28
9 29
9 31
9 32
9 33
9 35
9 37
9 40
9 41
9 42
9 44
9 47
9 49
9 50
9 54
9 58
9 59
9 61
9 63
9 64
9 65
9 70
9 71
9 72
9 73
9 75
9 76
9 77
9 80
9 81
9 82
9 84
9 85
9 86
9 87
9 88
9 89
9 92
9 93
9 94
9 95
9 96
9 97
9 101
9 103
9 105
9 106
9 107
9 110
9 111
9 114
9 116
9 117
9 118
9 119
9 120
9 121
9 122
9 124
9 125
9 126
9 128
9 129
9 131
9 133
9 135
9 136
9 141
9 146
9 149
9 152
9 153
9 154
9 155
9 157
9 160
9 162
9 164
9 165
9 166
9 167
9 169
9 171
9 175
9 177
9 178
9 179
9 180
9 182
9 185
9 186
9 188
9 190
9 191
9 196
9 197
9 198
9 199
10 11
10 12
10 14
10 15
10 16
10 18
10 21
10 22
10 25
10 27
10 28
10 29
10 31
10 35
10 36
10 37
10 39
10 41
10 42
10 43
10 45
10 46
10 50
10 51
10 52
10 53
10 54
10 55
10 57
10 58
10 61
10 63
10 64
10 68
10 69
10 70
10 71
10 74
10 75
10 77
10 80
10 82
10 83
10 84
10 85
10 86
10 90
10 92
10 94
10 97
10 98
10 108
10 109
10 110
10 112
10 113
10 114
10 115
10 120
10 121
10 122
10 124
10 125
10 126
10 128
10 132
10 134
10 136
10 138
10 139
10 140
10 141
10 142
10 143
10 144
10 146
10 150
10 152
10 156
10 157
10 159
10 161
10 162
10 170
10 173
10 174
10 175
10 176
10 180
10 182
10 184
10 186
10 187
10 188
10 189
10 190
10 192
10 193
10 194
10 195
10 196
10 198
11 16
11 17
11 18
11 19
11 23
11 24
11 25
11 29
11 31
11 33
11 35
11 36
11 40
11 42
11 46
11 47
11 49
11 51
11 55
11 59
11 61
11 68
11 69
11 76
11 78
11 80
11 82
11 83
11 86
11 89
11 91
11 94
11 96
11 97
11 98
11 99
11 100
11 101
11 102
11 103
11 104
11 105
11 106
11 108
11 109
11 110
11 118
11 122
11 124
11 125
11 126
11 127
11 128
11 129
11 130
11 131
11 135
11 136
11 137
11 139
11 140
11 142
11 144
11 146
11 147
11 148
11 152
11 154
11 155
11 157
11 159
11 163
11 164
11 166
11 167
11 169
11 170
11 171
11 172
11 173
11 174
11 175
11 176
11 182
11 184
11 186
11 187
11 191
11 194
11 195
11 198
12 13
12 16
12 17
12 18
12 20
12 21
12 25
12 28
12 31
12 36
12 37
12 39
12 40
12 41
12 45
12 47
12 49
12 52
12 56
12 57
12 62
12 64
12 65
12 66
12 68
12 69
12 70
12 74
12 75
12 79
12 80
12 81
12 82
12 86
12 87
12 88
12 89
12 91
12 93
12 94
12 95
12 96
12 97
12 98
12 103
12 110
12 113
12 114
12 116
12 118
12 119
12 122
12 123
12 124
12 132
12 133
12 134
12 137
12 138
12 139
12 140
12 141
12 142
12 143
12 144
12 147
12 148
12 150
12 155
12 159
12 162
12 163
12 164
12 165
12 166
12 168
12 169
12 170
12 172
12 173
12 174
12 175
12 176
12 177
12 179
12 180
12 182
12 183
12 184
12 188
12 191
12 195
12 196
12 197
12 198
13 17
13 19
13 20
13 22
13 23
13 24
13 28
13 29
13 32
13 34
13 35
13 37
13 40
13 41
13 42
13 43
13 44
13 47
13 48
13 49
13 50
13 51
13 52
13 53
13 54
13 55
13 57
13 60
13 61
13 65
13 66
13 67
13 68
13 69
13 72
13 75
13 77
13 79
13 84
13 86
13 87
13 89
13 90
13 94
13 98
13 99
13 102
13 104
13 105
13 110
13 113
13 114
13 115
13 116
13 118
13 119
13 120
13 127
13 128
13 132
13 133
13 134
13 135
13 137
13 140
13 142
13 143
13 144
13 145
13 146
13 149
13 154
13 156
13 158
13 161
13 163
13 164
13 167
13 168
13 170
13 171
13 172
13 174
13 178
13 179
13 180
13 184
13 185
13 186
13 189
13 190
13 192
13 194
13 199
14 15
14 16
14 17
14 20
14 22
14 23
14 24
14 25
14 27
14 28
14 30
14 34
14 36
14 37
14 38
14 40
14 42
14 43
14 45
14 47
14 49
14 55
14 56
14 57
14 58
14 59
14 61
14 63
14 66
14 67
14 68
14 69
14 70
14 71
14 72
14 73
14 75
14 76
14 81
14 83
14 85
14 87
14 89
14 90
14 91
14 92
14 95
14 96
14 97
14 98
14 99
14 101
14 104
14 105
14 106
14 108
14 109
14 110
14 111
14 112
14 115
14 121
14 122
14 123
14 125
14 126
14 130
14 132
14 135
14 136
14 137
14 138
14 139
14 140
14 141
14 142
14 145
14 146
14 148
14 150
14 151
14 152
14 155
14 156
14 157
14 158
14 159
14 160
14 162
14 164
14 166
14 167
14 168
14 170
14 172
14 173
14 176
14 179
14 180
14 183
14 184
14 189
14 192
14 193
14 194
14 195
14 197
14 198
14 199
15 20
15 21
15 22
15 26
15 27
15 29
15 31
15 32
15 37
15 40
15 41
15 42
15 45
15 46
15 48
15 51
15 52
15 53
15 54
15 55
15 57
15 58
15 59
15 60
15 61
15 64
15 67
15 70
15 72
15 76
15 77
15 80
15 82
15 87
15 88
15 89
15 92
15 94
15 95
15 97
15 101
15 103
15 105
15 106
15 107
15 109
15 111
15 113
15 114
15 116
15 117
15 118
15 119
15 122
15 126
15 127
15 134
15 135
15 138
15 140
15 141
15 143
15 144
15 147
15 149
15 151
15 153
15 154
15 156
15 157
15 159
15 164
15 165
15 170
15 172
15 175
15 176
15 178
15 183
15 184
15 185
15 187
15 188
15 189
15 193
15 194
15 195
16 19
16 20
16 26
16 30
16 32
16 35
16 37
16 40
16 42
16 43
16 44
16 46
16 48
16 49
16 50
16 52
16 55
16 56
16 57
16 58
16 60
16 61
16 62
16 63
16 64
16 65
16 67
16 70
16 72
16 73
16 74
16 75
16 76
16 77
16 81
16 83
16 84
16 86
16 87
16 88
16 90
16 91
16 92
16 100
16 105
16 106
16 107
16 108
16 112
16 114
16 115
16 116
16 117
16 118
16 120
16 122
16 124
16 125
16 126
16 127
16 132
16 136
16 137
16 138
16 143
16 145
16 146
16 151
16 153
16 156
16 157
16 162
16 167
16 173
16 174
16 176
16 178
16 179
16 182
16 185
16 190
16 191
16 192
16 196
16 198
16 199
17 20
17 22
17 28
17 32
17 33
17 36
17 39
17 40
17 41
17 46
17 48
17 50
17 54
17 55
17 58
17 60
17 61
17 63
17 67
17 68
17 69
17 70
17 71
17 72
17 74
17 75
17 76
17 79
17 81
17 84
17 85
17 86
17 87
17 90
17 91
17 93
17 94
17 96
17 97
17 98
17 101
17 102
17 103
17 104
17 109
17 113
17 118
17 125
17 126
17 129
17 131
17 132
17 133
17 136
17 137
17 141
17 142
17 145
17 146
17 150
17 152
17 154
17 158
17 162
17 163
17 164
17 165
17 168
17 171
17 172
17 178
17 179
17 182
17 184
17 185
17 186
17 187
17 189
17 195
17 197
17 198
17 199
18 19
18 20
18 23
18 25
18 26
18 27
18 28
18 31
18 35
18 36
18 39
18 42
18 46
18 47
18 49
18 52
18 54
18 56
18 59
18 60
18 61
18 63
18 64
18 65
18 66
18 68
18 71
18 72
18 73
18 74
18 76
18 77
18 79
18 80
18 83
18 84
18 86
18 88
18 89
18 90
18 91
18 95
18 96
18 98
18 102
18 103
18 104
18 106
18 108
18 110
18 111
18 112
18 113
18 114
18 117
18 119
18 123
18 125
18 127
18 128
18 130
18 133
18 134
18 135
18 136
18 137
18 138
18 139
18 140
18 143
18 145
18 146
18 148
18 151
18 153
18 154
18 155
18 159
18 162
18 163
18 166
18 168
18 171
18 173
18 175
18 176
18 179
18 180
18 182
18 184
18 186
18 187
18 192
18 193
18 194
18 196
19 26
19 27
19 28
19 30
19 31
19 33
19 34
19 35
19 39
19 41
19 44
19 46
19 50
19 51
19 52
19 53
19 54
19 55
19 59
19 60
19 61
19 62
19 63
19 64
19 65
19 66
19 67
19 68
19 72
19 73
19 74
19 76
19 78
19 79
19 83
19 84
19 86
19 91
19 92
19 93
19 94
19 97
19 98
19 100
19 103
19 108
19 110
19 112
19 113
19 115
19 118
19 120
19 122
19 123
19 125
19 128
19 130
19 132
19 134
19 137
19 140
19 141
19 143
19 144
19 146
19 150
19 151
19 152
19 160
19 162
19 165
19 168
19 170
19 173
19 174
19 175
19 176
19 177
19 181
19 184
19 185
19 187
19 188
19 190
19 191
19 193
19 195
19 198
19 199
20 21
20 23
20 24
20 25
20 28
20 30
20 31
20 32
20 33
20 36
20 40
20 41
20 45
20 49
20 50
20 51
20 54
20 55
20 56
20 58
20 59
20 65
20 67
20 68
20 70
20 71
20 72
20 75
20 76
20 79
20 83
20 84
20 86
20 87
20 93
20 94
20 95
20 99
20 100
20 103
20 104
20 106
20 107
20 108
20 109
20 110
20 113
20 114
20 115
20 116
20 118
20 119
20 120
20 121
20 124
20 126
20 129
20 136
20 137
20 138
20 140
20 141
20 143
20 145
20 146
20 150
20 151
20 152
20 154
20 155
20 157
20 159
20 160
20 163
20 168
20 170
20 173
20 174
20 177
20 179
20 180
20 181
20 187
20 188
20 191
20 192
20 193
20 194
20 195
20 197
20 198
21 23
21 24
21 25
21 27
21 29
21 30
21 31
21 36
21 38
21 39
21 40
21 41
21 42
21 43
21 44
21 45
21 46
21 48
21 50
21 53
21 54
21 56
21 58
21 59
21 61
21 62
21 64
21 66
21 69
21 71
21 72
21 74
21 75
21 76
21 80
21 84
21 87
21 88
21 89
21 92
21 94
21 96
21 97
21 99
21 103
21 105
21 107
21 108
21 114
21 117
21 119
21 120
21 121
21 123
21 125
21 126
21 128
21 131
21 132
21 134
21 135
21 136
21 137
21 138
21 139
21 141
21 142
21 143
21 145
21 146
21 147
21 148
21 149
21 150
21 152
21 153
21 157
21 159
21 160
21 162
21 163
21 164
21 166
21 168
21 169
21 171
21 172
21 176
21 179
21 181
21 186
21 190
21 191
21 192
21 193
21 194
21 195
21 196
21 197
21 198
21 199
22 23
22 26
22 27
22 28
22 31
22 33
22 34
22 36
22 37
22 39
22 41
22 42
22 43
22 44
22 46
22 51
22 52
22 54
22 55
22 56
22 58
22 62
22 63
22 64
22 65
22 68
22 69
22 70
22 72
22 73
22 75
22 76
22 77
22 80
22 82
22 85
22 86
22 88
22 90
22 91
22 92
22 93
22 96
22 99
22 100
22 102
22 103
22 104
22 105
22 108
22 111
22 112
22 115
22 117
22 118
22 120
22 122
22 127
22 128
22 130
22 134
22 139
22 140
22 141
22 142
22 143
22 144
22 146
22 149
22 150
22 152
22 154
22 156
22 157
22 160
22 163
22 164
22 167
22 172
22 173
22 178
22 179
22 181
22 186
22 187
22 188
22 189
22 190
22 192
22 195
22 196
22 197
23 24
23 26
23 27
23 29
23 32
23 33
23 34
23 35
23 40
23 41
23 43
23 45
23 46
23 48
23 49
23 52
23 54
23 56
23 57
23 58
23 60
23 64
23 66
23 68
23 69
23 70
23 72
23 74
23 77
23 78
23 80
23 83
23 84
23 86
23 87
23 88
23 89
23 91
23 92
23 93
23 94
23 95
23 96
23 97
23 99
23 100
23 102
23 104
23 106
23 107
23 110
23 111
23 117
23 118
23 120
23 121
23 122
23 125
23 127
23 131
23 132
23 133
23 136
23 137
23 140
23 141
23 142
23 145
23 146
23 147
23 148
23 150
23 151
23 152
23 153
23 158
23 164
23 166
23 170
23 171
23 172
23 173
23 177
23 179
23 181
23 182
23 186
23 188
23 189
23 191
23 192
23 193
23 194
23 195
23 196
23 197
23 199
24 26
24 27
24 28
24 29
24 30
24 31
24 34
24 36
24 37
24 38
24 39
24 40
24 41
24 42
24 43
24 44
24 45
24 47
24 50
24 51
24 53
24 57
24 58
24 59
24 60
24 62
24 64
24 67
24 68
24 69
24 70
24 71
24 72
24 73
24 75
24 77
24 81
24 82
24 87
24 88
24 89
24 90
24 92
24 93
24 95
24 97
24 99
24 101
24 102
24 104
24 105
24 108
24 109
24 110
24 111
24 114
24 116
24 117
24 121
24 123
24 126
24 127
24 128
24 129
24 130
24 131
24 132
24 133
24 136
24 137
24 138
24 139
24 140
24 143
24 149
24 154
24 156
24 157
24 158
24 159
24 163
24 166
24 167
24 168
24 169
24 175
24 179
24 181
24 183
24 186
24 188
24 189
24 193
24 196
24 198
25 26
25 27
25 28
25 30
25 31
25 32
25 34
25 35
25 36
25 37
25 40
25 41
25 42
25 45
25 46
25 50
25 51
25 54
25 57
25 58
25 59
25 60
25 62
25 63
25 66
25 67
25 70
25 72
25 74
25 75
25 80
25 83
25 85
25 89
25 91
25 93
25 94
25 97
25 98
25 99
25 100
25 104
25 105
25 107
25 111
25 114
25 116
25 117
25 121
25 125
25 126
25 128
25 129
25 130
25 131
25 132
25 133
25 135
25 136
25 139
25 140
25 141
25 142
25 143
25 144
25 145
25 149
25 151
25 152
25 153
25 155
25 156
25 158
25 159
25 160
25 161
25 164
25 166
25 170
25 174
25 177
25 181
25 196
25 197
26 28
26 29
26 31
26 33
26 36
26 37
26 38
26 42
26 43
26 45
26 46
26 47
26 51
26 53
26 54
26 55
26 58
26 59
26 62
26 64
26 65
26 68
26 71
26 73
26 74
26 76
26 78
26 79
26 80
26 82
26 83
26 87
26 88
26 90
26 91
26 92
26 93
26 94
26 95
26 99
26 102
26 104
26 105
26 108
26 111
26 112
26 113
26 114
26 117
26 118
26 119
26 120
26 123
26 126
26 131
26 132
26 133
26 140
26 141
26 142
26 144
26 145
26 146
26 147
26 148
26 150
26 151
26 153
26 155
26 156
26 159
26 161
26 162
26 164
26 165
26 167
26 168
26 169
26 171
26 172
26 174
26 176
26 177
26 178
26 179
26 180
26 182
26 183
26 189
26 190
26 192
26 194
26 196
26 197
26 198
27 29
27 30
27 31
27 35
27 37
27 39
27 41
27 42
27 44
27 46
27 47
27 48
27 53
27 55
27 56
27 58
27 59
27 61
27 63
27 68
27 69
27 78
27 79
27 80
27 81
27 84
27 86
27 88
27 89
27 90
27 92
27 93
27 94
27 97
27 101
27 104
27 106
27 111
27 112
27 114
27 118
27 120
27 123
27 124
27 125
27 126
27 129
27 130
27 132
27 136
27 139
27 142
27 145
27 146
27 148
27 159
27 162
27 165
27 169
27 172
27 174
27 175
27 177
27 178
27 179
27 182
27 183
27 184
27 185
27 187
27 188
27 190
27 192
27 195
27 196
27 197
27 198
27 199
28 31
28 35
28 36
28 37
28 39
28 41
28 44
28 46
28 48
28 49
28 54
28 58
28 60
28 62
28 63
28 66
28 69
28 72
28 74
28 75
28 76
28 78
28 81
28 82
28 88
28 89
28 91
28 92
28 93
28 94
28 96
28 97
28 98
28 99
28 101
28 104
28 105
28 106
28 109
28 110
28 111
28 113
28 114
28 116
28 119
28 124
28 125
28 127
28 128
28 129
28 130
28 131
28 132
28 134
28 137
28 139
28 140
28 141
28 142
28 143
28 144
28 145
28 147
28 148
28 151
28 153
28 156
28 157
28 159
28 160
28 162
28 163
28 168
28 176
28 178
28 179
28 180
28 184
28 187
28 188
28 191
28 193
28 194
28 197
28 198
28 199
29 30
29 31
29 32
29 33
29 35
29 37
29 38
29 41
29 43
29 44
29 47
29 53
29 55
29 57
29 62
29 63
29 65
29 67
29 70
29 72
29 73
29 74
29 75
29 76
29 81
29 84
29 86
29 89
29 95
29 96
29 97
29 98
29 99
29 102
29 103
29 104
29 105
29 107
29 110
29 111
29 113
29 119
29 120
29 123
29 125
29 126
29 127
29 131
29 132
29 133
29 134
29 139
29 144
29 145
29 146
29 147
29 149
29 150
29 151
29 152
29 153
29 154
29 155
29 156
29 157
29 159
29 162
29 163
29 170
29 171
29 173
29 175
29 176
29 178
29 180
29 181
29 182
29 183
29 185
29 187
29 188
29 190
29 191
29 193
29 197
29 198
30 31
30 32
30 35
30 37
30 41
30 42
30 44
30 45
30 46
30 47
30 50
30 60
30 61
30 63
30 66
30 67
30 68
30 69
30 74
30 75
30 76
30 77
30 78
30 80
30 83
30 87
30 88
30 89
30 90
30 91
30 94
30 95
30 99
30 100
30 102
30 104
30 106
30 107
30 110
30 111
30 112
30 115
30 116
30 117
30 119
30 120
30 121
30 123
30 125
30 128
30 133
30 140
30 141
30 145
30 148
30 149
30 152
30 153
30 156
30 160
30 161
30 162
30 164
30 165
30 167
30 168
30 170
30 171
30 174
30 176
30 179
30 180
30 184
30 187
30 188
30 191
30 194
30 197
30 198
30 199
31 33
31 34
31 35
31 36
31 43
31 44
31 49
31 50
31 51
31 52
31 56
31 58
31 60
31 61
31 62
31 63
31 64
31 65
31 66
31 68
31 69
31 70
31 77
31 78
31 79
31 80
31 81
31 82
31 83
31 84
31 85
31 86
31 87
31 88
31 89
31 95
31 96
31 97
31 102
31 103
31 106
31 108
31 116
31 119
31 120
31 122
31 124
31 125
31 126
31 127
31 128
31 129
31 130
31 131
31 134
31 135
31 136
31 137
31 138
31 140
31 141
31 142
31 143
31 146
31 148
31 150
31 155
31 156
31 158
31 163
31 164
31 166
31 167
31 170
31 173
31 176
31 177
31 180
31 181
31 183
31 184
31 187
31 188
31 189
31 191
31 192
31 193
31 195
31 196
31 199
32 33
32 34
32 35
32 36
32 37
32 39
32 44
32 46
32 47
32 48
32 49
32 50
32 51
32 57
32 58
32 61
32 62
32 63
32 64
32 66
32 67
32 68
32 70
32 71
32 72
32 73
32 77
32 79
32 80
32 83
32 85
32 86
32 87
32 89
32 90
32 92
32 93
32 96
32 97
32 98
32 99
32 101
32 102
32 104
32 105
32 108
32 110
32 116
32 117
32 118
32 119
32 120
32 122
32 125
32 129
32 130
32 131
32 132
32 133
32 137
32 138
32 139
32 141
32 144
32 145
32 146
32 147
32 148
32 149
32 150
32 152
32 154
32 158
32 161
32 163
32 165
32 167
32 169
32 170
32 176
32 178
32 186
32 189
32 198
33 34
33 35
33 39
33 40
33 41
33 42
33 43
33 47
33 50
33 52
33 53
33 54
33 55
33 56
33 58
33 59
33 60
33 62
33 67
33 70
33 72
33 73
33 75
33 77
33 80
33 81
33 83
33 91
33 92
33 93
33 94
33 95
33 102
33 103
33 106
33 109
33 111
33 114
33 115
33 116
33 119
33 121
33 122
33 127
33 128
33 130
33 131
33 132
33 135
33 136
33 138
33 140
33 141
33 142
33 143
33 144
33 146
33 150
33 152
33 154
33 155
33 159
33 162
33 164
33 167
33 168
33 169
33 170
33 173
33 176
33 178
33 181
33 184
33 186
33 187
33 188
33 191
33 193
33 194
34 40
34 42
34 43
34 46
34 50
34 55
34 56
34 58
34 60
34 62
34 64
34 67
34 68
34 71
34 72
34 74
34 75
34 76
34 79
34 81
34 82
34 83
34 84
34 91
34 92
34 93
34 94
34 96
34 100
34 104
34 108
34 110
34 112
34 113
34 114
34 116
34 117
34 119
34 120
34 122
34 124
34 126
34 131
34 132
34 133
34 137
34 138
34 142
34 143
34 144
34 145
34 148
34 149
34 153
34 156
34 159
34 160
34 161
34 162
34 163
34 165
34 167
34 170
34 171
34 172
34 174
34 175
34 179
34 180
34 181
34 182
34 184
34 185
34 187
34 188
34 189
34 192
34 193
34 194
34 196
34 197
34 198
34 199
35 37
35 44
35 45
35 47
35 50
35 51
35 52
35 54
35 56
35 59
35 61
35 62
35 63
35 67
35 69
35 71
35 73
35 77
35 79
35 81
35 82
35 85
35 91
35 92
35 95
35 97
35 98
35 100
35 102
35 104
35 108
35 111
35 112
35 114
35 117
35 119
35 121
35 122
35 124
35 125
35 127
35 128
35 132
35 136
35 137
35 138
35 139
35 141
35 142
35 143
35 144
35 145
35 147
35 152
35 155
35 156
35 158
35 160
35 161
35 164
35 165
35 169
35 170
35 171
35 175
35 178
35 180
35 183
35 186
35 187
35 190
35 192
35 193
35 194
35 195
35 198
35 199
36 37
36 40
36 41
36 42
36 43
36 45
36 46
36 47
36 50
36 51
36 52
36 56
36 57
36 60
36 62
36 64
36 66
36 70
36 71
36 72
36 74
36 76
36 77
36 78
36 81
36 82
36 83
36 84
36 86
36 87
36 89
36 90
36 93
36 94
36 98
36 101
36 105
36 107
36 108
36 110
36 111
36 112
36 113
36 114
36 116
36 117
36 121
36 123
36 126
36 127
36 131
36 132
36 134
36 135
36 136
36 137
36 138
36 139
36 140
36 141
36 144
36 145
36 147
36 149
36 150
36 151
36 152
36 157
36 158
36 159
36 160
36 164
36 165
36 168
36 169
36 171
36 173
36 174
36 179
36 181
36 183
36 184
36 186
36 187
36 188
36 189
36 190
36 191
36 193
36 195
36 197
37 38
37 42
37 43
37 44
37 47
37 50
37 55
37 57
37 59
37 62
37 63
37 65
37 68
37 72
37 73
37 74
37 79
37 80
37 81
37 83
37 84
37 86
37 90
37 92
37 93
37 95
37 96
37 98
37 100
37 101
37 102
37 104
37 105
37 106
37 109
37 116
37 118
37 119
37 122
37 125
37 130
37 133
37 134
37 137
37 139
37 140
37 141
37 142
37 143
37 144
37 146
37 148
37 149
37 150
37 155
37 156
37 157
37 158
37 159
37 165
37 166
37 167
37 171
37 174
37 176
37 177
37 181
37 182
37 184
37 185
37 186
37 187
37 188
37 190
37 191
37 194
37 196
37 198
37 199
38 40
38 44
38 45
38 46
38 47
38 48
38 49
38 52
38 55
38 57
38 60
38 61
38 63
38 65
38 67
38 69
38 70
38 71
38 72
38 74
38 75
38 77
38 80
38 86
38 88
38 89
38 90
38 91
38 92
38 93
38 100
38 101
38 102
38 103
38 104
38 105
38 107
38 108
38 111
38 112
38 115
38 116
38 117
38 118
38 120
38 121
38 122
38 123
38 125
38 126
38 127
38 128
38 132
38 133
38 136
38 140
38 142
38 144
38 145
38 147
38 151
38 152
38 153
38 155
38 156
38 157
38 159
38 160
38 163
38 166
38 167
38 169
38 171
38 175
38 177
38 178
38 179
38 180
38 181
38 182
38 183
38 185
38 186
38 189
38 190
38 191
38 195
38 196
38 197
38 198
39 42
39 45
39 47
39 48
39 49
39 51
39 52
39 53
39 54
39 57
39 59
39 60
39 61
39 62
39 63
39 64
39 65
39 67
39 70
39 72
39 74
39 75
39 77
39 78
39 79
39 83
39 84
39 85
39 86
39 87
39 91
39 92
39 94
39 96
39 98
39 100
39 101
39 106
39 110
39 112
39 113
39 115
39 116
39 117
39 118
39 124
39 126
39 127
39 130
39 131
39 133
39 140
39 143
39 144
39 146
39 147
39 148
39 150
39 156
39 159
39 161
39 162
39 166
39 168
39 170
39 177
39 178
39 184
39 185
39 186
39 187
39 189
39 190
39 192
39 194
39 195
39 198
40 41
40 43
40 47
40 48
40 53
40 54
40 55
40 56
40 58
40 59
40 62
40 63
40 65
40 66
40 69
40 73
40 75
40 76
40 78
40 79
40 83
40 84
40 85
40 90
40 92
40 93
40 95
40 96
40 97
40 100
40 101
40 103
40 105
40 106
40 113
40 114
40 116
40 117
40 118
40 119
40 123
40 124
40 126
40 127
40 130
40 131
40 133
40 134
40 135
40 136
40 137
40 138
40 139
40 145
40 146
40 149
40 150
40 151
40 152
40 155
40 158
40 161
40 162
40 164
40 166
40 167
40 170
40 171
40 174
40 175
40 176
40 177
40 179
40 183
40 184
40 185
40 186
40 188
40 192
40 193
40 196
40 197
40 198
40 199
41 43
41 44
41 45
41 47
41 48
41 49
41 50
41 52
41 57
41 58
41 59
41 63
41 66
41 70
41 77
41 78
41 83
41 89
41 92
41 93
41 95
41 99
41 102
41 103
41 104
41 105
41 106
41 108
41 110
41 111
41 116
41 117
41 119
41 120
41 121
41 125
41 126
41 131
41 133
41 135
41 138
41 139
41 140
41 142
41 145
41 146
41 148
41 149
41 150
41 154
41 155
41 157
41 158
41 159
41 163
41 168
41 169
41 170
41 171
41 176
41 177
41 178
41 181
41 185
41 187
41 189
41 192
41 195
41 196
42 43
42 45
42 46
42 47
42 54
42 58
42 65
42 66
42 67
42 73
42 75
42 80
42 81
42 85
42 89
42 90
42 92
42 94
42 96
42 97
42 98
42 99
42 102
42 103
42 106
42 107
42 111
42 112
42 113
42 114
42 116
42 117
42 120
42 121
42 122
42 123
42 127
42 128
42 130
42 131
42 132
42 133
42 134
42 136
42 137
42 142
42 143
42 144
42 149
42 150
42 154
42 156
42 157
42 159
42 160
42 161
42 162
42 163
42 167
42 168
42 171
42 174
42 175
42 176
42 178
42 180
42 181
42 187
42 189
42 190
42 193
42 195
42 196
42 198
43 44
43 45
43 48
43 49
43 50
43 54
43 55
43 57
43 58
43 60
43 61
43 62
43 63
43 64
43 69
43 70
43 71
43 72
43 76
43 79
43 80
43 81
43 82
43 83
43 84
43 85
43 88
43 89
43 92
43 94
43 95
43 96
43 97
43 99
43 100
43 101
43 102
43 103
43 105
43 106
43 107
43 113
43 115
43 117
43 118
43 121
43 122
43 123
43 125
43 127
43 131
43 132
43 138
43 140
43 143
43 144
43 145
43 146
43 152
43 156
43 159
43 160
43 161
43 162
43 164
43 165
43 166
43 167
43 170
43 171
43 174
43 175
43 179
43 182
43 183
43 185
43 186
43 191
43 192
43 193
43 197
44 45
44 46
44 48
44 49
44 50
44 53
44 54
44 55
44 58
44 63
44 64
44 66
44 70
44 71
44 72
44 74
44 75
44 76
44 81
44 82
44 83
44 84
44 87
44 89
44 94
44 95
44 96
44 97
44 99
44 100
44 101
44 102
44 103
44 104
44 107
44 109
44 110
44 112
44 113
44 114
44 120
44 122
44 125
44 129
44 130
44 137
44 138
44 139
44 141
44 143
44 145
44 146
44 147
44 149
44 150
44 152
44 153
44 155
44 156
44 160
44 161
44 164
44 165
44 166
44 172
44 175
44 177
44 178
44 180
44 181
44 182
44 184
44 185
44 186
44 187
44 189
44 190
44 193
44 194
44 197
44 198
45 47
45 50
45 52
45 54
45 55
45 56
45 59
45 61
45 67
45 68
45 69
45 71
45 73
45 74
45 75
45 78
45 83
45 84
45 86
45 87
45 88
45 90
45 92
45 95
45 97
45 98
45 99
45 101
45 102
45 103
45 105
45 106
45 107
45 108
45 112
45 115
45 116
45 117
45 122
45 123
45 125
45 127
45 128
45 132
45 135
45 136
45 137
45 140
45 144
45 145
45 146
45 147
45 151
45 153
45 154
45 155
45 156
45 157
45 159
45 160
45 161
45 162
45 163
45 166
45 167
45 168
45 169
45 172
45 173
45 174
45 175
45 176
45 177
45 178
45 179
45 181
45 183
45 184
45 185
45 187
45 189
45 196
46 48
46 49
46 51
46 54
46 58
46 60
46 61
46 65
46 67
46 69
46 71
46 72
46 73
46 75
46 76
46 79
46 80
46 81
46 83
46 86
46 90
46 92
46 94
46 97
46 102
46 105
46 106
46 107
46 109
46 113
46 117
46 118
46 119
46 123
46 124
46 125
46 127
46 130
46 132
46 133
46 134
46 136
46 137
46 138
46 142
46 144
46 147
46 150
46 152
46 153
46 154
46 155
46 156
46 159
46 160
46 161
46 165
46 166
46 168
46 172
46 173
46 174
46 177
46 178
46 179
46 180
46 181
46 183
46 184
46 185
46 186
46 188
46 189
46 190
46 191
46 192
46 194
46 198
47 48
47 49
47 50
47 52
47 55
47 56
47 58
47 61
47 62
47 63
47 64
47 65
47 66
47 68
47 69
47 70
47 71
47 72
47 73
47 74
47 75
47 76
47 79
47 80
47 81
47 86
47 87
47 89
47 93
47 94
47 95
47 96
47 97
47 98
47 101
47 102
47 104
47 105
47 107
47 109
47 110
47 111
47 112
47 114
47 115
47 116
47 120
47 122
47 124
47 128
47 131
47 134
47 135
47 137
47 138
47 140
47 151
47 152
47 153
47 154
47 155
47 156
47 160
47 161
47 165
47 166
47 167
47 168
47 170
47 172
47 175
47 176
47 177
47 178
47 179
47 180
47 184
47 185
47 187
47 188
47 190
47 191
47 194
47 196
47 197
47 198
47 199
48 49
48 52
48 53
48 54
48 56
48 58
48 59
48 63
48 64
48 71
48 72
48 73
48 75
48 79
48 81
48 83
48 86
48 88
48 89
48 90
48 91
48 94
48 99
48 101
48 103
48 107
48 111
48 113
48 115
48 117
48 118
48 119
48 121
48 129
48 131
48 132
48 134
48 135
48 136
48 137
48 138
48 143
48 145
48 146
48 148
48 149
48 150
48 151
48 152
48 157
48 159
48 161
48 162
48 163
48 164
48 165
48 166
48 167
48 168
48 169
48 173
48 175
48 176
48 177
48 178
48 179
48 182
48 183
48 184
48 188
48 189
48 190
48 192
48 194
48 196
48 197
49 50
49 54
49 55
49 58
49 60
49 61
49 63
49 64
49 66
49 67
49 69
49 70
49 72
49 75
49 81
49 83
49 84
49 85
49 88
49 89
49 91
49 93
49 96
49 100
49 101
49 104
49 105
49 106
49 110
49 111
49 113
49 114
49 115
49 116
49 120
49 121
49 124
49 126
49 127
49 128
49 129
49 131
49 133
49 135
49 136
49 138
49 139
49 140
49 141
49 142
49 143
49 145
49 146
49 148
49 149
49 151
49 152
49 153
49 155
49 158
49 159
49 160
49 162
49 163
49 165
49 166
49 167
49 168
49 169
49 172
49 174
49 175
49 179
49 181
49 182
49 185
49 187
49 189
49 190
49 192
49 193
49 198
49 199
50 52
50 53
50 57
50 60
50 61
50 63
50 67
50 68
50 71
50 72
50 73
50 79
50 80
50 81
50 82
50 83
50 84
50 87
50 90
50 91
50 92
50 94
50 97
50 99
50 100
50 103
50 108
50 110
50 111
50 116
50 119
50 120
50 121
50 123
50 125
50 127
50 128
50 130
50 131
50 132
50 133
50 136
50 138
50 140
50 142
50 144
50 145
50 146
50 147
50 148
50 149
50 150
50 151
50 152
50 153
50 155
50 156
50 163
50 164
50 166
50 171
50 172
50 173
50 174
50 176
50 185
50 186
50 188
50 190
50 192
50 199
51 52
51 56
51 58
51 59
51 60
51 62
51 63
51 65
51 66
51 67
51 71
51 72
51 78
51 79
51 80
51 81
51 84
51 90
51 91
51 92
51 94
51 95
51 97
51 99
51 102
51 105
51 106
51 108
51 109
51 111
51 113
51 116
51 117
51 119
51 121
51 122
51 129
51 130
51 135
51 136
51 137
51 139
51 140
51 141
51 142
51 147
51 148
51 149
51 153
51 154
51 157
51 158
51 162
51 163
51 164
51 166
51 167
51 168
51 169
51 170
51 171
51 174
51 179
51 180
51 181
51 182
51 184
51 186
51 187
51 188
51 191
51 192
51 193
52 55
52 56
52 58
52 60
52 61
52 62
52 63
52 64
52 65
52 67
52 68
52 69
52 70
52 72
52 73
52 77
52 78
52 83
52 86
52 87
52 89
52 90
52 91
52 92
52 95
52 96
52 97
52 98
52 100
52 102
52 103
52 104
52 106
52 107
52 109
52 111
52 113
52 118
52 120
52 121
52 123
52 124
52 126
52 128
52 129
52 130
52 131
52 135
52 137
52 138
52 142
52 147
52 150
52 151
52 152
52 153
52 156
52 157
52 158
52 159
52 160
52 161
52 162
52 163
52 164
52 168
52 169
52 171
52 172
52 174
52 175
52 176
52 177
52 179
52 185
52 186
52 187
52 188
52 189
52 192
52 193
52 194
52 195
52 196
52 198
52 199
53 57
53 60
53 63
53 64
53 65
53 67
53 69
53 71
53 74
53 75
53 79
53 80
53 82
53 85
53 86
53 88
53 89
53 91
53 93
53 96
53 99
53 103
53 104
53 105
53 106
53 107
53 109
53 110
53 112
53 114
53 117
53 118
53 120
53 123
53 125
53 126
53 129
53 133
53 136
53 138
53 144
53 145
53 146
53 147
53 148
53 149
53 150
53 158
53 159
53 162
53 165
53 166
53 170
53 171
53 172
53 174
53 176
53 177
53 178
53 179
53 180
53 181
53 182
53 183
53 184
53 185
53 187
53 190
53 192
53 195
53 198
54 59
54 61
54 62
54 64
54 65
54 68
54 69
54 71
54 72
54 74
54 76
54 77
54 78
54 79
54 82
54 83
54 84
54 85
54 86
54 87
54 88
54 89
54 90
54 91
54 93
54 94
54 96
54 97
54 99
54 102
54 104
54 105
54 106
54 108
54 112
54 114
54 115
54 116
54 118
54 122
54 123
54 129
54 130
54 131
54 132
54 134
54 135
54 136
54 137
54 138
54 139
54 141
54 143
54 144
54 147
54 149
54 151
54 152
54 155
54 156
54 157
54 158
54 160
54 161
54 162
54 164
54 166
54 169
54 170
54 171
54 173
54 174
54 177
54 178
54 179
54 180
54 181
54 187
54 189
54 190
54 192
54 197
54 199
55 57
55 58
55 59
55 60
55 63
55 65
55 66
55 70
55 73
55 75
55 80
55 81
55 82
55 83
55 86
55 87
55 88
55 90
55 91
55 92
55 93
55 95
55 97
55 101
55 102
55 106
55 107
55 108
55 111
55 112
55 115
55 117
55 119
55 126
55 129
55 130
55 131
55 134
55 138
55 139
55 140
55 142
55 146
55 148
55 154
55 155
55 156
55 160
55 162
55 165
55 166
55 169
55 170
55 171
55 172
55 175
55 176
55 180
55 181
55 185
55 186
55 188
55 192
55 196
55 197
55 198
56 57
56 58
56 59
56 60
56 63
56 65
56 66
56 68
56 69
56 71
56 76
56 80
56 82
56 86
56 89
56 90
56 91
56 93
56 94
56 98
56 101
56 102
56 104
56 105
56 107
56 108
56 115
56 117
56 120
56 122
56 126
56 128
56 130
56 132
56 136
56 137
56 138
56 141
56 143
56 144
56 147
56 148
56 149
56 150
56 152
56 153
56 154
56 159
56 160
56 164
56 166
56 173
56 175
56 176
56 177
56 179
56 185
56 186
56 188
56 190
56 191
56 192
56 194
56 195
56 196
56 197
57 62
57 74
57 77
57 78
57 79
57 81
57 82
57 83
57 85
57 86
57 87
57 90
57 92
57 93
57 95
57 97
57 98
57 100
57 101
57 102
57 104
57 105
57 107
57 109
57 111
57 113
57 115
57 116
57 117
57 120
57 122
57 124
57 125
57 126
57 127
57 129
57 130
57 131
57 132
57 135
57 136
57 137
57 139
57 140
57 141
57 143
57 146
57 147
57 149
57 150
57 151
57 152
57 153
57 154
57 156
57 159
57 160
57 161
57 163
57 165
57 167
57 168
57 169
57 170
57 171
57 172
57 173
57 174
57 175
57 177
57 179
57 180
57 181
57 182
57 184
57 188
57 189
57 190
57 191
57 192
57 197
58 59
58 60
58 61
58 63
58 66
58 67
58 68
58 69
58 73
58 75
58 77
58 78
58 80
58 82
58 85
58 91
58 93
58 96
58 97
58 99
58 101
58 103
58 105
58 107
58 111
58 112
58 114
58 119
58 120
58 127
58 129
58 130
58 132
58 133
58 135
58 136
58 137
58 139
58 140
58 141
58 142
58 143
58 145
58 147
58 148
58 150
58 151
58 154
58 155
58 156
58 157
58 161
58 162
58 164
58 167
58 168
58 169
58 175
58 176
58 178
58 179
58 180
58 181
58 182
58 183
58 184
58 185
58 188
58 189
58 194
58 195
58 197
58 199
59 60
59 63
59 64
59 65
59 67
59 71
59 72
59 73
59 74
59 75
59 76
59 78
59 79
59 81
59 83
59 85
59 87
59 89
59 90
59 91
59 92
59 94
59 96
59 101
59 103
59 104
59 107
59 108
59 111
59 113
59 114
59 117
59 118
59 123
59 124
59 125
59 127
59 131
59 133
59 135
59 141
59 142
59 143
59 146
59 147
59 151
59 153
59 155
59 158
59 160
59 162
59 168
59 171
59 172
59 175
59 177
59 180
59 182
59 183
59 184
59 185
59 186
59 187
59 188
59 191
59 192
59 193
59 194
59 195
59 196
59 198
60 66
60 67
60 70
60 73
60 76
60 77
60 78
60 79
60 80
60 81
60 84
60 86
60 89
60 94
60 98
60 99
60 100
60 101
60 102
60 104
60 107
60 108
60 110
60 111
60 113
60 117
60 119
60 122
60 123
60 124
60 126
60 127
60 129
60 130
60 133
60 135
60 141
60 142
60 143
60 145
60 147
60 149
60 151
60 152
60 154
60 155
60 156
60 157
60 164
60 167
60 168
60 169
60 170
60 172
60 173
60 176
60 179
60 182
60 183
60 186
60 188
60 189
60 190
60 191
60 192
60 193
60 194
60 195
60 197
61 62
61 64
61 67
61 69
61 70
61 76
61 77
61 78
61 80
61 82
61 84
61 85
61 89
61 90
61 92
61 93
61 94
61 95
61 96
61 100
61 103
61 105
61 106
61 107
61 108
61 109
61 110
61 111
61 112
61 114
61 116
61 118
61 120
61 122
61 123
61 124
61 125
61 128
61 129
61 130
61 131
61 132
61 134
61 135
61 136
61 137
61 138
61 140
61 141
61 142
61 144
61 147
61 148
61 151
61 152
61 154
61 158
61 160
61 161
61 162
61 164
61 165
61 168
61 172
61 174
61 176
61 177
61 178
61 179
61 181
61 189
61 191
61 192
61 197
61 198
62 64
62 65
62 66
62 68
62 70
62 71
62 75
62 78
62 79
62 81
62 82
62 83
62 84
62 85
62 87
62 88
62 93
62 94
62 101
62 103
62 104
62 108
62 110
62 113
62 120
62 122
62 123
62 126
62 127
62 129
62 133
62 134
62 137
62 138
62 141
62 142
62 145
62 146
62 147
62 149
62 151
62 153
62 155
62 156
62 158
62 159
62 161
62 162
62 163
62 164
62 167
62 168
62 169
62 171
62 172
62 175
62 179
62 181
62 182
62 184
62 187
62 188
62 190
62 191
62 194
62 198
63 64
63 65
63 71
63 72
63 74
63 76
63 80
63 81
63 83
63 85
63 87
63 88
63 89
63 91
63 95
63 96
63 99
63 101
63 102
63 103
63 104
63 107
63 108
63 111
63 113
63 114
63 116
63 118
63 120
63 123
63 125
63 126
63 127
63 131
63 132
63 136
63 138
63 139
63 140
63 141
63 142
63 143
63 146
63 147
63 148
63 149
63 153
63 156
63 161
63 162
63 163
63 166
63 167
63 168
63 169
63 170
63 172
63 173
63 175
63 178
63 181
63 182
63 183
63 184
63 186
63 187
63 190
63 192
63 194
63 199
64 66
64 67
64 68
64 69
64 70
64 72
64 73
64 75
64 76
64 77
64 79
64 87
64 88
64 89
64 90
64 93
64 94
64 95
64 96
64 99
64 106
64 109
64 112
64 113
64 117
64 126
64 128
64 129
64 135
64 137
64 139
64 141
64 142
64 143
64 145
64 146
64 147
64 148
64 149
64 150
64 153
64 155
64 158
64 159
64 160
64 163
64 166
64 168
64 170
64 173
64 174
64 175
64 177
64 179
64 180
64 182
64 183
64 185
64 186
64 189
64 192
65 66
65 67
65 68
65 69
65 71
65 72
65 73
65 74
65 76
65 78
65 79
65 81
65 83
65 84
65 85
65 87
65 92
65 93
65 97
65 98
65 102
65 103
65 105
65 107
65 108
65 110
65 112
65 113
65 116
65 120
65 121
65 123
65 125
65 126
65 129
65 130
65 133
65 134
65 136
65 137
65 140
65 141
65 142
65 143
65 145
65 146
65 147
65 148
65 149
65 151
65 152
65 154
65 155
65 159
65 162
65 163
65 165
65 166
65 167
65 168
65 169
65 179
65 180
65 188
65 189
65 190
65 192
65 195
65 196
65 197
66 67
66 68
66 70
66 72
66 73
66 75
66 77
66 79
66 80
66 81
66 82
66 83
66 85
66 88
66 93
66 95
66 97
66 99
66 101
66 105
66 107
66 108
66 109
66 110
66 112
66 114
66 115
66 116
66 117
66 120
66 122
66 123
66 124
66 125
66 127
66 128
66 129
66 130
66 131
66 133
66 136
66 137
66 138
66 143
66 145
66 146
66 154
66 157
66 158
66 159
66 160
66 161
66 164
66 167
66 169
66 170
66 172
66 173
66 176
66 181
66 182
66 184
66 185
66 188
66 190
66 191
66 194
66 195
66 198
67 68
67 70
67 71
67 72
67 76
67 78
67 84
67 85
67 88
67 89
67 91
67 93
67 94
67 96
67 97
67 99
67 102
67 103
67 107
67 110
67 111
67 112
67 113
67 121
67 123
67 128
67 131
67 133
67 134
67 135
67 142
67 143
67 144
67 149
67 150
67 151
67 153
67 154
67 155
67 159
67 160
67 161
67 162
67 163
67 166
67 167
67 168
67 171
67 172
67 178
67 179
67 180
67 181
67 182
67 183
67 186
67 187
67 189
67 193
67 195
67 196
67 197
67 198
68 69
68 70
68 71
68 72
68 74
68 75
68 76
68 77
68 78
68 80
68 82
68 83
68 84
68 88
68 93
68 94
68 95
68 96
68 99
68 104
68 107
68 108
68 110
68 114
68 116
68 119
68 121
68 122
68 123
68 132
68 133
68 134
68 135
68 136
68 138
68 139
68 140
68 141
68 144
68 145
68 147
68 148
68 149
68 155
68 156
68 158
68 160
68 162
68 164
68 168
68 169
68 170
68 171
68 175
68 178
68 179
68 181
68 182
68 188
68 189
68 194
68 199
69 70
69 72
69 74
69 75
69 76
69 77
69 80
69 81
69 84
69 88
69 90
69 92
69 98
69 99
69 101
69 102
69 103
69 105
69 107
69 110
69 111
69 113
69 114
69 115
69 116
69 117
69 120
69 121
69 122
69 123
69 127
69 129
69 131
69 137
69 139
69 140
69 141
69 142
69 143
69 147
69 152
69 153
69 154
69 155
69 156
69 159
69 160
69 161
69 162
69 164
69 165
69 166
69 167
69 168
69 171
69 173
69 178
69 180
69 184
69 186
69 187
69 188
69 190
69 191
69 195
69 196
70 73
70 77
70 79
70 80
70 81
70 82
70 84
70 86
70 88
70 89
70 94
70 95
70 97
70 98
70 100
70 102
70 103
70 108
70 109
70 110
70 111
70 113
70 114
70 116
70 117
70 118
70 119
70 120
70 126
70 127
70 128
70 131
70 133
70 136
70 137
70 138
70 139
70 140
70 144
70 146
70 148
70 150
70 152
70 153
70 156
70 157
70 161
70 162
70 166
70 171
70 173
70 174
70 175
70 176
70 178
70 180
70 182
70 185
70 187
70 192
70 193
70 194
70 195
70 196
70 199
71 73
71 74
71 75
71 76
71 77
71 79
71 80
71 81
71 83
71 85
71 86
71 88
71 95
71 97
71 101
71 103
71 106
71 109
71 110
71 115
71 116
71 129
71 130
71 134
71 136
71 137
71 139
71 140
71 141
71 142
71 143
71 144
71 145
71 146
71 152
71 153
71 154
71 156
71 157
71 159
71 160
71 161
71 162
71 166
71 170
71 174
71 175
71 176
71 177
71 178
71 180
71 183
71 186
71 187
71 189
71 190
71 191
71 192
71 195
71 196
71 197
71 198
71 199
72 78
72 80
72 86
72 90
72 92
72 94
72 96
72 97
72 98
72 106
72 107
72 108
72 109
72 110
72 111
72 114
72 115
72 116
72 118
72 119
72 120
72 121
72 122
72 123
72 127
72 128
72 129
72 130
72 137
72 140
72 141
72 144
72 146
72 149
72 150
72 151
72 152
72 153
72 154
72 155
72 156
72 157
72 158
72 159
72 160
72 161
72 162
72 163
72 164
72 165
72 166
72 167
72 168
72 169
72 173
72 174
72 180
72 183
72 187
72 189
72 190
72 193
72 197
72 198
73 74
73 76
73 78
73 83
73 84
73 86
73 87
73 88
73 89
73 90
73 91
73 92
73 93
73 94
73 96
73 99
73 103
73 105
73 107
73 110
73 115
73 116
73 117
73 118
73 119
73 120
73 127
73 128
73 129
73 137
73 139
73 145
73 146
73 147
73 153
73 155
73 158
73 159
73 161
73 166
73 168
73 170
73 175
73 177
73 179
73 182
73 183
73 185
73 186
73 189
73 191
73 192
73 193
73 194
73 196
73 197
73 198
74 75
74 77
74 78
74 80
74 83
74 85
74 90
74 95
74 97
74 98
74 99
74 100
74 101
74 103
74 104
74 108
74 110
74 112
74 114
74 115
74 116
74 118
74 120
74 122
74 124
74 128
74 129
74 130
74 131
74 132
74 134
74 135
74 136
74 140
74 142
74 143
74 144
74 145
74 147
74 149
74 157
74 158
74 160
74 161
74 163
74 164
74 165
74 166
74 169
74 170
74 171
74 172
74 176
74 178
74 179
74 182
74 183
74 185
74 186
74 189
74 190
74 191
74 195
74 196
74 199
75 76
75 77
75 78
75 80
75 81
75 82
75 83
75 86
75 88
75 89
75 91
75 92
75 93
75 96
75 100
75 102
75 103
75 106
75 108
75 111
75 113
75 116
75 117
75 118
75 121
75 127
75 129
75 132
75 133
75 134
75 138
75 139
75 142
75 144
75 146
75 151
75 152
75 155
75 156
75 158
75 161
75 162
75 164
75 165
75 170
75 176
75 178
75 182
75 183
75 184
75 185
75 186
75 188
75 190
75 191
75 193
75 194
75 198
76 78
76 79
76 82
76 84
76 85
76 87
76 89
76 90
76 91
76 93
76 96
76 99
76 100
76 103
76 104
76 105
76 106
76 108
76 109
76 113
76 115
76 117
76 120
76 122
76 125
76 129
76 130
76 131
76 134
76 135
76 137
76 140
76 141
76 144
76 146
76 149
76 150
76 151
76 152
76 153
76 154
76 155
76 156
76 158
76 159
76 160
76 161
76 162
76 163
76 166
76 171
76 175
76 176
76 178
76 180
76 181
76 183
76 184
76 185
76 186
76 191
76 192
76 193
76 195
76 196
76 197
77 80
77 82
77 83
77 85
77 87
77 88
77 90
77 92
77 95
77 96
77 97
77 99
77 103
77 108
77 109
77 110
77 111
77 113
77 115
77 118
77 120
77 121
77 125
77 127
77 128
77 132
77 134
77 137
77 138
77 139
77 140
77 141
77 145
77 146
77 148
77 150
77 151
77 153
77 154
77 156
77 157
77 160
77 164
77 166
77 167
77 172
77 173
77 175
77 177
77 178
77 179
77 181
77 184
77 187
77 188
77 189
77 190
77 193
77 198
77 199
78 80
78 82
78 83
78 84
78 87
78 88
78 89
78 90
78 92
78 96
78 97
78 98
78 99
78 100
78 102
78 103
78 104
78 105
78 107
78 109
78 110
78 113
78 117
78 118
78 123
78 124
78 125
78 126
78 127
78 129
78 130
78 132
78 133
78 136
78 137
78 138
78 139
78 140
78 141
78 144
78 146
78 147
78 148
78 149
78 151
78 153
78 155
78 156
78 157
78 158
78 160
78 169
78 171
78 173
78 175
78 178
78 180
78 185
78 186
78 190
78 191
78 192
78 195
78 197
78 198
79 81
79 83
79 84
79 86
79 87
79 90
79 92
79 93
79 94
79 98
79 99
79 110
79 112
79 113
79 115
79 116
79 118
79 119
79 121
79 125
79 126
79 130
79 133
79 134
79 135
79 138
79 139
79 140
79 145
79 147
79 152
79 153
79 154
79 156
79 157
79 158
79 160
79 161
79 163
79 164
79 165
79 169
79 170
79 175
79 178
79 180
79 181
79 183
79 185
79 186
79 188
79 191
79 192
79 193
79 195
79 197
79 199
80 81
80 83
80 84
80 86
80 88
80 92
80 94
80 97
80 98
80 103
80 104
80 107
80 108
80 111
80 113
80 115
80 116
80 117
80 118
80 120
80 122
80 123
80 125
80 126
80 132
80 133
80 134
80 135
80 138
80 139
80 140
80 142
80 144
80 145
80 146
80 147
80 148
80 149
80 150
80 152
80 155
80 156
80 157
80 161
80 162
80 163
80 166
80 168
80 170
80 171
80 172
80 173
80 174
80 176
80 177
80 179
80 182
80 185
80 190
80 191
80 192
80 195
80 196
80 199
81 82
81 83
81 84
81 87
81 91
81 92
81 93
81 94
81 95
81 98
81 100
81 103
81 105
81 106
81 107
81 109
81 110
81 112
81 114
81 118
81 120
81 121
81 122
81 123
81 126
81 128
81 130
81 132
81 134
81 135
81 137
81 139
81 140
81 141
81 142
81 143
81 144
81 146
81 147
81 148
81 149
81 153
81 154
81 155
81 156
81 157
81 158
81 161
81 168
81 169
81 170
81 175
81 177
81 178
81 179
81 181
81 182
81 183
81 184
81 189
81 190
81 192
81 193
82 84
82 85
82 90
82 91
82 92
82 93
82 96
82 98
82 105
82 106
82 107
82 108
82 109
82 113
82 116
82 117
82 118
82 119
82 120
82 121
82 124
82 125
82 126
82 127
82 129
82 130
82 132
82 134
82 136
82 137
82 138
82 145
82 147
82 148
82 150
82 153
82 157
82 160
82 161
82 162
82 164
82 166
82 168
82 169
82 172
82 173
82 175
82 176
82 177
82 179
82 182
82 184
82 185
82 191
82 193
82 197
82 198
83 88
83 92
83 94
83 95
83 101
83 102
83 104
83 108
83 112
83 115
83 116
83 117
83 119
83 120
83 121
83 122
83 123
83 124
83 126
83 127
83 128
83 129
83 130
83 131
83 132
83 135
83 138
83 142
83 146
83 147
83 148
83 150
83 152
83 155
83 156
83 157
83 159
83 160
83 163
83 165
83 167
83 168
83 169
83 171
83 172
83 173
83 178
83 182
83 183
83 184
83 185
83 189
83 191
83 192
83 193
83 195
83 196
84 87
84 88
84 95
84 96
84 99
84 100
84 105
84 107
84 108
84 112
84 114
84 120
84 121
84 122
84 123
84 124
84 125
84 127
84 133
84 135
84 136
84 137
84 142
84 143
84 146
84 147
84 149
84 151
84 152
84 158
84 159
84 161
84 164
84 165
84 167
84 172
84 176
84 177
84 179
84 180
84 181
84 182
84 183
84 184
84 186
84 189
84 190
84 191
84 195
85 86
85 87
85 90
85 92
85 93
85 94
85 95
85 99
85 100
85 106
85 107
85 108
85 109
85 113
85 115
85 116
85 118
85 119
85 120
85 121
85 127
85 128
85 129
85 130
85 131
85 132
85 136
85 138
85 139
85 140
85 141
85 144
85 145
85 147
85 151
85 152
85 156
85 157
85 159
85 161
85 163
85 164
85 166
85 168
85 172
85 173
85 174
85 176
85 178
85 180
85 182
85 183
85 184
85 188
85 189
85 192
85 193
85 194
85 195
85 196
85 199
86 88
86 89
86 91
86 92
86 93
86 96
86 103
86 104
86 105
86 106
86 107
86 108
86 109
86 113
86 117
86 119
86 121
86 123
86 124
86 125
86 126
86 129
86 130
86 131
86 135
86 139
86 143
86 145
86 146
86 147
86 150
86 151
86 153
86 154
86 155
86 161
86 163
86 165
86 166
86 167
86 168
86 169
86 170
86 171
86 173
86 174
86 175
86 177
86 178
86 179
86 181
86 182
86 183
86 184
86 185
86 186
86 187
86 190
86 192
86 193
86 194
86 197
86 198
87 88
87 89
87 90
87 94
87 98
87 100
87 101
87 102
87 107
87 109
87 111
87 113
87 115
87 117
87 120
87 121
87 122
87 124
87 127
87 132
87 133
87 135
87 136
87 137
87 138
87 139
87 140
87 141
87 146
87 148
87 152
87 154
87 157
87 159
87 160
87 161
87 164
87 166
87 168
87 170
87 171
87 172
87 173
87 174
87 175
87 176
87 178
87 180
87 181
87 182
87 183
87 185
87 188
87 189
87 192
87 195
87 197
87 198
87 199
88 89
88 90
88 92
88 98
88 101
88 104
88 106
88 107
88 108
88 111
88 112
88 113
88 114
88 117
88 121
88 122
88 123
88 124
88 126
88 127
88 128
88 129
88 130
88 131
88 134
88 135
88 137
88 138
88 139
88 141
88 144
88 147
88 148
88 150
88 153
88 154
88 156
88 160
88 161
88 163
88 165
88 166
88 169
88 171
88 173
88 175
88 177
88 183
88 184
88 185
88 186
88 187
88 188
88 190
88 195
88 196
88 197
89 90
89 92
89 96
89 97
89 98
89 99
89 100
89 101
89 104
89 105
89 107
89 110
89 112
89 116
89 117
89 120
89 123
89 124
89 127
89 128
89 132
89 135
89 137
89 138
89 139
89 142
89 144
89 146
89 148
89 149
89 150
89 151
89 152
89 153
89 154
89 155
89 160
89 161
89 164
89 166
89 168
89 169
89 172
89 173
89 174
89 175
89 179
89 180
89 187
89 193
89 196
89 197
89 198
90 91
90 93
90 94
90 95
90 97
90 99
90 102
90 103
90 107
90 108
90 112
90 114
90 117
90 123
90 127
90 128
90 129
90 130
90 133
90 134
90 135
90 144
90 145
90 147
90 149
90 151
90 152
90 153
90 157
90 159
90 164
90 165
90 168
90 169
90 171
90 174
90 176
90 178
90 179
90 180
90 183
90 184
90 190
90 191
90 192
90 193
90 196
90 197
90 199
91 94
91 95
91 96
91 99
91 100
91 101
91 105
91 106
91 110
91 111
91 112
91 115
91 116
91 117
91 118
91 121
91 122
91 124
91 125
91 126
91 128
91 130
91 131
91 133
91 134
91 140
91 141
91 142
91 143
91 144
91 145
91 147
91 150
91 151
91 154
91 161
91 162
91 163
91 167
91 169
91 171
91 172
91 174
91 176
91 177
91 178
91 180
91 183
91 184
91 187
91 188
91 193
91 195
91 197
91 199
92 93
92 94
92 97
92 99
92 102
92 108
92 110
92 112
92 113
92 114
92 117
92 119
92 123
92 124
92 125
92 129
92 136
92 137
92 139
92 143
92 144
92 145
92 147
92 148
92 149
92 150
92 154
92 156
92 157
92 159
92 161
92 164
92 166
92 167
92 169
92 171
92 173
92 176
92 178
92 179
92 180
92 181
92 182
92 184
92 186
92 187
92 188
92 189
92 191
92 193
92 197
93 95
93 98
93 100
93 102
93 103
93 105
93 110
93 111
93 112
93 113
93 114
93 117
93 118
93 119
93 122
93 128
93 132
93 133
93 134
93 137
93 139
93 140
93 142
93 143
93 145
93 147
93 150
93 151
93 152
93 165
93 166
93 167
93 171
93 177
93 178
93 179
93 189
93 190
93 193
93 194
93 195
93 196
93 197
93 198
94 101
94 103
94 105
94 107
94 109
94 110
94 113
94 114
94 117
94 118
94 120
94 121
94 125
94 128
94 130
94 132
94 133
94 134
94 136
94 137
94 140
94 141
94 142
94 149
94 151
94 153
94 156
94 157
94 158
94 159
94 163
94 165
94 170
94 171
94 172
94 173
94 175
94 176
94 181
94 182
94 184
94 189
94 190
94 191
94 193
94 194
94 196
94 198
95 99
95 101
95 102
95 103
95 106
95 107
95 108
95 110
95 111
95 116
95 118
95 119
95 121
95 124
95 125
95 128
95 129
95 130
95 132
95 134
95 137
95 144
95 151
95 152
95 153
95 156
95 157
95 158
95 159
95 160
95 164
95 165
95 166
95 167
95 170
95 171
95 172
95 174
95 177
95 178
95 179
95 182
95 183
95 186
95 187
95 188
95 191
95 193
95 196
95 197
95 198
96 99
96 100
96 104
96 105
96 106
96 107
96 110
96 111
96 114
96 119
96 120
96 121
96 122
96 123
96 124
96 126
96 129
96 130
96 132
96 134
96 135
96 136
96 137
96 139
96 143
96 145
96 146
96 147
96 148
96 149
96 153
96 154
96 156
96 157
96 159
96 160
96 161
96 163
96 167
96 169
96 171
96 172
96 174
96 178
96 180
96 181
96 185
96 188
96 192
96 195
96 197
96 198
96 199
97 98
97 100
97 101
97 102
97 103
97 104
97 105
97 106
97 108
97 110
97 112
97 113
97 114
97 115
97 116
97 117
97 119
97 120
97 121
97 122
97 123
97 124
97 125
97 126
97 127
97 130
97 131
97 134
97 135
97 138
97 141
97 144
97 146
97 150
97 153
97 154
97 155
97 158
97 159
97 160
97 162
97 163
97 167
97 169
97 170
97 171
97 172
97 174
97 175
97 176
97 178
97 179
97 185
97 186
97 187
97 188
97 193
97 195
97 196
97 199
98 99
98 105
98 106
98 109
98 111
98 114
98 117
98 118
98 121
98 122
98 123
98 126
98 127
98 128
98 130
98 131
98 133
98 134
98 135
98 136
98 137
98 139
98 140
98 143
98 144
98 148
98 149
98 150
98 151
98 152
98 153
98 155
98 157
98 158
98 160
98 165
98 167
98 170
98 175
98 177
98 179
98 180
98 181
98 182
98 183
98 185
98 186
98 187
98 189
98 194
98 196
98 198
98 199
99 101
99 102
99 103
99 104
99 105
99 106
99 113
99 114
99 117
99 119
99 122
99 124
99 127
99 130
99 132
99 134
99 135
99 136
99 138
99 142
99 143
99 144
99 146
99 147
99 148
99 152
99 156
99 159
99 160
99 161
99 162
99 163
99 165
99 167
99 168
99 169
99 170
99 174
99 178
99 179
99 180
99 181
99 182
99 184
99 185
99 188
99 189
99 194
99 195
99 196
99 197
100 101
100 102
100 106
100 113
100 115
100 116
100 122
100 123
100 124
100 125
100 128
100 129
100 133
100 136
100 137
100 139
100 140
100 141
100 142
100 143
100 144
100 148
100 150
100 152
100 153
100 154
100 156
100 162
100 163
100 165
100 167
100 172
100 173
100 175
100 176
100 177
100 179
100 180
100 183
100 185
100 186
100 187
100 189
100 191
100 192
100 195
100 196
100 197
100 198
101 102
101 103
101 104
101 106
101 107
101 110
101 111
101 112
101 115
101 117
101 118
101 119
101 120
101 121
101 123
101 126
101 127
101 128
101 130
101 132
101 133
101 136
101 138
101 143
101 144
101 150
101 151
101 152
101 155
101 156
101 161
101 163
101 164
101 165
101 168
101 169
101 172
101 173
101 175
101 176
101 178
101 179
101 180
101 181
101 182
101 183
101 186
101 188
101 189
101 192
101 194
101 196
101 198
101 199
102 105
102 109
102 113
102 114
102 115
102 116
102 117
102 118
102 125
102 126
102 127
102 130
102 134
102 135
102 141
102 143
102 148
102 150
102 151
102 155
102 158
102 159
102 160
102 164
102 165
102 166
102 167
102 168
102 169
102 170
102 171
102 172
102 178
102 180
102 182
102 183
102 184
102 185
102 186
102 191
102 192
102 194
102 198
102 199
103 104
103 105
103 106
103 111
103 112
103 113
103 116
103 119
103 121
103 122
103 123
103 124
103 126
103 128
103 129
103 132
103 133
103 136
103 137
103 138
103 139
103 141
103 142
103 143
103 145
103 147
103 155
103 156
103 157
103 158
103 160
103 161
103 164
103 166
103 167
103 169
103 171
103 172
103 174
103 175
103 176
103 178
103 179
103 180
103 182
103 184
103 186
103 189
103 190
103 192
103 194
103 195
103 197
103 198
103 199
104 106
104 107
104 111
104 114
104 116
104 117
104 123
104 127
104 128
104 129
104 130
104 133
104 134
104 135
104 138
104 139
104 141
104 142
104 146
104 148
104 149
104 150
104 151
104 152
104 153
104 157
104 158
104 159
104 160
104 164
104 168
104 169
104 173
104 175
104 181
104 184
104 185
104 189
104 190
104 191
104 192
104 194
104 195
104 196
104 198
104 199
105 109
105 111
105 112
105 113
105 116
105 117
105 119
105 120
105 122
105 131
105 133
105 135
105 138
105 144
105 145
105 147
105 150
105 151
105 154
105 158
105 159
105 160
105 161
105 164
105 165
105 167
105 169
105 173
105 176
105 179
105 180
105 181
105 182
105 183
105 185
105 189
105 190
105 192
105 194
105 196
106 107
106 113
106 114
106 120
106 122
106 125
106 126
106 127
106 128
106 129
106 130
106 131
106 132
106 133
106 134
106 135
106 137
106 138
106 139
106 142
106 144
106 146
106 147
106 152
106 153
106 154
106 155
106 157
106 159
106 161
106 164
106 165
106 170
106 172
106 174
106 175
106 176
106 177
106 178
106 179
106 180
106 183
106 184
106 185
106 189
106 191
106 193
106 195
106 196
106 197
106 198
106 199
107 108
107 114
107 117
107 118
107 119
107 120
107 122
107 123
107 125
107 128
107 130
107 136
107 137
107 138
107 140
107 141
107 142
107 143
107 145
107 147
107 149
107 150
107 151
107 152
107 156
107 159
107 160
107 162
107 166
107 169
107 170
107 171
107 173
107 176
107 177
107 178
107 180
107 182
107 185
107 187
107 188
107 190
107 191
107 192
107 193
107 197
108 109
108 110
108 111
108 119
108 120
108 121
108 122
108 123
108 124
108 130
108 133
108 134
108 135
108 139
108 141
108 142
108 143
108 144
108 145
108 146
108 147
108 148
108 149
108 153
108 154
108 156
108 157
108 158
108 159
108 165
108 166
108 167
108 169
108 171
108 176
108 180
108 182
108 185
108 186
108 191
108 195
108 198
108 199
109 110
109 111
109 115
109 116
109 117
109 119
109 121
109 122
109 125
109 126
109 127
109 129
109 130
109 132
109 136
109 137
109 138
109 141
109 145
109 147
109 154
109 156
109 159
109 160
109 161
109 163
109 165
109 167
109 170
109 172
109 178
109 180
109 182
109 183
109 184
109 187
109 188
109 189
109 190
109 193
109 196
110 112
110 114
110 116
110 117
110 118
110 120
110 121
110 124
110 125
110 126
110 128
110 132
110 133
110 134
110 135
110 136
110 138
110 139
110 141
110 142
110 143
110 146
110 148
110 149
110 150
110 151
110 152
110 157
110 158
110 159
110 162
110 163
110 165
110 166
110 167
110 175
110 180
110 181
110 183
110 188
110 189
110 191
110 192
110 193
110 194
110 198
110 199
111 113
111 114
111 115
111 116
111 118
111 119
111 120
111 121
111 122
111 123
111 125
111 130
111 131
111 134
111 139
111 140
111 141
111 147
111 154
111 156
111 158
111 159
111 161
111 164
111 166
111 167
111 169
111 173
111 175
111 176
111 178
111 179
111 180
111 182
111 188
111 192
111 193
111 194
111 196
111 197
111 198
112 113
112 114
112 115
112 116
112 117
112 120
112 121
112 122
112 124
112 131
112 132
112 133
112 134
112 135
112 138
112 141
112 145
112 147
112 149
112 150
112 151
112 152
112 153
112 154
112 155
112 160
112 162
112 163
112 165
112 166
112 167
112 172
112 173
112 175
112 176
112 178
112 179
112 180
112 181
112 182
112 186
112 190
112 195
113 116
113 117
113 120
113 123
113 126
113 127
113 129
113 131
113 132
113 134
113 135
113 140
113 146
113 149
113 151
113 153
113 154
113 157
113 158
113 160
113 167
113 171
113 173
113 177
113 178
113 181
113 192
113 193
113 194
113 196
113 198
113 199
114 115
114 116
114 117
114 119
114 121
114 125
114 127
114 128
114 129
114 132
114 136
114 137
114 139
114 141
114 142
114 143
114 145
114 149
114 150
114 151
114 152
114 159
114 162
114 166
114 171
114 172
114 173
114 174
114 176
114 177
114 183
114 186
114 188
114 190
114 191
114 194
114 195
114 196
114 198
114 199
115 116
115 117
115 119
115 120
115 123
115 124
115 125
115 128
115 129
115 130
115 131
115 132
115 139
115 140
115 141
115 143
115 145
115 146
115 147
115 148
115 149
115 150
115 151
115 152
115 156
115 157
115 158
115 159
115 160
115 163
115 164
115 165
115 166
115 168
115 173
115 174
115 176
115 178
115 183
115 184
115 185
115 186
115 190
115 192
115 195
115 197
115 198
115 199
116 119
116 121
116 122
116 123
116 125
116 128
116 130
116 131
116 132
116 133
116 135
116 136
116 137
116 138
116 140
116 143
116 146
116 150
116 151
116 156
116 157
116 159
116 163
116 166
116 167
116 168
116 170
116 173
116 174
116 175
116 176
116 177
116 181
116 183
116 189
116 191
116 195
116 199
117 118
117 119
117 123
117 124
117 126
117 129
117 133
117 134
117 139
117 141
117 143
117 146
117 147
117 148
117 150
117 151
117 154
117 160
117 162
117 168
117 174
117 175
117 178
117 180
117 182
117 184
117 185
117 186
117 187
117 188
117 192
117 193
117 195
118 120
118 122
118 125
118 126
118 130
118 133
118 134
118 135
118 137
118 138
118 139
118 143
118 144
118 145
118 147
118 148
118 150
118 151
118 153
118 155
118 156
118 157
118 158
118 161
118 163
118 166
118 169
118 170
118 172
118 177
118 180
118 182
118 184
118 185
118 188
118 189
118 190
118 192
118 193
118 195
119 120
119 121
119 122
119 124
119 127
119 128
119 129
119 130
119 131
119 135
119 138
119 141
119 142
119 143
119 144
119 152
119 153
119 154
119 155
119 158
119 160
119 161
119 162
119 166
119 170
119 171
119 172
119 175
119 176
119 177
119 183
119 186
119 189
119 191
119 192
119 193
119 194
119 195
119 196
120 127
120 131
120 132
120 133
120 134
120 135
120 138
120 139
120 140
120 142
120 145
120 146
120 150
120 152
120 153
120 154
120 157
120 158
120 161
120 164
120 165
120 168
120 173
120 176
120 180
120 181
120 182
120 183
120 184
120 186
120 189
120 190
120 192
120 193
120 195
120 197
120 198
121 122
121 124
121 126
121 130
121 131
121 133
121 135
121 139
121 140
121 141
121 142
121 143
121 145
121 147
121 148
121 150
121 151
121 153
121 154
121 155
121 157
121 160
121 162
121 164
121 165
121 168
121 171
121 173
121 174
121 175
121 176
121 178
121 179
121 181
121 183
121 189
121 190
121 195
121 197
122 126
122 128
122 129
122 130
122 132
122 133
122 134
122 136
122 138
122 140
122 143
122 144
122 146
122 148
122 149
122 150
122 152
122 156
122 158
122 160
122 161
122 163
122 166
122 167
122 168
122 169
122 170
122 171
122 172
122 175
122 179
122 180
122 182
122 184
122 187
122 189
122 192
122 195
122 196
122 199
123 124
123 125
123 127
123 128
123 134
123 135
123 138
123 139
123 140
123 143
123 144
123 147
123 148
123 150
123 156
123 158
123 161
123 162
123 164
123 165
123 166
123 168
123 169
123 171
123 172
123 174
123 175
123 177
123 179
123 180
123 181
123 182
123 184
123 185
123 188
123 194
123 195
123 196
123 197
124 125
124 127
124 129
124 134
124 135
124 137
124 138
124 142
124 146
124 147
124 148
124 149
124 150
124 154
124 155
124 156
124 160
124 161
124 163
124 164
124 166
124 167
124 169
124 173
124 175
124 180
124 181
124 183
124 184
124 194
124 196
124 197
124 198
124 199
125 128
125 133
125 136
125 138
125 140
125 142
125 144
125 145
125 148
125 149
125 151
125 156
125 157
125 158
125 159
125 160
125 162
125 164
125 165
125 167
125 170
125 176
125 177
125 178
125 180
125 183
125 185
125 186
125 187
125 193
125 194
125 196
125 197
126 131
126 132
126 133
126 134
126 135
126 136
126 137
126 143
126 144
126 147
126 151
126 154
126 156
126 157
126 160
126 162
126 163
126 164
126 165
126 166
126 168
126 169
126 170
126 174
126 176
126 179
126 180
126 185
126 186
126 187
126 188
126 189
126 193
126 195
126 199
127 128
127 129
127 130
127 132
127 136
127 139
127 141
127 143
127 144
127 145
127 146
127 147
127 148
127 149
127 150
127 155
127 156
127 157
127 160
127 162
127 166
127 167
127 168
127 169
127 170
127 172
127 173
127 182
127 184
127 185
127 187
127 188
127 190
127 191
127 192
127 196
127 198
128 133
128 135
128 136
128 137
128 138
128 139
128 140
128 141
128 145
128 146
128 147
128 149
128 150
128 153
128 155
128 156
128 160
128 161
128 164
128 166
128 167
128 168
128 170
128 175
128 179
128 185
128 190
128 194
128 195
128 196
129 130
129 131
129 133
129 134
129 139
129 141
129 142
129 144
129 145
129 146
129 147
129 150
129 151
129 152
129 154
129 157
129 159
129 160
129 163
129 165
129 168
129 170
129 172
129 175
129 176
129 178
129 180
129 181
129 182
129 183
129 184
129 185
129 186
129 188
129 193
129 194
129 199
130 132
130 134
130 135
130 137
130 140
130 141
130 143
130 145
130 147
130 149
130 150
130 153
130 154
130 155
130 156
130 157
130 160
130 161
130 162
130 164
130 165
130 168
130 169
130 172
130 173
130 174
130 175
130 177
130 180
130 181
130 183
130 187
130 188
130 189
130 190
130 191
130 192
130 195
130 198
131 132
131 133
131 136
131 137
131 138
131 139
131 140
131 147
131 149
131 153
131 157
131 160
131 166
131 167
131 168
131 169
131 170
131 172
131 175
131 178
131 182
131 184
131 185
131 186
131 188
131 189
131 190
131 193
131 195
131 197
131 198
132 135
132 136
132 139
132 141
132 143
132 144
132 146
132 149
132 153
132 154
132 155
132 157
132 159
132 160
132 162
132 163
132 166
132 167
132 168
132 172
132 174
132 177
132 178
132 179
132 180
132 181
132 186
132 187
132 190
132 191
132 192
132 194
132 196
132 197
132 199
133 137
133 140
133 141
133 145
133 146
133 148
133 152
133 153
133 157
133 160
133 163
133 165
133 167
133 172
133 173
133 175
133 176
133 182
133 185
133 188
133 190
133 192
133 193
133 194
133 195
134 135
134 137
134 139
134 141
134 142
134 143
134 144
134 146
134 147
134 148
134 149
134 151
134 152
134 154
134 156
134 160
134 161
134 162
134 163
134 164
134 168
134 169
134 170
134 171
134 172
134 173
134 177
134 179
134 183
134 184
134 185
134 187
134 189
134 193
134 194
135 136
135 138
135 139
135 141
135 142
135 144
135 147
135 151
135 152
135 156
135 159
135 161
135 163
135 164
135 169
135 170
135 171
135 174
135 177
135 178
135 179
135 182
135 188
135 190
135 194
135 195
135 196
135 199
136 137
136 143
136 147
136 148
136 149
136 150
136 153
136 154
136 156
136 157
136 161
136 162
136 163
136 166
136 169
136 171
136 172
136 174
136 175
136 177
136 181
136 183
136 185
136 188
136 189
136 191
136 194
136 195
136 197
136 198
137 139
137 142
137 148
137 153
137 154
137 158
137 159
137 162
137 165
137 166
137 169
137 170
137 171
137 172
137 173
137 174
137 175
137 176
137 177
137 178
137 181
137 182
137 183
137 184
137 187
137 188
137 189
137 193
137 195
137 197
138 139
138 140
138 142
138 145
138 148
138 149
138 150
138 152
138 155
138 156
138 157
138 158
138 159
138 162
138 165
138 166
138 170
138 173
138 174
138 178
138 179
138 180
138 184
138 187
138 188
138 192
138 193
138 197
138 198
139 140
139 142
139 145
139 146
139 152
139 153
139 154
139 157
139 158
139 160
139 161
139 162
139 163
139 164
139 171
139 172
139 173
139 174
139 176
139 178
139 179
139 183
139 184
139 187
139 190
139 193
139 197
140 141
140 142
140 144
140 147
140 148
140 149
140 150
140 155
140 156
140 158
140 161
140 162
140 165
140 166
140 169
140 172
140 173
140 179
140 180
140 185
140 186
140 189
140 191
140 192
140 195
140 199
141 142
141 144
141 145
141 148
141 150
141 153
141 154
141 157
141 159
141 160
141 161
141 163
141 165
141 166
141 167
141 171
141 173
141 174
141 175
141 176
141 179
141 181
141 184
141 185
141 186
141 187
141 190
141 191
141 193
142 145
142 146
142 147
142 148
142 149
142 150
142 151
142 155
142 160
142 162
142 165
142 166
142 172
142 173
142 177
142 180
142 181
142 182
142 184
142 185
142 186
142 189
142 190
142 191
142 193
142 194
142 195
142 197
142 199
143 146
143 147
143 149
143 150
143 152
143 156
143 157
143 160
143 161
143 167
143 170
143 171
143 174
143 176
143 177
143 179
143 183
143 184
143 186
143 188
143 189
143 190
143 192
143 193
143 195
143 197
143 198
144 145
144 149
144 150
144 151
144 152
144 153
144 156
144 158
144 160
144 161
144 162
144 164
144 165
144 166
144 168
144 170
144 171
144 173
144 174
144 177
144 181
144 182
144 183
144 184
144 188
144 189
144 191
144 193
144 194
144 196
144 197
144 199
145 147
145 149
145 150
145 152
145 154
145 157
145 161
145 162
145 163
145 165
145 170
145 171
145 174
145 175
145 177
145 178
145 180
145 181
145 183
145 186
145 187
145 188
145 191
145 196
145 198
146 149
146 151
146 153
146 154
146 156
146 159
146 162
146 166
146 168
146 169
146 170
146 171
146 173
146 175
146 176
146 177
146 178
146 179
146 187
146 190
146 192
146 195
146 196
146 199
147 148
147 150
147 151
147 153
147 157
147 158
147 160
147 163
147 164
147 165
147 166
147 167
147 168
147 169
147 170
147 171
147 172
147 174
147 175
147 176
147 177
147 182
147 184
147 185
147 188
147 190
147 192
147 194
147 195
147 196
147 197
147 199
148 151
148 152
148 153
148 154
148 156
148 157
148 158
148 159
148 160
148 161
148 164
148 166
148 167
148 168
148 169
148 170
148 173
148 174
148 175
148 178
148 179
148 181
148 182
148 183
148 187
148 189
148 195
149 150
149 151
149 153
149 156
149 159
149 160
149 165
149 166
149 167
149 168
149 169
149 170
149 172
149 173
149 174
149 175
149 176
149 182
149 183
149 184
149 186
149 187
149 189
149 190
149 194
149 195
149 196
149 197
149 198
150 151
150 152
150 153
150 154
150 157
150 158
150 160
150 161
150 163
150 164
150 165
150 168
150 172
150 174
150 176
150 178
150 181
150 183
150 188
150 189
150 190
150 194
150 195
150 197
150 198
151 155
151 156
151 159
151 160
151 161
151 163
151 171
151 172
151 174
151 175
151 177
151 179
151 180
151 181
151 183
151 185
151 186
151 187
151 192
151 196
151 197
152 153
152 156
152 157
152 160
152 161
152 164
152 165
152 166
152 167
152 168
152 172
152 175
152 176
152 180
152 181
152 182
152 183
152 185
152 186
152 188
152 189
152 193
152 196
152 197
152 199
153 154
153 155
153 157
153 163
153 167
153 169
153 172
153 174
153 175
153 176
153 178
153 179
153 180
153 182
153 186
153 188
153 189
153 190
153 193
153 196
153 199
154 155
154 156
154 157
154 159
154 160
154 161
154 162
154 163
154 164
154 165
154 167
154 168
154 170
154 171
154 172
154 182
154 186
154 187
154 189
154 190
154 191
154 192
154 194
154 195
154 196
155 161
155 163
155 164
155 167
155 169
155 173
155 177
155 178
155 179
155 181
155 183
155 186
155 187
155 188
155 193
155 194
155 197
155 198
156 157
156 158
156 163
156 165
156 166
156 168
156 169
156 170
156 173
156 178
156 179
156 181
156 182
156 183
156 184
156 185
156 187
156 188
156 189
156 192
156 193
156 195
156 198
157 159
157 163
157 164
157 165
157 166
157 167
157 170
157 173
157 174
157 175
157 180
157 181
157 183
157 184
157 185
157 187
157 189
157 193
157 195
157 196
157 197
157 198
158 159
158 160
158 161
158 162
158 168
158 171
158 173
158 175
158 177
158 178
158 180
158 181
158 184
158 187
158 189
158 191
158 192
158 195
158 197
158 198
158 199
159 160
159 162
159 163
159 164
159 165
159 166
159 167
159 173
159 175
159 176
159 178
159 179
159 180
159 181
159 182
159 184
159 185
159 186
159 187
159 191
159 193
159 199
160 161
160 162
160 164
160 167
160 168
160 169
160 171
160 173
160 174
160 175
160 177
160 179
160 180
160 182
160 185
160 187
160 188
160 189
160 192
160 193
160 194
160 196
160 199
161 162
161 164
161 165
161 168
161 173
161 176
161 177
161 181
161 182
161 183
161 185
161 186
161 188
161 189
161 193
162 163
162 164
162 169
162 170
162 172
162 173
162 175
162 176
162 177
162 178
162 180
162 183
162 184
162 188
162 189
162 192
162 196
163 166
163 168
163 173
163 177
163 178
163 181
163 183
163 184
163 186
163 187
163 188
163 191
163 194
163 195
163 198
164 165
164 167
164 168
164 169
164 170
164 176
164 185
164 193
164 195
164 196
164 197
164 199
165 166
165 167
165 168
165 169
165 173
165 175
165 176
165 179
165 181
165 184
165 186
165 187
165 193
165 195
165 197
165 198
165 199
166 167
166 169
166 170
166 172
166 173
166 179
166 180
166 181
166 185
166 187
166 188
166 189
166 190
166 193
166 194
166 195
166 199
167 168
167 169
167 171
167 172
167 175
167 179
167 181
167 182
167 185
167 186
167 187
167 188
167 189
167 190
167 191
167 195
167 198
167 199
168 171
168 174
168 175
168 176
168 178
168 181
168 182
168 183
168 184
168 189
168 191
168 196
168 197
169 170
169 172
169 175
169 176
169 178
169 180
169 183
169 188
169 193
169 196
169 197
169 199
170 175
170 176
170 177
170 178
170 179
170 181
170 182
170 186
170 187
170 188
170 189
170 191
170 192
170 194
170 195
170 196
170 198
171 174
171 176
171 178
171 179
171 180
171 182
171 183
171 184
171 185
171 190
171 191
171 194
171 195
171 199
172 175
172 176
172 179
172 181
172 182
172 183
172 186
172 187
172 188
172 189
172 192
172 196
172 197
172 198
173 182
173 184
173 186
173 188
173 190
173 192
173 193
173 194
173 195
173 196
174 175
174 178
174 182
174 183
174 185
174 186
174 187
174 188
174 189
174 193
174 194
174 195
174 199
175 181
175 182
175 183
175 186
175 187
175 189
175 190
175 195
175 196
175 198
175 199
176 179
176 180
176 182
176 183
176 184
176 185
176 186
176 187
176 188
176 191
176 195
176 196
176 197
176 198
176 199
177 180
177 181
177 183
177 184
177 185
177 187
177 190
177 194
177 195
177 197
177 199
178 179
178 180
178 184
178 185
178 187
178 188
178 189
178 191
178 195
178 197
178 199
179 180
179 181
179 184
179 187
179 188
179 192
179 195
179 196
179 197
179 199
180 182
180 187
180 189
180 190
180 191
180 192
180 193
180 194
180 196
180 198
180 199
181 184
181 185
181 189
181 190
181 191
181 192
181 194
181 195
181 197
181 198
181 199
182 183
182 185
182 186
182 188
182 190
182 191
182 192
182 193
182 194
182 196
182 197
183 184
183 188
183 189
183 191
183 193
183 196
183 197
183 198
183 199
184 190
184 191
184 192
184 193
184 198
185 186
185 187
185 191
185 195
185 197
185 198
185 199
186 188
186 189
186 191
186 192
186 193
186 194
187 188
187 190
187 192
187 194
187 196
187 198
188 192
188 193
188 194
188 197
188 199
189 190
189 192
189 193
189 196
189 197
189 199
190 191
190 194
190 195
190 196
190 198
190 199
191 193
191 196
191 197
191 198
192 195
192 196
192 198
192 199
193 194
193 195
193 196
194 195
194 199
195 196
195 197
195 199
196 197
196 199
197 199
198 199

1 0 0 0 1 1 1 1 1 1 0 1 1 0 1 1 1 0 1 0 0 1 1 1 1 0 1 0 0 0 0 0 1 1 0 0 1 0 0 0 1 0 0 0 1 1 1 1 0 1 1 1 0 1 0 1 0 0 1 1 1 1 0 1 0 0 0 1 0 1 0 1 0 1 1 0 0 1 0 0 0 0 0 0 0 1 1 1 1 0 1 0 0 1 1 1 0 1 0 1 0 0 0 0 1 0 0 0 1 0 0 0 0 1 1 0 0 0 0 0 0 0 0 0 1 1 1 0 0 0 0 1 0 1 1 1 1 0 1 1 0 0 0 1 0 0 1 0 1 1 1 0 1 1 1 0 0 0 0 1 0 1 1 0 0 1 1 1 1 1 1 1 1 1 0 1 0 1 0 0 0 0 1 0 1 0 1 0 1 1 1 0 1 1 1 0 1 1 0 1