50 240
0 1 2 3 4 5 6 7 8 9 10 11 12 13 14 15 16 17 18 19 20 21 22 23 24 25 26 27 28 29 30 31 32 33 34 35 36 37 38 39 40 41 42 43 44 45 46 47 48 49
0 1
0 8
0 13
0 18
0 20
0 22
0 23
0 24
0 26
0 27
0 41
0 43
0 45
0 49
1 24
1 29
1 30
1 32
1 40
1 43
2 13
2 14
2 17
2 27
2 37
2 38
2 40
2 41
2 45
2 47
3 4
3 11
3 28
3 33
3 39
3 40
3 42
3 47
3 48
4 6
4 15
4 17
4 24
4 29
4 43
4 48
4 49
5 7
5 14
5 17
5 28
5 38
5 41
5 45
5 47
6 13
6 31
6 33
6 39
6 42
6 46
7 13
7 19
7 20
7 23
7 25
7 26
7 33
7 43
8 23
8 25
8 28
9 11
9 13
9 16
9 19
9 24
9 26
9 27
9 29
9 31
9 34
9 41
9 47
9 48
10 13
10 16
10 21
10 22
10 27
10 30
10 40
10 44
10 47
11 13
11 14
11 15
11 39
12 18
12 28
12 29
12 30
12 31
12 34
12 40
12 44
13 15
13 28
14 15
14 19
14 20
14 31
14 32
14 35
14 46
15 21
15 23
15 26
15 28
15 35
15 38
15 39
15 44
15 46
15 48
16 17
16 18
16 31
16 33
16 40
17 20
17 21
17 31
17 37
17 47
17 48
18 20
18 25
18 34
18 40
18 46
19 27
19 35
19 37
19 42
19 44
20 29
20 30
20 33
20 34
20 44
20 49
21 25
21 26
21 29
21 32
21 40
21 47
21 49
22 27
22 46
23 26
23 41
23 42
23 43
23 46
24 36
24 46
25 26
25 28
25 38
25 40
25 41
25 42
26 27
26 29
26 30
26 33
26 34
26 44
26 46
26 49
27 29
27 36
27 41
27 44
28 29
28 40
28 44
28 47
29 35
29 37
29 43
29 44
29 48
30 31
30 36
30 37
30 38
30 41
30 46
30 48
31 32
31 35
31 36
31 40
31 42
31 47
31 48
31 49
32 33
32 35
32 41
32 43
32 47
33 36
33 42
33 45
33 47
34 36
34 46
34 48
35 36
35 37
35 48
35 49
36 47
37 43
37 46
37 49
38 45
40 47
41 42
41 47
42 49
43 44
43 45
45 49
47 49
48 49

0 0 0 0 0 1 1 1 0 0 1 0 0 0 0 1 1 0 0 1 0 1 1 1 1 1 0 0 1 0 0 0 0 1 0 1 0 1 1 1 1 1 0 0 1 1 0 1 1 1