150 1099
0 1 2 3 4 5 6 7 8 9 10 11 12 13 14 15 16 17 18 19 20 21 22 23 24 25 26 27 28 29 30 31 32 33 34 35 36 37 38 39 40 41 42 43 44 45 46 47 48 49 50 51 52 53 54 55 56 57 58 59 60 61 62 63 64 65 66 67 68 69 70 71 72 73 74 75 76 77 78 79 80 81 82 83 84 85 86 87 88 89 90 91 92 93 94 95 96 97 98 99 100 101 102 103 104 105 106 107 108 109 110 111 112 113 114 115 116 117 118 119 120 121 122 123 124 125 126 127 128 129 130 131 132 133 134 135 136 137 138 139 140 141 142 143 144 145 146 147 148 149
0 4
0 35
0 36
0 71
0 80
0 83
0 86
0 94
0 96
0 120
0 135
0 142
1 2
1 8
1 17
1 23
1 25
1 44
1 57
1 60
1 72
1 89
1 93
1 102
1 104
1 108
1 116
2 11
2 14
2 49
2 61
2 62
2 70
2 78
2 86
2 88
2 104
2 110
2 123
2 129
2 131
2 133
3 6
3 13
3 34
3 39
3 57
3 66
3 96
3 102
3 114
3 120
3 128
3 129
4 7
4 13
4 19
4 50
4 52
4 55
4 61
4 62
4 78
4 91
4 93
4 98
4 131
5 9
5 31
5 41
5 56
5 62
5 68
5 69
5 79
5 81
5 93
5 97
5 100
5 104
5 115
5 125
5 138
5 149
6 11
6 39
6 44
6 61
6 65
6 69
6 80
6 100
6 105
6 108
6 131
6 144
6 148
7 36
7 43
7 57
7 58
7 60
7 64
7 65
7 67
7 76
7 79
7 83
7 86
7 87
7 111
7 112
7 124
7 125
7 128
7 140
7 147
8 10
8 15
8 27
8 46
8 51
8 56
8 60
8 62
8 63
8 87
8 103
8 136
8 149
9 10
9 12
9 18
9 27
9 70
9 73
9 75
9 79
9 82
9 89
9 93
9 116
9 146
10 12
10 18
10 56
10 57
10 60
10 69
10 77
10 99
10 114
10 126
10 129
10 134
10 139
10 145
10 148
11 22
11 28
11 32
11 87
11 93
11 134
11 137
12 15
12 60
12 78
12 83
12 87
12 90
12 100
12 101
12 106
12 107
12 112
12 115
12 135
12 149
13 18
13 36
13 40
13 80
13 83
13 92
13 94
13 97
13 99
13 100
13 102
13 121
13 126
13 143
14 48
14 59
14 61
14 68
14 69
14 70
14 72
14 77
14 87
14 96
14 99
14 103
14 113
14 118
14 123
14 124
14 126
14 137
14 139
14 140
14 142
14 145
14 148
14 149
15 24
15 25
15 33
15 36
15 47
15 48
15 59
15 62
15 63
15 70
15 74
15 99
15 102
15 119
15 131
15 136
15 139
15 142
15 144
16 19
16 38
16 51
16 80
16 84
16 94
16 109
16 114
16 120
16 130
16 139
16 144
16 145
16 149
17 19
17 24
17 27
17 43
17 46
17 63
17 68
17 90
17 113
17 123
17 125
17 130
17 136
17 145
18 26
18 28
18 33
18 52
18 56
18 58
18 68
18 93
18 95
18 119
18 120
18 131
18 135
19 34
19 36
19 50
19 52
19 59
19 63
19 64
19 69
19 80
19 86
19 99
19 109
19 118
19 121
19 123
19 145
19 147
20 33
20 48
20 51
20 58
20 62
20 68
20 76
20 96
20 100
20 116
20 120
20 127
20 129
20 142
21 47
21 55
21 70
21 78
21 91
21 99
21 100
21 107
21 118
21 119
21 121
21 141
21 143
21 147
22 26
22 27
22 33
22 39
22 53
22 78
22 103
22 113
22 124
22 130
22 134
22 144
23 40
23 41
23 43
23 70
23 90
23 91
23 113
23 124
23 126
23 145
24 32
24 36
24 41
24 48
24 57
24 66
24 78
24 98
24 99
24 129
24 141
25 27
25 29
25 34
25 47
25 58
25 63
25 66
25 75
25 99
25 101
25 110
25 111
25 121
25 128
25 139
26 50
26 57
26 59
26 64
26 65
26 123
26 126
26 144
27 36
27 45
27 56
27 57
27 59
27 74
27 84
27 92
27 94
27 131
27 142
27 144
28 46
28 62
28 68
28 69
28 72
28 75
28 78
28 79
28 80
28 82
28 92
28 95
28 99
28 101
28 114
28 117
28 136
29 30
29 37
29 57
29 63
29 65
29 66
29 79
29 95
29 102
29 112
29 125
29 134
29 149
30 33
30 36
30 39
30 48
30 56
30 61
30 65
30 81
30 96
30 97
30 108
30 127
30 138
30 145
31 35
31 68
31 84
31 99
31 128
31 146
32 46
32 71
32 74
32 80
32 85
32 98
32 103
32 119
32 131
32 134
32 138
32 143
32 149
33 54
33 64
33 67
33 74
33 84
33 94
33 112
33 128
33 132
33 139
33 146
34 44
34 47
34 57
34 58
34 68
34 81
34 91
34 106
34 110
34 116
34 122
34 123
34 124
34 125
34 146
35 47
35 58
35 67
35 75
35 107
35 117
35 121
35 122
35 123
35 130
35 131
35 132
35 133
35 136
35 145
35 148
36 38
36 40
36 42
36 57
36 58
36 61
36 63
36 78
36 81
36 85
36 92
36 93
36 122
36 131
36 144
37 42
37 61
37 94
37 99
37 102
37 107
37 115
37 128
37 140
37 147
38 42
38 71
38 85
38 86
38 99
38 111
38 112
38 113
38 122
38 125
38 130
38 137
38 142
39 46
39 51
39 62
39 68
39 70
39 87
39 89
39 97
39 108
39 120
39 130
39 143
40 57
40 70
40 78
40 88
40 104
40 110
40 114
40 116
40 118
40 126
40 128
40 130
40 133
40 136
40 138
40 146
41 57
41 79
41 87
41 97
41 113
41 143
42 48
42 57
42 66
42 69
42 75
42 78
42 97
42 104
42 125
43 55
43 59
43 70
43 73
43 78
43 91
43 101
43 106
43 117
43 146
43 148
44 56
44 67
44 69
45 49
45 50
45 52
45 79
45 80
45 86
45 93
45 102
45 130
46 60
46 64
46 65
46 72
46 96
46 121
46 137
46 142
46 146
47 64
47 70
47 79
47 87
47 93
47 106
47 125
47 129
48 51
48 60
48 62
48 92
48 129
49 50
49 56
49 57
49 96
49 105
49 117
49 127
49 133
50 59
50 65
50 72
50 88
50 89
50 95
50 99
50 117
50 120
50 127
50 141
51 57
51 64
51 86
51 98
51 102
51 120
51 126
51 145
52 62
52 65
52 73
52 94
52 96
52 109
52 123
52 127
52 129
52 144
52 145
52 148
52 149
53 56
53 57
53 61
53 68
53 70
53 71
53 78
53 86
53 99
53 124
53 131
53 144
54 58
54 59
54 88
54 96
54 114
54 116
54 131
54 147
55 60
55 61
55 64
55 77
55 80
55 88
55 97
55 99
55 106
55 114
55 127
55 135
55 139
56 77
56 82
56 85
56 87
56 96
56 98
56 102
56 120
56 132
56 135
56 144
56 148
57 69
57 84
57 107
57 114
57 115
57 121
57 142
57 146
57 148
58 74
58 75
58 91
58 110
58 121
58 131
58 146
59 63
59 81
59 91
59 99
60 67
60 68
60 82
60 103
60 104
60 127
60 131
61 70
61 74
61 76
61 82
61 87
61 96
61 131
61 142
62 76
62 91
62 96
62 98
62 107
62 124
62 127
62 130
62 133
62 135
62 148
63 69
63 74
63 82
63 101
63 111
63 138
64 73
64 87
64 141
65 75
65 77
65 82
65 98
65 109
65 118
65 121
65 136
66 77
66 85
66 86
66 88
66 89
66 93
66 107
66 110
66 128
66 143
66 147
67 69
67 80
67 103
67 104
67 107
67 140
68 84
68 87
68 92
68 100
68 113
69 72
69 101
69 134
69 139
69 143
70 76
70 83
70 99
70 109
70 112
70 114
70 124
70 128
70 129
70 142
70 148
71 83
71 105
71 112
72 119
73 90
73 100
73 114
73 121
73 122
73 146
74 77
74 84
74 88
74 96
74 105
74 106
74 110
74 114
74 120
74 136
74 139
74 142
75 81
75 84
75 86
75 87
75 96
75 101
75 102
75 110
75 114
75 131
75 133
75 135
75 141
76 81
76 93
76 94
76 97
76 107
76 116
76 137
76 142
76 145
77 80
77 85
77 88
77 89
77 100
77 111
77 114
77 130
77 138
77 139
77 145
78 83
78 105
79 81
79 96
79 99
79 100
79 113
79 129
79 131
79 142
80 82
80 96
80 102
80 105
80 106
80 115
80 118
80 123
81 89
81 98
81 106
81 107
81 112
81 114
81 120
81 128
81 130
81 140
81 146
81 147
82 127
83 98
83 99
83 105
83 108
83 115
83 122
83 147
84 86
84 89
84 94
84 96
84 99
84 108
84 111
84 114
84 121
84 138
84 142
85 118
85 122
85 124
85 126
85 138
85 140
86 119
86 143
87 93
87 104
87 142
88 127
88 134
88 135
89 95
89 101
89 115
89 118
89 124
89 138
89 140
90 99
90 101
90 102
90 106
90 107
90 108
90 111
90 113
90 114
90 122
90 129
90 136
90 143
91 92
91 96
91 103
91 117
92 94
92 133
92 137
92 140
93 111
93 115
93 125
93 130
93 139
93 140
94 96
94 109
94 126
94 131
94 134
94 135
95 124
95 138
95 144
96 112
96 114
96 137
96 141
97 101
97 102
97 114
97 118
97 123
97 129
97 137
98 102
98 105
98 109
98 117
98 125
98 127
98 138
99 109
99 120
99 130
99 134
100 102
100 105
100 108
100 122
100 132
100 137
101 106
101 107
101 109
101 119
101 136
101 146
102 113
102 137
103 122
103 124
103 129
103 138
103 141
103 147
104 115
104 134
104 136
104 140
104 145
105 122
105 125
105 138
105 146
106 112
106 132
107 109
107 112
107 114
107 130
108 116
108 118
108 126
108 127
108 136
108 147
109 110
109 115
109 125
109 128
109 144
111 112
111 113
111 133
112 127
112 139
113 114
113 123
113 127
113 143
114 127
114 129
114 135
115 120
115 145
116 120
116 131
116 145
117 134
117 139
117 144
118 126
118 127
118 134
118 136
119 124
119 133
119 140
120 122
120 129
121 135
121 141
121 144
122 125
123 128
123 130
123 148
124 132
124 134
124 136
125 132
125 143
125 144
126 146
127 146
128 132
129 135
129 141
129 143
130 140
132 149
133 136
133 140
133 147
133 148
134 142
134 149
135 142
137 147
138 139
139 141
141 149
142 149
144 145

1 0 0 0 1 0 0 0 0 0 0 0 1 0 1 0 0 0 1 0 0 0 0 0 1 0 0 1 0 0 0 1 0 1 1 1 1 0 1 0 1 1 1 0 1 1 0 0 0 0 1 0 1 1 1 1 0 1 0 1 1 1 0 1 1 0 0 1 1 1 1 1 1 0 0 0 0 1 0 1 1 1 1 1 1 1 1 0 1 1 1 1 0 0 1 1 0 1 0 0 0 1 1 0 1 1 0 0 1 0 0 0 1 1 0 0 0 1 1 1 0 1 0 1 1 0 0 0 0 0 0 1 0 1 1 1 0 1 0 1 1 1 0 1 0 1 0 1 0 0