20 97
0 1 2 3 4 5 6 7 8 9 10 11 12 13 14 15 16 17 18 19
0 2
0 4
0 6
0 8
0 9
0 10
0 11
0 12
0 13
0 14
0 19
1 2
1 3
1 7
1 8
1 12
1 14
1 15
1 16
2 3
2 5
2 9
2 10
2 12
2 15
2 16
2 17
3 4
3 5
3 6
3 8
3 13
3 14
3 15
3 19
4 5
4 7
4 10
4 11
4 12
4 13
4 15
4 16
4 17
5 6
5 7
5 9
5 11
5 15
5 16
5 17
6 9
6 10
6 11
6 12
6 15
6 18
7 9
7 11
7 13
7 14
7 15
7 18
7 19
8 9
8 10
8 11
8 12
8 13
8 14
9 10
9 12
9 13
9 14
9 17
9 19
10 11
11 15
11 17
12 15
12 16
12 17
12 18
12 19
13 14
13 15
13 18
13 19
14 15
14 16
14 18
14 19
15 16
16 17
16 18
16 19
18 19

1 1 0 1 0 1 1 1 0 1 1 0 0 0 1 0 0 0 1 0