50 223
0 1 2 3 4 5 6 7 8 9 10 11 12 13 14 15 16 17 18 19 20 21 22 23 24 25 26 27 28 29 30 31 32 33 34 35 36 37 38 39 40 41 42 43 44 45 46 47 48 49
0 2
0 7
0 8
0 9
0 32
0 44
0 45
0 47
0 48
1 11
1 14
1 16
1 24
1 25
1 35
1 36
1 42
2 23
2 30
2 31
2 33
2 34
2 39
2 42
3 9
3 12
3 17
3 24
3 25
3 39
3 41
3 45
4 7
4 11
4 16
4 22
4 26
4 32
4 33
4 35
4 44
5 7
5 17
5 21
5 39
6 10
6 15
6 16
6 22
6 31
6 37
6 43
7 8
7 9
7 17
7 31
7 34
7 36
7 43
7 44
7 45
7 48
7 49
8 14
8 17
8 18
8 26
8 33
8 42
8 47
9 16
9 21
9 28
9 46
10 12
10 15
10 16
10 18
10 20
10 28
10 33
10 48
11 19
11 29
11 43
11 44
11 45
11 49
12 14
12 26
12 32
12 34
12 36
12 37
12 39
13 15
13 25
13 30
13 33
13 35
13 38
13 44
14 20
14 21
14 24
14 25
14 29
14 38
14 48
15 17
15 18
15 21
15 22
15 33
15 34
15 48
15 49
16 18
16 22
16 26
16 36
16 40
16 44
16 48
17 18
17 22
17 26
17 35
17 37
18 24
18 26
18 37
18 42
18 43
19 21
19 28
19 42
19 43
20 27
20 28
20 29
20 31
20 45
20 49
21 29
21 33
21 40
21 42
21 45
21 48
22 24
22 30
22 32
22 35
22 36
22 40
22 44
22 45
23 26
23 35
24 26
24 29
24 30
24 31
24 37
25 29
25 38
26 32
26 34
26 35
26 48
27 36
27 40
27 42
27 47
27 49
28 30
28 33
28 37
28 45
29 36
29 40
29 47
29 48
30 35
31 37
31 40
31 41
31 43
31 44
31 49
32 33
32 40
32 41
32 49
33 41
33 42
33 49
34 43
35 37
35 44
35 45
36 44
36 46
36 49
37 44
37 46
37 47
38 39
38 43
39 41
39 43
39 49
40 46
40 47
40 48
41 47
41 48
43 45
44 46
45 48
46 49
47 49

0 1 1 0 0 0 1 0 1 0 1 0 0 1 1 1 0 1 1 1 1 0 0 0 1 1 0 1 0 1 0 0 1 0 1 0 1 1 0 0 1 0 1 1 0 1 1 0 0 0