200 3989
0 1 2 3 4 5 6 7 8 9 10 11 12 13 14 15 16 17 18 19 20 21 22 23 24 25 26 27 28 29 30 31 32 33 34 35 36 37 38 39 40 41 42 43 44 45 46 47 48 49 50 51 52 53 54 55 56 57 58 59 60 61 62 63 64 65 66 67 68 69 70 71 72 73 74 75 76 77 78 79 80 81 82 83 84 85 86 87 88 89 90 91 92 93 94 95 96 97 98 99 100 101 102 103 104 105 106 107 108 109 110 111 112 113 114 115 116 117 118 119 120 121 122 123 124 125 126 127 128 129 130 131 132 133 134 135 136 137 138 139 140 141 142 143 144 145 146 147 148 149 150 151 152 153 154 155 156 157 158 159 160 161 162 163 164 165 166 167 168 169 170 171 172 173 174 175 176 177 178 179 180 181 182 183 184 185 186 187 188 189 190 191 192 193 194 195 196 197 198 199
0 5
0 10
0 21
0 29
0 37
0 40
0 42
0 46
0 47
0 53
0 62
0 70
0 71
0 78
0 79
0 82
0 96
0 100
0 103
0 104
0 106
0 108
0 112
0 117
0 122
0 133
0 136
0 160
0 167
0 168
0 172
0 175
0 177
0 182
0 183
0 188
0 189
0 191
0 195
1 5
1 10
1 12
1 14
1 15
1 16
1 21
1 28
1 30
1 31
1 49
1 51
1 57
1 60
1 64
1 69
1 75
1 79
1 80
1 86
1 92
1 107
1 110
1 113
1 114
1 115
1 126
1 128
1 132
1 134
1 140
1 141
1 152
1 172
1 178
1 190
1 191
2 3
2 6
2 7
2 11
2 15
2 18
2 27
2 34
2 36
2 38
2 41
2 44
2 47
2 49
2 53
2 54
2 60
2 62
2 64
2 78
2 86
2 90
2 91
2 105
2 113
2 123
2 129
2 140
2 144
2 149
2 150
2 151
2 153
2 162
2 166
2 176
2 178
2 182
2 184
2 185
2 187
2 189
2 198
3 14
3 15
3 17
3 20
3 25
3 35
3 38
3 39
3 49
3 60
3 64
3 68
3 70
3 74
3 81
3 84
3 85
3 91
3 94
3 100
3 102
3 105
3 108
3 109
3 112
3 113
3 114
3 118
3 122
3 124
3 128
3 140
3 149
3 154
3 180
3 181
3 198
4 8
4 10
4 11
4 19
4 20
4 30
4 31
4 32
4 49
4 50
4 52
4 53
4 55
4 56
4 70
4 71
4 74
4 80
4 83
4 84
4 87
4 94
4 98
4 111
4 120
4 122
4 129
4 130
4 132
4 133
4 145
4 149
4 151
4 153
4 160
4 163
4 164
4 172
4 182
4 184
4 187
4 188
5 8
5 33
5 36
5 37
5 61
5 64
5 70
5 76
5 80
5 84
5 96
5 102
5 123
5 125
5 132
5 133
5 134
5 139
5 144
5 150
5 156
5 161
5 164
5 174
5 175
5 177
5 178
5 182
5 195
6 15
6 24
6 28
6 31
6 32
6 38
6 42
6 57
6 64
6 65
6 75
6 76
6 106
6 122
6 124
6 125
6 129
6 142
6 150
6 172
6 176
6 179
6 189
6 196
7 13
7 19
7 26
7 28
7 32
7 40
7 46
7 54
7 55
7 63
7 72
7 77
7 83
7 86
7 89
7 93
7 104
7 119
7 123
7 124
7 135
7 137
7 144
7 150
7 153
7 157
7 159
7 165
7 170
7 180
7 185
7 186
7 189
7 193
8 9
8 11
8 16
8 19
8 21
8 45
8 47
8 49
8 51
8 53
8 55
8 64
8 71
8 73
8 79
8 86
8 94
8 102
8 105
8 108
8 110
8 112
8 113
8 115
8 116
8 121
8 122
8 126
8 129
8 157
8 163
8 165
8 167
8 168
8 188
8 191
8 193
8 194
9 11
9 14
9 20
9 21
9 25
9 26
9 32
9 51
9 53
9 54
9 58
9 59
9 63
9 71
9 75
9 80
9 84
9 87
9 93
9 103
9 113
9 116
9 119
9 129
9 148
9 152
9 160
9 170
9 176
9 177
9 178
9 179
9 187
9 189
9 193
10 15
10 25
10 27
10 28
10 42
10 55
10 56
10 57
10 62
10 64
10 74
10 75
10 76
10 80
10 89
10 100
10 104
10 105
10 110
10 119
10 122
10 129
10 139
10 140
10 142
10 145
10 147
10 148
10 158
10 166
10 174
10 176
10 178
10 185
10 191
11 13
11 17
11 23
11 28
11 29
11 31
11 38
11 42
11 45
11 47
11 49
11 50
11 53
11 54
11 56
11 67
11 76
11 77
11 82
11 84
11 85
11 86
11 89
11 108
11 111
11 119
11 122
11 136
11 139
11 140
11 148
11 149
11 150
11 154
11 156
11 157
11 159
11 163
11 168
11 171
11 172
11 177
11 182
11 188
11 189
11 194
12 13
12 14
12 15
12 20
12 26
12 28
12 29
12 31
12 40
12 44
12 45
12 48
12 49
12 61
12 67
12 69
12 78
12 93
12 96
12 99
12 100
12 110
12 112
12 114
12 117
12 126
12 127
12 131
12 135
12 137
12 138
12 146
12 166
12 171
12 175
12 187
12 188
12 191
12 197
12 198
13 16
13 17
13 19
13 20
13 25
13 27
13 29
13 33
13 44
13 46
13 47
13 55
13 61
13 62
13 80
13 81
13 82
13 85
13 99
13 107
13 110
13 111
13 114
13 115
13 137
13 140
13 149
13 159
13 160
13 165
13 168
13 175
13 177
13 184
13 189
13 192
13 197
14 17
14 24
14 34
14 35
14 54
14 56
14 60
14 62
14 65
14 71
14 82
14 85
14 87
14 95
14 98
14 101
14 105
14 106
14 110
14 124
14 131
14 133
14 145
14 157
14 165
14 169
14 176
14 177
14 179
14 184
14 187
14 189
14 195
14 196
14 197
15 19
15 27
15 28
15 40
15 42
15 45
15 53
15 56
15 58
15 62
15 65
15 66
15 71
15 80
15 83
15 89
15 95
15 101
15 104
15 105
15 112
15 121
15 123
15 125
15 130
15 135
15 137
15 146
15 150
15 172
15 180
15 181
15 185
15 195
16 17
16 19
16 22
16 26
16 33
16 39
16 40
16 44
16 46
16 49
16 51
16 52
16 53
16 59
16 64
16 66
16 73
16 74
16 76
16 81
16 82
16 85
16 88
16 97
16 102
16 119
16 121
16 128
16 129
16 133
16 149
16 155
16 156
16 158
16 160
16 162
16 163
16 170
16 175
16 181
16 185
16 190
16 193
16 194
16 199
17 18
17 25
17 34
17 35
17 36
17 43
17 46
17 47
17 55
17 63
17 67
17 71
17 74
17 76
17 77
17 85
17 96
17 100
17 101
17 105
17 107
17 114
17 117
17 121
17 127
17 128
17 131
17 133
17 134
17 140
17 146
17 148
17 149
17 157
17 158
17 160
17 169
17 173
17 176
17 179
17 183
17 184
17 185
17 187
17 194
17 196
18 22
18 26
18 28
18 29
18 35
18 41
18 45
18 49
18 53
18 54
18 64
18 76
18 78
18 83
18 84
18 88
18 93
18 94
18 95
18 102
18 104
18 111
18 112
18 122
18 123
18 124
18 126
18 131
18 132
18 137
18 141
18 144
18 148
18 149
18 155
18 164
18 165
18 167
18 176
18 182
18 188
19 21
19 25
19 26
19 37
19 38
19 39
19 40
19 47
19 49
19 53
19 56
19 58
19 59
19 62
19 66
19 69
19 70
19 73
19 74
19 90
19 94
19 95
19 99
19 105
19 114
19 122
19 124
19 128
19 141
19 144
19 147
19 153
19 160
19 165
19 169
19 177
19 179
19 181
19 187
19 188
19 194
19 195
20 25
20 36
20 39
20 58
20 66
20 68
20 75
20 86
20 87
20 97
20 99
20 104
20 105
20 106
20 108
20 109
20 110
20 115
20 117
20 121
20 126
20 132
20 135
20 147
20 148
20 154
20 159
20 161
20 179
20 180
20 189
20 190
20 193
20 198
21 28
21 36
21 38
21 45
21 53
21 54
21 59
21 61
21 66
21 68
21 73
21 74
21 88
21 91
21 94
21 96
21 97
21 100
21 103
21 106
21 113
21 115
21 116
21 117
21 121
21 131
21 136
21 142
21 146
21 149
21 155
21 187
21 188
21 196
22 23
22 26
22 28
22 42
22 44
22 46
22 52
22 55
22 68
22 72
22 74
22 77
22 81
22 90
22 105
22 115
22 116
22 119
22 125
22 126
22 138
22 144
22 147
22 160
22 174
22 180
22 182
22 183
22 189
22 190
22 192
22 194
22 195
23 27
23 33
23 40
23 47
23 55
23 56
23 60
23 64
23 66
23 70
23 77
23 78
23 84
23 91
23 95
23 98
23 99
23 110
23 112
23 117
23 119
23 122
23 124
23 127
23 133
23 149
23 160
23 164
23 177
23 186
23 190
23 195
23 197
24 26
24 29
24 33
24 44
24 58
24 62
24 67
24 70
24 71
24 76
24 79
24 80
24 81
24 85
24 89
24 92
24 100
24 101
24 105
24 106
24 109
24 110
24 112
24 114
24 119
24 122
24 129
24 131
24 133
24 147
24 149
24 150
24 155
24 179
24 180
24 182
24 184
24 185
24 192
24 196
25 28
25 30
25 36
25 37
25 47
25 50
25 52
25 54
25 56
25 66
25 74
25 75
25 78
25 79
25 93
25 94
25 104
25 106
25 111
25 120
25 123
25 127
25 129
25 130
25 131
25 143
25 158
25 162
25 164
25 165
25 167
25 168
25 169
25 173
25 182
25 188
25 192
25 197
26 34
26 36
26 37
26 38
26 46
26 52
26 60
26 71
26 72
26 73
26 74
26 76
26 82
26 84
26 106
26 107
26 114
26 116
26 118
26 121
26 124
26 126
26 128
26 132
26 140
26 147
26 149
26 150
26 152
26 156
26 159
26 160
26 161
26 163
26 166
26 167
26 171
26 172
26 176
26 195
27 30
27 31
27 32
27 33
27 46
27 48
27 53
27 54
27 56
27 58
27 60
27 65
27 66
27 73
27 76
27 77
27 82
27 83
27 84
27 94
27 98
27 104
27 111
27 116
27 119
27 129
27 139
27 140
27 142
27 146
27 155
27 158
27 161
27 162
27 164
27 166
27 188
27 190
27 196
27 198
28 38
28 39
28 40
28 50
28 56
28 58
28 66
28 67
28 69
28 73
28 74
28 85
28 88
28 95
28 100
28 116
28 122
28 130
28 132
28 138
28 139
28 140
28 142
28 151
28 153
28 160
28 165
28 166
28 171
28 180
28 192
28 193
28 199
29 32
29 33
29 35
29 38
29 51
29 60
29 69
29 90
29 91
29 92
29 98
29 103
29 107
29 108
29 109
29 117
29 120
29 123
29 130
29 133
29 139
29 142
29 155
29 156
29 157
29 162
29 168
29 174
29 177
29 178
29 179
29 184
29 199
30 39
30 41
30 48
30 51
30 66
30 70
30 73
30 76
30 82
30 84
30 92
30 99
30 104
30 110
30 119
30 122
30 128
30 129
30 131
30 133
30 135
30 136
30 139
30 146
30 148
30 155
30 156
30 158
30 164
30 173
30 174
30 176
30 178
30 196
30 198
31 42
31 47
31 48
31 56
31 57
31 62
31 68
31 72
31 75
31 76
31 80
31 82
31 86
31 93
31 95
31 101
31 103
31 105
31 114
31 116
31 117
31 121
31 123
31 124
31 125
31 129
31 130
31 157
31 162
31 173
31 174
31 177
31 185
31 198
31 199
32 33
32 36
32 37
32 42
32 49
32 53
32 55
32 59
32 61
32 62
32 63
32 64
32 71
32 84
32 92
32 93
32 103
32 110
32 114
32 118
32 122
32 133
32 137
32 138
32 139
32 153
32 165
32 167
32 169
32 171
32 174
32 187
32 191
32 193
32 195
33 42
33 44
33 48
33 54
33 68
33 78
33 86
33 88
33 92
33 105
33 110
33 112
33 115
33 116
33 117
33 123
33 145
33 146
33 150
33 159
33 161
33 162
33 169
33 182
33 184
33 191
33 196
34 40
34 41
34 52
34 55
34 56
34 65
34 72
34 78
34 80
34 84
34 86
34 87
34 90
34 106
34 109
34 120
34 122
34 124
34 125
34 127
34 131
34 139
34 141
34 143
34 152
34 157
34 158
34 160
34 162
34 164
34 166
34 169
34 177
34 185
34 186
34 190
34 196
34 199
35 36
35 51
35 55
35 60
35 73
35 82
35 84
35 93
35 96
35 99
35 102
35 109
35 113
35 116
35 126
35 137
35 144
35 145
35 148
35 150
35 158
35 165
35 167
35 170
35 176
35 189
35 191
35 192
36 38
36 39
36 42
36 44
36 53
36 54
36 56
36 57
36 58
36 62
36 69
36 72
36 95
36 100
36 101
36 110
36 113
36 114
36 117
36 123
36 128
36 131
36 147
36 155
36 159
36 163
36 164
36 169
36 170
36 175
36 190
36 192
36 198
37 50
37 51
37 62
37 68
37 71
37 75
37 77
37 79
37 81
37 84
37 91
37 93
37 94
37 98
37 105
37 107
37 108
37 115
37 119
37 126
37 127
37 128
37 130
37 135
37 137
37 144
37 146
37 157
37 161
37 164
37 184
37 188
37 190
37 198
38 53
38 54
38 56
38 57
38 62
38 72
38 78
38 80
38 81
38 87
38 93
38 111
38 115
38 122
38 130
38 131
38 137
38 141
38 147
38 148
38 150
38 158
38 159
38 166
38 167
38 170
38 173
38 176
38 177
38 179
38 186
38 191
38 192
39 42
39 50
39 51
39 59
39 68
39 80
39 90
39 93
39 94
39 97
39 102
39 108
39 110
39 114
39 118
39 123
39 125
39 126
39 127
39 129
39 132
39 141
39 170
39 172
39 173
39 174
39 180
39 187
39 188
39 194
39 196
39 198
40 50
40 57
40 63
40 64
40 69
40 71
40 76
40 82
40 83
40 92
40 93
40 95
40 101
40 109
40 110
40 121
40 123
40 134
40 149
40 156
40 158
40 159
40 167
40 168
40 172
40 173
40 177
40 178
40 179
40 181
40 187
40 197
41 46
41 49
41 50
41 59
41 61
41 63
41 68
41 77
41 84
41 114
41 130
41 131
41 132
41 138
41 139
41 144
41 146
41 148
41 154
41 159
41 160
41 172
41 176
41 182
41 188
41 189
41 190
41 195
41 196
41 197
42 46
42 50
42 54
42 56
42 63
42 69
42 86
42 91
42 97
42 100
42 112
42 120
42 123
42 125
42 129
42 133
42 135
42 139
42 147
42 149
42 150
42 155
42 158
42 166
42 167
42 169
42 176
42 179
42 180
42 186
42 188
42 190
42 194
42 197
43 45
43 48
43 49
43 52
43 53
43 62
43 65
43 68
43 99
43 101
43 108
43 128
43 137
43 140
43 152
43 160
43 168
43 170
43 171
43 181
43 183
43 189
43 192
44 50
44 52
44 57
44 59
44 65
44 67
44 71
44 72
44 73
44 76
44 88
44 90
44 95
44 101
44 103
44 111
44 116
44 117
44 123
44 133
44 141
44 144
44 145
44 146
44 148
44 151
44 161
44 163
44 176
44 180
44 182
44 186
45 46
45 52
45 55
45 61
45 66
45 67
45 69
45 75
45 79
45 84
45 88
45 91
45 92
45 95
45 107
45 115
45 117
45 120
45 123
45 126
45 134
45 147
45 156
45 161
45 165
45 166
45 168
45 171
45 191
45 192
45 197
45 198
46 48
46 64
46 67
46 68
46 75
46 80
46 91
46 92
46 93
46 98
46 109
46 110
46 114
46 117
46 118
46 122
46 124
46 129
46 130
46 134
46 137
46 142
46 144
46 153
46 158
46 161
46 178
46 179
46 180
46 196
47 48
47 49
47 54
47 58
47 62
47 67
47 71
47 74
47 75
47 83
47 85
47 87
47 95
47 97
47 102
47 103
47 109
47 117
47 118
47 120
47 123
47 133
47 135
47 149
47 155
47 158
47 159
47 162
47 164
47 170
47 174
47 180
47 186
47 187
47 188
47 193
47 196
47 197
47 198
47 199
48 49
48 55
48 67
48 68
48 71
48 72
48 74
48 75
48 76
48 78
48 80
48 83
48 90
48 93
48 97
48 101
48 102
48 110
48 116
48 123
48 127
48 136
48 142
48 150
48 151
48 156
48 176
48 182
48 187
48 189
48 190
48 198
49 52
49 53
49 62
49 66
49 67
49 70
49 74
49 75
49 77
49 91
49 107
49 113
49 114
49 116
49 118
49 120
49 121
49 124
49 146
49 163
49 173
49 174
49 178
49 185
49 189
49 190
49 193
49 196
49 197
50 52
50 59
50 60
50 62
50 73
50 78
50 81
50 82
50 91
50 94
50 96
50 100
50 103
50 107
50 110
50 126
50 131
50 139
50 142
50 143
50 149
50 166
50 167
50 183
50 184
50 190
50 199
51 55
51 56
51 61
51 70
51 83
51 84
51 96
51 103
51 113
51 116
51 120
51 127
51 129
51 133
51 138
51 141
51 146
51 156
51 157
51 163
51 167
51 169
51 172
51 173
51 174
51 177
51 198
52 57
52 59
52 73
52 74
52 94
52 99
52 101
52 105
52 111
52 113
52 119
52 120
52 125
52 127
52 128
52 131
52 144
52 150
52 154
52 157
52 160
52 166
52 173
52 174
52 180
52 183
52 196
52 197
53 54
53 57
53 59
53 64
53 72
53 85
53 88
53 99
53 101
53 102
53 105
53 113
53 114
53 115
53 117
53 119
53 120
53 121
53 125
53 127
53 131
53 138
53 142
53 146
53 154
53 155
53 157
53 159
53 160
53 161
53 162
53 166
53 168
53 171
53 172
53 176
53 181
53 184
53 189
53 190
53 192
54 70
54 82
54 93
54 102
54 106
54 120
54 121
54 123
54 124
54 126
54 134
54 138
54 141
54 142
54 143
54 150
54 163
54 168
54 171
54 173
54 176
54 186
54 188
54 199
55 57
55 62
55 64
55 68
55 69
55 72
55 86
55 97
55 98
55 107
55 114
55 123
55 129
55 131
55 132
55 136
55 138
55 143
55 148
55 151
55 152
55 154
55 178
55 183
55 198
56 64
56 70
56 71
56 75
56 80
56 83
56 88
56 90
56 92
56 95
56 113
56 116
56 118
56 126
56 127
56 129
56 131
56 136
56 138
56 142
56 146
56 161
56 165
56 173
56 176
56 178
56 187
56 190
57 61
57 66
57 68
57 70
57 78
57 80
57 95
57 96
57 110
57 114
57 116
57 122
57 130
57 136
57 137
57 142
57 162
57 170
57 173
57 174
57 198
58 59
58 65
58 70
58 73
58 75
58 76
58 79
58 84
58 92
58 95
58 101
58 104
58 105
58 120
58 121
58 122
58 129
58 137
58 140
58 145
58 146
58 147
58 155
58 156
58 161
58 162
58 164
58 169
58 172
58 173
58 174
58 177
58 182
58 186
58 194
58 195
58 199
59 63
59 66
59 70
59 85
59 86
59 88
59 89
59 95
59 97
59 104
59 116
59 117
59 119
59 120
59 121
59 131
59 140
59 144
59 151
59 154
59 155
59 156
59 166
59 168
59 174
59 177
59 186
59 196
59 199
60 63
60 68
60 82
60 83
60 88
60 94
60 101
60 102
60 107
60 113
60 127
60 140
60 150
60 152
60 154
60 163
60 167
60 169
60 171
60 178
60 179
60 180
60 184
60 185
60 186
60 188
60 191
60 192
60 193
60 194
60 195
61 65
61 69
61 70
61 72
61 74
61 76
61 82
61 88
61 89
61 92
61 93
61 95
61 99
61 100
61 102
61 105
61 108
61 115
61 122
61 128
61 137
61 148
61 151
61 156
61 163
61 179
61 182
61 183
61 186
61 193
61 199
62 63
62 78
62 80
62 85
62 91
62 96
62 103
62 104
62 111
62 119
62 121
62 129
62 130
62 134
62 138
62 139
62 141
62 143
62 144
62 145
62 150
62 152
62 153
62 154
62 158
62 172
62 177
62 179
62 184
62 186
62 197
63 64
63 66
63 76
63 80
63 86
63 88
63 91
63 92
63 96
63 111
63 114
63 122
63 126
63 128
63 132
63 136
63 139
63 153
63 156
63 176
63 178
63 184
63 193
64 66
64 72
64 79
64 99
64 101
64 103
64 109
64 110
64 116
64 118
64 121
64 129
64 130
64 144
64 146
64 151
64 153
64 157
64 160
64 164
64 173
64 179
64 185
64 187
64 190
64 192
64 193
65 67
65 72
65 74
65 75
65 83
65 89
65 91
65 97
65 98
65 99
65 101
65 102
65 103
65 105
65 108
65 110
65 112
65 113
65 119
65 120
65 127
65 134
65 143
65 148
65 170
65 175
65 179
65 181
66 68
66 71
66 72
66 76
66 89
66 90
66 102
66 106
66 108
66 129
66 138
66 145
66 157
66 159
66 169
66 182
66 184
66 186
66 195
66 197
67 73
67 84
67 90
67 94
67 97
67 98
67 101
67 102
67 104
67 120
67 131
67 141
67 143
67 144
67 147
67 148
67 152
67 154
67 155
67 164
67 165
67 166
67 174
67 175
67 182
67 185
67 186
67 197
68 69
68 72
68 74
68 79
68 80
68 88
68 95
68 97
68 100
68 111
68 115
68 120
68 123
68 133
68 136
68 149
68 158
68 159
68 162
68 165
68 171
68 179
68 183
68 185
68 186
68 187
68 189
68 196
69 70
69 71
69 78
69 79
69 80
69 92
69 93
69 96
69 97
69 104
69 107
69 110
69 114
69 115
69 124
69 133
69 137
69 142
69 143
69 151
69 153
69 157
69 162
69 166
69 170
69 176
69 179
69 181
69 187
69 188
69 189
69 191
69 192
69 197
70 72
70 74
70 79
70 83
70 85
70 87
70 90
70 92
70 94
70 100
70 101
70 103
70 117
70 121
70 128
70 130
70 132
70 140
70 141
70 150
70 154
70 162
70 166
70 167
70 178
70 183
70 195
71 72
71 75
71 82
71 87
71 91
71 93
71 95
71 103
71 104
71 107
71 109
71 113
71 121
71 124
71 130
71 134
71 138
71 145
71 147
71 149
71 150
71 153
71 162
71 163
71 170
72 74
72 79
72 83
72 84
72 88
72 94
72 106
72 110
72 124
72 127
72 132
72 133
72 135
72 138
72 141
72 142
72 147
72 156
72 159
72 169
72 177
72 180
72 181
72 182
72 185
72 198
73 79
73 80
73 81
73 82
73 84
73 89
73 92
73 94
73 95
73 96
73 100
73 101
73 105
73 109
73 120
73 127
73 130
73 133
73 141
73 155
73 156
73 160
73 162
73 163
73 165
73 167
73 170
73 171
73 174
73 189
73 190
73 195
73 197
74 92
74 93
74 104
74 108
74 110
74 112
74 115
74 117
74 131
74 132
74 146
74 152
74 159
74 160
74 162
74 170
74 178
74 184
74 187
74 193
74 198
75 89
75 92
75 95
75 98
75 99
75 120
75 137
75 141
75 146
75 151
75 155
75 159
75 161
75 173
75 181
75 184
75 186
75 187
75 189
75 190
75 195
75 196
75 199
76 80
76 85
76 97
76 101
76 121
76 126
76 128
76 133
76 142
76 144
76 150
76 163
76 166
76 167
76 176
76 177
76 180
76 189
76 195
76 197
76 199
77 84
77 92
77 94
77 96
77 99
77 101
77 102
77 105
77 106
77 108
77 110
77 117
77 119
77 125
77 126
77 128
77 130
77 131
77 136
77 137
77 139
77 145
77 151
77 157
77 162
77 163
77 168
77 175
77 178
77 187
78 81
78 95
78 96
78 99
78 102
78 119
78 120
78 129
78 132
78 139
78 145
78 155
78 167
78 173
78 179
78 180
78 186
78 188
78 191
78 193
78 195
78 196
79 84
79 103
79 115
79 126
79 128
79 134
79 142
79 159
79 163
79 164
79 165
79 173
79 179
79 188
79 194
80 81
80 87
80 91
80 104
80 110
80 111
80 117
80 127
80 130
80 131
80 134
80 138
80 140
80 144
80 146
80 147
80 149
80 170
80 179
80 181
80 182
80 183
80 187
80 190
80 199
81 96
81 98
81 101
81 103
81 107
81 110
81 115
81 117
81 118
81 136
81 137
81 138
81 140
81 143
81 146
81 154
81 156
81 157
81 158
81 165
81 169
81 170
81 178
81 179
81 186
81 189
81 190
81 192
81 198
82 101
82 102
82 108
82 109
82 135
82 136
82 137
82 138
82 145
82 146
82 152
82 153
82 156
82 163
82 171
82 184
82 192
83 93
83 95
83 101
83 102
83 103
83 111
83 118
83 120
83 122
83 132
83 135
83 137
83 145
83 149
83 151
83 153
83 170
83 173
83 175
83 177
83 179
83 182
83 183
83 185
83 187
83 188
83 195
83 196
84 86
84 87
84 90
84 93
84 95
84 105
84 110
84 112
84 119
84 128
84 129
84 131
84 132
84 136
84 141
84 144
84 147
84 148
84 160
84 163
84 168
84 169
84 174
84 175
84 176
84 177
84 179
84 180
84 184
84 194
84 198
85 90
85 95
85 97
85 98
85 99
85 100
85 106
85 107
85 112
85 121
85 123
85 135
85 139
85 140
85 158
85 161
85 168
85 171
85 172
85 175
85 185
85 186
85 191
85 193
86 89
86 90
86 93
86 101
86 105
86 108
86 117
86 125
86 137
86 138
86 146
86 147
86 154
86 161
86 162
86 163
86 164
86 171
86 172
86 176
86 188
86 194
86 199
87 90
87 92
87 97
87 104
87 112
87 116
87 127
87 150
87 162
87 165
87 167
87 171
87 174
87 178
87 179
87 198
88 89
88 94
88 95
88 96
88 100
88 108
88 110
88 120
88 126
88 127
88 137
88 139
88 142
88 150
88 151
88 157
88 159
88 163
88 170
88 177
88 180
88 186
88 187
88 196
88 197
89 95
89 106
89 114
89 115
89 125
89 127
89 128
89 130
89 135
89 137
89 145
89 151
89 153
89 157
89 163
89 170
89 171
89 174
89 175
89 178
89 180
89 181
89 182
89 183
89 189
89 191
90 122
90 127
90 131
90 139
90 151
90 152
90 154
90 158
90 169
90 172
90 173
90 176
90 178
90 179
90 182
90 185
90 187
90 188
90 191
90 192
90 196
90 198
91 93
91 94
91 100
91 103
91 109
91 110
91 111
91 113
91 120
91 121
91 127
91 130
91 132
91 133
91 134
91 139
91 141
91 143
91 144
91 150
91 161
91 164
91 167
91 169
91 173
91 185
91 187
91 192
92 96
92 99
92 111
92 117
92 121
92 122
92 125
92 126
92 134
92 143
92 152
92 153
92 157
92 160
92 169
92 171
92 174
92 175
92 178
92 182
92 188
92 190
92 191
92 193
93 96
93 97
93 100
93 106
93 109
93 122
93 129
93 130
93 135
93 141
93 143
93 144
93 149
93 155
93 162
93 167
93 171
93 172
93 197
93 199
94 100
94 104
94 105
94 109
94 122
94 124
94 126
94 129
94 142
94 147
94 152
94 154
94 166
94 186
94 188
94 197
94 199
95 97
95 98
95 105
95 107
95 119
95 127
95 128
95 129
95 133
95 134
95 137
95 138
95 143
95 151
95 153
95 162
95 174
95 175
95 197
96 98
96 110
96 111
96 112
96 115
96 116
96 121
96 123
96 126
96 147
96 152
96 154
96 168
96 172
96 173
96 180
96 183
96 186
97 98
97 100
97 101
97 109
97 114
97 117
97 139
97 151
97 154
97 156
97 157
97 161
97 162
97 163
97 165
97 168
97 178
97 181
97 188
98 100
98 105
98 106
98 109
98 110
98 111
98 112
98 115
98 118
98 123
98 127
98 128
98 130
98 133
98 136
98 142
98 147
98 151
98 155
98 162
98 170
98 180
98 187
98 188
98 196
99 101
99 103
99 107
99 112
99 116
99 121
99 124
99 132
99 137
99 141
99 143
99 148
99 158
99 161
99 166
99 170
99 173
99 176
99 179
99 184
99 187
99 191
99 192
99 197
100 104
100 111
100 115
100 127
100 131
100 135
100 136
100 138
100 139
100 150
100 157
100 163
100 166
100 169
100 172
100 176
100 183
100 184
100 189
101 111
101 115
101 127
101 129
101 131
101 138
101 140
101 142
101 146
101 161
101 166
101 170
101 172
101 174
101 175
101 179
101 184
101 194
102 104
102 109
102 110
102 118
102 119
102 133
102 136
102 137
102 140
102 141
102 149
102 159
102 170
102 178
102 179
102 188
102 189
102 198
102 199
103 124
103 126
103 137
103 140
103 145
103 150
103 152
103 153
103 155
103 157
103 161
103 185
103 189
103 193
103 194
104 109
104 111
104 113
104 116
104 122
104 124
104 125
104 127
104 128
104 133
104 135
104 146
104 154
104 157
104 160
104 161
104 162
104 163
104 170
104 173
104 188
104 193
105 108
105 113
105 114
105 122
105 138
105 142
105 143
105 153
105 155
105 164
105 166
105 175
105 180
105 183
105 187
106 114
106 123
106 127
106 131
106 132
106 133
106 135
106 145
106 150
106 151
106 161
106 170
106 172
106 174
106 182
106 188
106 190
106 192
107 121
107 124
107 126
107 129
107 132
107 136
107 137
107 140
107 144
107 145
107 154
107 158
107 159
107 160
107 163
107 178
107 180
107 184
107 187
108 111
108 127
108 130
108 139
108 149
108 168
108 170
108 171
108 176
108 180
108 183
108 190
108 196
109 110
109 114
109 120
109 122
109 126
109 132
109 144
109 146
109 155
109 156
109 160
109 161
109 164
109 176
109 193
110 114
110 120
110 121
110 127
110 134
110 144
110 145
110 150
110 151
110 152
110 153
110 155
110 165
110 166
110 169
110 172
110 175
110 180
110 193
110 199
111 115
111 119
111 120
111 133
111 135
111 137
111 139
111 141
111 146
111 153
111 156
111 158
111 159
111 163
111 164
111 166
111 167
111 172
111 176
111 184
111 187
111 194
111 195
112 117
112 119
112 123
112 124
112 125
112 128
112 129
112 131
112 135
112 138
112 143
112 148
112 149
112 150
112 151
112 157
112 159
112 163
112 164
112 182
112 184
112 186
112 198
113 121
113 125
113 132
113 141
113 144
113 149
113 154
113 160
113 162
113 163
113 178
113 185
113 187
113 197
113 198
114 115
114 117
114 132
114 133
114 144
114 146
114 147
114 149
114 151
114 158
114 164
114 169
114 172
114 176
114 177
114 187
114 190
114 195
114 197
115 121
115 125
115 128
115 137
115 146
115 149
115 156
115 158
115 159
115 179
115 185
115 194
115 197
116 119
116 123
116 131
116 133
116 134
116 137
116 138
116 142
116 146
116 149
116 151
116 155
116 157
116 159
116 164
116 167
116 172
116 173
116 185
116 194
117 118
117 123
117 124
117 125
117 133
117 138
117 150
117 163
117 166
117 169
117 170
117 180
117 185
117 191
117 194
117 197
118 123
118 129
118 133
118 145
118 149
118 167
118 174
118 189
118 192
118 196
119 120
119 121
119 123
119 125
119 148
119 150
119 152
119 159
119 162
119 163
119 172
119 180
119 188
119 189
120 122
120 127
120 129
120 130
120 134
120 144
120 146
120 147
120 153
120 155
120 157
120 159
120 160
120 162
120 167
120 172
120 178
120 179
120 180
120 184
120 188
120 193
121 125
121 135
121 142
121 143
121 172
121 173
121 180
121 184
121 185
121 187
121 189
121 190
122 132
122 138
122 141
122 143
122 153
122 165
122 167
122 176
122 183
122 184
122 193
122 195
123 128
123 130
123 141
123 143
123 164
123 169
123 175
123 179
123 180
123 183
123 186
124 137
124 153
124 154
124 162
124 165
124 173
124 184
124 187
124 190
124 193
124 194
124 198
125 126
125 132
125 141
125 149
125 151
125 152
125 158
125 159
125 163
125 172
125 184
125 188
125 190
125 196
125 197
126 134
126 137
126 141
126 147
126 151
126 155
126 161
126 173
126 177
126 196
127 128
127 133
127 137
127 138
127 139
127 140
127 143
127 146
127 147
127 148
127 164
127 172
127 176
127 182
127 183
127 187
127 196
128 133
128 137
128 149
128 152
128 157
128 166
128 170
128 172
128 181
128 182
128 185
128 189
128 193
128 195
129 141
129 142
129 145
129 148
129 152
129 159
129 164
129 166
129 167
129 174
129 177
129 185
129 197
129 198
130 131
130 134
130 136
130 140
130 153
130 157
130 163
130 173
130 182
130 187
130 188
130 193
130 195
130 199
131 135
131 138
131 139
131 143
131 145
131 148
131 151
131 156
131 164
131 167
131 170
131 175
131 180
131 182
131 184
131 197
132 134
132 148
132 161
132 164
132 165
132 168
132 169
132 170
132 173
132 183
132 188
132 190
132 196
133 154
133 155
133 156
133 157
133 158
133 160
133 161
133 162
133 165
133 171
133 182
133 187
133 189
133 197
134 139
134 146
134 152
134 155
134 156
134 161
134 162
134 165
134 166
134 184
134 186
134 187
134 188
134 189
134 191
134 196
135 141
135 145
135 146
135 148
135 149
135 155
135 156
135 161
135 166
135 178
135 181
135 182
135 187
135 189
135 192
135 198
136 138
136 139
136 145
136 148
136 151
136 158
136 161
136 167
136 171
136 172
136 175
136 188
136 197
137 138
137 139
137 143
137 145
137 146
137 154
137 157
137 159
137 165
137 170
137 171
137 174
137 175
137 177
137 178
137 188
137 189
137 191
137 197
137 198
138 140
138 144
138 147
138 149
138 164
138 170
138 175
138 185
138 188
138 190
138 195
139 149
139 153
139 159
139 163
139 167
139 168
139 172
139 175
139 179
139 190
139 199
140 147
140 151
140 154
140 156
140 158
140 160
140 173
140 179
140 182
141 148
141 151
141 160
141 167
141 170
141 172
141 174
141 175
141 179
141 187
141 192
142 151
142 155
142 160
142 161
142 163
142 165
142 172
142 188
142 189
142 192
142 193
143 164
143 165
143 172
143 173
143 186
143 188
144 146
144 149
144 152
144 158
144 164
144 173
144 175
144 184
144 186
144 195
144 197
145 153
145 154
145 161
145 164
145 170
145 174
145 177
145 187
145 193
146 149
146 150
146 151
146 159
146 161
146 166
146 171
146 177
146 182
146 185
146 190
146 191
147 150
147 176
147 178
147 184
147 185
147 194
148 149
148 154
148 155
148 156
148 172
148 181
148 182
148 189
148 193
148 195
148 198
149 157
149 161
149 162
149 172
149 173
149 185
149 189
150 152
150 154
150 158
150 165
150 167
150 169
150 180
150 191
151 152
151 157
151 159
151 163
151 172
151 177
151 184
151 188
152 156
152 166
152 174
152 177
152 191
152 197
152 198
153 157
153 159
153 163
153 164
153 174
153 177
153 181
153 185
153 194
153 198
154 157
154 170
154 171
154 173
154 176
154 184
154 191
154 193
155 159
155 161
155 162
155 174
155 191
155 197
156 162
156 168
156 178
156 187
156 191
156 192
157 160
157 163
157 165
157 174
157 185
157 188
157 189
157 193
157 194
157 198
158 160
158 163
158 164
158 170
158 172
158 173
158 175
158 185
158 193
158 194
159 165
159 179
159 183
159 185
159 194
159 197
160 167
160 169
160 187
160 198
161 167
161 177
161 181
161 195
161 199
162 169
162 171
162 173
162 176
162 177
162 179
162 187
162 188
162 195
162 196
163 167
163 171
163 172
163 177
163 183
163 193
164 167
164 174
164 175
164 177
164 188
164 190
165 172
165 177
165 182
165 183
165 187
165 195
165 198
166 169
166 177
166 178
166 181
166 183
166 186
166 189
166 192
166 195
167 168
167 179
167 188
167 191
167 193
167 196
167 197
167 198
168 178
168 182
168 184
168 195
168 199
169 170
169 174
169 175
169 183
169 185
169 194
170 172
170 174
170 175
170 192
170 194
170 195
170 199
171 177
171 178
171 181
171 196
171 197
171 198
171 199
172 178
172 179
172 185
172 187
172 198
173 177
173 182
173 185
173 186
173 191
173 196
173 197
173 198
174 186
174 198
175 181
175 186
175 194
175 195
176 180
176 182
176 183
176 189
176 193
176 197
176 198
176 199
177 182
177 186
177 187
177 196
177 199
178 189
178 191
179 181
179 197
180 182
180 185
180 187
180 193
180 198
181 184
181 196
181 197
182 186
182 187
182 188
182 194
183 185
183 186
183 187
183 188
183 194
183 199
184 189
184 193
184 196
184 199
185 187
185 192
185 193
185 195
186 191
187 189
187 191
187 192
187 195
188 198
190 191
191 192
191 198
192 193
192 195
193 196
193 198
197 198

0 0 0 0 0 0 1 0 0 0 1 0 0 1 1 0 1 1 0 0 1 1 1 0 1 1 0 0 1 0 0 1 0 0 1 0 1 1 1 0 1 1 1 1 1 0 1 0 0 0 0 0 1 0 1 1 1 1 0 1 1 0 1 0 0 1 0 0 1 1 0 1 0 0 1 0 0 0 1 1 1 0 1 0 0 1 0 0 0 1 1 1 1 1 1 1 0 1 0 1 1 0 1 0 0 0 1 1 0 0 1 1 1 0 0 1 0 1 1 0 0 0 0 0 0 1 1 1 0 0 0 0 1 0 0 1 1 0 1 1 1 1 0 1 0 0 1 1 0 0 1 0 1 0 1 1 1 0 1 1 1 1 1 1 1 0 0 0 0 1 0 0 1 1 0 0 0 0 1 1 0 1 1 0 1 0 1 1 1 0 0 1 0 1 1 0 0 0 1 0