150 106
0 1 2 3 4 5 6 7 8 9 10 11 12 13 14 15 16 17 18 19 20 21 22 23 24 25 26 27 28 29 30 31 32 33 34 35 36 37 38 39 40 41 42 43 44 45 46 47 48 49 50 51 52 53 54 55 56 57 58 59 60 61 62 63 64 65 66 67 68 69 70 71 72 73 74 75 76 77 78 79 80 81 82 83 84 85 86 87 88 89 90 91 92 93 94 95 96 97 98 99 100 101 102 103 104 105 106 107 108 109 110 111 112 113 114 115 116 117 118 119 120 121 122 123 124 125 126 127 128 129 130 131 132 133 134 135 136 137 138 139 140 141 142 143 144 145 146 147 148 149
1 126
2 126
3 22
3 50
3 58
5 24
6 40
6 67
6 131
8 47
8 121
9 132
10 124
12 87
13 79
14 25
14 86
15 128
17 129
18 58
19 80
19 119
19 126
23 66
23 139
25 54
26 72
26 137
27 53
28 129
29 43
29 100
32 85
34 75
34 114
34 134
35 65
37 61
38 59
39 43
41 59
45 83
45 130
46 122
46 133
47 88
48 69
49 72
51 102
52 101
55 73
55 88
57 77
57 142
57 146
59 118
60 122
62 130
64 124
64 125
65 74
68 77
68 88
68 117
69 138
71 132
72 96
73 94
73 130
74 146
75 135
78 100
78 121
79 119
84 87
85 143
86 137
87 106
87 129
88 128
93 121
93 127
94 104
94 111
97 99
98 108
98 136
98 138
98 147
99 105
99 147
103 148
104 149
110 129
111 137
114 136
115 122
118 138
119 142
122 127
124 140
130 132
130 135
133 136
135 145
136 138

1 0 1 0 1 0 1 0 1 0 1 1 1 0 1 1 1 0 1 1 0 1 0 0 1 0 0 1 1 0 0 1 0 1 0 0 0 0 0 1 1 0 0 1 0 0 0 1 0 1 1 0 1 0 0 1 1 0 1 0 1 0 1 1 0 0 0 1 1 0 0 0 0 1 1 1 1 0 1 0 0 1 1 0 0 1 0 1 1 0 1 1 1 1 0 0 0 0 1 1 0 1 0 1 1 1 0 1 0 0 0 1 0 0 1 0 0 0 0 0 0 1 1 1 0 1 1 1 1 1 0 1 1 1 0 0 1 0 0 1 1 1 1 0 1 0 1 0 0 0