100 505
0 1 2 3 4 5 6 7 8 9 10 11 12 13 14 15 16 17 18 19 20 21 22 23 24 25 26 27 28 29 30 31 32 33 34 35 36 37 38 39 40 41 42 43 44 45 46 47 48 49 50 51 52 53 54 55 56 57 58 59 60 61 62 63 64 65 66 67 68 69 70 71 72 73 74 75 76 77 78 79 80 81 82 83 84 85 86 87 88 89 90 91 92 93 94 95 96 97 98 99
0 27
0 40
0 54
1 9
1 21
1 28
1 34
1 42
1 46
1 48
1 65
1 69
1 80
1 98
2 3
2 18
2 39
2 42
2 49
2 50
2 58
2 59
2 62
2 67
2 69
2 73
2 99
3 10
3 11
3 20
3 22
3 25
3 42
3 48
3 52
3 56
3 62
3 64
3 94
4 7
4 14
4 30
4 36
4 72
4 91
5 6
5 8
5 9
5 20
5 24
5 33
5 35
5 37
5 47
5 67
5 80
5 83
5 97
6 15
6 20
6 24
6 27
6 28
6 68
6 70
6 74
6 81
6 90
6 93
6 96
7 13
7 22
7 26
7 27
7 31
7 40
7 41
7 43
7 49
7 53
7 70
7 90
7 96
8 27
8 28
8 40
8 74
8 81
8 95
8 98
9 10
9 17
9 26
9 31
9 53
9 65
9 77
9 81
9 97
10 19
10 30
10 44
10 47
10 72
10 81
10 83
10 84
10 99
11 14
11 34
11 36
11 40
11 44
11 69
11 72
11 78
11 80
11 86
11 87
11 98
12 42
12 50
12 63
12 79
12 92
12 97
13 43
13 56
13 74
13 93
13 94
13 96
14 16
14 21
14 23
14 29
14 38
14 39
14 46
14 48
14 56
14 75
14 77
14 78
14 85
15 22
15 46
15 53
15 68
15 85
15 96
15 97
16 42
16 43
16 71
16 96
17 27
17 40
17 62
17 64
17 74
17 77
17 79
17 88
17 89
18 82
18 98
19 37
19 39
19 41
19 44
19 52
19 65
19 68
19 71
19 84
19 94
19 96
19 98
19 99
20 21
20 22
20 34
20 40
20 42
20 59
20 62
20 69
20 70
20 79
21 34
21 37
21 41
21 45
21 52
21 59
21 76
21 86
21 90
22 25
22 41
22 43
22 68
22 77
22 83
22 87
23 26
23 58
23 67
23 76
23 82
23 87
24 34
24 52
24 54
24 97
25 35
25 43
25 45
25 50
25 54
25 80
25 84
25 86
25 94
26 29
26 45
26 46
27 28
27 39
27 44
27 56
27 60
27 72
27 75
27 84
27 86
27 87
28 42
28 60
28 63
28 72
28 84
28 95
29 41
29 64
29 80
30 34
30 48
30 53
30 56
30 66
30 72
30 77
30 83
30 92
30 93
30 94
30 95
30 96
31 32
31 44
31 72
31 78
31 92
31 98
32 37
32 42
32 46
32 54
32 60
32 67
32 72
32 78
32 80
32 93
33 49
33 55
33 62
33 63
33 70
33 73
33 80
33 84
34 42
34 44
34 46
34 50
34 53
34 60
34 79
34 89
34 95
35 76
35 82
35 94
36 53
36 58
36 59
36 66
36 71
36 74
36 86
36 87
37 39
37 69
37 72
37 75
37 85
37 89
38 40
38 53
38 82
38 94
39 44
39 60
39 71
39 84
39 92
39 95
40 85
40 91
41 57
41 67
41 68
41 75
42 67
42 69
42 77
42 79
42 88
42 93
43 48
43 54
43 58
43 81
43 82
44 45
44 49
44 68
44 85
44 88
44 90
44 95
45 51
45 60
45 72
45 89
46 55
46 74
46 78
47 63
47 72
47 79
47 81
47 82
47 83
47 89
47 93
48 51
48 63
48 67
48 68
48 79
48 90
48 92
48 95
49 50
49 53
49 61
49 64
49 86
49 97
50 55
50 60
50 75
50 82
50 92
51 87
51 94
52 61
52 64
52 66
52 67
52 77
52 90
52 91
52 96
53 91
53 94
53 98
54 55
54 60
54 67
54 77
54 82
54 90
54 93
55 58
55 60
55 71
55 72
55 79
56 60
56 61
56 64
56 69
56 73
56 75
56 82
56 84
56 89
57 58
57 61
57 76
57 81
58 65
58 72
58 85
59 64
59 67
59 70
59 72
59 79
59 85
59 93
60 70
60 75
61 84
61 90
61 95
61 98
62 64
62 66
62 71
62 94
62 99
63 74
63 76
63 97
63 98
64 65
64 67
64 68
64 74
64 95
64 98
65 76
65 82
66 88
67 78
67 87
67 91
67 94
68 88
68 93
68 96
70 74
70 76
70 90
71 72
71 74
71 80
71 81
71 83
71 92
72 74
72 78
72 82
72 97
72 99
74 82
75 81
75 86
75 89
76 86
76 93
76 94
77 80
77 94
78 80
78 87
78 98
79 81
79 84
79 97
79 98
80 96
81 84
81 92
81 94
81 97
82 87
84 86
84 91
85 95
86 95
86 97
87 88
87 90
88 89
89 90
89 93
90 97
95 98

0 0 1 1 0 0 1 0 0 1 0 0 1 1 0 1 1 1 1 1 1 0 0 0 0 1 0 0 1 0 1 0 0 1 1 0 1 0 1 1 0 1 1 0 1 1 1 1 0 0 1 1 0 0 1 1 0 0 1 0 0 1 0 0 1 1 0 0 0 0 1 1 0 1 0 0 1 1 0 1 1 0 1 0 1 1 0 0 1 0 0 0 1 1 0 0 1 1 1 0