150 2229
0 1 2 3 4 5 6 7 8 9 10 11 12 13 14 15 16 17 18 19 20 21 22 23 24 25 26 27 28 29 30 31 32 33 34 35 36 37 38 39 40 41 42 43 44 45 46 47 48 49 50 51 52 53 54 55 56 57 58 59 60 61 62 63 64 65 66 67 68 69 70 71 72 73 74 75 76 77 78 79 80 81 82 83 84 85 86 87 88 89 90 91 92 93 94 95 96 97 98 99 100 101 102 103 104 105 106 107 108 109 110 111 112 113 114 115 116 117 118 119 120 121 122 123 124 125 126 127 128 129 130 131 132 133 134 135 136 137 138 139 140 141 142 143 144 145 146 147 148 149
0 2
0 3
0 7
0 14
0 15
0 21
0 29
0 34
0 46
0 54
0 58
0 65
0 66
0 68
0 70
0 73
0 75
0 78
0 86
0 88
0 91
0 94
0 96
0 108
0 116
0 118
0 120
0 130
0 131
0 136
0 141
0 144
1 2
1 15
1 35
1 39
1 40
1 42
1 44
1 45
1 52
1 55
1 57
1 69
1 75
1 76
1 84
1 88
1 89
1 90
1 93
1 95
1 109
1 133
1 138
2 15
2 16
2 29
2 30
2 31
2 35
2 36
2 39
2 55
2 56
2 57
2 58
2 68
2 70
2 71
2 73
2 78
2 81
2 88
2 102
2 105
2 107
2 109
2 141
2 143
3 4
3 10
3 12
3 16
3 41
3 55
3 56
3 57
3 73
3 75
3 81
3 85
3 86
3 88
3 91
3 98
3 105
3 109
3 115
3 117
3 119
3 130
3 139
3 141
3 147
3 148
4 8
4 12
4 18
4 25
4 27
4 29
4 30
4 37
4 38
4 45
4 47
4 59
4 61
4 69
4 72
4 77
4 80
4 82
4 91
4 93
4 96
4 97
4 99
4 103
4 107
4 111
4 113
4 114
4 115
4 124
4 138
4 140
4 148
4 149
5 8
5 9
5 11
5 12
5 16
5 19
5 22
5 41
5 44
5 66
5 67
5 69
5 78
5 93
5 95
5 96
5 100
5 105
5 107
5 110
5 116
5 122
5 123
5 127
5 138
5 143
5 145
6 15
6 18
6 21
6 27
6 30
6 37
6 41
6 45
6 46
6 53
6 63
6 69
6 75
6 76
6 77
6 79
6 86
6 90
6 91
6 98
6 100
6 111
6 112
6 115
6 125
6 131
6 132
6 133
6 140
6 141
6 143
7 10
7 12
7 28
7 29
7 38
7 43
7 46
7 49
7 61
7 71
7 79
7 82
7 84
7 86
7 91
7 92
7 94
7 98
7 100
7 101
7 104
7 105
7 110
7 111
7 114
7 117
7 120
7 123
7 124
7 127
7 137
7 140
7 144
7 145
7 146
8 9
8 11
8 15
8 20
8 30
8 38
8 39
8 42
8 50
8 55
8 56
8 64
8 65
8 87
8 91
8 95
8 100
8 101
8 102
8 112
8 113
8 117
8 118
8 127
8 128
8 142
8 143
8 146
9 20
9 25
9 30
9 32
9 34
9 35
9 37
9 41
9 45
9 46
9 49
9 58
9 59
9 61
9 65
9 96
9 102
9 103
9 105
9 106
9 117
9 133
9 135
9 140
9 148
9 149
10 12
10 15
10 21
10 25
10 32
10 44
10 45
10 50
10 54
10 62
10 65
10 66
10 72
10 78
10 86
10 89
10 91
10 97
10 102
10 108
10 113
10 115
10 133
10 142
10 143
11 12
11 17
11 20
11 31
11 32
11 41
11 42
11 50
11 59
11 68
11 69
11 71
11 81
11 98
11 106
11 108
11 112
11 113
11 116
11 121
11 131
11 147
12 21
12 30
12 31
12 41
12 42
12 54
12 71
12 74
12 81
12 84
12 87
12 89
12 93
12 96
12 98
12 99
12 102
12 116
12 125
12 130
12 131
12 139
12 141
12 145
13 15
13 20
13 21
13 28
13 32
13 33
13 34
13 35
13 38
13 45
13 64
13 65
13 72
13 73
13 75
13 77
13 86
13 87
13 88
13 94
13 96
13 98
13 99
13 100
13 109
13 110
13 111
13 113
13 114
13 117
13 123
13 124
13 127
13 128
13 129
13 144
13 146
14 19
14 26
14 34
14 39
14 41
14 50
14 58
14 60
14 62
14 63
14 64
14 66
14 70
14 72
14 73
14 74
14 75
14 80
14 81
14 84
14 90
14 104
14 106
14 114
14 119
14 120
14 122
14 128
14 132
14 137
14 138
14 142
14 145
14 147
15 17
15 19
15 21
15 37
15 41
15 42
15 43
15 46
15 47
15 50
15 55
15 68
15 70
15 78
15 80
15 81
15 84
15 86
15 87
15 97
15 103
15 109
15 110
15 117
15 125
15 131
15 135
15 136
15 137
15 143
15 148
16 17
16 19
16 20
16 21
16 25
16 32
16 38
16 45
16 51
16 58
16 59
16 62
16 64
16 66
16 69
16 71
16 80
16 85
16 88
16 92
16 97
16 104
16 106
16 113
16 117
16 130
16 132
16 134
16 143
17 18
17 22
17 24
17 26
17 30
17 35
17 38
17 39
17 43
17 46
17 52
17 57
17 76
17 77
17 96
17 97
17 110
17 115
17 117
17 119
17 130
17 133
17 141
17 148
18 19
18 22
18 23
18 30
18 31
18 32
18 35
18 38
18 39
18 40
18 41
18 43
18 47
18 53
18 70
18 71
18 72
18 76
18 77
18 80
18 83
18 90
18 92
18 94
18 97
18 99
18 100
18 101
18 117
18 123
18 135
18 136
18 149
19 20
19 22
19 24
19 31
19 34
19 35
19 43
19 45
19 49
19 52
19 62
19 70
19 74
19 82
19 84
19 96
19 97
19 103
19 107
19 115
19 118
19 119
19 120
19 124
19 125
19 130
19 137
19 143
19 146
20 21
20 23
20 26
20 28
20 29
20 31
20 32
20 38
20 40
20 41
20 43
20 47
20 50
20 52
20 57
20 62
20 63
20 65
20 66
20 68
20 73
20 74
20 79
20 89
20 91
20 92
20 94
20 104
20 112
20 116
20 120
20 125
20 127
20 132
20 133
20 134
20 143
20 144
20 145
20 147
20 148
21 23
21 25
21 26
21 30
21 31
21 54
21 61
21 77
21 80
21 104
21 111
21 114
21 121
21 122
21 124
21 129
21 140
21 141
21 143
21 146
21 148
21 149
22 28
22 34
22 39
22 42
22 56
22 63
22 68
22 69
22 70
22 78
22 81
22 85
22 86
22 94
22 106
22 110
22 112
22 124
22 128
22 131
22 135
22 136
22 137
22 140
22 141
22 143
22 147
22 149
23 26
23 30
23 32
23 37
23 39
23 42
23 47
23 57
23 66
23 80
23 92
23 93
23 104
23 105
23 107
23 121
23 126
23 138
23 147
24 26
24 27
24 31
24 34
24 35
24 40
24 46
24 49
24 56
24 58
24 63
24 68
24 71
24 73
24 76
24 78
24 80
24 84
24 90
24 92
24 118
24 121
24 128
24 135
24 144
24 146
25 29
25 33
25 34
25 43
25 44
25 46
25 48
25 51
25 64
25 65
25 71
25 78
25 82
25 85
25 88
25 95
25 99
25 103
25 113
25 119
25 122
25 126
25 127
25 129
25 136
25 144
26 51
26 56
26 62
26 66
26 77
26 78
26 83
26 86
26 89
26 98
26 99
26 104
26 107
26 116
26 117
26 122
26 131
26 136
26 146
27 32
27 35
27 36
27 46
27 48
27 54
27 57
27 63
27 66
27 73
27 93
27 99
27 116
27 120
27 122
27 126
27 128
27 130
27 137
27 143
27 148
28 42
28 62
28 64
28 65
28 67
28 80
28 96
28 98
28 99
28 102
28 111
28 115
28 128
28 137
28 139
28 142
28 144
29 34
29 36
29 40
29 44
29 46
29 52
29 55
29 65
29 66
29 67
29 68
29 70
29 73
29 76
29 78
29 82
29 89
29 90
29 91
29 96
29 98
29 101
29 104
29 106
29 107
29 108
29 112
29 117
29 119
29 129
29 131
29 134
29 136
30 34
30 39
30 48
30 56
30 59
30 60
30 66
30 68
30 69
30 77
30 81
30 87
30 91
30 93
30 97
30 100
30 104
30 106
30 112
30 122
30 130
30 138
30 141
30 147
31 35
31 50
31 57
31 58
31 67
31 77
31 87
31 95
31 96
31 101
31 111
31 118
31 119
31 127
31 132
31 146
32 35
32 53
32 59
32 63
32 65
32 67
32 69
32 76
32 79
32 80
32 82
32 83
32 90
32 98
32 103
32 117
32 121
32 128
32 129
32 130
32 132
32 136
32 137
33 45
33 46
33 54
33 59
33 60
33 64
33 74
33 77
33 84
33 96
33 116
33 118
33 122
33 124
33 129
33 132
33 134
34 41
34 61
34 67
34 68
34 73
34 74
34 77
34 81
34 83
34 92
34 96
34 99
34 100
34 109
34 114
34 120
34 121
34 126
34 130
34 131
34 137
34 140
34 143
34 148
35 43
35 48
35 56
35 65
35 77
35 81
35 85
35 98
35 101
35 103
35 104
35 108
35 111
35 113
35 115
35 127
35 134
35 148
36 47
36 48
36 50
36 55
36 62
36 90
36 92
36 93
36 107
36 113
36 117
36 121
36 131
37 39
37 51
37 56
37 59
37 62
37 63
37 67
37 73
37 79
37 91
37 95
37 96
37 106
37 113
37 119
37 121
37 126
37 128
37 133
37 138
37 139
37 141
37 145
37 148
38 40
38 41
38 50
38 74
38 78
38 79
38 81
38 83
38 84
38 87
38 98
38 103
38 106
38 123
38 133
38 134
39 48
39 68
39 69
39 71
39 74
39 75
39 98
39 100
39 116
39 118
39 121
39 139
39 140
39 146
40 42
40 52
40 58
40 59
40 61
40 66
40 67
40 68
40 71
40 72
40 74
40 79
40 81
40 92
40 98
40 99
40 110
40 115
40 116
40 128
40 132
40 139
40 144
40 147
40 148
41 50
41 51
41 53
41 54
41 58
41 62
41 65
41 71
41 79
41 87
41 93
41 95
41 97
41 100
41 130
41 131
41 135
41 137
41 147
42 43
42 52
42 62
42 64
42 68
42 77
42 78
42 83
42 91
42 97
42 102
42 103
42 110
42 137
43 49
43 50
43 66
43 67
43 68
43 69
43 72
43 73
43 74
43 76
43 84
43 88
43 91
43 96
43 97
43 110
43 112
43 117
43 119
43 120
43 130
43 133
43 135
44 47
44 49
44 51
44 60
44 61
44 64
44 65
44 68
44 80
44 82
44 83
44 89
44 93
44 94
44 96
44 98
44 103
44 106
44 114
44 121
44 123
44 129
44 132
44 139
45 48
45 53
45 59
45 72
45 87
45 89
45 93
45 95
45 96
45 97
45 113
45 119
45 134
45 138
45 139
45 140
45 146
45 148
45 149
46 48
46 49
46 51
46 56
46 59
46 65
46 72
46 82
46 85
46 88
46 89
46 100
46 102
46 103
46 109
46 120
46 125
46 130
46 136
46 138
46 142
46 143
46 145
46 147
47 49
47 51
47 53
47 70
47 71
47 75
47 84
47 87
47 90
47 95
47 100
47 107
47 118
47 120
47 122
47 123
47 124
47 127
47 131
47 132
47 143
47 147
47 148
48 52
48 53
48 57
48 63
48 64
48 66
48 72
48 74
48 79
48 82
48 83
48 86
48 88
48 90
48 97
48 99
48 109
48 112
48 118
48 123
48 127
48 135
48 146
49 50
49 62
49 63
49 68
49 76
49 77
49 79
49 81
49 83
49 85
49 88
49 103
49 110
49 112
49 113
49 117
49 127
49 128
49 135
49 149
50 51
50 57
50 60
50 62
50 74
50 77
50 79
50 80
50 88
50 93
50 96
50 100
50 103
50 107
50 111
50 112
50 114
50 119
50 129
50 133
50 142
50 144
51 56
51 58
51 60
51 64
51 65
51 70
51 72
51 77
51 85
51 87
51 102
51 103
51 105
51 106
51 112
51 119
51 130
51 133
51 137
51 143
51 144
51 146
52 59
52 71
52 72
52 73
52 75
52 79
52 91
52 92
52 99
52 101
52 105
52 107
52 115
52 128
52 129
52 138
52 140
53 63
53 67
53 68
53 71
53 74
53 84
53 98
53 100
53 102
53 103
53 104
53 105
53 114
53 118
53 120
53 128
53 129
53 136
53 138
54 56
54 60
54 66
54 68
54 70
54 85
54 88
54 90
54 92
54 95
54 99
54 105
54 117
54 125
54 130
54 136
54 140
54 144
54 149
55 58
55 68
55 69
55 70
55 71
55 77
55 80
55 81
55 85
55 88
55 89
55 102
55 107
55 108
55 109
55 121
55 122
55 125
55 127
55 129
55 134
55 140
55 142
55 146
56 59
56 62
56 65
56 78
56 84
56 85
56 90
56 91
56 94
56 96
56 100
56 107
56 114
56 117
56 119
56 129
56 130
56 134
56 136
56 140
57 62
57 65
57 77
57 78
57 80
57 99
57 112
57 124
57 134
57 138
57 143
58 69
58 73
58 76
58 83
58 86
58 92
58 94
58 95
58 101
58 104
58 106
58 111
58 113
58 114
58 117
58 119
58 122
58 134
58 140
58 149
59 71
59 77
59 78
59 81
59 89
59 94
59 103
59 117
59 149
60 66
60 69
60 74
60 87
60 93
60 96
60 99
60 105
60 108
60 110
60 112
60 114
60 122
60 123
60 125
60 127
60 133
60 138
60 145
61 70
61 71
61 78
61 83
61 85
61 91
61 96
61 101
61 114
61 117
61 119
61 121
61 123
61 130
61 133
61 137
61 145
61 146
61 147
61 149
62 73
62 74
62 83
62 87
62 93
62 94
62 103
62 108
62 109
62 114
62 115
62 118
62 123
62 128
62 136
62 138
62 142
62 148
63 68
63 77
63 81
63 88
63 91
63 98
63 101
63 105
63 106
63 108
63 110
63 116
63 126
63 135
63 139
63 141
63 142
64 66
64 68
64 71
64 76
64 82
64 90
64 95
64 96
64 101
64 106
64 113
64 116
64 118
64 124
64 126
64 135
64 136
64 137
64 143
64 144
65 72
65 84
65 91
65 101
65 105
65 108
65 112
65 113
65 114
65 121
65 130
65 147
65 149
66 67
66 68
66 78
66 81
66 82
66 84
66 92
66 97
66 120
66 122
66 127
66 130
66 141
67 74
67 77
67 84
67 102
67 103
67 112
67 123
67 149
68 77
68 83
68 89
68 96
68 107
68 108
68 117
68 121
68 125
68 128
68 129
68 132
68 134
68 136
68 139
68 141
68 142
68 143
68 144
68 149
69 74
69 79
69 97
69 100
69 118
69 123
69 127
69 130
69 131
69 144
69 146
70 75
70 90
70 94
70 95
70 97
70 101
70 107
70 117
70 128
70 145
70 148
70 149
71 73
71 74
71 90
71 91
71 101
71 102
71 106
71 108
71 119
71 120
71 123
71 125
71 130
71 143
71 144
71 148
71 149
72 82
72 86
72 97
72 99
72 102
72 114
72 119
72 131
72 133
72 136
72 137
72 139
72 146
73 74
73 75
73 77
73 87
73 89
73 98
73 107
73 118
73 123
73 124
73 128
73 129
73 136
73 141
73 142
73 144
73 146
73 149
74 82
74 96
74 98
74 101
74 111
74 115
74 121
74 122
74 127
74 136
74 142
74 143
75 90
75 96
75 99
75 100
75 102
75 111
75 112
75 117
75 124
75 126
75 130
75 136
75 137
75 140
75 144
75 145
76 79
76 80
76 85
76 87
76 94
76 99
76 103
76 110
76 121
76 122
76 123
76 126
76 134
76 137
76 139
76 140
76 143
76 144
76 146
77 78
77 85
77 90
77 91
77 95
77 98
77 102
77 105
77 108
77 109
77 110
77 113
77 114
77 117
77 120
77 124
77 133
77 134
77 140
77 148
78 79
78 82
78 83
78 88
78 91
78 93
78 95
78 97
78 104
78 107
78 112
78 122
78 137
78 139
78 144
78 145
78 148
79 80
79 84
79 92
79 94
79 102
79 106
79 107
79 117
79 124
79 133
79 136
79 137
79 144
79 146
80 81
80 96
80 109
80 110
80 127
80 128
80 129
80 139
80 141
80 148
81 87
81 88
81 89
81 92
81 98
81 99
81 111
81 121
81 122
81 131
81 133
81 139
81 141
81 142
81 146
81 148
82 89
82 91
82 92
82 99
82 105
82 124
82 125
82 126
82 128
82 129
82 143
82 144
82 147
82 148
83 84
83 86
83 91
83 99
83 105
83 107
83 110
83 112
83 114
83 117
83 120
83 126
83 132
83 137
83 139
83 143
83 148
83 149
84 90
84 91
84 97
84 101
84 116
84 119
84 123
84 127
84 131
84 132
84 133
84 135
84 144
84 145
84 149
85 86
85 87
85 89
85 90
85 92
85 95
85 97
85 98
85 103
85 105
85 114
85 124
85 125
85 126
85 139
85 147
86 89
86 109
86 117
86 121
86 124
86 125
86 142
86 148
87 92
87 100
87 108
87 118
87 122
87 124
87 126
87 128
87 132
87 133
87 144
87 149
88 100
88 102
88 103
88 106
88 111
88 113
88 114
88 119
88 120
88 122
88 141
88 144
89 96
89 100
89 105
89 118
89 125
89 127
89 130
89 137
89 140
89 145
90 91
90 94
90 101
90 108
90 111
90 127
90 130
90 134
90 135
90 137
90 139
90 142
90 144
90 146
90 148
90 149
91 97
91 99
91 102
91 103
91 117
91 119
91 122
91 123
91 125
91 126
91 128
91 130
91 132
91 134
91 139
92 93
92 95
92 96
92 103
92 123
92 131
92 142
92 143
92 144
92 146
92 148
92 149
93 97
93 99
93 103
93 105
93 107
93 111
93 113
93 126
93 130
93 131
93 133
93 137
93 142
93 143
93 147
94 97
94 100
94 106
94 108
94 114
94 125
94 134
94 141
94 142
94 146
94 149
95 96
95 108
95 112
95 121
95 128
95 129
95 130
95 132
95 143
95 145
95 146
95 149
96 100
96 101
96 106
96 115
96 123
96 132
96 136
96 137
96 138
96 143
96 144
96 145
97 110
97 111
97 112
97 113
97 117
97 120
97 126
97 129
97 132
97 133
98 99
98 100
98 106
98 112
98 115
98 118
98 125
98 128
98 134
98 145
99 116
99 118
99 120
99 126
99 139
99 141
100 109
100 112
100 114
100 116
100 120
100 125
100 127
100 128
100 137
100 141
100 143
100 145
100 147
100 149
101 107
101 112
101 127
101 130
101 132
101 139
101 145
101 149
102 121
102 125
102 132
102 135
102 139
103 111
103 119
103 127
103 130
103 131
103 133
104 112
104 120
104 127
104 133
104 135
104 136
104 137
104 140
104 145
105 108
105 109
105 112
105 119
105 126
105 128
105 129
105 135
106 109
106 120
106 123
106 125
106 128
106 133
106 140
106 146
107 108
107 109
107 112
107 115
107 119
107 120
107 124
107 136
107 137
107 147
108 112
108 116
108 121
108 134
108 137
108 139
108 141
108 144
109 110
109 130
109 139
109 148
110 116
110 122
110 125
110 132
110 133
110 138
110 141
110 144
110 146
111 112
111 113
111 117
111 121
111 124
111 125
111 130
111 134
111 135
111 139
111 142
111 143
111 144
111 146
111 147
111 148
112 117
112 119
112 124
112 125
112 126
112 143
112 146
112 147
112 148
113 120
113 124
113 125
113 139
113 143
113 144
113 145
113 149
114 117
114 118
114 124
114 126
114 131
114 132
114 136
114 137
114 138
114 141
114 147
115 117
115 119
115 120
115 124
115 131
115 136
115 147
116 117
116 130
116 132
116 138
116 143
116 148
117 121
117 122
117 123
117 127
117 134
117 144
118 125
118 130
118 133
118 138
118 141
118 145
118 146
119 120
119 121
119 126
119 129
119 130
119 138
120 122
120 124
120 127
120 141
121 124
121 131
121 133
121 137
121 140
121 145
121 148
122 124
122 139
122 143
122 148
123 126
123 133
123 137
123 142
123 144
124 140
124 141
124 142
124 147
125 128
125 138
125 139
125 140
125 146
126 134
126 138
126 144
127 133
127 143
127 144
128 131
128 136
128 144
128 147
129 130
129 131
129 132
129 136
129 141
129 148
129 149
130 132
130 136
130 137
130 141
130 149
131 132
131 137
131 148
132 140
132 142
132 146
133 147
134 136
134 139
134 140
135 138
135 145
135 146
135 149
136 139
136 148
137 144
137 146
138 141
138 143
138 147
138 148
140 143
140 144
140 148
141 148
142 143
142 148
143 144
143 148
144 147
146 147
147 148

0 0 0 1 1 0 0 1 0 1 1 1 0 1 1 1 1 0 1 0 1 1 1 1 0 1 1 0 0 0 1 1 1 0 1 0 1 1 0 0 0 0 0 1 1 1 0 1 0 0 0 0 1 1 1 1 1 0 0 0 0 1 0 1 0 0 1 0 0 0 0 1 0 1 0 0 0 1 0 1 1 1 0 0 1 0 0 1 1 1 1 0 1 1 0 0 0 1 0 1 1 1 0 1 0 1 1 0 0 1 0 0 0 1 1 0 1 1 1 1 1 0 0 1 0 1 0 0 0 1 1 0 0 1 1 0 0 1 0 0 1 1 1 0 1 0 1 0 0 0