200 987
0 1 2 3 4 5 6 7 8 9 10 11 12 13 14 15 16 17 18 19 20 21 22 23 24 25 26 27 28 29 30 31 32 33 34 35 36 37 38 39 40 41 42 43 44 45 46 47 48 49 50 51 52 53 54 55 56 57 58 59 60 61 62 63 64 65 66 67 68 69 70 71 72 73 74 75 76 77 78 79 80 81 82 83 84 85 86 87 88 89 90 91 92 93 94 95 96 97 98 99 100 101 102 103 104 105 106 107 108 109 110 111 112 113 114 115 116 117 118 119 120 121 122 123 124 125 126 127 128 129 130 131 132 133 134 135 136 137 138 139 140 141 142 143 144 145 146 147 148 149 150 151 152 153 154 155 156 157 158 159 160 161 162 163 164 165 166 167 168 169 170 171 172 173 174 175 176 177 178 179 180 181 182 183 184 185 186 187 188 189 190 191 192 193 194 195 196 197 198 199
0 7
0 17
0 21
0 54
0 64
0 78
0 82
0 116
0 124
0 127
0 128
0 134
0 137
0 187
1 27
1 31
1 63
1 90
1 112
1 122
1 131
1 136
1 147
1 152
1 163
1 171
1 175
1 177
2 52
2 60
2 77
2 78
2 81
2 95
2 105
2 117
2 118
2 146
2 171
3 17
3 18
3 27
3 91
3 125
3 130
3 133
3 160
3 175
4 14
4 79
4 99
4 105
4 152
4 160
4 167
4 190
5 32
5 54
5 57
5 59
5 63
5 73
5 110
5 125
5 137
5 139
5 146
5 163
5 171
5 196
6 22
6 99
6 139
6 172
6 186
7 61
7 93
7 96
7 106
7 116
7 124
7 135
7 160
7 162
8 23
8 49
8 58
8 68
8 77
8 83
8 92
8 106
8 125
8 128
8 161
8 183
8 185
8 193
9 35
9 45
9 47
9 69
9 71
9 78
9 88
9 99
9 100
9 148
9 188
10 34
10 49
10 50
10 52
10 53
10 71
10 93
10 105
10 138
10 142
10 156
10 175
10 184
10 193
11 32
11 59
11 62
11 79
11 80
11 87
11 127
11 154
11 157
11 168
11 189
11 196
12 37
12 84
12 122
12 137
12 145
12 168
13 35
13 65
13 84
13 92
13 154
13 158
13 168
13 171
13 182
13 190
13 197
14 54
14 55
14 69
14 95
14 117
14 172
14 193
14 195
15 74
15 85
15 91
15 144
15 158
15 166
15 196
16 42
16 89
16 93
16 100
16 137
16 168
16 182
16 191
17 57
17 102
17 163
17 173
17 189
17 191
18 27
18 47
18 48
18 58
18 59
18 76
18 93
18 111
18 118
18 121
18 185
19 27
19 86
19 90
19 96
19 111
19 115
19 134
19 177
19 185
20 36
20 57
20 97
20 169
20 199
21 72
21 144
21 165
21 184
21 194
22 27
22 35
22 51
22 109
22 120
22 127
22 129
22 196
23 37
23 40
23 53
23 71
23 146
23 168
23 178
23 186
24 42
24 49
24 95
24 112
24 115
24 119
24 126
24 137
24 154
24 155
24 164
24 189
24 194
25 28
25 58
25 65
25 152
25 161
25 175
25 194
25 199
26 40
26 59
26 67
26 69
26 94
26 130
26 169
26 185
27 36
27 41
27 51
27 94
27 102
27 113
27 124
27 179
28 45
28 65
28 101
28 106
28 110
28 118
28 139
28 143
28 165
29 48
29 115
29 117
29 186
30 38
30 46
30 73
30 86
30 120
30 173
31 82
31 83
31 102
31 117
31 149
31 154
31 171
32 37
32 41
32 45
32 52
32 53
32 67
32 83
32 94
32 103
32 108
32 111
32 126
32 153
32 176
32 185
33 45
33 46
33 54
33 55
33 69
33 78
33 107
33 109
33 128
33 131
33 133
33 142
33 176
34 38
34 62
34 113
34 153
34 167
35 101
35 115
35 150
35 159
35 182
35 193
36 40
36 61
36 64
36 74
36 84
36 90
36 99
36 118
36 173
36 177
37 97
37 138
37 187
37 188
37 197
38 51
38 58
38 63
38 68
38 69
38 75
38 86
38 89
38 97
38 101
38 103
38 138
38 146
38 174
39 66
39 91
39 103
39 150
39 187
39 197
40 95
40 101
40 112
40 114
40 121
40 133
40 153
40 158
40 166
40 167
40 177
41 42
41 58
41 85
41 94
41 98
41 191
42 54
42 59
42 83
42 95
42 141
42 176
42 196
43 50
43 61
43 106
43 110
43 112
43 140
43 142
43 145
43 165
43 183
43 193
44 46
44 66
44 102
44 106
44 123
44 164
45 48
45 59
45 62
45 100
45 108
45 132
45 146
45 161
45 165
46 71
46 75
46 84
46 168
46 187
46 191
47 76
47 85
47 93
47 123
47 133
47 166
48 51
48 75
48 105
48 131
48 142
49 50
49 95
49 132
49 133
49 141
49 150
49 186
50 60
50 100
50 111
50 121
50 123
50 151
50 165
50 181
50 188
51 64
51 92
51 94
51 104
51 129
51 139
51 158
51 162
51 190
52 68
52 87
52 94
52 181
52 193
53 91
53 107
53 110
53 154
53 167
53 178
53 186
54 60
54 103
54 163
55 57
55 76
55 90
55 102
55 108
55 147
55 183
56 100
56 101
56 103
56 126
56 186
56 199
57 59
57 108
57 153
57 156
58 73
58 92
58 101
58 108
58 125
58 137
58 138
58 146
58 148
58 167
59 63
59 64
59 86
59 111
59 196
60 109
60 120
60 129
60 144
60 160
60 185
60 187
60 196
61 78
61 112
61 133
61 138
61 160
61 161
61 171
62 103
62 118
62 174
62 178
63 72
63 76
63 104
63 115
63 122
63 127
63 146
63 167
63 171
63 182
63 192
63 194
63 199
64 67
64 70
64 82
64 93
64 97
64 121
64 138
64 146
65 99
65 176
66 70
66 74
66 78
66 81
66 85
66 158
66 165
66 196
67 73
67 81
67 138
67 174
67 190
68 83
68 174
68 176
69 73
69 164
69 174
69 175
69 199
70 82
70 94
70 121
70 131
70 149
70 176
71 146
71 149
71 155
71 170
72 83
72 85
72 97
72 100
72 110
72 111
72 138
72 151
72 182
72 183
72 197
73 95
73 104
73 105
73 141
73 145
73 163
74 106
74 107
74 116
74 120
74 196
75 82
75 90
75 92
75 123
75 165
75 191
76 83
76 109
76 142
76 175
76 178
77 105
77 110
77 130
77 178
77 185
78 130
78 136
78 145
78 159
78 171
78 177
78 183
79 112
79 118
79 124
79 157
79 158
79 168
79 171
79 177
79 196
80 95
80 105
80 108
80 115
80 117
80 134
80 153
80 173
81 90
81 123
81 153
81 189
82 95
83 88
83 92
83 100
83 119
83 132
83 136
83 158
83 195
84 92
84 119
84 135
84 148
84 193
84 199
85 124
85 133
85 136
85 140
85 159
85 166
85 171
86 105
86 112
86 172
86 184
86 196
86 197
87 116
87 121
87 122
87 137
87 171
87 191
88 103
88 112
88 118
88 159
88 161
88 170
88 195
88 199
89 139
89 146
89 164
89 171
89 184
90 104
90 132
90 142
90 150
90 177
90 186
90 192
90 195
91 96
91 99
91 117
91 147
91 177
91 186
92 103
92 114
92 157
92 159
92 163
92 173
93 110
93 112
93 135
93 139
93 141
93 153
93 157
93 159
93 167
93 177
94 152
94 167
94 175
94 197
95 97
95 121
95 139
95 153
95 183
95 195
96 129
96 160
96 182
97 112
97 129
98 110
98 161
98 167
98 176
98 194
99 145
99 156
99 186
99 192
100 112
100 140
100 144
100 146
100 157
100 170
101 143
101 146
101 149
101 157
101 190
102 109
102 118
102 120
102 131
102 148
102 156
102 165
102 175
103 161
103 163
103 182
104 128
104 151
104 174
105 139
105 147
105 162
105 171
105 177
105 198
106 124
106 136
106 141
106 167
106 191
107 141
107 175
107 190
107 195
108 155
108 167
109 111
109 112
109 146
109 188
110 121
110 169
111 117
111 131
111 136
111 146
111 150
112 159
112 165
112 167
112 172
113 135
113 190
113 194
113 196
114 145
114 188
115 132
115 133
115 151
115 155
115 158
116 124
116 165
116 186
117 147
117 149
117 161
117 171
118 138
118 155
118 158
118 181
119 143
119 158
119 181
119 195
120 154
120 175
120 193
122 146
122 164
122 173
122 193
123 166
123 167
123 176
123 177
124 188
124 190
124 199
125 126
125 159
125 177
125 188
126 138
126 152
126 167
126 168
126 195
127 136
127 154
127 197
128 153
128 163
128 182
129 156
129 168
129 177
129 185
130 150
130 156
130 159
130 173
131 153
131 162
131 177
131 182
132 142
132 148
132 152
132 175
133 162
133 181
133 192
134 140
134 189
135 156
135 171
135 174
135 175
135 178
135 184
136 147
136 153
136 197
137 150
137 178
138 174
138 181
139 150
139 163
139 181
140 155
140 165
140 184
140 191
140 192
140 193
141 164
141 191
142 146
142 183
143 164
143 167
143 186
144 146
145 146
145 173
145 183
145 188
146 164
146 190
146 195
147 194
148 150
148 153
148 163
148 167
148 178
148 192
148 196
149 160
149 198
150 173
150 175
150 191
151 171
151 190
152 159
152 177
153 163
153 166
153 172
153 180
154 164
154 167
154 168
154 175
156 164
156 173
157 173
157 177
159 162
159 164
159 175
159 183
160 166
160 199
161 199
162 179
163 170
163 175
163 176
163 192
163 196
163 199
164 166
165 186
168 175
168 178
169 181
169 184
169 187
169 193
170 171
171 189
172 175
172 197
172 198
173 176
173 184
174 189
174 196
176 193
176 194
177 178
177 187
178 184
178 194
178 199
179 188
182 195
183 184
185 196
186 187
186 190
190 195

0 0 1 0 0 1 0 1 1 1 0 0 0 0 0 0 1 1 0 1 1 0 0 1 0 0 0 1 0 0 1 1 0 1 0 0 1 1 1 0 0 0 0 1 1 0 0 1 1 1 0 1 0 1 0 0 0 1 1 0 1 0 1 0 1 1 0 1 1 0 1 1 1 0 0 0 0 1 1 0 1 1 1 0 1 1 1 0 0 0 0 0 1 0 0 1 0 1 0 0 1 0 1 0 0 1 0 0 1 1 1 0 1 0 0 1 0 1 0 1 1 0 0 0 1 0 0 1 0 1 0 1 0 1 0 1 1 1 1 1 1 1 1 1 1 1 1 0 0 0 0 0 0 1 0 0 1 1 0 0 0 1 0 1 0 1 0 1 1 1 0 1 1 0 1 1 0 0 1 0 1 1 0 0 0 1 1 1 0 1 1 1 0 0 1 1 1 0 1 0