50 64
0 1 2 3 4 5 6 7 8 9 10 11 12 13 14 15 16 17 18 19 20 21 22 23 24 25 26 27 28 29 30 31 32 33 34 35 36 37 38 39 40 41 42 43 44 45 46 47 48 49
0 30
0 42
0 45
1 22
1 37
1 40
1 47
2 4
2 29
2 43
3 22
3 45
4 17
5 13
6 30
7 38
8 20
8 26
9 25
9 31
10 16
10 20
10 25
10 34
11 15
11 17
11 34
12 37
12 41
13 32
13 45
15 28
16 19
16 20
16 43
18 26
19 25
19 31
19 40
19 45
19 47
20 27
20 28
20 44
21 34
21 45
22 42
23 41
25 26
25 29
25 40
25 46
26 29
28 31
28 48
28 49
29 31
29 34
31 34
32 42
36 43
38 39
38 45
43 49

1 0 1 1 0 1 1 0 0 0 1 1 0 0 0 0 1 1 0 1 1 1 0 1 1 1 0 0 0 1 0 0 1 0 1 0 1 1 1 0 0 0 1 1 0 0 1 1 0 0