30 207
0 1 2 3 4 5 6 7 8 9 10 11 12 13 14 15 16 17 18 19 20 21 22 23 24 25 26 27 28 29
0 2
0 4
0 7
0 9
0 12
0 13
0 18
0 19
0 20
0 22
0 26
0 27
1 2
1 3
1 6
1 10
1 12
1 13
1 16
1 18
1 20
1 21
1 22
1 24
1 26
1 29
2 6
2 8
2 9
2 10
2 13
2 14
2 15
2 17
2 19
2 20
2 21
2 22
2 26
2 28
3 4
3 5
3 7
3 9
3 10
3 11
3 15
3 21
3 24
4 5
4 6
4 9
4 13
4 14
4 16
4 20
4 22
4 24
4 25
4 28
5 9
5 10
5 11
5 12
5 13
5 14
5 16
5 18
5 19
5 21
5 25
5 26
5 27
5 28
5 29
6 7
6 8
6 10
6 12
6 13
6 15
6 17
6 20
6 21
6 24
6 27
7 13
7 15
7 16
7 23
7 25
7 26
7 27
8 10
8 12
8 13
8 16
8 17
8 18
8 24
8 29
9 10
9 12
9 17
9 18
9 20
9 22
9 23
9 24
9 25
9 26
9 27
9 28
9 29
10 11
10 12
10 13
10 16
10 18
10 20
10 21
10 22
10 24
11 13
11 16
11 19
11 20
11 22
11 23
11 25
11 27
11 28
12 13
12 16
12 17
12 21
12 22
12 25
12 27
12 28
13 18
13 20
13 21
13 25
13 26
13 27
13 29
14 15
14 18
14 19
14 21
14 22
14 23
14 24
14 25
14 26
15 16
15 18
15 20
15 21
15 22
15 26
16 19
16 20
16 21
16 23
16 24
16 26
16 27
16 28
17 21
17 23
17 25
17 26
17 27
18 19
18 21
18 25
18 28
19 21
19 23
19 24
19 25
19 27
20 21
20 22
20 24
20 27
20 29
21 23
21 26
21 27
21 28
21 29
22 23
22 25
22 26
22 28
23 25
23 28
24 27
24 28
25 27
25 28
26 27
27 28
28 29

1 1 0 0 0 0 1 1 1 1 1 0 1 0 0 1 1 0 1 0 0 1 0 0 1 1 0 0 1 0