200 3947
0 1 2 3 4 5 6 7 8 9 10 11 12 13 14 15 16 17 18 19 20 21 22 23 24 25 26 27 28 29 30 31 32 33 34 35 36 37 38 39 40 41 42 43 44 45 46 47 48 49 50 51 52 53 54 55 56 57 58 59 60 61 62 63 64 65 66 67 68 69 70 71 72 73 74 75 76 77 78 79 80 81 82 83 84 85 86 87 88 89 90 91 92 93 94 95 96 97 98 99 100 101 102 103 104 105 106 107 108 109 110 111 112 113 114 115 116 117 118 119 120 121 122 123 124 125 126 127 128 129 130 131 132 133 134 135 136 137 138 139 140 141 142 143 144 145 146 147 148 149 150 151 152 153 154 155 156 157 158 159 160 161 162 163 164 165 166 167 168 169 170 171 172 173 174 175 176 177 178 179 180 181 182 183 184 185 186 187 188 189 190 191 192 193 194 195 196 197 198 199
0 5
0 6
0 17
0 24
0 34
0 42
0 51
0 53
0 59
0 62
0 63
0 65
0 66
0 67
0 77
0 79
0 81
0 91
0 92
0 93
0 94
0 102
0 106
0 109
0 132
0 138
0 142
0 149
0 150
0 154
0 157
0 168
0 171
0 176
0 185
0 189
0 192
1 8
1 23
1 26
1 28
1 32
1 33
1 35
1 48
1 53
1 57
1 61
1 63
1 68
1 71
1 72
1 75
1 79
1 82
1 84
1 93
1 96
1 112
1 114
1 115
1 117
1 119
1 126
1 127
1 135
1 136
1 140
1 141
1 151
1 155
1 156
1 160
1 169
1 171
1 173
1 175
1 183
1 184
1 185
1 190
1 191
2 5
2 10
2 11
2 15
2 20
2 22
2 30
2 31
2 45
2 49
2 50
2 55
2 66
2 73
2 83
2 92
2 97
2 100
2 109
2 130
2 131
2 133
2 136
2 148
2 153
2 158
2 159
2 160
2 170
2 172
2 174
2 175
2 179
2 193
3 7
3 10
3 20
3 26
3 27
3 31
3 33
3 44
3 50
3 53
3 61
3 71
3 75
3 79
3 81
3 90
3 112
3 119
3 120
3 135
3 136
3 147
3 148
3 149
3 153
3 157
3 165
3 173
3 176
3 179
3 183
4 6
4 13
4 15
4 22
4 31
4 36
4 37
4 42
4 44
4 46
4 48
4 52
4 55
4 59
4 61
4 65
4 68
4 71
4 72
4 74
4 75
4 87
4 91
4 92
4 93
4 99
4 104
4 106
4 116
4 117
4 123
4 131
4 134
4 138
4 143
4 144
4 146
4 148
4 150
4 161
4 164
4 169
4 170
4 181
4 187
5 18
5 19
5 23
5 39
5 44
5 47
5 51
5 52
5 54
5 61
5 65
5 66
5 69
5 75
5 80
5 84
5 87
5 89
5 99
5 106
5 108
5 116
5 125
5 136
5 141
5 144
5 150
5 160
5 162
5 164
5 169
5 179
5 180
5 183
5 184
5 190
5 191
5 192
5 193
5 194
5 196
6 10
6 11
6 14
6 16
6 25
6 28
6 40
6 42
6 45
6 49
6 54
6 56
6 57
6 64
6 66
6 76
6 85
6 86
6 90
6 94
6 95
6 128
6 129
6 141
6 143
6 148
6 151
6 158
6 162
6 166
6 169
6 171
6 172
6 183
6 189
6 194
7 8
7 13
7 16
7 18
7 21
7 28
7 30
7 36
7 37
7 42
7 50
7 51
7 55
7 63
7 66
7 67
7 72
7 79
7 81
7 100
7 101
7 124
7 131
7 133
7 136
7 145
7 157
7 158
7 160
7 162
7 171
7 173
7 176
7 182
8 12
8 15
8 16
8 18
8 22
8 34
8 35
8 37
8 38
8 40
8 47
8 53
8 56
8 58
8 63
8 70
8 94
8 98
8 105
8 106
8 114
8 120
8 122
8 134
8 135
8 139
8 140
8 141
8 143
8 162
8 163
8 165
8 173
8 175
8 181
8 182
8 185
8 186
8 189
8 190
8 191
8 192
8 194
8 196
9 11
9 13
9 19
9 31
9 38
9 50
9 51
9 52
9 53
9 62
9 64
9 65
9 79
9 82
9 93
9 104
9 120
9 122
9 133
9 140
9 149
9 155
9 166
9 172
9 177
9 190
10 11
10 24
10 26
10 27
10 32
10 38
10 43
10 45
10 51
10 59
10 62
10 64
10 66
10 68
10 73
10 85
10 86
10 95
10 99
10 105
10 117
10 120
10 122
10 125
10 130
10 134
10 135
10 139
10 140
10 141
10 143
10 146
10 147
10 153
10 154
10 160
10 163
10 164
10 165
10 169
10 176
10 198
11 12
11 27
11 36
11 37
11 40
11 43
11 51
11 56
11 57
11 61
11 68
11 77
11 78
11 83
11 84
11 85
11 91
11 96
11 99
11 106
11 116
11 128
11 144
11 155
11 156
11 166
11 168
11 175
11 180
11 181
11 191
11 192
11 197
12 18
12 19
12 33
12 34
12 41
12 46
12 48
12 50
12 53
12 59
12 67
12 69
12 74
12 76
12 78
12 85
12 86
12 105
12 108
12 112
12 115
12 125
12 130
12 133
12 134
12 137
12 144
12 145
12 147
12 150
12 159
12 167
12 173
12 185
12 187
12 189
12 191
12 194
12 195
12 197
13 16
13 19
13 37
13 39
13 40
13 41
13 45
13 51
13 53
13 54
13 55
13 57
13 59
13 60
13 70
13 82
13 93
13 101
13 102
13 104
13 113
13 123
13 128
13 129
13 133
13 134
13 143
13 158
13 160
13 161
13 170
13 171
13 179
13 187
13 195
14 15
14 16
14 17
14 18
14 31
14 32
14 44
14 46
14 48
14 49
14 51
14 53
14 57
14 58
14 68
14 69
14 71
14 73
14 76
14 77
14 81
14 82
14 85
14 89
14 93
14 107
14 114
14 122
14 124
14 130
14 143
14 155
14 156
14 161
14 166
14 170
14 175
14 177
14 180
14 181
14 186
14 187
14 189
14 191
14 193
14 196
14 197
14 199
15 17
15 22
15 23
15 45
15 50
15 54
15 56
15 60
15 69
15 81
15 85
15 91
15 96
15 108
15 113
15 120
15 125
15 126
15 127
15 131
15 132
15 135
15 140
15 143
15 144
15 148
15 152
15 154
15 163
15 165
15 171
15 175
15 177
15 180
15 183
15 188
16 17
16 24
16 32
16 33
16 34
16 49
16 66
16 67
16 68
16 71
16 72
16 86
16 88
16 89
16 96
16 97
16 100
16 104
16 108
16 109
16 111
16 115
16 116
16 122
16 133
16 137
16 141
16 142
16 144
16 148
16 151
16 152
16 153
16 157
16 163
16 166
16 171
16 177
16 182
16 183
16 191
16 196
16 199
17 21
17 22
17 40
17 50
17 51
17 61
17 62
17 68
17 69
17 71
17 76
17 79
17 80
17 86
17 87
17 92
17 93
17 95
17 98
17 99
17 109
17 112
17 114
17 117
17 120
17 147
17 148
17 149
17 152
17 161
17 163
17 164
17 169
17 186
17 190
17 191
17 199
18 21
18 29
18 31
18 33
18 34
18 44
18 47
18 53
18 59
18 62
18 63
18 66
18 69
18 70
18 75
18 84
18 85
18 87
18 95
18 99
18 103
18 108
18 113
18 114
18 115
18 134
18 145
18 146
18 154
18 155
18 167
18 172
18 177
18 178
18 180
18 181
18 184
18 192
18 194
18 199
19 20
19 36
19 38
19 53
19 57
19 60
19 72
19 79
19 84
19 92
19 94
19 97
19 100
19 114
19 116
19 127
19 139
19 143
19 156
19 161
19 162
19 164
19 166
19 168
19 170
19 177
19 183
19 184
19 190
19 193
19 194
20 23
20 24
20 25
20 29
20 31
20 38
20 47
20 72
20 78
20 86
20 93
20 95
20 102
20 103
20 111
20 112
20 117
20 119
20 123
20 126
20 145
20 146
20 148
20 149
20 153
20 154
20 158
20 159
20 166
20 169
20 172
20 173
20 184
20 186
20 194
21 22
21 24
21 28
21 29
21 32
21 34
21 40
21 43
21 44
21 48
21 49
21 58
21 64
21 69
21 70
21 71
21 79
21 83
21 91
21 99
21 112
21 117
21 119
21 125
21 134
21 136
21 141
21 145
21 150
21 155
21 159
21 160
21 172
21 174
21 175
21 181
21 185
21 190
21 192
21 199
22 27
22 47
22 50
22 53
22 61
22 66
22 76
22 82
22 93
22 100
22 105
22 108
22 128
22 129
22 136
22 139
22 143
22 149
22 151
22 155
22 158
22 166
22 167
22 168
22 171
22 172
22 173
22 189
22 193
22 197
22 198
23 32
23 36
23 43
23 44
23 46
23 58
23 64
23 65
23 67
23 70
23 80
23 81
23 85
23 89
23 90
23 97
23 103
23 107
23 115
23 116
23 118
23 119
23 131
23 135
23 143
23 148
23 149
23 151
23 155
23 161
23 162
23 167
23 169
23 185
23 189
23 191
23 199
24 31
24 32
24 34
24 35
24 36
24 38
24 45
24 55
24 67
24 74
24 78
24 84
24 87
24 91
24 102
24 103
24 104
24 109
24 114
24 129
24 132
24 136
24 138
24 139
24 141
24 143
24 148
24 151
24 175
24 177
24 182
25 30
25 33
25 39
25 42
25 43
25 58
25 60
25 64
25 65
25 67
25 73
25 75
25 80
25 92
25 97
25 103
25 106
25 110
25 114
25 116
25 119
25 121
25 123
25 125
25 128
25 131
25 135
25 140
25 142
25 150
25 159
25 162
25 166
25 168
25 190
25 191
25 192
25 194
25 197
25 198
26 32
26 46
26 49
26 55
26 58
26 62
26 65
26 81
26 83
26 85
26 89
26 98
26 108
26 109
26 110
26 112
26 131
26 133
26 134
26 144
26 153
26 154
26 161
26 163
26 177
26 178
26 182
26 185
26 192
26 194
26 195
27 39
27 42
27 46
27 52
27 53
27 65
27 77
27 90
27 94
27 95
27 98
27 103
27 111
27 112
27 115
27 116
27 119
27 121
27 124
27 128
27 131
27 132
27 136
27 144
27 156
27 179
27 185
27 197
28 37
28 38
28 48
28 50
28 51
28 54
28 57
28 64
28 65
28 66
28 68
28 78
28 84
28 87
28 89
28 90
28 98
28 99
28 104
28 106
28 108
28 110
28 114
28 118
28 120
28 123
28 128
28 134
28 139
28 140
28 153
28 154
28 155
28 156
28 157
28 171
28 183
28 184
28 187
28 188
29 36
29 37
29 39
29 40
29 44
29 49
29 50
29 57
29 62
29 64
29 66
29 82
29 91
29 106
29 113
29 120
29 132
29 137
29 175
29 178
29 183
29 187
29 191
29 193
29 194
29 195
29 198
29 199
30 31
30 34
30 46
30 47
30 49
30 52
30 55
30 67
30 85
30 87
30 92
30 119
30 123
30 124
30 130
30 131
30 135
30 141
30 143
30 145
30 146
30 150
30 155
30 158
30 164
30 168
30 173
30 175
30 185
30 188
30 193
30 195
31 32
31 37
31 41
31 54
31 61
31 62
31 66
31 69
31 72
31 85
31 86
31 91
31 95
31 122
31 125
31 126
31 129
31 136
31 139
31 141
31 147
31 161
31 167
31 185
31 190
31 193
32 33
32 37
32 39
32 40
32 41
32 42
32 47
32 55
32 66
32 72
32 73
32 81
32 82
32 83
32 86
32 95
32 96
32 107
32 122
32 123
32 133
32 136
32 137
32 140
32 145
32 148
32 154
32 165
32 168
32 171
32 181
32 187
32 196
33 35
33 37
33 45
33 58
33 64
33 70
33 74
33 78
33 84
33 88
33 91
33 99
33 101
33 117
33 127
33 128
33 130
33 139
33 141
33 142
33 147
33 152
33 158
33 162
33 168
33 188
33 196
33 197
34 37
34 42
34 45
34 61
34 63
34 78
34 80
34 81
34 89
34 98
34 106
34 109
34 110
34 112
34 119
34 130
34 132
34 134
34 137
34 138
34 141
34 142
34 168
34 184
34 189
35 42
35 49
35 52
35 54
35 57
35 60
35 61
35 66
35 69
35 84
35 89
35 91
35 93
35 94
35 98
35 104
35 111
35 112
35 115
35 122
35 128
35 142
35 147
35 156
35 157
35 160
35 162
35 165
35 166
35 169
35 182
35 185
35 186
35 189
35 194
35 196
36 43
36 52
36 58
36 62
36 82
36 83
36 85
36 91
36 97
36 99
36 103
36 104
36 108
36 118
36 123
36 133
36 143
36 150
36 153
36 160
36 162
36 163
36 167
36 168
36 170
36 171
36 175
36 178
37 40
37 50
37 52
37 57
37 61
37 72
37 74
37 77
37 84
37 87
37 92
37 93
37 95
37 111
37 113
37 116
37 117
37 121
37 123
37 132
37 139
37 157
37 160
37 166
37 169
37 178
37 186
37 187
37 189
37 196
38 42
38 47
38 49
38 53
38 55
38 58
38 59
38 69
38 70
38 73
38 74
38 76
38 77
38 78
38 80
38 81
38 87
38 88
38 96
38 100
38 101
38 106
38 110
38 119
38 129
38 138
38 141
38 150
38 155
38 158
38 163
38 168
38 177
38 180
38 195
38 197
38 199
39 46
39 55
39 57
39 59
39 60
39 61
39 62
39 71
39 79
39 80
39 81
39 90
39 97
39 106
39 113
39 115
39 119
39 133
39 134
39 142
39 151
39 157
39 158
39 159
39 170
39 185
39 191
39 197
40 42
40 61
40 63
40 64
40 72
40 74
40 77
40 78
40 80
40 97
40 100
40 105
40 111
40 116
40 124
40 125
40 130
40 131
40 142
40 146
40 151
40 153
40 155
40 169
40 170
40 181
40 186
40 189
40 191
40 196
41 44
41 52
41 55
41 62
41 82
41 89
41 91
41 94
41 97
41 101
41 107
41 110
41 117
41 123
41 126
41 144
41 146
41 148
41 157
41 158
41 159
41 165
41 168
41 170
41 172
41 181
41 183
41 191
42 58
42 73
42 81
42 83
42 90
42 93
42 94
42 96
42 97
42 102
42 105
42 108
42 109
42 113
42 116
42 122
42 123
42 124
42 125
42 141
42 146
42 152
42 158
42 161
42 164
42 168
42 169
42 171
42 172
42 180
42 184
42 190
43 44
43 46
43 56
43 61
43 62
43 63
43 66
43 77
43 81
43 89
43 99
43 102
43 104
43 116
43 118
43 119
43 120
43 122
43 127
43 137
43 139
43 146
43 150
43 152
43 155
43 159
43 161
43 167
43 168
43 171
43 181
43 185
43 186
43 187
44 55
44 76
44 77
44 80
44 91
44 95
44 99
44 102
44 103
44 105
44 116
44 121
44 128
44 134
44 135
44 139
44 140
44 147
44 148
44 152
44 155
44 160
44 162
44 164
44 167
44 190
44 197
44 198
45 50
45 51
45 58
45 61
45 69
45 71
45 83
45 84
45 88
45 91
45 113
45 114
45 120
45 121
45 123
45 128
45 129
45 131
45 142
45 145
45 151
45 152
45 166
45 168
45 177
45 194
45 197
45 198
46 49
46 64
46 66
46 71
46 72
46 80
46 83
46 85
46 93
46 107
46 114
46 129
46 142
46 145
46 147
46 158
46 172
46 173
46 174
46 176
46 181
46 183
46 193
46 195
47 49
47 52
47 55
47 56
47 57
47 66
47 67
47 72
47 75
47 79
47 85
47 88
47 90
47 92
47 105
47 108
47 110
47 113
47 127
47 128
47 131
47 140
47 147
47 148
47 149
47 155
47 158
47 159
47 161
47 162
47 165
47 171
47 179
47 180
47 181
47 188
47 191
47 196
48 49
48 50
48 55
48 60
48 61
48 62
48 66
48 75
48 79
48 84
48 99
48 102
48 105
48 109
48 110
48 114
48 116
48 119
48 127
48 133
48 136
48 155
48 160
48 162
48 178
48 184
48 191
48 194
49 57
49 62
49 64
49 67
49 70
49 71
49 76
49 78
49 82
49 83
49 88
49 91
49 96
49 100
49 101
49 104
49 107
49 108
49 111
49 116
49 119
49 121
49 124
49 131
49 137
49 145
49 150
49 154
49 155
49 160
49 163
49 169
49 170
49 175
49 181
49 193
49 196
50 57
50 62
50 83
50 95
50 98
50 102
50 104
50 105
50 106
50 122
50 123
50 138
50 144
50 148
50 152
50 156
50 161
50 167
50 169
50 174
50 177
50 180
50 184
50 186
50 190
51 58
51 59
51 65
51 68
51 69
51 73
51 75
51 76
51 86
51 90
51 98
51 103
51 112
51 114
51 118
51 124
51 127
51 136
51 140
51 142
51 147
51 177
51 180
51 181
51 187
51 195
51 198
52 58
52 59
52 60
52 69
52 71
52 82
52 87
52 89
52 93
52 100
52 104
52 110
52 111
52 121
52 124
52 127
52 136
52 138
52 157
52 171
52 173
52 174
52 176
52 183
52 184
52 188
52 189
52 199
53 65
53 71
53 76
53 83
53 88
53 101
53 113
53 120
53 123
53 126
53 127
53 128
53 131
53 134
53 135
53 136
53 139
53 144
53 162
53 167
53 169
53 170
53 181
53 185
53 193
53 195
54 59
54 63
54 70
54 74
54 76
54 77
54 83
54 94
54 101
54 108
54 110
54 120
54 127
54 129
54 132
54 137
54 147
54 148
54 161
54 165
54 166
54 179
54 184
54 198
54 199
55 57
55 58
55 59
55 62
55 63
55 66
55 72
55 75
55 76
55 80
55 82
55 85
55 86
55 89
55 90
55 93
55 95
55 101
55 108
55 116
55 117
55 124
55 136
55 139
55 141
55 142
55 154
55 163
55 166
55 168
55 178
55 182
55 187
55 190
55 194
55 196
55 198
55 199
56 57
56 59
56 61
56 65
56 73
56 74
56 76
56 86
56 98
56 100
56 103
56 106
56 114
56 115
56 122
56 124
56 140
56 146
56 158
56 159
56 163
56 170
56 171
56 173
56 179
56 181
56 183
56 190
56 192
56 194
56 195
56 198
57 59
57 61
57 62
57 69
57 72
57 75
57 77
57 78
57 89
57 93
57 94
57 101
57 102
57 104
57 111
57 115
57 116
57 123
57 126
57 133
57 141
57 143
57 155
57 162
57 179
57 181
57 185
57 187
57 191
57 195
57 196
57 197
57 198
57 199
58 60
58 65
58 66
58 67
58 76
58 78
58 81
58 96
58 110
58 122
58 128
58 129
58 132
58 134
58 135
58 154
58 156
58 161
58 167
58 182
58 183
58 186
58 189
58 195
58 198
59 61
59 62
59 65
59 66
59 70
59 74
59 76
59 81
59 90
59 91
59 100
59 103
59 111
59 125
59 126
59 133
59 140
59 141
59 147
59 152
59 153
59 156
59 157
59 160
59 163
59 168
59 172
59 177
59 179
59 193
59 197
60 67
60 78
60 79
60 86
60 88
60 93
60 97
60 103
60 105
60 112
60 125
60 126
60 134
60 137
60 141
60 142
60 143
60 144
60 147
60 152
60 161
60 166
60 167
60 173
60 181
60 186
60 189
60 195
61 67
61 73
61 81
61 83
61 95
61 96
61 106
61 107
61 108
61 119
61 122
61 127
61 141
61 144
61 152
61 156
61 162
61 163
61 168
61 174
61 175
61 178
61 180
61 182
61 189
61 193
62 78
62 86
62 94
62 99
62 109
62 112
62 116
62 119
62 125
62 126
62 138
62 146
62 151
62 153
62 162
62 169
62 171
62 175
62 181
62 182
62 184
62 186
62 187
62 194
62 197
62 198
63 70
63 73
63 78
63 79
63 82
63 86
63 88
63 90
63 93
63 98
63 99
63 105
63 106
63 118
63 119
63 121
63 130
63 137
63 145
63 154
63 156
63 157
63 166
63 168
63 170
63 176
63 177
63 180
63 181
63 184
63 189
63 195
64 67
64 68
64 70
64 79
64 80
64 89
64 98
64 108
64 109
64 126
64 133
64 143
64 147
64 151
64 155
64 180
64 181
64 182
64 188
64 189
65 76
65 78
65 80
65 81
65 82
65 93
65 97
65 99
65 106
65 118
65 124
65 127
65 133
65 135
65 139
65 151
65 158
65 164
65 170
65 174
65 178
65 180
65 186
65 190
65 193
66 67
66 73
66 76
66 87
66 93
66 101
66 102
66 106
66 108
66 109
66 114
66 118
66 119
66 123
66 131
66 140
66 143
66 151
66 166
66 167
66 168
66 173
66 184
66 187
67 72
67 80
67 85
67 89
67 92
67 100
67 103
67 118
67 119
67 122
67 123
67 128
67 140
67 142
67 147
67 150
67 155
67 156
67 159
67 167
67 172
67 182
67 183
67 185
67 192
67 198
68 72
68 74
68 82
68 88
68 90
68 97
68 98
68 102
68 105
68 110
68 113
68 118
68 126
68 129
68 132
68 139
68 142
68 143
68 148
68 149
68 168
68 179
68 184
68 186
68 189
68 195
68 197
69 80
69 90
69 92
69 96
69 113
69 115
69 122
69 128
69 135
69 137
69 138
69 140
69 144
69 151
69 153
69 155
69 162
69 164
69 171
69 180
69 186
69 188
69 194
69 195
70 76
70 89
70 90
70 94
70 95
70 99
70 100
70 105
70 121
70 133
70 134
70 141
70 150
70 154
70 155
70 157
70 162
70 168
70 177
70 183
70 184
70 188
70 191
70 195
70 197
70 199
71 74
71 75
71 78
71 80
71 93
71 98
71 117
71 120
71 125
71 131
71 136
71 141
71 142
71 146
71 153
71 157
71 160
71 163
71 169
71 171
71 174
71 187
71 194
71 197
72 74
72 76
72 78
72 79
72 83
72 86
72 89
72 93
72 100
72 105
72 117
72 127
72 128
72 130
72 131
72 137
72 139
72 140
72 141
72 142
72 151
72 157
72 164
72 165
72 166
72 168
72 172
72 174
72 175
72 176
72 177
72 181
72 182
72 187
73 81
73 83
73 85
73 88
73 90
73 95
73 103
73 108
73 116
73 126
73 129
73 131
73 146
73 151
73 152
73 158
73 164
73 176
73 177
73 182
73 183
73 191
73 199
74 79
74 82
74 93
74 95
74 97
74 104
74 105
74 110
74 111
74 124
74 126
74 144
74 145
74 152
74 154
74 163
74 170
74 185
74 190
74 191
74 199
75 78
75 86
75 92
75 106
75 110
75 122
75 137
75 139
75 140
75 145
75 146
75 158
75 160
75 161
75 162
75 163
75 164
75 175
75 176
75 177
75 179
75 185
75 191
75 192
75 195
75 197
75 198
76 79
76 83
76 85
76 94
76 100
76 101
76 102
76 104
76 109
76 110
76 112
76 128
76 130
76 139
76 144
76 148
76 151
76 152
76 155
76 159
76 162
76 187
76 190
77 83
77 89
77 92
77 106
77 109
77 110
77 111
77 121
77 131
77 135
77 143
77 152
77 153
77 156
77 165
77 166
77 170
77 176
77 196
77 199
78 91
78 92
78 103
78 113
78 121
78 123
78 124
78 129
78 132
78 133
78 139
78 140
78 155
78 156
78 162
78 165
78 166
78 169
78 172
78 179
78 181
78 185
78 190
78 195
79 94
79 98
79 104
79 108
79 121
79 128
79 133
79 135
79 140
79 149
79 152
79 158
79 161
79 162
79 163
79 168
79 179
79 180
79 187
79 192
79 193
79 197
79 198
79 199
80 85
80 88
80 93
80 96
80 102
80 106
80 116
80 118
80 120
80 126
80 127
80 130
80 137
80 141
80 142
80 144
80 156
80 167
80 169
80 172
80 177
80 179
80 183
80 196
80 197
81 85
81 88
81 92
81 97
81 101
81 115
81 116
81 118
81 136
81 143
81 164
81 177
81 187
81 195
82 83
82 95
82 97
82 98
82 110
82 111
82 112
82 114
82 118
82 127
82 128
82 133
82 135
82 145
82 154
82 158
82 169
82 171
82 174
82 182
82 184
82 188
82 196
83 85
83 91
83 101
83 102
83 103
83 105
83 106
83 107
83 122
83 124
83 136
83 137
83 139
83 142
83 145
83 149
83 151
83 153
83 154
83 156
83 158
83 161
83 166
83 173
83 177
83 178
83 185
83 196
84 95
84 103
84 104
84 119
84 127
84 132
84 135
84 140
84 148
84 154
84 157
84 166
84 167
84 168
84 179
84 183
84 188
84 190
84 191
84 199
85 89
85 91
85 95
85 97
85 104
85 111
85 127
85 128
85 141
85 152
85 161
85 162
85 163
85 168
85 176
85 180
85 183
85 191
85 192
85 196
85 199
86 87
86 92
86 93
86 95
86 97
86 113
86 130
86 136
86 139
86 142
86 158
86 163
86 165
86 169
86 171
86 173
86 181
86 190
86 198
86 199
87 93
87 94
87 100
87 108
87 120
87 125
87 126
87 127
87 128
87 130
87 131
87 135
87 137
87 142
87 144
87 145
87 161
87 165
87 168
87 170
87 176
87 178
87 186
87 189
87 195
87 198
88 89
88 94
88 104
88 112
88 113
88 120
88 122
88 128
88 141
88 149
88 151
88 153
88 155
88 160
88 164
88 171
88 178
88 183
88 184
88 190
88 195
89 103
89 105
89 112
89 115
89 127
89 130
89 132
89 135
89 136
89 138
89 144
89 153
89 155
89 158
89 160
89 165
89 169
89 174
89 182
89 184
89 190
89 193
90 93
90 96
90 112
90 114
90 138
90 140
90 141
90 143
90 154
90 158
90 160
90 162
90 163
90 164
90 165
90 166
90 172
90 175
90 179
90 184
90 188
91 95
91 96
91 105
91 125
91 130
91 136
91 137
91 143
91 145
91 147
91 149
91 157
91 158
91 161
91 163
91 169
91 170
91 175
91 176
91 179
91 181
91 185
91 187
91 189
91 192
91 195
91 196
92 98
92 99
92 114
92 115
92 117
92 120
92 127
92 131
92 139
92 142
92 148
92 159
92 160
92 164
92 172
92 174
92 177
92 178
92 188
92 189
92 193
92 196
92 197
93 101
93 110
93 111
93 118
93 119
93 131
93 133
93 135
93 138
93 142
93 147
93 155
93 168
93 173
93 183
93 187
93 199
94 98
94 100
94 105
94 111
94 113
94 126
94 127
94 130
94 134
94 140
94 141
94 157
94 161
94 162
94 164
94 183
94 185
94 188
94 189
94 194
94 197
95 99
95 106
95 108
95 110
95 114
95 115
95 119
95 120
95 132
95 140
95 147
95 149
95 151
95 153
95 157
95 160
95 162
95 163
95 166
95 167
95 179
95 182
95 190
95 191
95 194
95 197
96 111
96 118
96 122
96 125
96 128
96 129
96 134
96 136
96 138
96 153
96 154
96 159
96 178
96 180
96 183
96 193
97 101
97 102
97 104
97 105
97 108
97 117
97 120
97 130
97 140
97 150
97 153
97 160
97 171
97 178
97 181
97 185
97 189
97 192
98 99
98 102
98 103
98 104
98 112
98 116
98 119
98 126
98 127
98 128
98 131
98 134
98 135
98 142
98 146
98 150
98 163
98 165
98 167
98 176
98 181
98 183
98 186
98 188
98 192
98 194
99 104
99 117
99 126
99 127
99 143
99 152
99 154
99 155
99 158
99 159
99 165
99 171
99 176
99 178
99 185
99 187
100 102
100 120
100 122
100 132
100 138
100 146
100 165
100 167
100 170
100 171
100 172
100 175
100 182
100 189
100 194
100 195
100 198
101 106
101 114
101 124
101 130
101 142
101 158
101 159
101 163
101 166
101 170
101 174
101 180
101 186
101 187
101 191
101 194
101 198
102 108
102 111
102 116
102 120
102 131
102 153
102 156
102 158
102 161
102 162
102 166
102 184
102 188
102 195
102 199
103 105
103 106
103 107
103 117
103 118
103 120
103 128
103 131
103 143
103 152
103 153
103 162
103 167
103 171
103 173
103 177
103 178
103 180
103 182
103 186
103 189
103 192
103 193
103 197
104 106
104 108
104 114
104 116
104 118
104 120
104 124
104 131
104 134
104 136
104 142
104 144
104 145
104 147
104 162
104 166
104 168
104 170
104 184
104 187
104 194
104 195
104 196
104 198
104 199
105 107
105 108
105 113
105 115
105 116
105 118
105 122
105 124
105 131
105 136
105 148
105 150
105 154
105 157
105 168
105 174
105 177
105 181
105 186
105 190
105 191
106 119
106 125
106 126
106 130
106 134
106 138
106 145
106 148
106 149
106 156
106 157
106 160
106 162
106 170
106 174
106 195
107 120
107 129
107 135
107 140
107 149
107 150
107 153
107 155
107 156
107 157
107 160
107 165
107 170
107 175
107 177
107 179
107 183
107 185
107 193
107 196
107 198
108 109
108 119
108 123
108 126
108 128
108 133
108 145
108 149
108 156
108 161
108 171
108 173
108 197
109 115
109 117
109 119
109 120
109 134
109 144
109 148
109 151
109 163
109 167
109 168
109 169
109 174
109 175
109 184
109 190
109 193
109 196
110 115
110 117
110 118
110 125
110 138
110 140
110 152
110 153
110 154
110 161
110 170
110 177
110 178
110 181
110 185
110 198
111 115
111 117
111 121
111 123
111 127
111 130
111 131
111 140
111 151
111 169
111 176
111 179
111 181
111 190
111 192
111 193
111 198
112 113
112 120
112 134
112 137
112 139
112 157
112 164
112 165
112 166
112 174
112 185
112 187
112 194
112 195
112 198
113 134
113 137
113 139
113 145
113 147
113 148
113 149
113 150
113 151
113 158
113 165
113 166
113 167
113 172
113 174
113 179
113 182
113 186
113 192
113 197
113 199
114 116
114 128
114 133
114 138
114 144
114 148
114 155
114 157
114 164
114 168
114 176
114 183
114 196
114 197
115 120
115 121
115 126
115 133
115 136
115 137
115 139
115 140
115 148
115 150
115 161
115 163
115 168
115 170
115 184
115 186
116 120
116 123
116 124
116 161
116 171
116 174
116 176
116 177
116 182
116 184
116 185
116 189
116 193
116 196
116 197
117 121
117 125
117 134
117 149
117 157
117 175
117 177
117 179
117 183
117 190
117 192
117 196
118 124
118 134
118 142
118 143
118 148
118 149
118 153
118 160
118 168
118 179
118 180
118 189
118 194
118 195
119 123
119 127
119 135
119 136
119 140
119 146
119 149
119 150
119 153
119 159
119 167
119 169
119 171
119 179
119 180
119 192
119 193
119 195
119 196
119 197
120 123
120 124
120 133
120 138
120 139
120 142
120 147
120 152
120 164
120 166
120 167
120 174
120 183
120 187
120 188
120 190
120 192
120 193
120 195
120 197
121 123
121 124
121 126
121 127
121 132
121 138
121 147
121 151
121 153
121 154
121 161
121 165
121 166
121 173
121 174
121 175
121 177
121 178
121 181
121 191
122 125
122 127
122 129
122 130
122 131
122 132
122 133
122 140
122 143
122 160
122 162
122 166
122 172
122 189
122 199
123 124
123 126
123 131
123 141
123 142
123 143
123 146
123 155
123 161
123 162
123 182
123 187
123 189
123 191
123 198
124 127
124 128
124 140
124 149
124 156
124 157
124 160
124 161
124 163
124 166
124 167
124 168
124 172
124 180
124 183
124 184
124 188
124 190
124 198
125 131
125 135
125 136
125 140
125 154
125 156
125 157
125 158
125 168
125 175
125 177
125 189
125 195
126 128
126 129
126 136
126 138
126 140
126 142
126 143
126 144
126 146
126 148
126 149
126 151
126 154
126 155
126 164
126 172
126 177
126 178
126 182
126 187
126 194
126 198
127 129
127 138
127 149
127 151
127 164
127 172
127 176
127 180
127 186
127 193
127 198
128 130
128 133
128 136
128 142
128 160
128 163
128 165
128 166
128 167
128 169
128 177
128 180
128 181
128 186
128 191
128 192
129 136
129 144
129 145
129 150
129 163
129 166
129 170
129 182
129 183
129 184
129 186
129 188
129 193
129 199
130 135
130 142
130 146
130 147
130 154
130 158
130 162
130 169
130 178
130 185
130 190
130 191
130 197
130 198
131 145
131 148
131 150
131 152
131 155
131 162
131 167
131 173
131 181
131 182
131 183
131 190
131 192
132 136
132 137
132 142
132 144
132 158
132 166
132 174
132 177
132 178
133 137
133 140
133 144
133 145
133 156
133 161
133 165
133 170
133 176
133 178
133 179
133 183
133 187
133 192
133 193
133 195
133 199
134 138
134 139
134 140
134 144
134 147
134 148
134 150
134 158
134 162
134 163
134 168
134 174
134 175
134 197
135 136
135 137
135 139
135 148
135 151
135 172
135 173
135 175
135 179
135 180
135 186
135 187
135 194
135 197
135 198
135 199
136 137
136 140
136 145
136 148
136 152
136 154
136 159
136 161
136 164
136 165
136 169
136 170
136 172
136 177
136 185
136 187
136 189
136 190
136 193
136 197
136 199
137 148
137 149
137 158
137 161
137 164
137 165
137 178
137 188
137 193
137 194
138 148
138 160
138 170
138 179
138 181
138 191
138 194
138 196
139 142
139 147
139 150
139 152
139 167
139 174
139 179
139 185
139 187
139 190
139 191
139 193
139 196
139 198
140 146
140 147
140 151
140 155
140 168
140 172
140 173
140 180
140 184
140 186
140 187
140 188
140 191
140 193
140 196
141 150
141 153
141 156
141 157
141 160
141 163
141 168
141 178
141 179
141 185
141 187
141 191
141 194
141 199
142 146
142 150
142 157
142 164
142 166
142 171
142 179
142 187
142 192
142 198
143 150
143 154
143 155
143 159
143 169
143 172
143 176
143 178
143 189
144 147
144 161
144 163
144 169
144 174
144 188
144 189
144 196
145 148
145 150
145 153
145 155
145 168
145 171
145 175
145 176
145 178
145 179
145 181
145 187
145 192
145 193
145 199
146 148
146 152
146 161
146 173
146 174
146 175
146 194
147 148
147 155
147 157
147 163
147 167
147 172
147 177
147 178
147 181
147 182
147 184
147 192
147 194
147 196
148 150
148 151
148 162
148 163
148 172
148 173
148 183
148 191
148 197
149 152
149 156
149 165
149 167
149 168
149 172
149 173
149 174
149 175
149 176
149 178
149 179
149 186
149 188
149 191
149 196
149 197
149 199
150 151
150 153
150 155
150 158
150 164
150 167
150 176
150 181
150 195
150 198
151 155
151 163
151 170
151 181
151 185
152 155
152 160
152 162
152 179
152 182
152 187
152 189
152 191
152 195
152 198
153 154
153 159
153 160
153 161
153 166
153 199
154 157
154 163
154 177
154 180
154 182
154 189
154 199
155 162
155 164
155 168
155 173
155 175
155 179
155 183
155 186
155 187
155 198
156 157
156 159
156 173
156 180
156 187
156 193
157 163
157 165
157 169
157 171
157 173
157 175
157 178
157 183
157 185
157 188
157 198
158 161
158 163
158 165
158 168
158 176
158 181
158 184
158 190
158 192
158 193
158 197
158 199
159 160
159 165
159 168
159 185
159 188
159 190
159 194
159 199
160 167
160 171
160 175
160 177
160 181
160 182
160 188
160 193
161 179
161 181
161 182
161 186
161 193
161 196
162 170
162 183
162 186
162 189
162 191
163 165
163 169
163 175
163 181
163 187
163 192
163 195
164 172
164 174
164 178
164 180
164 189
165 169
165 173
165 178
165 182
165 183
165 185
165 194
165 198
166 187
166 190
166 193
166 195
166 196
166 199
167 170
167 185
167 188
167 192
167 193
167 195
167 196
167 198
168 169
168 187
168 190
168 192
168 193
168 194
168 196
168 197
168 199
169 174
169 176
169 186
169 187
169 188
169 190
169 191
169 197
169 198
170 172
170 177
170 181
170 184
170 186
170 195
170 199
171 172
171 176
171 188
171 192
171 195
171 196
171 198
172 173
172 180
172 183
172 191
172 199
173 181
173 188
173 189
173 196
174 180
174 184
174 185
174 191
174 193
174 196
175 178
175 192
175 199
176 193
176 197
177 182
177 193
177 194
177 197
178 186
178 188
178 189
178 190
178 191
178 195
178 199
179 183
179 184
179 185
179 186
179 198
180 182
180 184
180 191
180 192
180 195
180 197
180 198
180 199
181 187
181 193
182 185
182 186
182 193
183 185
183 188
183 190
183 191
184 197
184 199
185 195
186 187
186 194
187 189
187 191
187 197
188 190
188 192
188 194
188 196
188 199
190 194
190 195
192 193
192 197
193 194
194 198
195 196
196 199
197 198

0 1 1 0 0 1 1 1 1 1 0 1 1 1 1 1 0 1 1 1 0 0 0 0 0 1 0 1 0 0 0 1 1 1 1 1 0 0 0 1 1 0 0 1 0 1 0 0 1 0 1 0 0 1 1 1 0 0 0 0 0 0 0 0 1 1 1 0 1 1 0 0 0 1 0 0 1 0 0 0 0 0 1 1 1 0 1 0 1 0 1 0 1 0 1 1 0 1 1 1 0 1 1 1 1 0 0 0 1 0 1 1 0 1 1 0 0 1 1 0 0 1 1 1 0 1 0 1 0 1 1 0 1 0 0 1 0 0 1 0 1 0 1 0 0 1 1 0 0 1 1 1 1 1 0 1 1 0 0 0 1 0 0 1 1 0 1 0 0 0 0 0 1 0 0 0 1 0 1 1 0 0 1 0 0 1 0 0 1 1 1 1 1 1 0 0 0 1 1 0