200 972
0 1 2 3 4 5 6 7 8 9 10 11 12 13 14 15 16 17 18 19 20 21 22 23 24 25 26 27 28 29 30 31 32 33 34 35 36 37 38 39 40 41 42 43 44 45 46 47 48 49 50 51 52 53 54 55 56 57 58 59 60 61 62 63 64 65 66 67 68 69 70 71 72 73 74 75 76 77 78 79 80 81 82 83 84 85 86 87 88 89 90 91 92 93 94 95 96 97 98 99 100 101 102 103 104 105 106 107 108 109 110 111 112 113 114 115 116 117 118 119 120 121 122 123 124 125 126 127 128 129 130 131 132 133 134 135 136 137 138 139 140 141 142 143 144 145 146 147 148 149 150 151 152 153 154 155 156 157 158 159 160 161 162 163 164 165 166 167 168 169 170 171 172 173 174 175 176 177 178 179 180 181 182 183 184 185 186 187 188 189 190 191 192 193 194 195 196 197 198 199
0 96
0 110
0 123
0 132
0 138
0 141
0 187
1 45
1 57
1 60
1 65
1 68
1 69
1 81
1 82
1 84
1 96
1 99
1 101
1 118
1 120
1 142
1 151
1 182
1 196
2 40
2 45
2 47
2 54
2 96
2 170
2 179
2 191
3 5
3 18
3 38
3 67
3 135
3 157
3 162
4 6
4 22
4 38
4 43
4 65
4 88
4 99
4 110
4 121
4 144
4 152
4 173
4 174
4 175
4 181
5 57
5 85
5 121
5 129
5 150
5 197
6 14
6 59
6 79
6 84
6 95
6 110
6 148
6 166
7 18
7 33
7 50
7 58
7 65
7 73
7 85
7 118
7 126
7 149
7 153
7 163
8 9
8 30
8 38
8 48
8 85
8 95
8 140
8 154
8 157
8 174
8 178
8 181
8 185
9 46
9 61
9 101
9 119
9 127
9 130
9 152
9 179
10 16
10 80
10 110
10 111
10 178
11 107
11 118
11 154
11 172
11 185
12 25
12 37
12 50
12 56
12 57
12 70
12 104
12 128
12 132
13 33
13 55
13 102
13 116
13 156
13 187
13 195
14 22
14 53
14 59
14 106
14 128
14 132
14 174
14 188
15 52
15 66
15 79
15 80
15 108
15 125
15 134
15 158
15 165
15 176
15 193
16 25
16 43
16 86
16 117
16 121
16 138
16 157
16 172
16 182
16 186
16 191
16 198
17 23
17 31
17 81
17 114
17 135
17 156
17 158
17 177
17 191
17 199
18 31
18 70
18 82
18 101
18 117
19 21
19 44
19 51
19 137
19 145
19 150
19 158
19 159
19 185
19 195
20 50
20 68
20 81
20 125
20 139
20 147
20 148
20 149
20 161
20 169
20 191
20 193
21 50
21 81
21 84
21 108
21 113
21 145
21 157
21 194
22 57
22 81
22 83
22 93
22 129
22 190
22 192
22 195
23 57
23 100
23 103
23 107
23 140
23 147
23 160
23 163
23 169
23 179
23 195
23 199
24 48
24 98
24 119
24 133
24 155
25 35
25 74
25 78
25 96
25 105
25 124
25 126
25 164
26 70
26 96
26 104
26 125
26 127
26 138
26 161
26 162
26 170
26 186
27 60
27 113
27 121
27 137
27 160
28 36
28 57
28 72
28 96
28 121
28 178
28 194
29 31
29 43
29 81
29 95
29 112
29 114
29 126
29 134
29 141
29 177
29 182
29 198
30 43
30 68
30 79
30 83
30 118
30 175
31 92
31 128
31 139
31 140
31 147
31 168
31 170
31 181
31 189
32 47
32 54
32 105
32 118
32 120
32 144
32 146
32 173
33 108
33 114
33 146
33 159
33 175
33 187
33 190
34 58
34 89
34 127
34 140
34 155
34 178
34 188
35 62
35 80
35 123
35 127
35 153
35 159
35 181
36 39
36 51
36 151
36 161
36 179
37 66
37 81
37 108
37 151
37 159
37 160
37 167
37 174
37 190
37 191
38 55
38 60
38 67
38 68
38 69
38 84
38 91
38 100
38 115
38 148
38 149
38 180
38 191
39 50
39 57
39 69
39 80
39 145
39 165
39 190
39 193
39 195
40 42
40 64
40 70
40 79
40 111
40 119
40 124
40 130
40 136
40 167
40 169
40 172
40 191
40 197
41 62
41 68
41 92
41 102
41 122
41 172
41 175
41 198
42 107
42 114
42 129
42 140
42 164
42 189
43 105
43 106
43 132
43 138
43 179
44 77
44 139
44 164
44 165
44 166
44 187
44 195
45 47
45 70
45 77
45 117
45 124
45 134
45 149
45 152
45 186
45 193
45 197
46 74
46 81
46 84
47 68
47 102
47 112
47 120
47 128
47 158
47 168
47 185
48 97
48 130
48 173
48 184
49 106
49 107
49 108
49 117
49 134
49 180
49 183
50 62
50 82
50 86
50 93
50 136
50 141
50 169
50 180
51 55
51 74
51 76
51 108
51 137
51 152
51 157
51 184
51 193
52 67
52 127
52 143
52 152
52 157
52 160
52 162
53 69
53 123
53 135
53 145
53 161
53 190
53 194
54 88
54 109
54 116
54 194
55 57
55 100
55 162
55 179
55 180
55 189
55 199
56 59
56 127
56 142
56 144
56 146
56 182
56 186
56 194
56 199
57 96
57 128
57 148
57 153
57 183
57 192
58 88
58 104
58 125
58 135
58 159
58 196
59 78
59 79
59 96
59 102
59 112
59 157
59 174
59 176
59 185
59 186
59 196
59 198
60 63
60 87
60 121
60 122
60 162
60 174
60 188
61 122
61 139
61 143
61 155
61 157
61 160
61 163
62 91
62 103
62 106
62 121
62 140
62 141
62 153
63 128
63 138
63 170
63 179
63 186
64 112
64 121
64 152
64 161
64 197
65 70
65 97
65 108
65 133
65 155
65 156
65 182
66 68
66 91
66 105
66 115
66 161
66 185
66 194
67 120
67 128
67 139
67 142
67 145
67 149
67 184
67 193
68 89
68 115
68 120
68 169
68 186
69 81
69 92
69 131
69 152
69 191
70 118
70 142
70 163
70 164
70 167
70 177
70 187
71 73
71 97
71 101
71 110
71 134
71 184
71 196
72 134
72 151
72 181
72 183
72 193
73 91
73 97
73 102
73 109
73 146
73 166
73 177
74 90
74 145
74 162
74 172
74 174
74 185
75 76
75 105
75 160
75 182
75 185
76 81
76 120
76 137
76 199
77 144
77 155
77 166
77 187
78 104
78 119
78 151
78 153
78 182
78 191
79 86
79 107
79 120
79 127
80 84
80 85
80 95
80 103
80 140
80 162
80 163
81 99
81 140
81 170
81 199
82 144
82 156
82 174
82 180
83 92
83 99
83 104
83 145
83 151
83 162
83 196
84 94
84 105
84 108
84 147
84 163
85 111
85 125
85 180
85 198
86 113
86 118
86 133
86 171
86 174
86 193
87 114
87 134
87 143
88 91
88 94
88 103
88 122
88 152
88 161
88 181
88 197
89 109
89 124
89 133
89 165
90 104
90 134
90 141
90 150
90 153
90 196
91 105
91 114
91 155
91 188
92 133
92 159
92 162
92 164
92 176
92 180
92 191
93 101
93 119
93 128
93 129
93 138
93 189
94 116
94 124
94 129
94 186
95 102
95 104
95 111
95 124
95 125
95 179
95 181
95 186
95 190
96 124
96 137
96 138
96 145
96 158
96 168
97 102
97 104
97 153
97 160
97 177
97 178
97 184
98 117
98 140
98 142
98 193
99 116
99 134
100 127
100 130
100 142
100 150
100 155
100 178
101 121
101 125
101 139
101 146
101 152
101 196
102 103
102 111
102 126
102 133
102 159
102 185
103 136
103 150
103 169
103 172
104 157
104 164
104 175
104 178
105 108
105 117
105 131
106 113
106 117
107 114
108 126
108 143
108 153
108 196
109 110
109 115
109 128
109 152
109 162
109 170
109 178
110 112
110 118
110 124
110 132
110 143
110 177
110 187
111 133
111 143
111 156
111 178
111 195
112 113
112 118
112 138
112 146
112 179
113 122
113 154
113 165
113 176
113 191
114 158
114 161
115 120
115 127
115 157
115 162
115 170
115 173
116 119
116 145
116 148
116 163
116 165
116 175
116 186
116 191
116 196
116 197
117 139
117 142
118 125
118 161
118 179
119 163
119 190
120 146
120 164
120 171
120 175
120 181
120 182
120 190
121 122
121 139
121 150
121 155
121 167
121 188
122 137
122 138
122 145
122 179
122 182
122 187
123 155
123 188
123 192
123 198
124 172
124 184
125 150
126 130
126 142
126 166
127 129
127 137
127 165
128 138
128 140
128 156
129 133
129 179
130 152
130 163
130 164
130 196
130 198
131 135
131 174
132 145
132 155
132 172
132 180
133 137
133 139
133 150
133 153
133 172
134 145
134 146
134 173
134 174
134 180
134 183
134 196
135 171
136 152
136 172
136 186
137 152
137 157
137 177
137 180
137 184
137 191
137 194
137 195
138 151
138 161
139 166
140 145
140 166
141 145
141 162
141 175
141 190
142 152
142 173
143 148
143 157
143 179
143 184
144 146
144 154
144 156
144 157
144 175
145 181
145 192
146 157
146 183
148 177
149 157
149 172
149 197
149 199
150 162
150 163
150 169
151 154
152 163
152 193
153 171
153 177
154 175
154 183
154 189
154 195
156 166
157 160
157 166
158 169
158 174
158 177
158 179
158 186
159 183
159 186
159 188
159 196
159 197
160 167
160 172
160 193
161 180
162 166
162 189
163 166
164 166
164 188
164 196
165 179
165 190
166 178
166 188
167 193
168 175
168 188
168 194
168 197
169 193
170 171
173 189
174 188
175 190
175 192
177 186
178 192
179 194
180 193
182 196
187 188

1 1 0 1 1 1 1 1 1 0 0 0 1 0 1 1 1 1 0 0 1 0 1 1 0 1 0 1 0 1 1 1 1 0 1 1 0 0 1 0 0 0 1 0 1 0 0 0 1 1 0 1 0 1 0 1 0 1 1 0 0 0 1 0 0 1 0 0 1 1 1 1 0 1 1 1 0 0 0 0 1 0 1 1 1 1 1 0 0 0 0 1 0 0 0 0 1 1 1 1 1 0 1 1 0 0 0 0 0 1 1 1 0 1 1 0 0 0 1 0 1 1 0 0 1 1 0 1 1 0 0 1 0 0 1 1 0 0 1 0 0 0 1 1 1 1 0 0 1 1 0 0 0 0 1 0 1 1 1 1 1 1 1 1 0 0 0 0 0 0 1 1 1 0 0 0 0 1 0 0 0 1 1 0 1 0 0 1 1 0 0 0 1 1 0 0 0 0 1 0