100 53
0 1 2 3 4 5 6 7 8 9 10 11 12 13 14 15 16 17 18 19 20 21 22 23 24 25 26 27 28 29 30 31 32 33 34 35 36 37 38 39 40 41 42 43 44 45 46 47 48 49 50 51 52 53 54 55 56 57 58 59 60 61 62 63 64 65 66 67 68 69 70 71 72 73 74 75 76 77 78 79 80 81 82 83 84 85 86 87 88 89 90 91 92 93 94 95 96 97 98 99
0 17
0 47
1 41
1 46
2 50
6 61
7 23
7 78
9 30
9 58
11 20
11 28
11 63
12 70
12 89
12 96
13 59
13 75
13 77
14 32
14 98
15 57
15 69
16 81
17 30
19 48
19 64
19 68
23 46
30 31
34 38
34 88
35 64
35 91
38 87
42 98
43 80
43 90
46 74
47 54
49 64
49 76
52 61
53 57
54 64
55 89
57 58
63 98
64 74
70 92
74 79
86 89
86 97

1 0 1 1 1 0 1 0 0 1 0 1 1 0 0 1 0 0 1 1 0 1 1 0 0 0 0 1 0 1 0 0 0 0 0 1 0 1 1 0 0 0 0 1 1 0 0 1 0 0 1 1 1 0 1 0 1 1 0 0 1 0 0 1 0 1 1 1 0 1 0 1 1 1 1 1 0 1 0 0 0 0 0 1 1 0 0 1 1 1 1 1 0 0 1 1 0 1 0 1