50 63
0 1 2 3 4 5 6 7 8 9 10 11 12 13 14 15 16 17 18 19 20 21 22 23 24 25 26 27 28 29 30 31 32 33 34 35 36 37 38 39 40 41 42 43 44 45 46 47 48 49
0 9
0 16
0 38
1 5
1 40
2 19
3 49
4 16
4 28
4 48
5 17
5 29
5 49
6 12
6 15
7 12
8 33
8 45
10 12
10 13
10 17
10 20
10 34
10 35
11 20
11 29
11 39
11 48
12 40
12 41
15 30
15 45
16 40
18 21
18 30
18 43
18 44
19 23
20 37
20 38
20 41
20 48
22 26
22 30
22 39
24 26
24 32
25 44
26 32
26 37
26 42
27 30
27 31
28 33
28 39
34 45
35 41
35 47
36 43
41 43
42 44
42 46
44 48

1 1 0 0 0 0 0 1 0 0 1 0 0 0 1 0 0 0 1 0 1 1 1 1 0 0 1 0 1 1 0 1 0 1 0 1 1 0 1 0 1 0 1 1 1 0 1 1 0 1