200 216
0 1 2 3 4 5 6 7 8 9 10 11 12 13 14 15 16 17 18 19 20 21 22 23 24 25 26 27 28 29 30 31 32 33 34 35 36 37 38 39 40 41 42 43 44 45 46 47 48 49 50 51 52 53 54 55 56 57 58 59 60 61 62 63 64 65 66 67 68 69 70 71 72 73 74 75 76 77 78 79 80 81 82 83 84 85 86 87 88 89 90 91 92 93 94 95 96 97 98 99 100 101 102 103 104 105 106 107 108 109 110 111 112 113 114 115 116 117 118 119 120 121 122 123 124 125 126 127 128 129 130 131 132 133 134 135 136 137 138 139 140 141 142 143 144 145 146 147 148 149 150 151 152 153 154 155 156 157 158 159 160 161 162 163 164 165 166 167 168 169 170 171 172 173 174 175 176 177 178 179 180 181 182 183 184 185 186 187 188 189 190 191 192 193 194 195 196 197 198 199
0 42
0 48
0 97
0 159
1 55
2 26
3 182
4 60
5 28
5 113
5 192
6 35
6 119
7 20
7 65
7 157
8 166
9 85
9 109
10 33
10 53
11 148
12 119
12 132
13 157
13 160
14 34
14 105
17 180
18 104
19 197
19 198
20 73
20 116
20 144
21 101
22 114
22 115
23 164
25 88
25 152
26 71
26 80
26 123
26 135
27 61
27 104
27 153
27 198
28 72
28 77
28 98
29 55
30 46
31 52
31 67
31 106
31 178
32 127
32 134
32 150
33 49
33 128
33 192
34 79
34 148
35 49
36 133
36 164
37 103
38 118
41 142
42 138
42 175
43 86
43 98
43 134
43 147
47 73
47 130
47 179
48 175
49 179
50 105
50 144
51 76
51 126
52 156
53 122
53 178
54 103
54 127
55 109
55 122
55 176
56 160
57 89
58 166
60 74
61 77
61 160
61 187
62 171
63 74
63 183
64 161
64 168
64 183
65 138
65 178
66 110
66 135
67 121
69 88
70 105
70 187
71 170
72 125
75 100
76 104
76 108
76 160
77 78
77 81
77 158
77 197
78 131
79 189
81 137
81 148
81 180
84 107
84 109
84 126
84 181
84 187
85 196
86 180
88 185
89 161
90 141
90 160
91 167
91 186
93 138
93 167
94 125
95 96
95 156
96 102
96 132
97 101
97 186
99 155
99 161
99 194
100 108
100 158
100 198
102 162
103 110
105 142
106 141
109 171
110 132
110 143
110 157
111 169
112 180
114 160
116 120
116 152
117 188
119 130
119 174
120 122
121 137
121 168
123 144
123 170
124 158
124 162
126 139
126 166
128 135
128 138
129 162
129 163
131 181
131 188
134 169
135 139
136 199
137 160
137 166
138 177
139 170
141 196
143 149
147 199
151 169
154 165
154 197
156 159
156 184
157 188
157 190
159 188
159 189
159 198
160 169
162 167
163 184
164 186
165 196
175 178

0 1 0 0 0 1 0 0 1 0 0 1 0 0 1 1 0 0 0 1 0 0 1 1 1 0 1 1 1 1 0 1 1 0 1 1 0 1 0 1 0 0 0 0 0 0 1 1 0 1 0 0 0 0 1 1 0 1 1 1 0 1 0 0 1 0 0 0 1 0 0 1 0 0 0 1 1 0 0 1 1 0 1 0 1 1 1 1 1 0 1 1 0 1 1 1 0 1 0 1 1 1 0 0 1 0 1 1 0 1 1 1 0 0 0 1 0 0 1 1 1 0 1 0 1 1 1 1 0 1 0 0 1 1 0 1 0 0 1 0 1 1 0 1 1 0 1 1 0 0 1 0 1 0 1 0 0 0 1 0 0 1 0 1 0 0 0 0 1 1 0 1 0 0 1 1 1 1 1 1 1 0 1 0 0 0 0 0 1 1 1 0 0 0 0 1 1 0 1 0