100 990
0 1 2 3 4 5 6 7 8 9 10 11 12 13 14 15 16 17 18 19 20 21 22 23 24 25 26 27 28 29 30 31 32 33 34 35 36 37 38 39 40 41 42 43 44 45 46 47 48 49 50 51 52 53 54 55 56 57 58 59 60 61 62 63 64 65 66 67 68 69 70 71 72 73 74 75 76 77 78 79 80 81 82 83 84 85 86 87 88 89 90 91 92 93 94 95 96 97 98 99
0 4
0 7
0 11
0 21
0 22
0 26
0 29
0 39
0 40
0 42
0 48
0 49
0 53
0 59
0 74
0 81
0 82
0 94
0 99
1 2
1 13
1 15
1 16
1 23
1 25
1 31
1 34
1 40
1 43
1 44
1 45
1 53
1 56
1 59
1 60
1 62
1 65
1 67
1 70
1 80
1 81
1 91
1 94
1 95
1 99
2 3
2 8
2 11
2 13
2 55
2 56
2 66
2 69
2 71
2 73
2 78
2 79
2 81
2 86
2 91
2 93
2 94
2 99
3 7
3 10
3 14
3 19
3 22
3 29
3 30
3 38
3 40
3 41
3 68
3 69
3 70
3 75
3 89
3 91
3 92
3 95
3 96
3 97
4 9
4 16
4 17
4 22
4 28
4 33
4 38
4 40
4 41
4 47
4 59
4 62
4 70
4 77
4 84
4 86
4 92
4 95
4 98
5 8
5 11
5 18
5 26
5 33
5 37
5 50
5 60
5 74
5 75
5 77
5 79
5 81
5 83
5 92
5 94
6 20
6 24
6 27
6 34
6 40
6 43
6 47
6 50
6 57
6 60
6 61
6 71
6 72
6 85
6 89
6 96
7 17
7 20
7 21
7 24
7 27
7 33
7 34
7 36
7 40
7 42
7 49
7 57
7 63
7 65
7 67
7 73
7 91
7 94
8 15
8 34
8 43
8 53
8 55
8 57
8 59
8 77
8 81
8 87
8 90
8 94
8 99
9 13
9 18
9 19
9 31
9 46
9 51
9 70
9 80
9 85
9 86
9 89
9 90
10 12
10 14
10 17
10 18
10 19
10 25
10 29
10 30
10 31
10 32
10 33
10 38
10 43
10 44
10 50
10 51
10 52
10 53
10 62
10 63
10 65
10 69
10 71
10 78
10 79
10 80
10 85
10 94
10 98
11 16
11 27
11 33
11 39
11 40
11 42
11 43
11 50
11 53
11 54
11 66
11 78
11 82
11 86
11 89
11 91
11 93
11 94
11 98
12 14
12 16
12 20
12 22
12 30
12 33
12 37
12 38
12 42
12 44
12 45
12 50
12 55
12 56
12 58
12 59
12 65
12 71
12 75
12 79
12 81
12 85
12 92
13 24
13 29
13 39
13 42
13 51
13 54
13 59
13 63
13 65
13 69
13 80
13 89
13 91
13 92
14 23
14 26
14 34
14 35
14 40
14 43
14 47
14 54
14 64
14 68
14 80
14 82
14 85
14 92
14 95
14 98
15 19
15 20
15 22
15 27
15 33
15 36
15 37
15 38
15 39
15 41
15 44
15 49
15 52
15 53
15 54
15 58
15 59
15 62
15 66
15 68
15 70
15 75
15 82
15 91
15 96
16 25
16 32
16 36
16 38
16 46
16 54
16 69
16 78
16 79
16 82
16 83
16 88
16 91
16 95
17 24
17 29
17 30
17 33
17 35
17 55
17 56
17 57
17 60
17 64
17 68
17 79
17 83
17 86
17 87
17 89
17 90
17 96
17 99
18 22
18 27
18 28
18 43
18 46
18 47
18 48
18 56
18 60
18 76
18 84
18 85
18 89
18 95
19 31
19 36
19 41
19 42
19 43
19 46
19 58
19 62
19 66
19 68
19 71
19 73
19 84
19 89
19 90
20 22
20 26
20 31
20 38
20 39
20 40
20 43
20 45
20 50
20 62
20 67
20 71
20 72
20 85
20 87
20 89
20 97
21 24
21 28
21 32
21 33
21 36
21 38
21 43
21 48
21 55
21 60
21 65
21 68
21 74
21 75
21 76
21 77
21 81
21 85
21 87
21 89
21 94
21 96
21 97
22 23
22 29
22 36
22 42
22 46
22 48
22 53
22 59
22 61
22 62
22 68
22 79
22 89
22 95
23 29
23 36
23 39
23 50
23 51
23 53
23 65
23 69
23 70
23 79
23 92
23 93
23 96
23 98
24 25
24 26
24 28
24 41
24 46
24 52
24 55
24 70
24 75
24 81
24 91
24 93
24 94
25 43
25 46
25 47
25 48
25 49
25 57
25 58
25 59
25 61
25 78
25 79
25 81
25 87
25 88
25 90
25 96
26 31
26 42
26 50
26 51
26 56
26 59
26 62
26 90
26 95
26 99
27 30
27 32
27 39
27 40
27 51
27 59
27 60
27 62
27 66
27 71
27 91
27 92
27 96
28 32
28 34
28 50
28 54
28 57
28 63
28 68
28 76
28 77
28 79
28 86
28 89
28 90
28 91
28 96
29 30
29 32
29 36
29 37
29 39
29 44
29 46
29 51
29 57
29 60
29 65
29 71
29 74
29 75
29 79
29 88
29 89
29 96
30 33
30 39
30 42
30 47
30 55
30 60
30 63
30 68
30 73
30 77
30 82
30 84
30 85
30 95
30 96
30 98
30 99
31 36
31 40
31 41
31 45
31 47
31 50
31 61
31 62
31 71
31 85
31 95
31 99
32 39
32 46
32 47
32 50
32 57
32 70
32 81
32 87
32 88
32 91
32 94
33 34
33 42
33 51
33 56
33 68
33 70
33 73
33 75
33 78
33 84
33 85
33 89
33 91
33 92
34 40
34 42
34 46
34 48
34 50
34 58
34 65
34 66
34 71
34 73
34 74
34 78
34 79
34 87
34 88
34 89
34 98
35 39
35 43
35 57
35 68
35 85
36 40
36 41
36 43
36 52
36 67
36 78
36 96
36 97
37 40
37 43
37 45
37 47
37 48
37 52
37 57
37 59
37 62
37 68
37 71
37 73
37 78
37 86
37 88
37 93
38 43
38 45
38 56
38 57
38 64
38 68
38 76
38 83
38 90
38 91
39 40
39 55
39 57
39 61
39 63
39 64
39 68
39 78
39 81
39 88
39 96
40 41
40 42
40 43
40 61
40 75
40 78
40 91
40 98
41 45
41 53
41 58
41 65
41 83
41 88
41 90
41 95
42 50
42 59
42 62
42 65
42 68
42 74
42 76
42 77
42 80
42 93
42 97
42 98
43 44
43 46
43 49
43 52
43 53
43 59
43 61
43 70
43 76
43 82
43 91
43 96
43 98
44 62
44 66
44 67
44 76
44 77
44 79
44 83
44 84
44 85
45 55
45 58
45 62
45 65
45 76
45 78
45 85
45 86
45 88
45 92
46 48
46 52
46 67
46 69
46 71
46 72
46 78
46 79
46 84
46 91
46 93
46 95
47 48
47 51
47 53
47 59
47 60
47 67
47 74
47 77
47 84
47 91
47 93
47 97
48 49
48 52
48 54
48 59
48 60
48 63
48 66
48 67
48 70
48 76
48 77
48 78
48 81
48 84
48 89
48 90
48 98
48 99
49 52
49 57
49 59
49 61
49 64
49 69
49 71
49 72
49 90
49 91
49 94
49 98
50 54
50 71
50 78
50 79
50 86
50 87
50 92
50 93
50 98
50 99
51 54
51 59
51 60
51 65
51 71
51 72
51 74
51 81
51 85
51 88
51 92
52 56
52 59
52 62
52 66
52 71
52 73
52 75
52 84
52 88
53 54
53 67
53 69
53 76
53 78
53 83
53 85
53 96
54 59
54 63
54 66
54 74
54 76
54 86
54 89
54 90
54 98
55 59
55 64
55 67
55 70
55 73
55 89
55 90
55 91
55 96
56 58
56 69
56 70
56 73
56 77
56 85
56 88
56 89
56 96
57 66
57 68
57 76
57 80
57 91
58 62
58 76
58 84
58 85
58 90
59 62
59 70
59 73
59 77
59 88
60 63
60 74
60 76
60 82
60 85
60 92
60 94
60 95
61 67
61 74
61 82
61 83
61 85
61 97
62 68
62 77
62 78
62 82
62 84
62 93
62 98
63 68
63 69
63 73
63 80
63 84
63 92
64 68
64 70
64 78
64 90
64 91
65 70
65 76
65 78
65 81
65 87
65 88
65 89
65 92
65 93
66 67
66 76
66 77
66 88
66 92
66 99
67 70
67 71
67 77
67 79
67 81
67 82
67 90
67 92
67 98
68 72
68 75
68 98
69 73
69 75
69 77
69 86
69 89
69 94
70 73
70 75
70 78
70 79
70 80
70 83
70 95
70 97
70 98
70 99
71 84
71 86
71 89
71 90
71 98
72 75
72 77
72 79
72 82
72 83
72 90
72 92
72 95
73 91
73 93
73 94
73 98
74 75
74 79
74 81
74 83
74 87
74 93
74 97
75 81
75 83
75 84
75 85
75 94
75 96
75 99
76 78
76 80
76 85
76 89
76 91
77 84
77 85
77 92
77 95
78 89
78 94
78 95
78 98
79 84
79 93
80 82
80 85
80 90
80 97
80 98
81 86
81 87
81 88
81 90
81 95
81 99
82 84
82 85
82 91
82 92
83 89
84 99
85 87
85 88
85 90
86 87
86 91
87 89
87 92
88 91
89 91
89 92
89 97
90 91
90 97
91 93
91 98
91 99
92 97
93 97
95 99

0 0 0 0 1 0 0 1 1 1 1 1 1 0 0 1 1 0 1 0 0 1 1 0 0 1 1 0 0 0 1 1 0 1 0 0 1 0 1 0 1 1 1 1 1 1 0 0 0 0 0 1 1 1 1 1 0 0 1 1 1 1 0 1 0 1 0 1 1 0 1 0 0 1 1 0 0 0 0 0 0 1 1 0 1 1 1 1 0 0 0 0 1 1 0 0 0 1 0 0