250 3130
0 1 2 3 4 5 6 7 8 9 10 11 12 13 14 15 16 17 18 19 20 21 22 23 24 25 26 27 28 29 30 31 32 33 34 35 36 37 38 39 40 41 42 43 44 45 46 47 48 49 50 51 52 53 54 55 56 57 58 59 60 61 62 63 64 65 66 67 68 69 70 71 72 73 74 75 76 77 78 79 80 81 82 83 84 85 86 87 88 89 90 91 92 93 94 95 96 97 98 99 100 101 102 103 104 105 106 107 108 109 110 111 112 113 114 115 116 117 118 119 120 121 122 123 124 125 126 127 128 129 130 131 132 133 134 135 136 137 138 139 140 141 142 143 144 145 146 147 148 149 150 151 152 153 154 155 156 157 158 159 160 161 162 163 164 165 166 167 168 169 170 171 172 173 174 175 176 177 178 179 180 181 182 183 184 185 186 187 188 189 190 191 192 193 194 195 196 197 198 199 200 201 202 203 204 205 206 207 208 209 210 211 212 213 214 215 216 217 218 219 220 221 222 223 224 225 226 227 228 229 230 231 232 233 234 235 236 237 238 239 240 241 242 243 244 245 246 247 248 249
0 6
0 24
0 26
0 32
0 33
0 34
0 62
0 71
0 84
0 86
0 91
0 108
0 118
0 122
0 123
0 124
0 125
0 147
0 183
0 185
0 203
0 210
0 219
0 226
1 6
1 11
1 15
1 20
1 25
1 44
1 45
1 50
1 85
1 103
1 108
1 110
1 111
1 120
1 126
1 142
1 145
1 147
1 151
1 168
1 234
1 248
2 6
2 30
2 34
2 48
2 51
2 58
2 60
2 62
2 81
2 82
2 87
2 89
2 96
2 98
2 115
2 122
2 139
2 141
2 144
2 150
2 165
2 224
2 241
3 7
3 17
3 19
3 27
3 30
3 42
3 44
3 45
3 46
3 51
3 60
3 67
3 71
3 79
3 81
3 84
3 96
3 103
3 128
3 144
3 157
3 164
3 168
3 171
3 172
3 175
3 190
3 193
3 211
3 244
4 17
4 64
4 109
4 117
4 136
4 138
4 146
4 157
4 169
4 185
4 186
4 192
4 195
4 222
4 225
4 230
5 27
5 38
5 45
5 49
5 59
5 65
5 76
5 77
5 89
5 98
5 106
5 117
5 119
5 123
5 127
5 145
5 152
5 182
5 204
5 225
6 7
6 13
6 18
6 22
6 26
6 47
6 49
6 58
6 64
6 66
6 87
6 92
6 99
6 134
6 141
6 158
6 167
6 168
6 174
6 175
6 187
6 189
6 233
6 238
7 20
7 29
7 47
7 52
7 71
7 86
7 94
7 100
7 111
7 122
7 144
7 145
7 152
7 155
7 164
7 171
7 224
7 228
7 246
8 22
8 25
8 26
8 35
8 64
8 74
8 80
8 89
8 90
8 95
8 111
8 119
8 149
8 164
8 170
8 182
8 186
8 208
8 210
8 231
8 239
9 11
9 15
9 19
9 27
9 47
9 67
9 74
9 88
9 95
9 112
9 122
9 124
9 129
9 155
9 160
9 170
9 177
9 194
10 12
10 15
10 28
10 29
10 57
10 64
10 70
10 91
10 96
10 99
10 100
10 104
10 108
10 111
10 120
10 123
10 135
10 154
10 164
10 170
10 190
10 211
10 220
10 224
11 30
11 70
11 72
11 88
11 89
11 93
11 102
11 141
11 173
11 187
11 189
11 193
11 199
11 236
11 239
11 245
11 247
12 39
12 41
12 46
12 51
12 55
12 56
12 57
12 60
12 61
12 67
12 87
12 99
12 106
12 109
12 123
12 139
12 144
12 148
12 153
12 154
12 158
12 161
12 163
12 171
12 173
12 178
12 180
12 186
12 189
12 198
12 204
12 208
12 211
12 233
12 235
12 241
12 243
12 247
12 248
13 19
13 39
13 52
13 54
13 60
13 67
13 70
13 86
13 91
13 121
13 124
13 125
13 134
13 147
13 158
13 178
13 183
13 203
13 205
13 221
13 224
14 15
14 17
14 27
14 32
14 35
14 41
14 42
14 77
14 92
14 102
14 113
14 124
14 126
14 133
14 137
14 152
14 162
14 166
14 167
14 180
14 184
14 192
14 193
14 194
14 206
14 211
14 217
14 220
14 240
14 247
15 21
15 28
15 32
15 47
15 49
15 52
15 62
15 79
15 92
15 103
15 115
15 117
15 147
15 160
15 166
15 184
15 197
15 202
15 225
15 230
15 234
15 238
16 19
16 21
16 24
16 75
16 83
16 90
16 103
16 112
16 169
16 179
16 181
16 183
16 185
16 186
16 189
16 200
16 237
16 245
17 42
17 51
17 54
17 101
17 102
17 107
17 116
17 118
17 125
17 126
17 128
17 133
17 138
17 157
17 160
17 161
17 171
17 178
17 188
17 191
17 206
17 207
17 222
17 226
17 238
17 242
18 26
18 46
18 50
18 61
18 64
18 76
18 102
18 105
18 109
18 111
18 122
18 124
18 161
18 162
18 173
18 182
18 187
18 197
18 208
18 225
18 231
18 242
18 247
18 249
19 26
19 37
19 43
19 57
19 61
19 65
19 79
19 95
19 111
19 113
19 119
19 121
19 144
19 152
19 165
19 169
19 177
19 180
19 183
19 187
19 191
19 217
19 223
19 224
19 227
19 237
20 22
20 29
20 35
20 41
20 46
20 73
20 76
20 78
20 105
20 123
20 151
20 157
20 159
20 160
20 163
21 24
21 39
21 55
21 63
21 84
21 90
21 107
21 128
21 146
21 156
21 163
21 169
21 172
21 209
21 211
21 217
22 50
22 64
22 74
22 75
22 84
22 85
22 88
22 101
22 104
22 105
22 109
22 117
22 118
22 119
22 131
22 138
22 140
22 147
22 154
22 162
22 164
22 181
22 182
22 187
22 196
22 217
22 228
22 244
22 245
23 28
23 43
23 49
23 56
23 81
23 114
23 116
23 138
23 147
23 148
23 149
23 160
23 164
23 171
23 180
23 193
23 219
23 225
23 232
23 242
23 245
24 29
24 87
24 110
24 112
24 115
24 122
24 129
24 131
24 132
24 137
24 139
24 141
24 151
24 162
24 166
24 181
24 205
24 211
24 226
24 245
25 29
25 41
25 45
25 49
25 58
25 71
25 82
25 97
25 104
25 105
25 118
25 135
25 139
25 153
25 156
25 172
25 177
25 179
25 189
25 192
25 196
25 229
25 234
25 244
26 27
26 38
26 50
26 58
26 72
26 86
26 116
26 121
26 145
26 149
26 162
26 163
26 164
26 166
26 167
26 173
26 200
26 205
26 242
27 31
27 49
27 80
27 86
27 109
27 114
27 137
27 164
27 194
27 198
27 207
27 211
27 213
27 215
27 221
27 226
27 229
27 235
27 237
27 248
28 29
28 56
28 59
28 63
28 65
28 69
28 72
28 74
28 90
28 95
28 104
28 107
28 112
28 141
28 144
28 148
28 149
28 151
28 157
28 163
28 174
28 183
28 189
28 201
28 214
28 224
29 33
29 45
29 49
29 65
29 84
29 97
29 99
29 119
29 121
29 125
29 150
29 155
29 169
29 182
29 190
29 211
29 219
29 223
29 224
30 32
30 36
30 47
30 54
30 58
30 60
30 75
30 80
30 81
30 84
30 86
30 120
30 123
30 129
30 136
30 144
30 167
30 178
30 184
30 189
30 193
30 201
30 203
30 230
30 242
30 245
31 41
31 50
31 66
31 75
31 79
31 80
31 82
31 90
31 94
31 96
31 98
31 132
31 164
31 192
31 215
31 223
31 227
31 232
31 242
32 34
32 48
32 57
32 77
32 84
32 86
32 120
32 124
32 147
32 174
32 175
32 186
32 194
32 201
32 207
32 210
32 230
32 231
32 236
32 242
32 249
33 48
33 56
33 58
33 61
33 64
33 67
33 84
33 88
33 92
33 93
33 107
33 108
33 144
33 148
33 162
33 169
33 177
33 181
33 208
33 212
33 222
33 236
33 241
34 46
34 58
34 66
34 73
34 79
34 92
34 101
34 110
34 116
34 119
34 120
34 128
34 146
34 158
34 195
34 196
34 197
34 230
34 232
35 40
35 56
35 62
35 71
35 80
35 84
35 85
35 88
35 111
35 118
35 119
35 129
35 134
35 143
35 152
35 187
35 193
35 200
35 206
35 222
35 242
36 40
36 47
36 63
36 78
36 96
36 99
36 133
36 137
36 146
36 148
36 152
36 160
36 163
36 170
36 182
36 194
36 216
36 225
36 227
36 239
37 43
37 61
37 89
37 110
37 115
37 128
37 144
37 180
37 196
37 197
37 218
37 219
37 220
37 233
37 236
37 238
37 240
37 247
38 55
38 59
38 81
38 88
38 92
38 111
38 112
38 121
38 123
38 148
38 164
38 171
38 196
38 204
38 210
38 232
38 236
38 246
38 249
39 41
39 55
39 56
39 68
39 70
39 86
39 98
39 111
39 123
39 138
39 148
39 149
39 155
39 169
39 178
39 184
39 197
39 199
39 210
39 214
39 223
39 226
39 236
39 241
39 244
40 63
40 79
40 87
40 88
40 100
40 102
40 111
40 112
40 127
40 139
40 145
40 149
40 154
40 182
40 214
41 70
41 76
41 81
41 83
41 88
41 96
41 133
41 154
41 164
41 185
41 193
41 194
41 197
41 206
41 209
41 215
41 220
41 225
41 230
41 239
41 242
41 249
42 57
42 62
42 70
42 76
42 93
42 99
42 116
42 118
42 120
42 142
42 143
42 165
42 168
42 198
42 211
42 224
42 234
42 238
42 242
42 246
43 57
43 60
43 68
43 69
43 70
43 108
43 132
43 140
43 150
43 163
43 175
43 194
43 202
43 203
43 206
43 239
43 242
44 51
44 71
44 73
44 91
44 113
44 126
44 127
44 133
44 153
44 168
44 189
44 216
44 222
44 234
44 239
45 46
45 71
45 73
45 79
45 90
45 98
45 103
45 126
45 129
45 132
45 149
45 150
45 155
45 181
45 194
45 198
45 214
45 217
45 221
45 228
45 237
45 241
46 77
46 78
46 91
46 98
46 101
46 110
46 129
46 142
46 158
46 162
46 178
46 205
46 211
46 212
46 224
46 230
46 233
46 234
46 235
46 236
46 241
46 247
46 249
47 54
47 55
47 58
47 65
47 67
47 76
47 88
47 112
47 119
47 133
47 159
47 168
47 177
47 179
47 187
47 191
47 211
47 212
47 224
47 232
47 233
47 236
47 241
48 73
48 79
48 81
48 111
48 114
48 118
48 123
48 139
48 141
48 142
48 151
48 155
48 157
48 158
48 162
48 186
48 188
48 203
48 209
48 213
48 216
48 217
48 219
48 240
49 73
49 82
49 99
49 105
49 107
49 114
49 124
49 129
49 137
49 146
49 153
49 157
49 161
49 191
49 201
49 211
49 219
49 229
49 233
49 235
49 247
50 55
50 65
50 68
50 70
50 80
50 86
50 96
50 97
50 98
50 111
50 123
50 127
50 139
50 143
50 153
50 160
50 174
50 181
50 199
50 236
50 238
51 52
51 56
51 63
51 67
51 71
51 107
51 113
51 120
51 132
51 144
51 147
51 150
51 200
51 206
51 239
52 80
52 95
52 96
52 97
52 100
52 112
52 113
52 119
52 137
52 144
52 151
52 157
52 169
52 179
52 184
52 194
52 199
52 227
52 228
52 231
52 233
52 248
53 57
53 85
53 99
53 103
53 107
53 118
53 135
53 143
53 158
53 159
53 165
53 168
53 192
53 203
53 204
53 211
53 225
53 241
53 242
53 244
54 73
54 83
54 84
54 85
54 86
54 131
54 136
54 140
54 143
54 150
54 151
54 155
54 161
54 175
54 178
54 195
54 211
54 214
54 233
54 248
55 66
55 117
55 119
55 121
55 129
55 134
55 135
55 147
55 191
55 203
55 214
55 227
55 236
55 240
56 68
56 72
56 90
56 163
56 165
56 166
56 172
56 180
56 193
56 194
56 197
56 199
56 227
56 229
56 236
56 243
57 82
57 83
57 93
57 98
57 100
57 101
57 105
57 110
57 111
57 113
57 122
57 124
57 128
57 138
57 142
57 154
57 159
57 179
57 183
57 194
57 206
57 219
57 234
58 60
58 64
58 68
58 71
58 73
58 74
58 77
58 99
58 134
58 136
58 155
58 169
58 172
58 191
58 194
58 212
58 222
58 225
58 234
59 67
59 76
59 86
59 89
59 101
59 114
59 115
59 119
59 120
59 131
59 157
59 167
59 181
59 186
59 191
59 198
59 221
59 223
59 224
59 227
59 228
59 229
59 233
59 242
59 245
60 76
60 81
60 89
60 90
60 95
60 96
60 102
60 103
60 104
60 111
60 131
60 136
60 152
60 156
60 203
60 213
60 221
60 224
60 230
60 240
60 243
61 65
61 71
61 73
61 88
61 90
61 91
61 98
61 109
61 115
61 117
61 118
61 136
61 141
61 156
61 159
61 163
61 171
61 180
61 187
61 189
61 194
61 197
61 202
61 215
61 231
61 237
61 244
62 82
62 107
62 109
62 116
62 131
62 166
62 183
62 194
62 204
62 216
62 234
62 244
63 65
63 69
63 70
63 72
63 77
63 84
63 94
63 99
63 107
63 108
63 111
63 118
63 124
63 131
63 136
63 139
63 148
63 152
63 153
63 166
63 223
63 225
63 237
63 248
64 67
64 68
64 70
64 81
64 90
64 105
64 111
64 112
64 116
64 121
64 122
64 123
64 142
64 176
64 187
64 193
64 204
64 207
64 217
64 218
64 228
64 229
64 241
65 67
65 71
65 93
65 103
65 112
65 121
65 129
65 133
65 136
65 155
65 160
65 164
65 170
65 178
65 189
65 205
65 212
65 221
65 234
66 84
66 88
66 95
66 109
66 120
66 126
66 129
66 134
66 137
66 142
66 144
66 172
66 191
66 192
66 202
66 216
66 230
66 231
66 237
67 74
67 85
67 97
67 101
67 103
67 131
67 135
67 136
67 145
67 159
67 162
67 181
67 182
67 185
67 190
67 191
67 203
67 237
67 246
68 77
68 78
68 81
68 89
68 96
68 100
68 118
68 123
68 152
68 160
68 178
68 183
68 207
68 223
68 230
68 231
68 235
68 248
69 70
69 77
69 90
69 113
69 120
69 121
69 125
69 128
69 130
69 136
69 146
69 168
69 171
69 186
69 190
69 200
69 201
69 228
69 232
69 237
69 243
69 248
70 72
70 76
70 86
70 88
70 98
70 109
70 126
70 128
70 141
70 153
70 189
70 190
71 74
71 78
71 80
71 87
71 96
71 106
71 113
71 121
71 129
71 141
71 146
71 160
71 174
71 201
71 203
71 205
71 219
71 231
71 238
71 247
71 249
72 80
72 97
72 108
72 122
72 137
72 154
72 167
72 190
72 193
72 213
72 217
72 219
73 76
73 87
73 113
73 139
73 159
73 164
73 177
73 184
73 194
73 200
73 207
73 216
73 224
73 231
73 235
73 237
73 240
73 241
73 246
74 80
74 84
74 91
74 93
74 94
74 108
74 110
74 121
74 124
74 132
74 136
74 152
74 154
74 181
74 183
74 194
74 197
74 200
74 202
74 204
74 206
74 208
74 210
74 212
74 223
74 232
74 248
75 98
75 99
75 100
75 101
75 102
75 105
75 116
75 130
75 131
75 132
75 135
75 151
75 154
75 159
75 179
75 191
75 192
75 197
75 211
75 220
75 230
75 245
76 77
76 81
76 83
76 98
76 109
76 113
76 117
76 132
76 133
76 145
76 147
76 153
76 158
76 161
76 168
76 176
76 192
76 211
76 220
76 228
76 231
77 84
77 89
77 94
77 116
77 174
77 203
77 208
77 213
77 221
77 246
77 249
78 81
78 82
78 83
78 90
78 117
78 161
78 177
78 191
78 194
78 201
78 224
78 227
78 234
78 239
78 240
79 97
79 99
79 106
79 113
79 115
79 120
79 130
79 142
79 151
79 152
79 156
79 166
79 168
79 174
79 175
79 190
79 207
79 225
79 227
79 242
80 81
80 93
80 106
80 111
80 113
80 130
80 133
80 140
80 142
80 153
80 164
80 166
80 168
80 170
80 183
80 187
80 190
80 194
80 200
80 201
80 203
80 215
81 83
81 91
81 93
81 94
81 103
81 113
81 116
81 119
81 122
81 135
81 136
81 142
81 168
81 171
81 180
81 185
81 186
81 189
81 192
81 193
81 194
81 200
81 201
81 204
81 207
81 214
81 238
82 83
82 84
82 91
82 96
82 105
82 108
82 109
82 113
82 124
82 138
82 145
82 154
82 161
82 162
82 170
82 173
82 199
82 202
82 212
82 218
82 220
82 232
82 244
83 102
83 117
83 119
83 134
83 135
83 156
83 159
83 160
83 166
83 169
83 170
83 201
83 210
83 223
83 237
83 246
84 90
84 91
84 134
84 150
84 158
84 161
84 167
84 193
84 223
84 227
84 236
84 245
85 92
85 95
85 110
85 127
85 128
85 130
85 137
85 138
85 140
85 144
85 179
85 184
85 187
85 192
85 199
85 219
85 225
85 233
85 237
85 238
85 244
86 98
86 113
86 117
86 118
86 120
86 123
86 125
86 145
86 151
86 160
86 168
86 174
86 181
86 183
86 185
86 196
86 213
86 242
86 243
86 244
86 247
87 96
87 104
87 105
87 106
87 133
87 144
87 145
87 174
87 180
87 182
87 199
87 205
87 211
87 212
87 224
87 228
88 89
88 90
88 109
88 131
88 137
88 138
88 157
88 176
88 190
88 218
88 220
88 242
88 248
88 249
89 115
89 117
89 118
89 146
89 149
89 198
89 205
89 206
89 249
90 105
90 107
90 121
90 128
90 138
90 158
90 159
90 193
90 200
90 211
90 214
90 231
90 244
91 92
91 102
91 112
91 124
91 129
91 139
91 155
91 158
91 170
91 171
91 186
91 211
92 121
92 126
92 128
92 145
92 147
92 152
92 186
92 228
92 237
92 247
93 99
93 116
93 124
93 134
93 170
93 171
93 183
93 209
93 214
93 215
93 218
93 235
94 102
94 105
94 112
94 138
94 142
94 145
94 152
94 154
94 165
94 167
94 183
94 190
94 208
94 209
94 214
94 216
94 235
94 246
94 249
95 105
95 136
95 173
95 177
95 184
95 211
95 212
95 226
95 241
96 99
96 100
96 108
96 118
96 120
96 137
96 140
96 144
96 158
96 162
96 164
96 166
96 181
96 182
96 191
96 199
96 215
96 219
96 229
96 232
96 237
97 108
97 130
97 138
97 144
97 163
97 192
97 218
97 231
97 232
97 238
98 101
98 112
98 134
98 139
98 140
98 147
98 159
98 167
98 189
98 197
98 201
98 212
98 213
98 215
98 230
98 244
99 108
99 116
99 122
99 138
99 149
99 152
99 154
99 172
99 178
99 189
99 201
99 207
99 208
99 242
100 101
100 103
100 108
100 110
100 112
100 135
100 139
100 148
100 155
100 160
100 167
100 168
100 179
100 185
100 189
100 204
100 212
100 217
100 224
100 227
100 230
100 231
100 243
101 113
101 138
101 139
101 162
101 169
101 170
101 171
101 199
101 215
101 219
101 237
101 245
102 120
102 130
102 146
102 147
102 150
102 167
102 172
102 184
102 189
102 195
102 202
102 209
102 217
102 223
102 243
102 248
103 118
103 137
103 142
103 144
103 163
103 169
103 171
103 221
103 229
104 118
104 147
104 157
104 191
104 193
104 198
104 200
104 218
104 223
104 224
104 229
104 230
104 243
105 111
105 118
105 120
105 138
105 165
105 169
105 177
105 194
105 213
105 219
105 227
105 239
105 241
105 247
106 108
106 111
106 133
106 134
106 136
106 140
106 145
106 153
106 154
106 155
106 169
106 171
106 177
106 185
106 198
106 202
106 217
106 225
106 229
106 230
106 231
106 235
106 236
106 238
107 110
107 131
107 134
107 138
107 144
107 151
107 153
107 155
107 156
107 162
107 169
107 172
108 114
108 120
108 140
108 145
108 162
108 179
108 186
108 190
108 213
108 217
108 218
108 233
108 235
108 239
108 248
109 121
109 126
109 136
109 157
109 158
109 161
109 190
109 199
109 205
109 207
109 235
109 236
109 245
110 123
110 130
110 135
110 136
110 146
110 148
110 159
110 168
110 177
110 178
110 186
110 208
110 221
110 242
110 249
111 115
111 116
111 118
111 122
111 131
111 133
111 154
111 173
111 178
111 189
111 201
111 205
111 214
111 218
111 230
112 121
112 124
112 161
112 166
112 175
112 188
112 191
112 196
112 199
112 223
112 230
112 231
112 245
113 114
113 121
113 128
113 154
113 161
113 163
113 177
113 180
113 182
113 196
113 202
113 204
113 207
113 209
113 210
113 211
113 220
113 225
113 233
113 235
114 118
114 127
114 140
114 141
114 201
114 208
114 212
115 118
115 125
115 128
115 134
115 136
115 142
115 145
115 157
115 175
115 200
115 237
115 249
116 120
116 141
116 144
116 158
116 163
116 172
116 174
116 177
116 186
116 188
116 193
116 209
116 211
116 227
116 231
116 238
117 126
117 128
117 129
117 133
117 138
117 147
117 149
117 154
117 157
117 165
117 172
117 174
117 181
117 186
117 196
117 201
117 202
117 246
118 132
118 137
118 155
118 174
118 185
118 200
118 208
118 224
118 227
118 228
118 235
118 240
119 129
119 131
119 138
119 152
119 154
119 183
119 190
119 196
119 198
119 209
119 227
119 231
119 234
119 243
119 248
120 127
120 139
120 143
120 160
120 175
120 178
120 182
120 193
120 205
120 225
121 122
121 139
121 145
121 149
121 152
121 158
121 159
121 183
121 188
121 214
121 228
121 233
121 246
122 165
122 173
122 179
122 189
122 190
122 198
122 199
122 202
122 210
122 212
122 220
122 222
122 223
122 225
122 230
122 237
122 239
123 130
123 158
123 170
123 173
123 188
123 192
123 198
123 222
123 231
123 232
123 235
123 242
123 247
123 248
124 127
124 130
124 169
124 191
124 201
124 203
124 216
124 225
124 231
124 247
125 130
125 134
125 139
125 154
125 161
125 177
125 179
125 182
125 197
125 204
125 208
125 209
125 226
125 235
125 248
125 249
126 130
126 131
126 155
126 157
126 160
126 167
126 187
126 209
126 214
126 230
126 235
127 141
127 149
127 151
127 152
127 165
127 167
127 170
127 181
127 184
127 200
127 230
127 231
128 137
128 144
128 152
128 153
128 155
128 188
128 204
128 210
128 216
128 217
128 219
128 223
128 230
128 232
128 233
128 249
129 133
129 162
129 178
129 188
129 193
129 204
129 220
129 233
130 136
130 145
130 175
130 192
130 203
130 225
130 226
130 228
130 247
131 139
131 152
131 155
131 175
131 179
131 180
131 183
131 185
131 186
131 191
131 205
131 206
131 222
131 228
131 239
132 137
132 151
132 158
132 167
132 169
132 172
132 191
132 194
132 222
132 229
132 230
132 239
132 240
132 242
133 134
133 166
133 174
133 175
133 181
133 190
133 204
133 227
133 244
133 246
134 135
134 136
134 139
134 142
134 173
134 179
134 185
134 233
134 234
134 242
134 247
135 153
135 162
135 174
135 186
135 189
135 220
135 224
135 235
136 144
136 158
136 165
136 178
136 179
136 183
136 189
136 192
136 193
136 197
136 198
136 202
136 206
136 220
136 241
136 243
137 160
137 198
137 217
137 220
137 234
138 142
138 143
138 158
138 166
138 167
138 177
138 180
138 191
138 217
138 246
139 149
139 150
139 158
139 182
139 195
139 224
139 225
139 231
139 238
139 240
139 248
140 143
140 151
140 153
140 157
140 176
140 179
140 199
140 209
140 210
140 215
140 218
140 220
140 222
140 237
140 244
140 249
141 147
141 166
141 180
141 190
141 197
141 199
141 212
141 213
141 223
141 233
141 240
142 146
142 157
142 163
142 178
142 182
142 186
142 195
142 202
142 219
142 231
142 233
142 234
142 239
142 244
142 248
143 169
143 170
143 172
143 177
143 182
143 185
143 217
143 221
143 225
143 239
144 174
144 208
144 216
144 235
144 245
145 150
145 159
145 163
145 168
145 171
145 176
145 184
145 194
145 198
145 211
145 213
145 220
145 224
145 232
145 238
146 148
146 169
146 171
146 182
146 188
146 195
146 200
146 213
146 230
146 238
146 243
147 161
147 164
147 171
147 175
147 176
147 177
147 192
147 231
147 236
147 241
148 149
148 167
148 172
148 176
148 199
148 237
148 240
149 155
149 169
149 184
149 185
149 188
149 200
149 208
149 217
149 232
149 239
149 240
150 157
150 161
150 171
150 174
150 180
150 190
150 211
150 220
150 224
150 226
150 230
150 236
150 237
150 239
150 249
151 152
151 181
151 193
151 194
151 206
151 208
151 211
151 216
151 221
151 222
152 161
152 184
152 196
152 202
152 203
152 212
152 228
152 229
152 232
152 247
152 248
153 154
153 157
153 171
153 181
153 182
153 222
153 225
153 229
153 230
153 238
154 166
154 171
154 178
154 181
154 192
154 197
154 203
154 211
154 213
154 227
154 231
154 241
154 245
154 249
155 186
155 200
155 214
155 218
155 223
155 234
155 247
156 161
156 170
156 186
156 188
156 207
156 215
156 216
156 226
156 242
156 247
157 188
157 201
157 203
157 211
157 216
157 225
158 169
158 172
158 173
158 182
158 222
158 235
158 247
159 164
159 167
159 169
159 172
159 173
159 174
159 176
159 178
159 200
159 206
159 220
159 232
159 240
159 241
159 247
159 248
159 249
160 170
160 172
160 200
160 229
160 234
160 240
160 241
160 249
161 165
161 167
161 176
161 187
161 192
161 200
161 207
161 209
162 167
162 177
162 180
162 192
162 203
162 212
162 228
162 229
162 231
162 240
162 242
162 244
163 167
163 180
163 187
163 199
163 226
163 247
164 180
164 213
164 219
164 235
164 236
164 246
165 169
165 185
165 218
165 221
165 223
165 224
165 248
165 249
166 172
166 174
166 178
166 186
166 193
166 209
166 214
166 215
166 227
166 246
167 170
167 185
167 199
167 208
167 211
167 228
167 230
167 233
167 235
167 236
167 242
168 184
168 199
168 210
168 219
168 227
168 235
168 237
168 247
169 191
169 194
169 205
169 249
170 177
170 185
170 186
170 192
170 202
170 205
170 206
170 210
170 219
170 232
171 172
171 176
171 177
171 180
171 206
171 209
171 212
171 232
171 244
171 248
172 198
172 228
172 241
172 245
173 174
173 195
173 202
173 203
173 215
173 220
174 175
174 180
174 193
174 194
174 204
174 207
174 213
175 178
175 185
175 188
175 226
175 237
176 191
176 225
176 235
177 178
177 205
177 206
177 207
177 209
177 212
177 226
177 240
177 243
178 184
178 189
178 246
179 204
179 206
179 211
179 221
179 228
180 214
180 221
180 237
180 249
181 185
181 195
181 221
181 235
181 243
181 245
181 249
182 193
182 204
182 218
182 228
182 231
182 233
183 184
183 201
183 204
183 211
183 222
183 240
183 249
184 211
184 213
184 215
184 221
184 241
184 243
185 189
185 214
185 223
185 231
185 234
185 242
185 246
186 194
186 204
186 207
186 212
186 226
186 232
187 198
187 217
187 230
187 236
187 241
188 196
188 199
188 200
188 205
188 213
188 217
188 228
189 215
189 217
189 221
189 225
189 231
189 232
190 203
190 209
190 211
190 218
190 227
190 229
190 246
191 192
191 194
191 197
191 203
191 210
191 216
191 221
191 223
191 227
191 228
191 233
191 240
191 247
192 195
192 213
192 215
192 228
192 234
193 216
193 223
193 228
193 232
194 201
194 205
194 212
194 228
194 234
194 235
194 248
195 203
195 211
195 225
195 235
195 237
195 243
196 199
196 201
196 219
196 224
197 199
197 212
197 215
197 228
197 236
197 241
197 242
198 199
198 214
198 220
198 224
198 234
198 245
198 248
198 249
199 206
199 216
199 217
199 221
199 235
199 243
199 248
200 222
200 227
200 238
200 241
200 242
200 246
201 213
201 249
202 207
202 209
202 219
202 220
202 224
202 236
202 241
202 246
202 249
203 204
203 226
203 247
204 209
204 222
204 230
204 247
205 231
205 241
205 246
206 214
206 218
206 242
206 244
207 214
207 226
207 236
207 245
208 214
208 218
208 227
208 229
208 249
209 213
209 220
209 222
209 243
209 244
209 246
210 227
211 227
211 235
212 218
212 246
213 227
213 231
213 235
214 215
214 218
214 220
214 226
215 221
215 235
215 239
215 248
216 221
216 228
216 230
216 249
217 227
217 229
217 240
217 242
218 231
218 235
219 224
219 228
219 237
220 229
220 238
221 223
221 236
221 240
222 231
222 246
222 247
223 227
223 244
223 245
223 248
224 226
224 230
224 237
225 230
225 233
225 239
225 242
225 244
226 228
226 233
226 241
227 235
227 238
227 244
227 246
227 247
228 245
228 249
229 232
229 234
229 239
230 231
230 240
230 243
231 243
232 235
233 247
234 244
234 245
235 237
235 248
236 241
237 243
238 248
240 241
240 249
241 245
242 247
243 248
245 248
246 249

0 1 1 0 0 1 1 1 1 0 0 0 0 1 0 0 0 0 1 1 0 1 0 0 0 0 0 0 0 1 1 0 0 1 1 1 0 1 0 0 1 0 1 1 0 0 1 1 1 0 0 1 1 1 1 1 0 1 0 0 0 0 0 1 1 0 0 1 0 1 1 0 1 1 1 0 1 0 1 0 1 1 1 1 1 1 1 0 0 0 0 1 0 0 1 0 0 1 0 0 0 0 1 0 1 1 0 0 0 1 1 1 1 1 1 0 0 0 1 0 0 1 0 0 0 1 0 0 1 0 0 1 0 1 1 1 1 1 0 1 0 1 0 1 0 1 1 1 0 0 1 0 1 0 1 0 1 0 0 1 0 1 1 0 1 1 1 1 0 1 0 1 1 0 1 1 1 1 1 1 0 1 0 1 0 1 1 1 0 1 1 1 0 0 0 0 1 0 0 0 0 0 0 0 0 1 1 0 0 1 1 0 1 1 1 1 1 1 0 0 0 1 1 1 1 1 0 0 0 0 1 0 0 1 0 1 1 0 1 0 0 1 0 1 0 0 0 0 1 0