100 1012
0 1 2 3 4 5 6 7 8 9 10 11 12 13 14 15 16 17 18 19 20 21 22 23 24 25 26 27 28 29 30 31 32 33 34 35 36 37 38 39 40 41 42 43 44 45 46 47 48 49 50 51 52 53 54 55 56 57 58 59 60 61 62 63 64 65 66 67 68 69 70 71 72 73 74 75 76 77 78 79 80 81 82 83 84 85 86 87 88 89 90 91 92 93 94 95 96 97 98 99
0 4
0 9
0 15
0 21
0 30
0 34
0 35
0 42
0 52
0 53
0 56
0 59
0 63
0 66
0 68
0 70
0 74
0 86
0 89
0 90
0 96
0 98
1 7
1 14
1 16
1 18
1 19
1 20
1 24
1 41
1 44
1 45
1 47
1 51
1 52
1 53
1 58
1 61
1 62
1 70
1 75
1 82
1 87
1 88
1 90
1 92
1 93
1 94
2 9
2 11
2 18
2 22
2 42
2 53
2 54
2 55
2 56
2 59
2 60
2 67
2 74
2 78
2 85
2 86
2 88
2 90
2 91
2 96
2 97
3 4
3 11
3 15
3 17
3 21
3 22
3 28
3 33
3 37
3 41
3 51
3 62
3 68
3 69
3 81
3 86
3 87
3 91
3 94
4 6
4 7
4 8
4 24
4 29
4 33
4 40
4 41
4 46
4 50
4 54
4 57
4 65
4 75
4 79
4 84
4 86
4 95
5 6
5 8
5 12
5 17
5 18
5 25
5 30
5 32
5 54
5 58
5 61
5 62
5 72
5 73
5 82
5 92
5 97
5 99
6 9
6 11
6 13
6 15
6 27
6 33
6 35
6 42
6 43
6 45
6 48
6 55
6 59
6 61
6 64
6 66
6 67
6 70
6 75
6 77
6 80
6 85
6 87
6 97
6 98
7 9
7 10
7 21
7 23
7 27
7 29
7 37
7 40
7 48
7 55
7 58
7 60
7 64
7 68
7 69
7 73
7 81
7 83
7 85
7 92
7 96
8 12
8 19
8 24
8 25
8 37
8 40
8 44
8 45
8 50
8 59
8 66
8 70
8 75
8 77
8 78
8 81
8 82
8 83
8 89
8 90
8 98
8 99
9 20
9 25
9 27
9 31
9 40
9 41
9 43
9 45
9 47
9 48
9 51
9 57
9 58
9 60
9 64
9 65
9 72
9 75
9 87
9 93
9 95
9 99
10 13
10 14
10 16
10 22
10 24
10 27
10 34
10 44
10 48
10 50
10 52
10 57
10 59
10 60
10 68
10 70
10 76
10 83
10 84
10 89
10 93
10 95
10 98
11 12
11 21
11 24
11 35
11 37
11 39
11 44
11 45
11 47
11 60
11 62
11 63
11 64
11 65
11 68
11 69
11 75
11 80
11 87
11 90
11 99
12 13
12 16
12 21
12 25
12 29
12 32
12 46
12 48
12 49
12 52
12 56
12 60
12 71
12 76
12 80
12 89
12 91
12 92
12 96
13 17
13 26
13 34
13 42
13 48
13 51
13 55
13 61
13 70
13 72
13 82
13 93
13 94
13 98
14 17
14 20
14 21
14 27
14 34
14 42
14 44
14 48
14 52
14 55
14 61
14 63
14 65
14 70
14 78
14 79
14 89
15 18
15 24
15 25
15 31
15 33
15 35
15 38
15 39
15 41
15 45
15 60
15 76
15 82
15 86
15 95
15 97
16 21
16 41
16 51
16 54
16 57
16 59
16 65
16 71
16 74
16 85
16 88
16 97
16 99
17 20
17 30
17 31
17 37
17 40
17 46
17 47
17 49
17 62
17 64
17 68
17 75
17 89
17 90
17 97
17 99
18 19
18 20
18 34
18 46
18 48
18 59
18 67
18 69
18 78
18 83
18 84
18 85
18 92
18 95
18 97
19 22
19 25
19 29
19 31
19 33
19 35
19 38
19 44
19 46
19 49
19 50
19 51
19 52
19 54
19 55
19 65
19 69
19 71
19 81
19 84
19 85
19 90
19 91
19 94
20 25
20 27
20 36
20 37
20 49
20 54
20 68
20 72
20 74
20 76
20 88
21 22
21 26
21 30
21 51
21 53
21 55
21 70
21 76
21 77
21 80
21 81
21 88
21 89
21 91
21 98
21 99
22 23
22 26
22 29
22 31
22 34
22 35
22 40
22 56
22 60
22 62
22 65
22 69
22 78
22 79
22 80
22 83
22 88
22 95
22 99
23 26
23 28
23 37
23 42
23 48
23 54
23 57
23 59
23 67
23 71
23 73
23 80
23 82
23 87
23 89
23 93
23 98
23 99
24 26
24 37
24 41
24 57
24 62
24 79
24 93
25 30
25 32
25 61
25 66
25 72
25 74
25 80
25 87
25 88
25 97
26 30
26 33
26 35
26 36
26 38
26 40
26 47
26 50
26 51
26 54
26 60
26 80
26 93
27 29
27 31
27 32
27 42
27 45
27 46
27 48
27 51
27 53
27 63
27 68
27 72
27 78
27 85
27 97
28 34
28 35
28 37
28 39
28 41
28 47
28 74
28 78
28 79
28 80
28 92
28 99
29 33
29 40
29 43
29 44
29 49
29 58
29 61
29 62
29 66
29 67
29 77
29 78
29 80
29 85
29 93
29 95
29 96
30 34
30 43
30 48
30 53
30 54
30 55
30 57
30 58
30 61
30 63
30 72
30 80
30 88
30 94
31 35
31 43
31 44
31 46
31 54
31 66
31 76
31 77
31 80
31 84
31 86
31 88
31 98
32 35
32 37
32 38
32 39
32 40
32 42
32 45
32 46
32 55
32 57
32 59
32 60
32 61
32 71
32 79
32 80
32 85
32 93
33 59
33 65
33 71
33 74
33 78
33 80
33 82
33 88
33 93
33 97
34 50
34 52
34 61
34 63
34 66
34 71
34 76
34 78
34 80
34 83
34 84
34 85
34 87
34 97
35 51
35 53
35 54
35 57
35 64
35 68
35 75
35 89
35 93
36 39
36 40
36 42
36 43
36 47
36 48
36 53
36 71
36 75
36 78
36 81
36 82
36 91
36 94
36 97
36 98
37 43
37 44
37 48
37 52
37 79
37 81
37 82
37 83
37 84
37 91
37 92
37 99
38 45
38 47
38 49
38 51
38 56
38 58
38 63
38 64
38 66
38 76
38 78
38 79
39 40
39 42
39 44
39 52
39 53
39 56
39 59
39 77
39 85
39 97
40 41
40 48
40 55
40 56
40 72
40 80
40 81
40 85
40 94
41 48
41 64
41 76
41 77
41 78
41 85
41 91
41 92
41 94
41 97
42 50
42 53
42 54
42 60
42 61
42 67
42 80
42 82
42 85
42 91
43 54
43 57
43 73
43 78
43 79
43 80
43 81
43 84
43 90
43 93
43 99
44 46
44 54
44 61
44 66
44 68
44 78
44 83
44 86
44 87
44 99
45 53
45 55
45 58
45 59
45 61
45 63
45 65
45 75
45 83
45 88
45 97
46 52
46 55
46 57
46 59
46 63
46 65
46 66
46 67
46 68
46 71
46 74
46 80
46 81
46 86
46 88
46 91
46 99
47 48
47 54
47 59
47 61
47 73
47 85
47 89
47 90
48 55
48 59
48 75
48 80
49 55
49 59
49 69
49 71
49 75
49 85
49 86
49 88
49 89
49 91
49 96
50 60
50 66
50 69
50 75
50 81
50 92
50 95
50 97
50 98
50 99
51 53
51 57
51 58
51 64
51 77
51 83
51 92
52 65
52 66
52 68
52 75
52 79
52 85
52 94
52 95
52 97
52 98
53 55
53 56
53 58
53 59
53 60
53 62
53 77
53 82
53 84
53 90
53 97
54 66
54 68
54 77
54 86
54 91
54 93
54 95
55 57
55 63
55 67
55 70
55 72
55 89
56 60
56 67
56 73
56 82
56 84
56 95
56 98
56 99
57 59
57 66
57 68
57 70
57 75
57 76
57 77
57 82
57 88
57 90
57 95
57 98
58 59
58 60
58 74
58 75
58 76
58 80
58 81
58 93
58 95
58 99
59 65
59 66
59 80
59 83
59 85
59 88
59 92
59 99
60 64
60 66
60 70
60 71
60 74
60 76
60 78
60 93
60 95
60 99
61 69
61 70
61 75
61 79
61 80
61 84
61 90
61 93
61 97
62 65
62 67
62 75
62 78
62 81
62 85
62 88
62 95
62 97
62 98
63 64
63 65
63 67
63 72
63 79
63 87
63 92
64 66
64 72
64 78
64 87
64 91
64 95
64 98
65 68
65 69
65 71
65 73
65 79
65 87
65 88
66 70
66 96
67 70
67 72
67 74
67 75
67 80
67 83
67 86
67 87
67 90
67 99
68 69
68 81
68 87
68 95
68 98
69 73
69 74
69 75
69 90
69 91
70 78
70 85
70 86
70 87
70 88
70 99
71 82
71 83
71 84
71 85
71 88
71 89
71 94
71 98
72 78
72 84
72 85
72 96
72 97
73 75
73 79
73 80
73 82
73 83
73 98
74 80
74 81
74 89
74 90
74 92
75 82
75 83
75 84
75 85
75 87
75 91
75 98
76 80
76 89
76 90
77 78
77 80
77 81
77 84
77 98
77 99
78 80
78 83
78 87
78 91
78 92
78 93
79 81
79 85
79 86
79 89
79 91
79 92
79 98
80 81
80 93
81 85
81 90
81 97
81 99
82 90
82 91
82 93
82 95
82 98
84 88
84 89
85 92
85 97
86 91
86 92
86 99
87 91
87 99
88 92
89 91
89 93
89 98
90 97
91 93
91 97
91 98
92 94
92 95
92 96
95 97
96 97

1 0 0 1 0 1 1 0 1 0 1 1 1 0 1 0 0 0 1 0 1 1 1 0 1 0 0 0 1 0 0 1 0 1 1 0 1 0 1 0 1 1 0 0 0 0 1 0 1 1 1 1 0 1 1 0 1 0 1 0 1 1 1 0 0 0 0 0 0 1 1 0 1 0 0 0 0 1 0 0 1 0 0 1 0 0 1 0 1 1 0 1 0 1 1 1 1 1 0 1