100 1042
0 1 2 3 4 5 6 7 8 9 10 11 12 13 14 15 16 17 18 19 20 21 22 23 24 25 26 27 28 29 30 31 32 33 34 35 36 37 38 39 40 41 42 43 44 45 46 47 48 49 50 51 52 53 54 55 56 57 58 59 60 61 62 63 64 65 66 67 68 69 70 71 72 73 74 75 76 77 78 79 80 81 82 83 84 85 86 87 88 89 90 91 92 93 94 95 96 97 98 99
0 11
0 13
0 17
0 26
0 31
0 33
0 34
0 41
0 42
0 47
0 50
0 53
0 55
0 63
0 70
0 73
0 82
0 84
0 85
0 87
0 88
0 95
0 99
1 4
1 7
1 9
1 12
1 13
1 14
1 19
1 22
1 33
1 41
1 43
1 50
1 56
1 57
1 59
1 64
1 65
1 73
1 75
1 79
1 84
1 87
1 96
2 3
2 16
2 18
2 23
2 25
2 26
2 39
2 48
2 54
2 56
2 66
2 69
2 72
2 73
2 75
2 76
2 82
2 85
2 90
2 95
2 96
3 8
3 14
3 22
3 25
3 30
3 34
3 40
3 45
3 47
3 58
3 59
3 65
3 70
3 71
3 72
3 73
3 79
3 95
3 97
3 99
4 6
4 13
4 16
4 22
4 32
4 39
4 40
4 45
4 50
4 54
4 55
4 57
4 66
5 10
5 15
5 18
5 20
5 22
5 35
5 44
5 46
5 47
5 51
5 54
5 55
5 56
5 59
5 60
5 71
5 86
5 88
5 89
5 90
5 91
5 97
5 98
6 13
6 18
6 19
6 23
6 26
6 33
6 41
6 43
6 47
6 49
6 54
6 55
6 60
6 62
6 70
6 71
6 73
6 80
6 82
6 91
6 92
6 97
6 98
7 8
7 25
7 28
7 29
7 32
7 34
7 36
7 39
7 46
7 48
7 51
7 56
7 68
7 71
7 78
7 88
7 89
7 91
7 93
7 94
8 9
8 11
8 15
8 19
8 23
8 26
8 29
8 34
8 38
8 41
8 43
8 57
8 60
8 62
8 64
8 67
8 74
8 82
9 10
9 24
9 28
9 32
9 36
9 37
9 43
9 49
9 53
9 64
9 69
9 70
9 73
9 78
9 85
9 86
10 15
10 17
10 25
10 27
10 29
10 31
10 37
10 42
10 45
10 49
10 50
10 62
10 64
10 79
10 89
10 93
10 95
11 27
11 29
11 36
11 43
11 48
11 54
11 56
11 60
11 63
11 70
11 73
11 77
11 83
11 99
12 15
12 16
12 20
12 22
12 27
12 29
12 37
12 40
12 44
12 45
12 50
12 51
12 53
12 64
12 68
12 71
12 74
12 75
12 81
12 82
12 86
12 87
12 88
12 90
12 93
12 94
12 96
13 16
13 20
13 21
13 22
13 27
13 28
13 32
13 34
13 39
13 43
13 45
13 49
13 56
13 59
13 60
13 71
13 77
13 81
13 84
13 86
13 94
14 16
14 21
14 23
14 24
14 27
14 30
14 33
14 38
14 40
14 41
14 43
14 45
14 57
14 61
14 65
14 66
14 68
14 78
14 94
14 98
14 99
15 17
15 21
15 25
15 30
15 42
15 44
15 46
15 51
15 59
15 66
15 67
15 77
15 85
15 90
15 93
16 20
16 21
16 24
16 30
16 33
16 35
16 36
16 38
16 40
16 41
16 44
16 48
16 49
16 52
16 54
16 56
16 58
16 66
16 70
16 85
16 86
16 87
16 95
17 19
17 23
17 27
17 38
17 42
17 47
17 53
17 56
17 57
17 58
17 59
17 63
17 64
17 82
17 92
17 97
17 98
18 26
18 29
18 37
18 45
18 51
18 56
18 62
18 64
18 65
18 69
18 75
18 81
18 89
18 96
19 23
19 24
19 26
19 27
19 30
19 36
19 38
19 41
19 43
19 44
19 51
19 55
19 59
19 74
19 76
19 85
19 87
19 90
19 94
20 48
20 54
20 55
20 65
20 67
20 75
20 78
20 79
20 87
20 96
21 26
21 29
21 33
21 35
21 53
21 57
21 59
21 61
21 73
21 78
21 80
21 81
21 82
21 84
21 90
22 35
22 37
22 40
22 41
22 49
22 60
22 61
22 65
22 67
22 72
22 73
22 86
22 90
22 91
23 27
23 29
23 30
23 33
23 37
23 42
23 47
23 51
23 55
23 58
23 63
23 66
23 71
23 72
23 73
23 74
23 83
23 84
23 90
23 97
24 30
24 31
24 32
24 33
24 37
24 51
24 55
24 57
24 60
24 65
24 69
24 73
24 82
24 85
24 86
24 89
24 90
24 92
24 93
24 98
25 35
25 36
25 39
25 41
25 45
25 47
25 55
25 57
25 60
25 63
25 65
25 72
25 73
25 74
25 82
25 83
25 92
25 93
25 94
25 99
26 30
26 34
26 36
26 58
26 59
26 60
26 67
26 71
26 73
26 75
26 78
26 81
26 94
26 95
26 98
27 32
27 45
27 52
27 56
27 70
27 71
27 72
27 74
27 76
27 78
27 79
27 82
27 85
27 87
27 98
28 32
28 37
28 39
28 40
28 49
28 54
28 86
28 88
29 36
29 42
29 53
29 56
29 59
29 61
29 62
29 66
29 71
29 72
29 84
29 85
29 86
29 88
29 90
29 94
29 98
30 38
30 50
30 55
30 56
30 63
30 70
30 74
30 79
30 83
30 84
30 87
30 90
30 95
31 38
31 39
31 43
31 48
31 49
31 51
31 56
31 85
31 87
31 96
31 98
32 38
32 46
32 52
32 53
32 61
32 63
32 66
32 74
32 78
32 83
32 86
32 99
33 34
33 37
33 41
33 42
33 47
33 52
33 58
33 60
33 62
33 64
33 65
33 71
33 84
33 90
34 50
34 58
34 68
34 73
34 81
34 85
34 90
34 95
34 98
35 39
35 40
35 45
35 49
35 50
35 52
35 68
35 72
35 81
35 83
35 85
35 86
35 88
35 89
35 97
35 99
36 40
36 41
36 43
36 44
36 45
36 60
36 69
36 70
36 75
36 83
36 88
36 96
36 98
37 38
37 71
37 75
37 76
37 85
37 86
37 90
37 97
38 45
38 47
38 48
38 53
38 55
38 56
38 58
38 59
38 64
38 67
38 68
38 84
38 91
38 97
38 98
39 50
39 55
39 59
39 66
39 71
39 78
39 80
39 82
39 83
39 86
39 88
39 94
39 97
40 44
40 45
40 49
40 60
40 66
40 71
40 82
40 85
40 87
40 95
40 98
41 47
41 56
41 60
41 67
41 70
41 78
41 87
41 91
41 93
42 46
42 48
42 62
42 66
42 68
42 77
42 88
42 91
42 92
42 94
43 54
43 59
43 72
43 73
43 75
43 78
43 83
43 85
43 87
43 91
43 93
43 97
44 46
44 48
44 50
44 56
44 64
44 70
44 74
44 75
44 80
44 83
44 88
44 93
44 96
44 97
45 46
45 50
45 51
45 69
45 79
45 82
45 86
45 93
45 97
46 52
46 60
46 66
46 71
46 75
46 78
46 84
46 88
46 92
46 96
46 98
46 99
47 52
47 54
47 55
47 63
47 65
47 66
47 70
47 82
47 90
47 99
48 52
48 53
48 64
48 67
48 76
48 79
48 89
48 91
48 94
48 99
49 63
49 71
49 78
49 79
49 81
49 83
49 90
49 95
50 53
50 54
50 55
50 57
50 61
50 70
50 73
50 75
50 81
50 84
50 88
50 94
51 52
51 55
51 67
51 81
51 84
51 90
51 94
51 95
51 97
51 98
52 55
52 68
52 76
52 85
52 98
53 54
53 63
53 65
53 67
53 76
53 80
53 83
53 90
53 91
53 92
53 95
54 59
54 66
54 67
54 68
54 80
54 82
54 83
54 91
54 92
55 56
55 57
55 65
55 69
55 76
55 78
55 80
55 98
56 58
56 60
56 64
56 65
56 68
56 71
56 77
56 78
56 87
56 94
56 96
57 59
57 61
57 62
57 69
57 73
58 63
58 68
58 72
58 73
58 81
58 85
58 96
59 60
59 67
59 69
59 72
59 78
59 79
59 81
59 83
59 86
59 87
59 89
59 90
59 93
59 97
59 99
60 61
60 64
60 65
60 66
60 71
60 76
60 78
60 79
60 82
60 83
60 90
60 91
61 87
61 90
61 92
61 96
61 98
62 81
62 82
62 83
62 89
62 99
63 64
63 68
63 69
63 72
63 78
63 79
63 80
63 85
63 86
63 89
63 90
63 96
63 97
63 99
64 79
64 85
64 86
64 94
64 99
65 66
65 67
65 72
65 74
65 76
65 77
65 89
65 91
65 93
65 95
65 99
66 67
66 73
66 75
66 84
66 88
66 90
66 92
66 94
66 95
66 98
66 99
67 71
67 73
67 74
67 76
67 77
67 95
67 97
67 99
68 84
68 85
68 90
68 91
69 74
69 77
69 82
69 89
69 92
69 94
69 97
70 71
70 72
70 85
70 87
71 74
71 75
71 81
71 84
71 87
71 97
71 98
72 73
72 75
72 76
72 78
72 96
72 99
73 75
73 77
73 78
73 81
73 82
73 90
73 94
74 77
74 91
74 92
74 94
74 96
74 99
75 81
75 82
75 84
75 87
75 93
75 96
76 82
76 86
76 89
76 90
77 79
77 85
77 90
77 94
78 80
78 81
78 89
78 91
79 82
79 87
79 93
80 84
80 88
80 93
80 97
80 98
81 87
81 90
81 91
81 92
82 93
82 94
83 87
83 89
83 92
83 97
84 85
84 89
84 95
84 97
85 87
85 95
85 98
86 87
86 89
86 95
87 88
87 89
87 96
87 97
88 89
88 91
88 92
88 99
89 94
89 95
89 98
90 92
91 95
91 96
91 97
91 98
93 94
93 96
93 97
94 96

0 1 1 1 1 0 0 0 0 1 0 0 1 0 0 0 0 0 0 1 0 1 0 0 1 0 0 1 1 0 1 0 1 1 0 0 0 0 0 1 1 0 1 0 1 1 0 1 1 1 1 1 1 1 1 0 0 1 1 1 1 1 1 1 1 1 0 0 0 0 0 0 1 0 0 1 0 1 0 1 1 0 0 1 1 1 0 0 0 1 1 0 1 0 1 0 1 1 0 0