30 76
0 1 2 3 4 5 6 7 8 9 10 11 12 13 14 15 16 17 18 19 20 21 22 23 24 25 26 27 28 29
0 4
0 8
0 21
0 26
0 28
1 9
1 13
1 24
1 25
1 29
2 7
2 14
2 15
2 16
2 19
2 20
2 21
2 24
3 4
3 6
3 7
3 22
3 24
3 28
4 6
4 20
4 21
4 22
4 23
5 19
6 8
6 14
7 12
7 23
7 24
7 29
8 11
8 15
8 17
9 11
9 26
9 28
10 16
10 22
11 14
11 17
12 16
12 24
13 18
13 21
13 25
14 16
14 18
14 26
15 19
15 24
15 28
17 20
17 22
17 27
17 29
18 19
18 21
18 29
19 24
20 22
20 26
21 25
21 29
22 24
24 25
24 26
24 28
25 27
25 28
26 28

0 1 0 0 1 0 0 1 1 1 1 1 0 1 0 1 0 0 0 1 0 0 1 0 0 1 0 1 1 1