100 963
0 1 2 3 4 5 6 7 8 9 10 11 12 13 14 15 16 17 18 19 20 21 22 23 24 25 26 27 28 29 30 31 32 33 34 35 36 37 38 39 40 41 42 43 44 45 46 47 48 49 50 51 52 53 54 55 56 57 58 59 60 61 62 63 64 65 66 67 68 69 70 71 72 73 74 75 76 77 78 79 80 81 82 83 84 85 86 87 88 89 90 91 92 93 94 95 96 97 98 99
0 4
0 5
0 15
0 16
0 28
0 31
0 34
0 36
0 38
0 46
0 49
0 54
0 55
0 56
0 70
0 74
0 81
0 82
0 87
0 89
0 90
0 94
0 95
1 11
1 26
1 27
1 28
1 30
1 35
1 44
1 45
1 46
1 52
1 55
1 65
1 68
1 69
1 71
1 76
1 77
1 84
1 85
1 95
1 99
2 6
2 8
2 11
2 16
2 23
2 26
2 27
2 28
2 31
2 50
2 53
2 59
2 61
2 62
2 78
2 81
2 82
2 86
2 89
2 96
2 97
3 8
3 19
3 23
3 30
3 31
3 43
3 53
3 63
3 64
3 65
3 68
3 69
3 72
3 73
3 77
3 78
3 87
3 95
4 6
4 7
4 10
4 19
4 21
4 22
4 26
4 29
4 31
4 44
4 48
4 50
4 59
4 61
4 63
4 65
4 66
4 67
4 84
4 89
4 99
5 16
5 27
5 31
5 32
5 34
5 39
5 51
5 59
5 62
5 68
5 74
5 75
5 84
5 86
5 95
5 97
6 16
6 23
6 32
6 33
6 36
6 43
6 45
6 47
6 48
6 50
6 53
6 57
6 58
6 61
6 64
6 68
6 83
6 87
6 93
6 98
7 8
7 19
7 35
7 42
7 49
7 81
7 85
7 88
7 92
8 16
8 17
8 26
8 30
8 31
8 32
8 39
8 42
8 47
8 60
8 62
8 63
8 67
8 85
8 87
8 88
8 90
9 17
9 21
9 23
9 25
9 35
9 39
9 40
9 41
9 42
9 45
9 77
9 83
9 88
9 89
9 90
9 95
9 99
10 11
10 17
10 18
10 24
10 25
10 42
10 46
10 47
10 49
10 53
10 63
10 76
10 79
10 82
10 88
11 13
11 15
11 18
11 20
11 24
11 28
11 31
11 36
11 45
11 49
11 50
11 54
11 55
11 58
11 61
11 64
11 69
11 74
11 84
11 94
12 13
12 23
12 29
12 30
12 35
12 37
12 41
12 49
12 52
12 54
12 56
12 72
12 73
12 82
12 95
12 96
12 97
12 99
13 14
13 19
13 23
13 29
13 32
13 33
13 34
13 40
13 48
13 56
13 59
13 66
13 67
13 69
13 70
13 75
13 81
13 83
13 84
13 93
14 20
14 35
14 36
14 37
14 39
14 48
14 59
14 64
14 69
14 70
14 71
14 73
14 75
14 79
14 81
14 83
14 85
14 95
15 22
15 24
15 28
15 29
15 33
15 35
15 36
15 43
15 45
15 50
15 51
15 54
15 58
15 67
15 69
15 71
15 77
15 79
15 81
15 84
15 85
15 88
15 94
16 20
16 23
16 28
16 34
16 46
16 53
16 65
16 70
16 78
16 87
16 96
17 27
17 37
17 41
17 45
17 48
17 56
17 64
17 65
17 69
17 70
17 72
17 78
17 83
18 29
18 35
18 41
18 43
18 48
18 49
18 56
18 59
18 62
18 64
18 66
18 69
18 74
18 78
18 81
18 83
18 85
18 95
19 20
19 23
19 24
19 29
19 33
19 44
19 54
19 57
19 70
19 72
19 87
19 88
19 91
19 93
19 99
20 22
20 31
20 35
20 36
20 43
20 53
20 55
20 60
20 62
20 68
20 71
20 77
20 83
20 85
20 91
20 93
21 36
21 48
21 49
21 55
21 56
21 73
21 75
21 76
21 77
21 80
21 84
21 94
21 97
22 28
22 34
22 40
22 41
22 45
22 54
22 55
22 59
22 60
22 65
22 71
22 76
22 81
22 91
23 30
23 34
23 43
23 56
23 68
23 70
23 80
23 82
23 91
23 94
23 97
24 29
24 35
24 38
24 51
24 52
24 58
24 59
24 65
24 66
24 80
24 85
24 87
24 90
24 94
25 40
25 42
25 44
25 56
25 60
25 64
25 69
25 72
25 76
25 83
25 85
25 86
25 91
25 92
25 95
25 97
25 98
26 32
26 33
26 39
26 44
26 47
26 54
26 61
26 63
26 65
26 69
26 70
26 72
26 73
26 76
26 77
26 79
26 92
26 95
27 28
27 30
27 32
27 41
27 43
27 44
27 51
27 52
27 73
27 75
27 84
27 88
27 92
27 93
27 97
27 98
28 32
28 37
28 38
28 45
28 53
28 58
28 60
28 66
28 72
28 82
28 91
28 95
29 30
29 35
29 36
29 39
29 42
29 43
29 46
29 56
29 57
29 76
29 86
29 90
29 94
29 95
29 99
30 33
30 35
30 38
30 39
30 40
30 42
30 47
30 55
30 63
30 80
30 83
30 84
30 93
30 98
30 99
31 32
31 40
31 54
31 55
31 58
31 59
31 63
31 79
31 88
32 33
32 42
32 48
32 63
32 66
32 67
32 70
32 74
32 76
32 77
32 82
32 87
32 89
32 90
32 99
33 39
33 42
33 44
33 46
33 55
33 73
33 77
33 85
33 93
33 98
34 37
34 38
34 45
34 46
34 47
34 49
34 53
34 57
34 60
34 70
34 72
34 75
34 78
34 84
34 86
34 88
34 93
35 43
35 47
35 65
35 70
35 74
35 75
35 80
35 89
35 94
35 96
36 37
36 47
36 50
36 64
36 69
36 79
36 90
37 42
37 44
37 50
37 52
37 56
37 59
37 62
37 67
37 69
37 76
37 78
37 85
37 87
38 42
38 48
38 53
38 60
38 62
38 71
38 76
38 85
38 90
38 97
39 49
39 66
39 73
39 79
39 80
39 83
39 84
39 87
39 95
40 45
40 56
40 57
40 65
40 67
40 82
40 83
40 86
40 88
40 90
40 94
41 45
41 46
41 53
41 66
41 70
41 76
41 77
41 78
41 87
42 48
42 49
42 50
42 57
42 65
42 68
42 71
42 77
42 87
42 90
42 91
42 93
42 94
42 95
42 96
42 99
43 50
43 59
43 62
43 65
43 70
43 73
43 79
43 80
43 83
43 85
43 87
43 89
44 45
44 58
44 62
44 64
44 79
44 85
44 89
45 46
45 50
45 51
45 62
45 67
45 76
45 80
45 88
45 91
45 94
45 99
46 48
46 50
46 57
46 70
46 72
46 79
46 80
46 87
46 89
46 95
47 51
47 57
47 58
47 59
47 67
47 70
47 72
47 76
47 78
47 98
48 54
48 55
48 64
48 66
48 70
48 76
48 85
48 91
48 96
48 98
48 99
49 50
49 55
49 57
49 58
49 70
49 74
49 85
49 86
49 88
49 92
49 94
50 52
50 62
50 63
50 64
50 69
50 77
50 79
50 83
50 93
50 94
51 52
51 53
51 57
51 61
51 62
51 64
51 65
51 66
51 67
51 75
51 98
51 99
52 56
52 60
52 66
52 78
52 89
52 93
53 65
53 69
53 70
53 71
53 77
53 81
53 91
53 96
53 97
53 98
54 55
54 57
54 65
54 79
54 81
54 86
54 89
54 91
54 95
54 98
54 99
55 57
55 62
55 74
55 75
55 96
55 97
56 57
56 60
56 64
56 66
56 76
56 80
57 58
57 61
57 69
57 81
57 83
57 86
57 87
58 61
58 66
58 67
58 74
58 79
58 82
58 86
58 87
58 88
58 90
58 91
58 94
58 98
58 99
59 61
59 68
59 70
59 71
59 74
59 79
59 83
59 90
59 93
60 64
60 71
60 72
60 77
60 80
60 83
60 88
60 90
60 96
61 70
61 72
61 77
61 78
61 92
61 98
61 99
62 84
62 95
63 78
63 79
63 80
63 86
63 90
64 72
64 74
64 76
64 79
64 80
64 81
64 84
64 85
64 86
64 87
64 93
64 95
65 74
65 76
65 78
65 81
65 83
65 88
66 73
66 80
66 85
67 78
67 80
67 82
67 84
67 87
67 90
67 91
67 95
67 98
68 71
68 72
68 74
68 75
68 85
68 93
68 99
69 78
69 80
69 82
69 83
69 86
69 87
69 93
69 94
69 98
69 99
70 76
70 90
70 95
70 97
71 77
71 83
71 86
71 87
72 73
72 75
72 88
72 89
72 93
72 96
73 78
73 82
73 91
73 97
74 84
74 91
74 97
75 77
75 82
75 85
75 93
75 95
75 97
75 98
75 99
76 80
76 88
76 97
77 84
77 85
77 88
77 99
78 89
79 82
79 87
79 89
79 91
79 93
79 96
79 97
79 98
80 83
80 88
80 93
80 96
80 97
80 98
81 95
82 92
82 93
83 85
83 87
83 94
83 95
83 96
83 97
84 87
84 90
85 96
85 97
86 88
86 98
86 99
87 95
87 98
88 91
89 98
91 94
91 95
92 97
92 99
93 95
93 98
97 98
97 99

1 1 0 0 1 1 0 1 1 0 0 0 1 1 1 0 0 1 0 1 0 0 1 0 0 1 0 0 1 0 0 0 0 1 1 1 1 0 1 0 0 1 1 0 1 0 1 0 1 0 1 0 1 0 0 1 1 0 0 1 1 0 1 0 1 1 1 0 0 0 0 1 0 1 1 1 0 0 0 1 1 0 0 0 1 0 0 0 1 1 1 1 1 1 1 0 0 0 1 1