200 1927
0 1 2 3 4 5 6 7 8 9 10 11 12 13 14 15 16 17 18 19 20 21 22 23 24 25 26 27 28 29 30 31 32 33 34 35 36 37 38 39 40 41 42 43 44 45 46 47 48 49 50 51 52 53 54 55 56 57 58 59 60 61 62 63 64 65 66 67 68 69 70 71 72 73 74 75 76 77 78 79 80 81 82 83 84 85 86 87 88 89 90 91 92 93 94 95 96 97 98 99 100 101 102 103 104 105 106 107 108 109 110 111 112 113 114 115 116 117 118 119 120 121 122 123 124 125 126 127 128 129 130 131 132 133 134 135 136 137 138 139 140 141 142 143 144 145 146 147 148 149 150 151 152 153 154 155 156 157 158 159 160 161 162 163 164 165 166 167 168 169 170 171 172 173 174 175 176 177 178 179 180 181 182 183 184 185 186 187 188 189 190 191 192 193 194 195 196 197 198 199
0 22
0 25
0 26
0 36
0 42
0 49
0 53
0 57
0 59
0 66
0 72
0 74
0 75
0 98
0 101
0 106
0 125
0 129
0 149
0 152
0 160
0 161
0 171
1 19
1 22
1 25
1 30
1 38
1 56
1 67
1 68
1 80
1 87
1 90
1 104
1 115
1 131
1 159
1 162
1 164
1 171
1 179
1 180
1 191
2 3
2 6
2 24
2 34
2 36
2 41
2 48
2 55
2 65
2 76
2 106
2 123
2 125
2 146
2 149
2 171
2 183
2 187
2 196
3 17
3 25
3 46
3 49
3 65
3 67
3 84
3 103
3 128
3 139
3 161
3 163
3 164
3 169
3 186
4 5
4 6
4 10
4 16
4 33
4 44
4 48
4 54
4 66
4 94
4 99
4 103
4 135
4 145
4 146
4 158
4 172
4 179
4 192
4 197
5 11
5 14
5 43
5 46
5 49
5 50
5 63
5 92
5 97
5 125
5 140
5 144
5 156
5 180
5 195
5 196
6 11
6 14
6 21
6 41
6 53
6 56
6 64
6 68
6 78
6 83
6 84
6 87
6 98
6 121
6 126
6 155
6 176
6 181
6 185
6 194
7 50
7 54
7 59
7 60
7 90
7 96
7 112
7 145
7 150
7 156
7 162
7 169
7 170
7 179
7 186
7 195
7 198
8 13
8 16
8 22
8 31
8 35
8 60
8 72
8 73
8 74
8 77
8 80
8 83
8 86
8 141
8 142
8 147
8 162
8 176
9 18
9 22
9 43
9 45
9 61
9 74
9 89
9 90
9 93
9 100
9 107
9 121
9 140
9 146
9 152
9 159
9 170
9 177
9 178
9 193
9 195
10 17
10 23
10 28
10 41
10 47
10 59
10 87
10 104
10 106
10 109
10 111
10 112
10 116
10 134
10 139
10 141
10 144
10 148
10 151
10 174
10 195
11 19
11 24
11 25
11 26
11 28
11 30
11 33
11 44
11 71
11 74
11 76
11 80
11 82
11 85
11 89
11 95
11 99
11 117
11 129
11 148
11 154
11 164
11 168
11 179
11 188
11 191
11 196
11 199
12 26
12 36
12 37
12 38
12 43
12 48
12 55
12 62
12 64
12 74
12 93
12 97
12 100
12 114
12 126
12 138
12 156
12 173
12 174
12 193
13 28
13 40
13 44
13 47
13 50
13 53
13 55
13 68
13 84
13 85
13 86
13 101
13 103
13 104
13 110
13 112
13 122
13 132
13 153
13 161
13 164
13 180
13 187
13 193
13 196
14 23
14 32
14 43
14 48
14 49
14 50
14 55
14 62
14 63
14 111
14 138
14 142
14 154
14 156
14 157
14 173
14 175
14 189
15 16
15 19
15 25
15 29
15 57
15 61
15 63
15 64
15 70
15 72
15 85
15 120
15 135
15 138
15 139
15 140
15 155
15 165
15 170
16 33
16 34
16 36
16 47
16 79
16 91
16 94
16 107
16 114
16 121
16 126
16 138
16 148
16 149
16 150
16 174
16 180
17 43
17 49
17 51
17 71
17 76
17 78
17 104
17 112
17 120
17 130
17 144
17 152
17 160
17 164
17 167
17 189
17 193
18 29
18 36
18 44
18 47
18 66
18 69
18 79
18 91
18 92
18 107
18 122
18 128
18 130
18 131
18 146
18 148
18 149
18 160
18 172
18 174
18 177
18 179
18 181
18 186
19 36
19 44
19 56
19 72
19 83
19 86
19 95
19 99
19 126
19 145
19 152
19 157
19 184
20 36
20 39
20 49
20 51
20 52
20 58
20 62
20 65
20 84
20 119
20 127
20 129
20 130
20 136
20 147
20 164
20 171
20 173
20 179
20 187
21 27
21 28
21 33
21 46
21 50
21 61
21 63
21 81
21 84
21 87
21 94
21 101
21 105
21 111
21 113
21 130
21 132
21 134
21 150
21 155
21 160
21 164
21 176
21 185
22 39
22 41
22 45
22 85
22 86
22 87
22 94
22 116
22 136
22 147
22 175
22 180
22 182
22 192
22 199
23 29
23 30
23 31
23 34
23 36
23 38
23 46
23 62
23 83
23 90
23 96
23 112
23 141
23 142
23 144
23 150
23 155
23 156
23 158
23 180
23 181
23 184
23 185
24 33
24 49
24 71
24 89
24 90
24 107
24 135
24 137
24 155
24 182
24 190
25 26
25 28
25 42
25 57
25 75
25 76
25 80
25 81
25 119
25 126
25 138
25 140
25 143
25 154
25 158
25 167
25 170
25 198
26 27
26 51
26 72
26 75
26 76
26 77
26 83
26 107
26 111
26 114
26 119
26 127
26 128
26 133
26 135
26 139
26 145
26 147
26 181
26 198
27 29
27 35
27 40
27 60
27 66
27 68
27 73
27 77
27 84
27 89
27 99
27 113
27 140
27 146
27 149
27 153
27 166
27 170
27 190
27 199
28 38
28 67
28 81
28 83
28 102
28 117
28 148
28 158
28 159
28 195
28 198
29 43
29 49
29 61
29 62
29 68
29 75
29 81
29 95
29 115
29 124
29 125
29 150
29 158
29 167
29 175
29 176
29 192
29 199
30 36
30 53
30 68
30 87
30 105
30 109
30 126
30 145
30 148
30 155
30 185
30 189
30 191
31 33
31 35
31 55
31 70
31 72
31 77
31 117
31 128
31 138
31 140
31 142
31 146
31 152
31 167
31 168
31 174
31 191
32 34
32 36
32 44
32 45
32 52
32 54
32 76
32 78
32 79
32 80
32 103
32 114
32 116
32 131
32 141
32 173
32 175
33 70
33 75
33 87
33 89
33 96
33 100
33 111
33 112
33 136
33 138
33 152
33 167
33 175
33 181
33 183
33 189
33 199
34 51
34 58
34 68
34 89
34 90
34 112
34 128
34 145
34 155
34 184
34 198
35 42
35 53
35 56
35 60
35 66
35 74
35 75
35 90
35 98
35 106
35 116
35 134
35 153
35 154
35 172
35 175
35 179
35 182
35 189
36 49
36 81
36 85
36 90
36 91
36 98
36 100
36 132
36 136
36 157
36 160
36 188
36 195
37 46
37 59
37 68
37 102
37 118
37 134
37 156
37 172
37 189
38 42
38 46
38 51
38 60
38 64
38 78
38 85
38 92
38 94
38 97
38 107
38 133
38 136
38 141
38 159
38 169
38 186
38 194
39 51
39 53
39 67
39 80
39 91
39 107
39 113
39 138
39 143
39 149
39 187
40 59
40 77
40 106
40 109
40 113
40 114
40 125
40 135
40 155
40 174
40 194
41 47
41 56
41 65
41 81
41 101
41 148
41 155
41 157
41 158
41 163
41 165
41 175
41 191
42 43
42 46
42 47
42 77
42 105
42 111
42 115
42 119
42 128
42 164
42 175
42 185
42 189
42 199
43 57
43 58
43 62
43 68
43 80
43 88
43 95
43 106
43 118
43 132
43 133
43 142
43 152
43 177
43 188
44 51
44 71
44 78
44 80
44 83
44 115
44 143
44 145
44 148
44 162
44 166
45 54
45 61
45 62
45 65
45 117
45 129
45 161
45 171
45 173
45 187
45 190
45 199
46 52
46 56
46 63
46 76
46 87
46 98
46 114
46 115
46 130
46 137
46 145
46 154
46 159
46 180
46 185
47 49
47 60
47 97
47 114
47 119
47 128
47 169
47 177
47 190
47 193
48 62
48 80
48 109
48 112
48 114
48 146
48 149
48 157
48 181
48 182
48 186
48 188
48 194
48 197
49 56
49 67
49 71
49 72
49 79
49 86
49 94
49 97
49 99
49 139
49 141
49 160
50 66
50 67
50 70
50 75
50 93
50 94
50 120
50 123
50 147
50 167
50 182
50 186
50 198
51 66
51 71
51 78
51 90
51 106
51 109
51 114
51 128
51 132
51 135
51 143
51 153
51 155
51 159
51 160
51 166
51 167
51 168
51 182
52 54
52 97
52 107
52 113
52 121
52 127
52 135
52 142
52 147
52 184
52 191
53 55
53 68
53 70
53 78
53 88
53 120
53 125
53 157
53 159
53 163
53 179
53 194
54 62
54 68
54 71
54 80
54 94
54 99
54 102
54 132
54 135
54 136
54 157
54 160
55 66
55 89
55 93
55 116
55 118
55 122
55 128
55 144
55 157
55 180
55 184
55 189
56 59
56 62
56 63
56 69
56 79
56 132
56 154
56 171
56 183
56 195
56 198
57 74
57 85
57 100
57 105
57 111
57 120
57 147
57 155
57 160
57 161
57 166
57 183
57 186
57 194
58 61
58 110
58 116
58 132
58 135
58 138
58 144
58 165
58 176
58 183
58 189
58 191
58 193
58 196
59 66
59 76
59 92
59 100
59 114
59 122
59 132
59 142
59 146
59 156
59 159
59 163
59 168
59 171
59 183
59 191
60 66
60 70
60 75
60 82
60 84
60 92
60 102
60 141
60 150
60 161
60 162
60 182
60 183
61 67
61 71
61 92
61 102
61 103
61 136
61 142
61 166
61 169
61 171
61 185
61 198
62 68
62 95
62 117
62 122
62 123
62 126
62 141
62 146
62 151
62 161
62 182
63 68
63 74
63 78
63 90
63 92
63 95
63 101
63 104
63 109
63 118
63 128
63 138
63 157
63 178
63 188
63 199
64 72
64 100
64 116
64 118
64 125
64 145
64 162
64 172
64 175
64 188
64 192
64 195
64 196
64 197
64 198
65 66
65 69
65 86
65 102
65 105
65 120
65 144
65 160
65 174
65 177
65 196
65 198
66 87
66 101
66 109
66 128
66 133
66 145
66 156
66 173
66 179
66 183
66 188
67 97
67 100
67 102
67 116
67 129
67 139
67 142
67 156
67 158
67 171
67 172
67 173
68 71
68 86
68 88
68 89
68 93
68 94
68 97
68 106
68 124
68 125
68 137
68 140
68 169
68 172
68 193
68 195
68 198
69 73
69 75
69 80
69 86
69 87
69 95
69 106
69 127
69 132
69 137
69 162
69 168
69 193
69 196
70 96
70 98
70 101
70 114
70 120
70 122
70 144
70 148
70 191
70 196
71 89
71 91
71 95
71 97
71 101
71 103
71 108
71 150
71 174
71 175
71 181
71 195
72 74
72 78
72 83
72 98
72 112
72 122
72 134
72 135
72 140
72 145
72 147
72 154
72 169
72 171
72 178
72 182
72 193
73 101
73 104
73 111
73 114
73 118
73 148
73 151
73 157
73 195
74 84
74 86
74 94
74 97
74 114
74 119
74 122
74 135
74 137
74 147
74 150
74 163
74 167
74 169
74 194
74 196
75 93
75 96
75 105
75 120
75 133
75 140
75 142
75 147
75 166
75 178
75 196
76 85
76 88
76 89
76 93
76 104
76 143
76 152
76 170
76 172
76 185
76 191
77 84
77 94
77 97
77 98
77 115
77 126
77 160
77 176
77 194
77 198
78 80
78 94
78 103
78 111
78 115
78 120
78 125
78 126
78 155
78 168
79 92
79 94
79 120
79 128
79 134
79 152
79 165
79 188
79 191
79 192
80 95
80 120
80 124
80 140
80 153
80 164
80 166
80 167
80 179
80 199
81 88
81 110
81 112
81 132
81 139
81 142
81 194
82 118
82 124
82 133
82 135
82 143
82 147
82 175
82 176
82 186
82 190
82 191
82 197
82 199
83 86
83 90
83 95
83 104
83 111
83 114
83 115
83 128
83 154
83 158
83 162
83 163
83 164
83 179
83 188
84 89
84 96
84 112
84 127
84 130
84 134
84 145
84 153
84 159
84 188
84 196
84 197
85 98
85 101
85 119
85 120
85 130
85 133
85 134
85 155
85 162
85 182
85 196
86 90
86 91
86 92
86 99
86 108
86 114
86 128
86 136
86 158
86 174
86 175
86 187
86 198
87 89
87 107
87 109
87 115
87 117
87 127
87 134
87 149
87 155
87 158
87 167
87 180
87 181
87 184
87 195
87 198
87 199
88 96
88 98
88 107
88 153
88 159
88 178
88 179
88 194
88 199
89 92
89 98
89 139
89 140
89 158
89 161
89 178
90 130
90 135
90 136
90 140
90 144
90 145
90 151
90 175
90 176
91 98
91 102
91 109
91 128
91 149
91 153
91 154
91 168
91 170
91 179
91 189
91 191
91 197
92 107
92 112
92 119
92 121
92 139
92 146
92 159
92 162
92 164
92 177
92 184
92 191
92 195
93 98
93 100
93 140
93 141
93 149
93 158
93 163
93 176
93 187
93 191
93 197
94 102
94 111
94 125
94 126
94 127
94 129
94 140
94 141
94 161
94 166
94 175
94 184
95 98
95 103
95 122
95 129
95 136
95 151
95 152
95 158
95 161
95 163
95 188
95 189
95 191
95 192
95 195
95 196
96 100
96 111
96 120
96 138
96 146
96 167
96 175
96 178
96 183
96 184
97 103
97 116
97 123
97 131
97 142
97 150
97 161
97 162
97 172
97 194
98 100
98 101
98 102
98 108
98 128
98 146
98 150
98 158
98 160
98 165
98 167
98 173
98 189
98 190
98 194
98 198
99 111
99 115
99 121
99 154
99 160
99 166
99 167
99 173
100 101
100 113
100 132
100 133
100 142
100 168
100 175
100 186
101 117
101 122
101 124
101 143
101 161
101 166
101 190
101 196
102 106
102 126
102 154
102 159
102 161
102 171
102 180
102 193
103 107
103 126
103 139
103 149
103 150
103 160
103 167
104 112
104 118
104 119
104 134
104 135
104 144
104 161
104 179
104 183
104 194
104 198
105 112
105 134
105 136
105 141
105 152
105 157
105 166
105 187
106 121
106 123
106 126
106 152
106 160
106 177
106 186
106 198
107 127
107 129
107 150
107 152
107 196
108 110
108 116
108 121
108 128
108 146
108 157
108 183
108 198
109 112
109 117
109 148
109 183
110 144
110 152
110 156
110 163
110 193
111 139
111 142
111 146
111 148
111 173
111 186
112 132
112 147
112 173
112 175
112 178
112 179
113 114
113 153
113 164
113 166
113 176
113 179
113 189
113 191
113 199
114 115
114 127
114 128
114 138
114 147
114 167
114 172
114 177
115 124
115 127
115 128
115 136
115 137
115 174
115 182
115 188
116 122
116 131
116 156
116 162
116 163
116 181
116 182
116 186
116 190
116 191
116 196
117 118
117 131
117 133
117 145
117 157
117 163
118 150
118 152
118 171
118 172
118 175
118 177
118 188
118 194
119 120
119 161
119 171
119 176
119 198
120 122
120 127
120 156
120 199
121 123
121 131
121 165
121 174
121 176
121 183
121 189
121 192
122 138
122 165
122 183
122 188
123 126
123 141
123 153
123 154
123 171
123 172
124 127
124 129
124 132
124 142
124 146
124 152
124 157
125 137
125 156
125 187
125 195
126 132
126 138
126 171
126 176
126 189
126 190
126 196
127 132
127 138
127 145
127 152
127 153
127 168
127 174
127 181
127 189
127 195
128 134
128 150
128 153
128 163
128 164
128 177
128 178
129 146
129 151
129 161
129 165
129 172
129 181
129 183
129 190
129 196
130 131
130 135
130 143
130 149
130 153
130 167
130 181
130 190
131 132
131 143
131 157
131 164
131 184
131 188
131 192
131 194
131 198
132 143
132 155
132 156
132 157
132 167
132 168
132 172
132 176
132 185
133 136
133 142
133 147
133 149
133 153
133 182
133 185
133 187
134 137
134 139
134 145
134 147
134 152
134 156
134 189
134 191
134 192
134 197
135 141
135 154
135 155
135 159
135 173
135 176
135 180
135 185
136 137
136 146
136 149
136 151
136 153
136 172
136 181
136 189
136 192
136 198
137 150
137 171
137 195
138 170
138 174
138 181
138 183
138 185
138 193
139 142
139 144
139 145
139 154
139 162
139 168
139 190
139 193
139 195
140 147
140 149
140 159
140 167
140 175
140 181
141 142
141 151
141 160
141 167
141 173
141 176
141 180
141 190
142 156
142 165
142 172
142 177
142 190
143 161
143 172
143 176
143 180
143 190
144 147
144 175
144 188
144 192
144 193
145 160
145 165
145 167
145 171
146 170
146 171
146 175
146 191
146 197
147 159
147 175
147 176
147 198
148 149
148 157
148 159
148 169
148 178
148 198
149 178
149 186
149 190
149 198
150 152
150 163
150 164
150 199
151 187
151 192
151 198
152 161
152 171
152 195
153 158
153 164
153 168
153 183
153 192
153 194
154 171
154 173
154 175
154 184
154 188
154 194
155 163
155 173
155 180
155 192
155 193
155 196
156 160
156 161
156 177
156 178
156 185
156 188
156 192
156 193
157 158
157 163
157 169
157 173
158 178
158 196
158 197
159 165
159 172
159 177
159 183
159 195
159 198
160 186
160 193
161 165
161 177
161 180
161 188
162 171
162 191
162 198
162 199
163 179
163 188
164 170
164 175
164 180
165 166
165 174
165 188
166 168
167 185
168 172
168 189
169 180
169 186
169 187
169 194
169 198
170 173
170 184
171 188
171 199
172 178
172 183
172 187
172 194
173 177
173 183
173 189
173 197
173 199
174 175
174 183
174 186
174 191
174 197
175 176
175 195
176 181
176 192
176 194
176 198
178 183
178 185
178 188
178 190
178 191
179 183
179 185
179 189
179 195
179 196
180 186
180 191
180 194
181 189
181 191
182 187
186 188
189 192
189 199
190 199
192 196
193 194
196 199

1 0 1 0 1 0 1 1 0 0 0 1 1 1 1 1 0 0 0 1 1 1 1 1 1 0 1 1 1 0 1 0 1 0 0 0 1 1 0 0 0 1 1 1 1 0 1 1 1 1 0 0 1 1 0 1 1 0 0 1 0 1 0 0 1 1 0 1 0 0 1 1 0 0 0 1 0 1 0 0 1 1 1 0 0 0 1 1 0 0 0 1 1 1 1 0 0 1 0 1 1 0 1 1 1 1 1 0 1 0 0 1 0 0 1 1 1 1 1 1 0 0 0 1 0 0 0 1 1 1 0 0 1 0 0 0 0 0 0 1 0 0 0 0 1 0 0 0 0 1 0 1 1 0 1 0 0 1 1 0 0 0 1 0 0 1 1 1 1 0 0 0 0 1 0 0 0 0 0 0 0 1 0 1 1 1 1 1 1 0 1 1 1 1 0 1 0 0 0 0