100 493
0 1 2 3 4 5 6 7 8 9 10 11 12 13 14 15 16 17 18 19 20 21 22 23 24 25 26 27 28 29 30 31 32 33 34 35 36 37 38 39 40 41 42 43 44 45 46 47 48 49 50 51 52 53 54 55 56 57 58 59 60 61 62 63 64 65 66 67 68 69 70 71 72 73 74 75 76 77 78 79 80 81 82 83 84 85 86 87 88 89 90 91 92 93 94 95 96 97 98 99
0 1
0 7
0 15
0 44
0 48
0 64
0 67
0 68
0 92
0 94
1 3
1 11
1 24
1 26
1 42
1 50
1 78
1 82
2 19
2 33
2 84
2 93
2 94
3 22
3 29
3 37
3 52
3 55
3 58
3 93
3 97
4 15
4 17
4 20
4 21
4 26
4 28
4 80
4 81
4 82
5 10
5 19
5 29
5 36
5 54
5 58
5 68
5 70
5 74
5 79
5 87
6 24
6 40
6 50
6 65
6 68
6 84
6 89
7 23
7 28
7 32
7 41
7 74
7 84
7 97
8 11
8 49
8 58
8 79
8 80
8 90
9 20
9 41
9 73
9 88
10 20
10 27
10 43
10 64
10 72
10 80
10 90
10 94
11 17
11 18
11 21
11 26
11 27
11 28
11 34
11 37
11 47
11 50
11 59
11 61
11 66
11 68
11 69
11 79
11 81
11 87
11 95
12 27
12 36
12 46
12 51
12 71
12 90
12 93
12 99
13 16
13 18
13 54
13 56
13 57
13 62
13 73
13 76
13 77
13 92
13 95
14 33
14 72
15 60
15 72
15 77
15 79
15 81
15 84
15 86
16 25
16 27
16 29
16 34
16 36
16 54
16 62
16 65
16 72
16 91
17 18
17 29
17 31
17 35
17 47
17 62
17 99
18 26
18 29
18 32
18 39
18 55
18 73
18 81
18 86
19 20
19 27
19 31
19 56
19 74
19 81
19 99
20 41
20 46
20 56
20 61
20 74
20 75
20 92
20 94
21 49
21 68
21 71
21 74
21 77
22 33
22 35
22 39
22 50
22 55
22 56
22 80
22 93
23 32
23 92
23 94
24 26
24 29
24 38
24 60
24 62
24 85
24 88
25 44
25 46
25 64
25 65
25 67
25 75
25 82
25 85
25 88
25 94
25 95
26 30
26 36
26 37
26 60
26 61
26 74
26 75
26 78
26 87
26 89
26 90
26 94
27 40
27 65
27 76
27 77
27 91
27 94
28 29
28 47
28 50
28 54
28 61
28 66
28 71
28 75
28 85
29 34
29 44
29 46
29 50
29 56
29 69
29 83
29 99
30 34
30 36
30 59
30 64
30 74
30 75
30 79
30 85
30 86
30 88
30 94
30 97
31 39
31 48
31 52
31 70
31 71
31 83
31 89
31 96
32 41
32 53
32 82
32 88
32 97
32 98
33 34
33 35
33 38
33 39
33 43
33 55
33 60
33 71
33 88
33 93
34 42
34 48
34 54
34 59
34 60
34 64
34 66
34 72
34 81
35 38
35 59
35 68
35 69
35 76
35 96
36 50
36 52
36 53
36 54
36 62
36 63
36 65
36 87
37 48
37 57
37 61
37 68
37 77
37 78
37 81
37 89
38 46
38 51
38 60
38 67
38 80
38 82
38 92
39 52
39 62
39 63
39 70
39 83
39 88
39 95
39 98
40 43
40 46
40 49
40 52
40 59
40 68
40 69
40 76
40 82
41 46
41 77
41 78
42 44
42 45
42 49
42 59
42 69
42 79
42 84
43 51
43 59
43 82
44 45
44 70
44 76
44 83
45 54
45 78
45 79
45 96
45 99
46 48
46 50
46 65
46 78
46 81
46 88
46 89
47 67
47 86
48 54
48 60
48 63
48 65
48 79
49 54
49 61
49 69
49 80
49 81
49 91
50 54
50 91
50 93
51 53
51 54
51 82
51 88
51 89
51 94
52 76
52 79
52 83
52 86
52 96
52 97
52 98
53 61
53 62
53 75
53 85
53 93
54 58
54 60
54 84
54 92
54 98
55 63
55 65
55 72
56 83
56 88
56 89
56 92
57 58
57 71
57 79
57 87
58 61
58 65
58 76
59 64
59 66
59 67
59 93
59 95
60 64
60 74
60 75
60 77
61 64
61 81
61 98
62 65
62 66
62 91
62 92
63 72
63 93
64 71
64 94
64 98
65 69
65 72
65 87
65 96
66 84
66 89
66 95
67 80
67 81
67 85
68 89
68 93
68 98
69 74
69 75
69 87
70 86
70 90
70 94
70 99
71 73
71 99
72 73
72 86
72 89
73 80
73 81
73 83
73 93
74 88
74 96
75 85
75 86
75 90
76 91
77 80
77 85
77 94
78 84
78 87
78 88
79 82
79 90
80 97
81 84
81 85
81 97
82 95
84 87
86 87
86 98
87 91
88 92
90 98
91 98
91 99
93 98
95 96
95 97
95 98

1 1 0 0 0 1 0 1 1 1 0 1 1 0 1 0 1 1 1 0 1 1 1 0 0 1 0 0 0 1 1 1 1 1 1 1 1 1 1 0 1 1 0 0 0 0 0 1 0 0 1 0 0 0 0 0 0 1 0 0 1 1 0 0 0 0 1 0 1 0 1 1 1 1 0 0 0 1 1 0 0 1 1 1 0 0 1 0 0 0 0 0 0 1 0 1 1 0 1 1