200 986
0 1 2 3 4 5 6 7 8 9 10 11 12 13 14 15 16 17 18 19 20 21 22 23 24 25 26 27 28 29 30 31 32 33 34 35 36 37 38 39 40 41 42 43 44 45 46 47 48 49 50 51 52 53 54 55 56 57 58 59 60 61 62 63 64 65 66 67 68 69 70 71 72 73 74 75 76 77 78 79 80 81 82 83 84 85 86 87 88 89 90 91 92 93 94 95 96 97 98 99 100 101 102 103 104 105 106 107 108 109 110 111 112 113 114 115 116 117 118 119 120 121 122 123 124 125 126 127 128 129 130 131 132 133 134 135 136 137 138 139 140 141 142 143 144 145 146 147 148 149 150 151 152 153 154 155 156 157 158 159 160 161 162 163 164 165 166 167 168 169 170 171 172 173 174 175 176 177 178 179 180 181 182 183 184 185 186 187 188 189 190 191 192 193 194 195 196 197 198 199
0 10
0 19
0 48
0 61
0 62
0 85
0 198
1 22
1 38
1 45
1 48
1 151
1 156
1 170
1 195
2 7
2 68
2 89
2 93
2 106
2 114
2 116
2 119
2 150
2 156
2 189
3 13
3 29
3 40
3 44
3 55
3 56
3 69
3 92
3 111
3 120
3 167
3 169
3 171
3 187
4 8
4 20
4 28
4 68
4 105
4 175
4 183
4 197
5 16
5 23
5 31
5 40
5 48
5 57
5 84
5 92
5 154
5 178
6 12
6 66
6 78
6 79
6 92
6 97
6 101
6 111
6 159
6 184
7 18
7 31
7 120
7 130
7 132
7 146
7 191
8 13
8 19
8 25
8 27
8 30
8 64
8 67
8 81
8 102
8 122
8 131
8 157
9 24
9 48
9 60
9 63
9 86
9 103
9 111
9 143
9 151
9 188
10 16
10 20
10 26
10 29
10 70
10 90
10 92
10 108
10 127
10 171
10 190
11 33
11 46
11 52
11 53
11 73
11 75
11 107
11 114
11 177
12 46
12 54
12 72
12 90
12 93
12 96
12 98
12 101
12 126
12 148
12 181
12 197
13 36
13 37
13 44
13 55
13 77
13 93
13 125
13 195
14 17
14 48
14 54
14 112
14 129
14 183
14 185
14 191
14 194
15 48
15 53
15 102
15 125
15 127
15 134
15 138
15 151
15 191
16 35
16 50
16 66
16 82
16 116
16 128
16 153
16 163
16 164
16 187
16 188
16 192
17 19
17 54
17 57
17 61
17 75
17 124
17 172
17 177
17 178
17 190
18 72
18 75
18 80
18 95
18 106
18 111
18 122
18 157
18 162
18 179
18 186
18 190
19 44
19 49
19 61
19 62
19 89
19 115
19 119
19 124
19 131
19 139
19 140
19 142
19 143
19 147
19 159
19 169
20 27
20 46
20 66
20 101
20 106
20 124
20 129
20 145
20 148
20 167
20 172
20 174
20 179
20 181
21 44
21 50
21 84
21 116
21 129
21 138
21 145
21 196
22 25
22 38
22 57
22 68
22 131
22 199
23 34
23 52
23 96
23 103
23 126
23 128
23 147
23 187
23 199
24 30
24 74
24 83
24 119
24 140
25 31
25 36
25 42
25 81
25 93
25 113
25 120
25 198
26 42
26 61
26 66
26 81
26 136
26 143
26 173
26 174
26 176
26 180
26 195
27 56
27 108
27 109
27 111
27 131
27 154
28 123
28 136
28 152
28 165
28 169
28 187
28 193
29 53
29 115
29 117
29 135
29 163
29 173
29 177
29 182
29 187
30 80
30 91
30 125
30 136
30 164
30 165
30 170
30 171
31 34
31 61
31 66
31 94
31 153
31 173
32 34
32 72
32 92
32 111
32 113
32 139
32 142
32 148
32 168
32 170
32 171
32 174
32 179
32 185
33 56
33 113
33 115
33 122
33 133
33 135
33 177
33 190
33 199
34 36
34 38
34 107
34 118
34 138
34 151
34 164
35 69
35 76
35 81
35 107
35 143
36 60
36 63
36 82
36 101
36 106
36 109
36 127
36 131
36 155
36 192
36 193
36 199
37 88
37 93
37 102
37 143
37 164
38 77
38 98
38 101
38 109
38 114
38 169
39 45
39 52
39 59
39 122
39 136
39 141
39 147
39 157
39 171
39 199
40 47
40 117
40 132
40 194
41 106
41 126
41 141
41 143
41 164
42 59
42 76
42 79
42 92
42 131
42 178
43 71
43 90
43 103
43 172
43 174
43 199
44 93
44 137
44 151
45 51
45 57
45 125
45 133
45 134
45 143
45 154
45 164
46 58
46 59
46 66
46 82
46 83
46 90
46 91
46 145
46 176
47 59
47 79
47 97
47 126
47 149
47 155
48 62
48 80
48 96
48 116
48 189
49 64
49 87
49 100
49 146
49 157
49 165
49 169
49 198
50 56
50 74
50 83
50 85
50 100
50 103
50 105
50 109
50 116
50 117
50 119
50 129
50 143
50 149
50 161
50 163
50 194
50 195
51 57
51 70
51 92
51 93
51 112
51 121
52 56
52 64
52 69
52 109
52 136
52 147
52 194
52 195
53 54
53 73
53 91
53 139
53 149
53 160
53 189
53 196
54 77
54 104
54 171
54 178
54 194
55 85
55 99
55 129
55 140
55 157
55 184
56 63
56 68
56 88
56 102
56 109
56 121
56 153
56 187
57 65
57 87
57 112
57 123
57 130
57 135
57 148
57 156
57 158
57 168
58 122
58 141
58 157
58 159
58 185
59 80
59 89
59 92
59 96
59 154
59 166
59 193
59 194
59 198
60 83
60 84
60 87
60 105
60 145
60 158
61 76
61 130
61 132
61 188
62 77
62 146
62 150
62 165
62 172
63 87
63 89
63 130
63 138
63 166
63 180
63 194
64 103
64 104
64 106
64 146
64 147
64 150
64 176
64 184
64 194
65 83
65 91
65 95
65 101
65 110
65 117
65 118
65 185
65 190
65 199
66 69
66 94
66 97
66 129
66 153
66 167
66 169
66 177
66 186
66 195
67 69
67 74
67 76
67 91
67 93
67 97
67 100
67 104
67 136
67 146
67 166
67 188
67 192
68 152
68 167
68 191
69 103
69 108
69 110
69 115
69 121
69 130
69 152
69 157
69 174
69 178
69 188
69 195
69 197
69 198
70 81
70 114
70 126
70 132
70 134
70 144
70 148
70 152
70 161
70 168
70 171
70 175
71 100
71 121
71 187
72 83
72 154
72 161
72 187
73 81
73 115
73 142
73 161
73 168
73 180
74 124
74 183
74 184
74 185
74 186
75 78
75 85
75 95
75 98
75 114
75 128
75 164
75 171
75 173
75 180
75 186
76 94
76 124
76 135
76 156
76 164
76 181
76 185
76 197
77 79
77 103
77 105
77 114
77 125
77 163
77 189
77 192
78 80
78 109
78 110
78 115
78 120
78 137
78 142
78 163
78 166
78 167
78 193
79 113
79 124
79 155
79 159
79 166
79 181
80 95
80 97
80 124
80 135
80 160
80 165
80 180
81 82
81 106
81 116
81 135
81 156
81 186
81 187
82 91
82 93
82 99
82 114
82 119
82 171
82 196
83 138
83 140
83 155
83 197
84 108
84 118
84 125
84 145
84 180
84 199
85 126
85 147
85 156
86 141
86 145
86 181
87 90
87 108
87 109
87 118
87 134
87 145
88 127
88 147
88 155
88 166
89 109
89 113
89 137
89 141
89 160
89 163
89 165
89 188
90 100
90 165
90 167
90 181
91 93
91 127
91 128
91 132
91 157
91 178
91 183
91 185
91 197
92 97
92 121
92 123
92 146
92 168
92 176
92 182
94 96
94 165
94 183
94 186
94 191
95 101
95 130
95 136
96 111
96 118
96 129
96 135
96 139
96 146
97 169
97 195
98 110
98 166
98 190
99 108
100 106
100 125
100 146
100 159
101 129
101 146
101 167
102 107
102 148
102 151
102 156
102 182
102 192
103 145
103 149
103 173
103 180
103 183
103 189
104 128
104 130
104 165
104 196
105 139
105 154
105 163
105 194
106 133
106 149
106 156
106 159
106 160
106 192
107 117
107 178
107 185
107 191
107 193
108 144
108 159
108 161
108 166
108 186
109 132
109 162
109 190
109 194
110 111
110 115
110 120
110 153
110 170
110 178
111 123
111 149
111 158
112 113
112 130
112 162
112 169
112 180
112 181
112 193
113 145
113 161
113 198
114 140
114 156
114 157
114 164
114 180
114 189
114 197
115 117
115 124
115 135
115 142
115 156
115 179
116 124
116 171
116 180
117 183
117 184
117 192
117 196
118 157
119 148
119 189
120 143
120 147
120 156
120 182
120 185
120 196
121 123
121 181
122 130
122 137
122 170
122 178
122 180
123 142
124 147
125 197
126 162
126 176
127 130
127 195
128 144
128 146
128 157
128 165
128 168
129 138
129 155
129 157
130 136
130 154
131 195
132 149
133 147
133 168
133 187
134 137
134 145
134 175
134 181
137 182
137 183
137 187
138 157
138 168
138 177
138 190
139 150
139 188
140 142
140 169
140 180
141 166
141 192
142 150
142 175
143 196
144 189
145 146
145 150
145 176
145 177
147 172
147 175
147 186
147 194
148 170
148 184
149 161
150 171
150 183
151 170
151 176
151 190
152 167
152 168
152 169
152 170
152 196
153 162
153 177
154 155
154 158
154 159
154 162
154 180
154 186
154 193
155 160
155 199
156 157
156 186
156 196
157 172
158 167
158 199
160 164
161 188
161 197
162 181
163 166
163 175
163 188
164 178
165 168
165 172
165 186
166 175
166 193
166 194
167 171
167 177
167 193
168 195
169 189
170 181
170 195
171 198
173 193
174 192
175 183
176 198
178 185
180 188
180 194
181 184
184 199
185 198
186 198
187 193
189 194
190 198
190 199
191 199
197 198

0 1 0 0 0 1 0 1 1 0 1 1 0 0 0 0 0 0 1 1 1 0 1 0 1 1 1 1 0 1 0 1 1 0 1 1 0 1 1 1 0 0 1 0 1 1 1 0 1 0 0 0 1 1 0 1 0 1 0 1 0 0 0 0 1 0 1 0 1 0 1 0 0 1 1 0 1 1 1 1 0 0 0 1 0 0 0 1 1 1 1 0 0 1 1 1 0 1 1 1 0 0 0 0 1 1 0 0 0 0 1 1 0 0 1 0 1 0 1 1 0 1 1 1 1 1 1 0 1 1 1 0 0 0 0 1 1 1 1 0 1 0 0 0 0 1 0 0 1 0 1 1 1 0 0 1 0 1 0 1 1 1 0 1 0 1 0 1 0 0 0 0 0 0 0 1 1 1 1 1 1 1 0 0 1 0 0 0 1 1 0 0 0 0 0 0 1 0 1 0