150 581
0 1 2 3 4 5 6 7 8 9 10 11 12 13 14 15 16 17 18 19 20 21 22 23 24 25 26 27 28 29 30 31 32 33 34 35 36 37 38 39 40 41 42 43 44 45 46 47 48 49 50 51 52 53 54 55 56 57 58 59 60 61 62 63 64 65 66 67 68 69 70 71 72 73 74 75 76 77 78 79 80 81 82 83 84 85 86 87 88 89 90 91 92 93 94 95 96 97 98 99 100 101 102 103 104 105 106 107 108 109 110 111 112 113 114 115 116 117 118 119 120 121 122 123 124 125 126 127 128 129 130 131 132 133 134 135 136 137 138 139 140 141 142 143 144 145 146 147 148 149
0 26
0 31
0 40
0 50
0 51
0 61
0 62
0 123
0 124
1 70
1 117
1 129
1 133
2 10
2 53
2 60
2 136
2 143
2 147
3 6
3 7
3 26
3 39
3 66
3 76
3 103
3 113
3 120
3 133
3 146
3 149
4 16
4 52
4 59
4 65
4 79
4 90
4 98
5 53
5 83
5 91
5 110
5 125
5 134
5 148
6 9
6 25
6 43
6 44
6 74
6 80
6 111
6 133
6 144
7 17
7 59
7 74
7 87
7 115
7 129
7 134
7 140
7 141
8 13
8 58
8 64
9 21
9 25
9 39
9 117
9 121
9 132
9 139
9 147
10 18
10 42
10 54
10 82
10 103
10 113
10 129
10 136
11 15
11 26
11 81
11 92
11 97
11 101
11 123
11 147
12 14
12 33
12 59
12 64
12 78
12 96
12 101
12 120
12 129
12 131
13 14
13 15
13 50
13 58
13 79
13 101
13 123
14 15
14 34
14 45
14 61
14 95
14 118
14 147
15 41
15 50
15 76
15 148
16 36
16 56
16 106
16 117
16 143
17 50
17 79
17 125
18 19
18 21
18 44
18 81
18 99
18 102
18 148
19 34
19 48
19 49
19 58
19 75
19 107
19 149
20 28
20 32
20 66
20 84
20 98
20 130
20 138
21 50
21 57
21 88
21 97
21 100
21 106
21 107
21 119
21 120
21 133
22 35
22 57
22 72
22 82
22 142
23 35
23 77
23 81
23 110
23 125
24 35
24 39
24 42
24 59
25 40
25 66
25 79
25 82
25 84
25 89
25 108
25 126
26 48
26 57
26 58
26 63
26 66
26 102
27 34
27 53
27 64
27 66
27 82
27 97
27 99
27 118
27 134
28 47
28 54
28 56
28 57
28 124
29 46
29 76
29 93
29 133
30 33
30 43
30 50
30 55
30 133
30 139
31 32
31 77
31 98
31 112
31 120
31 131
32 47
32 73
32 79
32 99
32 111
32 119
32 121
32 140
32 147
33 61
33 68
33 120
34 50
34 69
34 76
34 126
35 37
35 53
35 67
35 70
35 83
35 85
35 119
35 124
35 129
35 141
36 44
36 48
36 49
36 82
36 84
36 87
36 113
36 115
36 129
36 146
37 43
37 76
37 109
37 127
37 129
37 140
37 143
37 148
38 46
38 69
38 77
38 118
39 46
39 132
40 58
40 71
40 75
40 112
40 125
41 63
41 91
41 106
41 120
41 122
41 140
41 143
42 46
42 49
42 62
42 81
42 99
42 106
42 115
42 128
43 84
43 109
44 86
44 104
44 132
45 110
45 116
45 120
46 91
46 94
46 104
46 129
47 51
47 60
47 73
47 108
47 128
47 135
48 52
48 57
48 86
48 142
49 51
49 63
49 73
49 83
49 86
49 119
50 88
50 94
50 136
51 67
51 89
51 93
51 112
51 145
52 94
52 115
52 131
52 134
52 136
53 105
53 112
53 118
54 94
54 110
54 134
55 67
55 84
55 92
55 124
56 67
56 72
56 73
56 88
56 124
57 82
57 85
57 87
57 107
57 109
57 111
57 120
57 123
58 60
58 71
58 86
58 93
58 120
59 65
59 88
59 100
59 123
59 125
59 136
59 146
60 77
60 78
60 126
61 73
61 105
61 126
62 64
62 127
62 138
63 68
63 102
63 125
63 131
63 147
64 71
64 143
64 145
65 89
65 108
65 132
66 118
66 121
66 143
67 79
67 86
67 111
67 120
67 135
68 81
68 103
68 118
68 132
68 140
68 148
69 88
69 95
69 115
69 125
70 122
71 73
71 117
71 130
71 141
72 76
72 79
72 80
72 82
72 87
72 89
72 131
72 136
72 139
72 146
72 147
73 75
73 108
73 127
74 90
74 120
74 122
75 113
75 118
75 142
76 116
76 125
76 136
77 140
77 145
78 84
78 95
78 118
78 126
78 135
78 145
79 94
79 95
79 109
79 110
79 129
79 132
79 135
79 136
79 142
80 81
80 84
80 86
80 100
80 103
80 113
81 108
81 113
81 116
81 124
81 128
81 134
81 136
82 140
83 105
83 113
83 115
83 118
84 87
84 98
84 139
84 148
85 122
85 130
86 92
87 143
88 91
88 106
88 113
88 115
88 126
88 129
88 136
89 100
89 101
89 108
90 93
90 94
90 97
90 100
90 115
90 121
90 126
91 136
91 147
92 111
92 113
92 119
92 131
93 108
93 115
93 123
93 133
93 137
94 96
94 114
94 142
95 99
95 111
95 118
95 126
96 113
96 119
96 135
97 98
97 108
97 113
97 124
97 133
97 140
97 147
98 140
99 103
99 111
99 112
99 132
99 140
100 101
100 127
103 104
103 119
103 122
104 106
104 119
104 141
104 143
105 147
106 124
106 132
107 121
107 125
108 120
108 141
109 113
109 116
110 125
110 126
110 134
110 137
110 142
110 147
111 125
111 131
111 139
112 129
113 116
113 119
114 120
115 119
115 146
115 147
116 127
116 140
117 139
118 138
119 128
120 129
121 129
121 131
121 142
123 139
124 139
124 140
125 132
125 133
126 139
127 139
127 142
129 137
130 131
131 136
132 135
135 141
136 138
138 148
139 144
139 148

0 1 0 1 1 0 0 1 0 1 1 0 0 1 0 1 1 1 1 1 0 1 1 0 0 0 0 0 0 0 0 1 0 1 1 1 1 0 1 1 1 0 0 0 0 1 1 0 1 1 0 0 1 1 0 0 0 0 0 1 0 1 0 0 0 0 0 0 1 0 1 0 1 1 1 0 1 0 1 1 0 0 1 0 1 0 1 1 1 1 1 0 0 1 0 0 1 1 1 0 0 1 0 1 0 0 0 1 0 0 1 0 1 0 1 1 1 0 0 1 1 0 1 1 1 0 1 1 0 0 1 0 1 1 1 0 1 0 1 0 0 1 0 0 0 1 1 1 1 0