50 245
0 1 2 3 4 5 6 7 8 9 10 11 12 13 14 15 16 17 18 19 20 21 22 23 24 25 26 27 28 29 30 31 32 33 34 35 36 37 38 39 40 41 42 43 44 45 46 47 48 49
0 2
0 5
0 7
0 16
0 21
0 22
0 23
0 25
0 28
0 31
0 32
0 34
0 47
0 49
1 6
1 7
1 14
1 15
1 19
1 22
1 32
1 34
1 37
1 38
1 40
1 41
1 45
2 6
2 9
2 17
2 21
2 25
2 29
2 39
2 42
3 11
3 18
3 24
3 26
3 30
3 32
3 39
3 43
3 45
4 8
4 14
4 21
4 23
4 24
4 35
4 42
5 6
5 8
5 11
5 17
5 23
5 26
5 36
5 38
5 41
6 8
6 17
6 23
6 32
6 33
6 39
6 46
7 9
7 13
7 16
7 18
7 34
7 48
8 16
8 18
8 21
8 23
8 31
8 33
8 36
8 37
8 38
8 47
8 49
9 11
9 15
9 26
9 35
9 36
9 40
9 44
9 48
10 12
10 16
10 17
10 20
10 23
10 27
10 39
10 48
11 12
11 13
11 15
11 16
11 31
11 32
11 40
11 48
11 49
12 18
12 20
12 22
12 26
12 30
12 31
12 37
12 39
12 41
13 21
13 30
13 34
13 38
13 39
13 48
14 29
14 43
14 45
15 17
15 18
15 25
15 42
15 45
16 19
16 20
16 21
16 25
16 39
17 27
17 31
17 41
17 45
18 19
18 26
18 32
18 49
19 20
19 21
19 22
19 24
19 27
19 29
19 34
19 35
19 44
19 45
19 49
20 21
20 31
20 33
20 36
20 44
21 24
21 25
21 43
21 47
22 24
22 26
22 35
22 40
22 47
23 24
23 25
23 31
23 36
23 37
23 38
23 43
23 49
24 28
24 33
24 40
24 42
24 45
24 47
25 28
25 31
26 28
26 36
26 44
26 48
27 30
27 31
27 33
27 34
27 42
27 49
28 34
28 36
28 37
28 39
28 43
29 36
29 46
30 32
30 38
30 39
30 41
30 45
30 47
31 33
31 39
32 41
32 42
32 49
33 38
33 40
34 35
34 36
34 42
34 43
35 36
35 45
35 49
36 37
36 39
36 41
36 48
37 42
37 47
38 41
38 43
38 44
38 45
38 48
38 49
39 42
39 46
40 46
40 47
41 43
42 44
42 48
43 46
43 48
45 48

1 0 1 0 1 0 0 1 1 1 0 0 0 0 0 1 1 1 0 0 1 1 1 1 1 1 0 0 1 1 0 1 0 0 1 1 1 0 0 0 1 0 0 0 1 0 0 1 0 1