50 225
0 1 2 3 4 5 6 7 8 9 10 11 12 13 14 15 16 17 18 19 20 21 22 23 24 25 26 27 28 29 30 31 32 33 34 35 36 37 38 39 40 41 42 43 44 45 46 47 48 49
0 7
0 8
0 34
0 38
0 44
1 5
1 8
1 10
1 14
1 20
1 28
1 36
1 38
1 46
1 47
2 4
2 30
2 35
2 40
3 5
3 12
3 14
3 19
3 20
3 28
3 32
3 39
3 40
3 41
4 6
4 12
4 19
4 21
4 28
4 32
4 37
4 38
4 43
5 11
5 24
5 25
5 35
5 38
5 49
6 10
6 12
6 26
6 28
6 30
6 32
6 36
6 40
6 41
6 44
6 46
7 11
7 24
7 27
7 31
7 35
7 47
8 18
8 27
8 49
9 30
9 33
9 34
9 39
9 41
9 43
10 14
10 17
10 19
10 21
10 28
10 29
10 30
10 32
10 35
10 39
10 40
10 46
10 48
11 18
11 22
11 23
11 24
11 27
11 29
11 36
11 37
11 38
11 49
12 14
12 22
12 31
12 33
12 35
12 43
12 46
13 15
13 16
13 23
13 26
13 30
13 37
13 38
13 45
13 49
14 31
14 33
14 40
14 45
15 20
15 31
15 35
15 38
15 43
16 17
16 33
16 48
17 19
17 21
17 26
17 33
17 38
17 44
17 47
18 28
18 33
18 35
18 38
19 23
19 28
19 34
19 37
19 38
19 44
20 21
20 26
20 27
20 31
20 47
20 49
21 24
21 32
21 36
21 49
22 23
22 31
22 37
22 39
22 43
22 49
23 25
23 26
23 30
23 41
24 27
24 32
24 42
24 46
24 47
24 48
25 27
25 32
25 41
26 29
26 31
26 32
26 35
26 39
27 35
27 39
27 42
27 49
28 29
28 30
28 32
28 33
28 35
28 42
28 43
29 32
29 35
29 39
29 44
30 39
30 46
30 49
31 37
31 43
31 45
32 35
32 38
32 40
32 41
32 43
32 44
32 47
33 38
33 43
33 45
34 39
34 40
34 44
34 48
35 42
35 44
35 48
36 45
36 49
37 43
37 46
38 42
38 45
38 47
41 43
41 45
42 45
42 49
43 44
43 47
45 47
47 48

0 1 0 1 1 1 1 0 1 1 1 0 1 0 1 0 1 0 1 0 0 1 0 1 1 1 0 0 1 0 0 0 0 1 1 1 0 0 0 0 0 0 1 1 0 1 0 0 1 1