200 1986
0 1 2 3 4 5 6 7 8 9 10 11 12 13 14 15 16 17 18 19 20 21 22 23 24 25 26 27 28 29 30 31 32 33 34 35 36 37 38 39 40 41 42 43 44 45 46 47 48 49 50 51 52 53 54 55 56 57 58 59 60 61 62 63 64 65 66 67 68 69 70 71 72 73 74 75 76 77 78 79 80 81 82 83 84 85 86 87 88 89 90 91 92 93 94 95 96 97 98 99 100 101 102 103 104 105 106 107 108 109 110 111 112 113 114 115 116 117 118 119 120 121 122 123 124 125 126 127 128 129 130 131 132 133 134 135 136 137 138 139 140 141 142 143 144 145 146 147 148 149 150 151 152 153 154 155 156 157 158 159 160 161 162 163 164 165 166 167 168 169 170 171 172 173 174 175 176 177 178 179 180 181 182 183 184 185 186 187 188 189 190 191 192 193 194 195 196 197 198 199
0 7
0 32
0 36
0 37
0 41
0 43
0 49
0 55
0 62
0 83
0 97
0 101
0 106
0 116
0 123
0 130
0 151
0 153
0 164
0 165
0 168
0 171
0 176
1 4
1 9
1 24
1 39
1 57
1 62
1 72
1 80
1 92
1 94
1 100
1 115
1 135
1 146
1 148
2 18
2 36
2 38
2 54
2 66
2 81
2 83
2 85
2 119
2 120
2 125
2 154
2 164
2 166
2 172
2 182
2 187
2 188
2 189
2 190
2 195
3 17
3 19
3 86
3 97
3 107
3 108
3 114
3 123
3 139
3 143
3 161
3 168
3 169
3 176
4 33
4 36
4 39
4 41
4 47
4 48
4 49
4 52
4 55
4 66
4 68
4 81
4 96
4 97
4 102
4 106
4 111
4 117
4 134
4 153
4 156
4 165
4 176
4 197
5 18
5 28
5 34
5 41
5 42
5 55
5 57
5 61
5 67
5 71
5 84
5 120
5 136
5 147
5 157
5 160
5 170
5 188
5 190
6 13
6 16
6 20
6 30
6 33
6 51
6 61
6 62
6 86
6 110
6 128
6 132
6 135
6 136
6 140
6 146
6 159
6 164
6 165
6 167
6 179
6 188
6 198
7 17
7 20
7 21
7 26
7 29
7 34
7 42
7 43
7 65
7 70
7 75
7 88
7 97
7 117
7 140
7 146
7 148
7 151
7 163
7 178
7 181
7 194
8 16
8 25
8 29
8 33
8 41
8 42
8 60
8 66
8 71
8 74
8 80
8 82
8 85
8 95
8 114
8 129
8 137
8 152
8 160
8 165
8 171
8 179
8 188
8 191
8 198
9 17
9 26
9 38
9 42
9 56
9 58
9 63
9 83
9 90
9 98
9 103
9 104
9 107
9 111
9 122
9 129
9 135
9 141
9 144
9 155
9 165
9 177
9 192
10 19
10 22
10 39
10 46
10 68
10 88
10 89
10 91
10 96
10 105
10 106
10 112
10 140
10 141
10 144
10 152
10 158
10 163
10 164
10 170
10 173
10 174
10 176
10 178
10 188
10 194
11 13
11 27
11 39
11 53
11 61
11 64
11 70
11 75
11 82
11 83
11 96
11 98
11 107
11 116
11 121
11 132
11 175
11 180
11 183
11 186
12 19
12 22
12 34
12 45
12 52
12 60
12 69
12 71
12 87
12 90
12 94
12 110
12 143
12 145
12 156
12 163
12 177
12 186
12 193
13 15
13 31
13 63
13 64
13 67
13 76
13 77
13 88
13 99
13 100
13 134
13 199
14 17
14 20
14 27
14 44
14 45
14 74
14 75
14 86
14 91
14 97
14 107
14 116
14 124
14 135
14 136
14 152
14 179
14 180
14 184
14 198
15 22
15 23
15 41
15 54
15 57
15 61
15 63
15 70
15 73
15 78
15 85
15 95
15 100
15 105
15 108
15 117
15 125
15 126
15 134
15 145
15 146
15 149
15 153
15 160
15 162
15 173
15 178
16 28
16 43
16 45
16 56
16 71
16 83
16 90
16 102
16 109
16 154
16 170
16 174
16 179
16 195
17 30
17 50
17 60
17 62
17 66
17 76
17 91
17 99
17 179
17 187
18 32
18 38
18 40
18 48
18 59
18 61
18 72
18 92
18 96
18 103
18 105
18 106
18 122
18 130
18 137
18 139
18 146
18 149
18 173
18 184
19 22
19 26
19 35
19 44
19 57
19 103
19 108
19 114
19 156
19 164
19 174
19 189
19 198
20 22
20 35
20 40
20 54
20 64
20 93
20 98
20 110
20 111
20 116
20 125
20 138
20 163
20 166
20 169
20 170
20 172
20 192
20 194
21 24
21 50
21 67
21 69
21 83
21 112
21 131
21 145
21 149
21 151
21 154
21 156
21 159
21 163
21 165
21 172
21 177
21 192
21 193
22 28
22 43
22 45
22 53
22 54
22 57
22 59
22 63
22 66
22 90
22 96
22 100
22 125
22 134
22 137
22 149
22 170
22 188
22 197
22 198
23 60
23 62
23 90
23 104
23 114
23 117
23 118
23 121
23 142
23 155
23 156
23 171
23 174
23 177
23 185
23 189
24 52
24 59
24 64
24 67
24 68
24 74
24 81
24 85
24 99
24 112
24 115
24 158
24 159
24 182
24 189
25 28
25 32
25 33
25 56
25 67
25 79
25 88
25 104
25 105
25 106
25 125
25 128
25 143
25 144
25 152
25 158
25 159
25 167
25 168
25 169
25 170
25 190
25 191
26 27
26 35
26 78
26 93
26 117
26 124
26 132
26 142
26 156
26 158
26 159
26 197
27 31
27 36
27 37
27 39
27 54
27 71
27 88
27 104
27 122
27 129
27 133
27 168
27 175
27 182
27 189
28 37
28 40
28 85
28 94
28 133
28 156
28 168
28 169
28 184
28 191
29 37
29 43
29 52
29 55
29 56
29 61
29 64
29 65
29 76
29 78
29 102
29 103
29 109
29 119
29 131
29 151
29 155
29 171
29 172
29 184
29 196
30 35
30 40
30 46
30 51
30 82
30 87
30 88
30 96
30 128
30 136
30 143
30 149
30 159
30 168
30 170
30 173
30 177
30 187
31 36
31 37
31 46
31 56
31 62
31 68
31 75
31 92
31 93
31 108
31 117
31 127
31 128
31 133
31 146
31 154
31 158
31 168
31 172
31 173
31 175
32 41
32 60
32 68
32 102
32 109
32 114
32 132
32 133
32 135
32 145
32 150
32 161
32 164
32 176
32 178
32 184
32 187
32 191
33 45
33 58
33 62
33 81
33 90
33 97
33 100
33 114
33 122
33 123
33 155
33 157
33 166
33 169
33 174
33 178
33 197
33 199
34 35
34 43
34 44
34 46
34 49
34 66
34 68
34 71
34 81
34 92
34 103
34 104
34 110
34 120
34 121
34 125
34 136
34 142
34 161
34 171
34 191
35 36
35 46
35 47
35 61
35 88
35 108
35 123
35 125
35 135
35 186
35 193
36 44
36 48
36 53
36 56
36 69
36 80
36 87
36 120
36 137
36 145
36 159
36 170
36 171
36 181
36 184
36 195
37 56
37 68
37 81
37 99
37 100
37 105
37 110
37 117
37 121
37 157
37 164
37 187
37 189
37 199
38 44
38 45
38 75
38 92
38 93
38 105
38 134
38 141
38 154
38 176
38 182
38 189
38 197
39 46
39 66
39 67
39 69
39 74
39 78
39 81
39 113
39 123
39 128
39 136
39 151
39 156
39 157
39 163
39 167
39 193
39 194
39 196
40 42
40 47
40 69
40 75
40 86
40 102
40 104
40 114
40 134
40 175
40 185
40 189
41 44
41 59
41 65
41 85
41 118
41 138
41 168
41 172
41 191
41 198
42 52
42 53
42 70
42 87
42 94
42 98
42 102
42 103
42 104
42 108
42 120
42 125
42 126
42 133
42 138
42 144
42 147
42 167
42 169
42 183
42 190
43 51
43 94
43 97
43 99
43 102
43 103
43 114
43 118
43 148
43 156
43 160
43 167
43 170
43 173
43 175
43 178
43 195
44 51
44 54
44 72
44 79
44 112
44 113
44 116
44 120
44 129
44 149
44 152
44 174
44 175
44 176
44 184
44 185
45 48
45 60
45 66
45 72
45 81
45 88
45 90
45 125
45 128
45 129
45 142
45 150
45 172
45 184
45 186
45 187
45 188
46 49
46 56
46 70
46 85
46 89
46 125
46 128
46 151
46 173
46 183
46 190
46 193
46 199
47 68
47 104
47 111
47 114
47 118
47 163
47 174
47 180
47 184
47 186
47 192
47 196
47 199
48 53
48 60
48 66
48 75
48 77
48 79
48 80
48 82
48 85
48 91
48 92
48 115
48 135
48 154
48 159
48 162
48 172
48 185
48 188
48 193
49 60
49 61
49 69
49 97
49 103
49 105
49 112
49 123
49 137
49 159
49 166
49 170
49 175
49 193
49 195
50 51
50 70
50 76
50 80
50 81
50 86
50 113
50 138
50 144
50 168
50 176
50 182
50 186
51 54
51 59
51 60
51 69
51 72
51 79
51 118
51 121
51 143
51 174
51 175
51 193
52 53
52 54
52 55
52 72
52 81
52 94
52 126
52 145
52 185
52 186
52 195
52 198
53 92
53 98
53 128
53 131
53 133
53 138
53 145
53 172
53 173
53 178
53 182
53 185
53 186
54 65
54 82
54 83
54 88
54 89
54 94
54 99
54 101
54 125
54 136
54 141
54 156
54 166
54 195
55 71
55 76
55 79
55 89
55 92
55 99
55 102
55 108
55 109
55 121
55 145
55 148
55 160
55 162
55 164
55 165
55 172
55 176
55 192
55 195
55 199
56 87
56 89
56 96
56 112
56 120
56 121
56 139
56 142
56 158
56 162
56 166
56 167
56 171
56 174
56 191
57 61
57 63
57 76
57 90
57 97
57 119
57 133
57 134
57 165
57 179
57 188
58 61
58 76
58 100
58 111
58 119
58 120
58 130
58 136
58 165
58 167
58 173
58 181
58 183
58 187
58 190
59 64
59 72
59 88
59 91
59 94
59 95
59 96
59 97
59 110
59 124
59 130
59 146
59 180
59 185
60 61
60 64
60 68
60 83
60 103
60 104
60 105
60 109
60 115
60 118
60 136
60 148
60 151
60 159
60 163
61 83
61 89
61 95
61 102
61 104
61 114
61 115
61 118
61 120
61 121
61 132
61 171
61 173
61 177
61 184
61 186
61 188
61 189
61 194
61 199
62 75
62 141
62 152
62 164
62 194
62 197
63 98
63 101
63 105
63 107
63 122
63 130
63 142
63 155
63 159
63 192
64 71
64 83
64 110
64 113
64 121
64 123
64 127
64 139
64 140
64 148
64 161
64 194
64 199
65 96
65 113
65 116
65 117
65 120
65 142
65 147
65 164
65 178
65 182
65 187
65 189
65 193
65 198
66 73
66 82
66 85
66 90
66 110
66 111
66 138
66 139
66 143
66 155
66 162
66 177
66 186
66 198
67 79
67 91
67 102
67 105
67 110
67 115
67 134
67 136
67 140
67 141
67 144
67 146
67 163
67 169
67 171
67 173
67 174
67 178
67 196
67 197
68 71
68 84
68 85
68 94
68 109
68 117
68 125
68 133
68 137
68 138
68 147
68 156
68 165
68 166
68 172
68 176
68 188
68 192
68 196
68 198
69 70
69 75
69 82
69 84
69 94
69 111
69 124
69 129
69 132
69 159
69 166
69 185
69 195
69 196
69 199
70 83
70 105
70 110
70 111
70 129
70 132
70 142
70 147
70 150
70 162
70 163
70 174
70 191
71 76
71 82
71 89
71 100
71 109
71 123
71 125
71 131
71 136
71 154
71 165
71 171
71 176
71 177
71 182
71 193
71 198
72 85
72 93
72 97
72 104
72 114
72 120
72 177
72 182
72 185
73 90
73 94
73 96
73 105
73 108
73 109
73 116
73 146
73 148
73 163
73 171
73 178
73 181
73 193
73 199
74 103
74 106
74 113
74 119
74 123
74 144
74 185
74 193
75 89
75 91
75 93
75 94
75 98
75 104
75 115
75 126
75 137
75 160
75 190
75 199
76 98
76 99
76 103
76 106
76 130
76 131
76 142
76 154
76 158
76 166
76 167
76 192
77 91
77 112
77 113
77 117
77 118
77 132
77 143
77 163
77 171
77 178
77 195
78 96
78 99
78 114
78 137
78 148
78 149
78 157
78 161
78 165
78 187
78 188
78 195
78 196
78 199
79 90
79 93
79 94
79 104
79 125
79 149
79 155
79 191
80 91
80 110
80 113
80 116
80 121
80 128
80 142
80 149
80 158
80 159
80 173
80 180
80 181
80 189
81 88
81 91
81 94
81 149
81 170
81 194
81 195
82 83
82 117
82 146
82 147
82 154
82 165
82 171
82 182
82 191
82 193
83 84
83 107
83 118
83 134
83 149
83 150
83 152
83 156
83 160
83 169
83 176
83 177
83 178
83 186
84 92
84 98
84 105
84 111
84 141
84 144
84 145
84 148
84 163
84 166
84 167
84 182
84 194
85 90
85 94
85 95
85 101
85 104
85 107
85 118
85 135
85 136
85 155
85 162
85 163
85 173
85 183
85 189
85 197
86 95
86 105
86 135
86 168
86 176
86 183
86 188
86 198
87 97
87 106
87 111
87 117
87 118
87 139
87 144
87 154
87 158
87 162
87 175
87 179
87 185
87 194
87 198
88 93
88 122
88 147
88 151
88 166
88 173
88 174
88 183
88 185
88 198
89 113
89 126
89 133
89 142
89 149
89 153
89 169
90 98
90 120
90 121
90 127
90 128
90 146
90 161
90 176
90 186
90 187
91 96
91 110
91 139
91 141
91 148
91 151
91 155
91 173
91 176
91 183
91 185
91 188
91 191
91 192
92 95
92 115
92 126
92 153
92 158
92 168
92 173
92 174
92 182
92 191
93 114
93 132
93 133
93 134
93 144
93 156
93 157
93 161
93 164
93 174
93 188
93 197
94 95
94 106
94 137
94 143
94 145
94 146
94 148
94 154
94 160
94 164
94 168
94 181
94 192
94 193
94 196
95 111
95 117
95 146
95 178
95 179
95 180
95 190
96 97
96 101
96 110
96 113
96 118
96 120
96 131
96 143
96 144
96 150
96 159
96 166
96 168
96 172
96 180
97 113
97 116
97 121
97 138
97 144
97 150
97 176
97 193
98 105
98 106
98 107
98 169
98 175
98 191
98 193
98 197
98 198
98 199
99 110
99 111
99 133
99 136
99 137
99 148
99 149
99 156
99 157
99 175
99 176
100 114
100 137
100 160
100 169
100 171
100 172
100 188
100 193
101 111
101 112
101 113
101 118
101 122
101 130
101 158
101 163
101 174
102 116
102 117
102 118
102 122
102 134
102 135
102 151
102 179
102 184
102 186
102 194
103 110
103 112
103 116
103 120
103 124
103 129
103 147
103 150
103 159
103 184
103 190
103 194
103 195
104 109
104 149
104 156
104 160
104 172
104 175
104 186
104 187
104 193
105 108
105 135
105 139
105 162
105 172
105 183
105 199
106 120
106 141
106 148
106 149
106 153
106 164
106 180
106 182
106 192
107 109
107 116
107 122
107 133
107 153
107 154
107 175
107 188
107 190
107 192
107 195
107 197
108 112
108 118
108 133
108 182
108 184
109 117
109 119
109 122
109 126
109 136
109 137
109 138
109 145
109 168
109 175
109 177
109 182
109 183
109 191
110 120
110 125
110 138
110 149
110 154
110 168
110 182
110 187
110 194
110 198
111 145
111 147
111 159
111 169
111 176
111 188
111 191
111 198
112 116
112 128
112 148
112 161
112 164
112 166
112 188
113 120
113 129
113 147
113 148
113 149
113 159
113 181
113 184
113 193
113 196
114 119
114 124
114 130
114 132
114 135
114 151
114 152
114 154
114 160
114 175
114 176
115 122
115 133
115 150
115 155
115 160
115 184
115 196
116 119
116 136
116 146
116 157
116 161
116 173
116 180
116 185
116 194
116 196
116 198
117 130
117 154
117 157
117 172
117 180
117 182
117 195
118 121
118 150
118 152
118 155
118 193
119 135
119 136
119 137
119 148
119 156
119 189
119 190
119 198
120 123
120 137
120 144
120 153
120 160
120 161
120 164
120 165
120 172
120 196
121 126
121 137
121 154
121 163
121 166
121 182
121 186
121 196
122 131
122 147
122 148
122 150
122 157
122 169
122 194
123 158
123 169
123 180
123 181
123 194
124 132
124 134
124 135
124 170
124 180
124 184
124 191
124 194
124 197
125 131
125 135
125 137
126 146
126 159
126 169
126 181
126 195
127 130
127 131
127 158
127 160
127 169
127 173
127 175
127 182
127 195
128 134
128 139
128 154
128 155
128 163
128 165
128 168
128 171
128 179
129 135
129 155
129 162
129 169
129 177
129 179
129 182
129 196
129 199
130 133
130 144
130 145
130 146
130 162
130 186
130 190
131 138
131 139
131 174
131 178
132 148
132 156
132 166
132 170
132 182
132 190
132 192
133 144
133 147
133 166
133 190
134 142
134 147
134 160
134 165
134 168
134 180
134 190
135 137
135 142
135 147
135 174
135 179
135 189
135 190
135 191
136 145
136 154
136 164
136 180
136 190
136 193
136 194
137 142
137 153
137 162
137 166
137 167
137 168
137 184
137 198
138 144
138 159
138 163
138 164
138 170
138 195
139 148
139 190
139 194
139 197
140 147
140 153
140 155
140 165
140 179
140 182
140 183
141 148
141 156
141 188
142 146
142 161
142 164
142 169
142 187
142 190
142 198
143 144
143 151
143 161
143 169
143 174
143 176
144 156
144 174
144 191
144 193
145 146
145 159
145 168
145 191
146 148
146 190
146 196
146 197
147 166
147 182
147 192
148 154
148 171
148 185
149 151
149 163
149 166
149 167
149 168
149 171
150 156
150 167
150 187
150 188
151 166
151 172
151 185
151 196
151 198
151 199
152 165
153 171
153 179
154 179
154 181
155 160
155 170
155 189
156 169
156 195
157 188
157 189
157 192
157 194
157 197
158 166
158 176
158 177
158 179
158 184
159 169
159 172
159 186
160 162
160 166
160 169
160 173
160 180
160 189
161 176
161 179
161 188
161 199
162 164
162 165
162 174
162 179
162 185
163 182
163 183
164 182
164 198
165 169
165 182
166 168
167 169
167 172
167 174
168 173
168 183
168 187
168 195
169 172
169 181
169 187
170 177
170 188
171 182
171 183
171 190
172 175
172 176
172 181
172 183
173 178
174 198
175 180
175 181
175 182
175 187
176 187
177 180
177 181
177 189
178 181
178 188
178 194
179 180
179 183
181 184
181 187
181 191
182 186
182 191
182 194
182 195
183 185
183 189
183 195
184 197
185 189
185 195
186 199
187 194
187 195
192 195
192 199

0 0 0 0 0 0 0 1 1 1 1 1 0 1 1 1 0 1 1 1 1 0 0 0 1 0 1 0 1 0 1 0 1 0 1 0 1 1 0 0 1 1 0 0 1 1 1 0 0 0 1 1 0 0 1 0 1 1 1 1 0 0 1 1 1 1 1 0 0 1 1 1 0 1 0 0 0 0 0 0 1 1 1 0 0 0 0 0 0 1 0 0 1 1 0 1 0 1 1 0 1 0 1 1 0 1 1 0 1 1 0 0 0 1 1 0 1 1 1 0 1 1 0 0 0 0 1 1 0 0 1 1 1 0 0 0 0 1 1 0 0 1 0 0 1 0 0 1 0 1 1 0 0 0 0 0 0 1 1 0 0 0 0 0 1 1 1 0 0 1 0 1 0 1 1 1 0 1 1 1 1 1 0 0 0 0 1 1 0 1 1 0 0 0 1 1 1 1 0 1