50 132
0 1 2 3 4 5 6 7 8 9 10 11 12 13 14 15 16 17 18 19 20 21 22 23 24 25 26 27 28 29 30 31 32 33 34 35 36 37 38 39 40 41 42 43 44 45 46 47 48 49
0 14
0 16
0 18
0 34
0 35
1 4
1 9
1 15
1 16
1 34
1 36
1 41
2 10
2 48
2 49
3 25
3 43
4 17
4 27
4 28
4 30
4 37
4 40
5 11
5 22
5 25
5 31
6 14
6 29
6 36
6 45
7 14
7 15
7 25
7 26
7 30
7 40
7 42
7 48
8 21
9 37
9 45
10 12
10 25
10 47
11 27
11 28
11 30
11 31
11 35
12 26
12 37
12 47
13 15
13 24
13 30
13 31
13 41
13 44
13 46
13 49
14 20
14 22
14 32
14 33
14 36
15 24
15 29
15 32
16 23
16 31
16 46
18 39
18 44
19 24
19 26
19 34
19 36
20 45
21 32
21 40
21 41
21 46
21 47
22 30
22 32
22 34
22 40
22 41
23 25
23 38
23 49
24 32
24 34
24 38
25 35
25 36
25 38
26 27
26 31
26 34
26 35
26 37
26 44
27 32
27 46
28 29
28 31
28 34
28 45
29 31
30 38
30 39
30 48
31 37
32 34
32 38
32 49
33 44
35 36
35 41
36 44
36 47
38 41
38 47
40 44
40 48
41 49
42 43
43 48
44 46
45 47

0 1 1 0 0 1 0 1 1 0 1 0 0 0 0 0 1 0 0 1 0 1 1 1 1 1 0 1 1 0 0 0 0 1 0 1 1 1 0 0 1 0 0 1 1 0 1 1 1 0