100 54
0 1 2 3 4 5 6 7 8 9 10 11 12 13 14 15 16 17 18 19 20 21 22 23 24 25 26 27 28 29 30 31 32 33 34 35 36 37 38 39 40 41 42 43 44 45 46 47 48 49 50 51 52 53 54 55 56 57 58 59 60 61 62 63 64 65 66 67 68 69 70 71 72 73 74 75 76 77 78 79 80 81 82 83 84 85 86 87 88 89 90 91 92 93 94 95 96 97 98 99
0 1
0 95
2 15
2 44
3 44
4 44
5 79
6 20
6 60
7 10
7 21
7 44
7 76
11 17
11 77
14 44
15 33
16 41
17 60
18 85
18 93
19 52
21 63
22 90
23 48
25 90
26 37
26 91
27 70
28 94
30 74
32 96
35 51
39 44
44 66
46 84
46 98
47 49
47 57
50 79
51 73
51 80
52 68
54 99
55 76
57 80
58 85
64 75
69 91
76 89
76 94
77 80
77 99
87 98

0 0 1 0 0 0 0 1 1 1 1 1 0 0 0 0 1 0 1 1 1 0 1 1 1 1 1 1 1 0 1 1 0 1 0 1 0 0 1 0 1 1 0 1 0 1 0 0 0 0 1 0 1 0 0 0 1 0 1 1 1 0 1 1 1 1 0 0 1 1 0 1 0 0 1 0 0 0 0 1 0 0 1 0 0 1 0 1 1 1 0 1 0 1 1 0 0 0 0 1