50 243
0 1 2 3 4 5 6 7 8 9 10 11 12 13 14 15 16 17 18 19 20 21 22 23 24 25 26 27 28 29 30 31 32 33 34 35 36 37 38 39 40 41 42 43 44 45 46 47 48 49
0 6
0 8
0 10
0 15
0 20
0 22
0 23
0 30
0 39
0 42
0 45
0 49
1 5
1 7
1 8
1 10
1 12
1 16
1 18
1 22
1 23
1 24
1 27
1 28
1 30
1 33
1 39
1 40
1 43
2 4
2 9
2 11
2 18
2 21
2 25
2 28
2 32
2 35
2 36
2 37
2 38
2 39
2 40
2 48
2 49
3 9
3 11
3 14
3 17
3 19
3 21
3 22
3 28
3 29
3 32
3 33
3 37
3 42
3 43
3 49
4 9
4 12
4 16
4 34
4 41
4 46
5 8
5 9
5 10
5 14
5 16
5 23
5 26
5 27
5 31
5 41
5 44
5 46
6 7
6 12
6 13
6 32
6 36
6 40
6 41
6 42
6 48
7 13
7 14
7 23
7 38
7 40
8 10
8 13
8 15
8 17
8 21
8 28
8 35
8 38
8 40
8 45
8 46
8 48
9 12
9 19
9 21
9 36
9 37
10 21
10 27
10 29
10 34
10 42
10 47
11 14
11 17
11 22
11 33
11 34
11 41
11 44
11 47
12 16
12 22
12 35
12 36
12 41
12 44
12 46
13 15
13 22
13 24
13 25
13 32
13 36
13 39
13 44
13 49
14 15
14 35
14 49
15 20
15 22
15 28
15 30
15 31
16 24
16 28
16 34
16 42
16 43
16 48
17 21
17 29
17 44
17 48
18 20
18 31
18 34
18 43
18 45
19 28
19 29
19 47
20 22
20 30
20 35
20 40
21 23
21 43
22 30
22 37
22 38
22 46
22 47
23 26
23 27
23 31
23 33
23 35
23 36
23 39
23 42
23 45
24 27
24 48
25 28
25 31
25 42
25 47
26 31
26 32
26 36
26 48
27 28
27 29
27 37
27 40
27 43
28 32
28 37
29 37
29 44
30 36
30 49
31 37
31 38
31 39
31 44
32 38
32 40
32 44
32 47
33 38
33 40
33 45
33 49
34 36
34 43
34 46
35 36
35 38
35 39
35 41
35 44
35 47
36 46
36 48
37 47
38 40
39 40
39 42
39 45
41 43
41 44
41 49
42 45
42 46
43 44
43 48
45 48
47 48

0 0 1 0 1 0 0 0 0 1 0 0 0 1 0 1 0 1 0 1 1 0 1 0 0 1 1 1 1 1 0 0 0 0 0 1 0 0 1 1 1 1 1 0 1 1 1 0 1 1