100 45
0 1 2 3 4 5 6 7 8 9 10 11 12 13 14 15 16 17 18 19 20 21 22 23 24 25 26 27 28 29 30 31 32 33 34 35 36 37 38 39 40 41 42 43 44 45 46 47 48 49 50 51 52 53 54 55 56 57 58 59 60 61 62 63 64 65 66 67 68 69 70 71 72 73 74 75 76 77 78 79 80 81 82 83 84 85 86 87 88 89 90 91 92 93 94 95 96 97 98 99
2 63
3 37
3 99
4 47
5 77
6 17
6 29
7 50
7 81
9 29
10 36
11 73
13 66
14 68
17 28
17 43
17 60
18 62
20 58
20 77
21 92
23 30
30 75
32 80
33 35
33 74
34 42
35 47
35 64
39 61
44 93
45 79
48 57
48 67
48 84
51 64
51 96
62 74
63 86
65 98
66 74
70 82
71 79
73 81
94 96

1 1 1 1 0 1 1 0 1 0 1 1 1 0 1 1 0 0 1 1 1 0 1 0 0 0 0 0 1 0 0 1 0 0 1 0 0 0 1 0 1 0 0 1 1 1 0 0 0 0 0 0 1 1 1 1 1 1 1 1 0 1 1 1 0 0 0 1 1 1 0 0 1 0 1 0 0 1 1 0 0 0 0 0 0 1 0 0 1 1 1 1 1 0 0 1 0 0 0 1