150 1078
0 1 2 3 4 5 6 7 8 9 10 11 12 13 14 15 16 17 18 19 20 21 22 23 24 25 26 27 28 29 30 31 32 33 34 35 36 37 38 39 40 41 42 43 44 45 46 47 48 49 50 51 52 53 54 55 56 57 58 59 60 61 62 63 64 65 66 67 68 69 70 71 72 73 74 75 76 77 78 79 80 81 82 83 84 85 86 87 88 89 90 91 92 93 94 95 96 97 98 99 100 101 102 103 104 105 106 107 108 109 110 111 112 113 114 115 116 117 118 119 120 121 122 123 124 125 126 127 128 129 130 131 132 133 134 135 136 137 138 139 140 141 142 143 144 145 146 147 148 149
0 8
0 10
0 21
0 22
0 23
0 31
0 45
0 54
0 61
0 77
0 80
0 111
0 116
0 124
0 128
0 130
0 149
1 12
1 47
1 50
1 53
1 71
1 72
1 78
1 80
1 87
1 93
1 95
1 105
1 113
1 115
1 117
1 135
1 142
1 147
2 9
2 15
2 17
2 19
2 20
2 22
2 43
2 53
2 59
2 61
2 75
2 81
2 90
2 96
2 98
2 100
2 102
2 135
2 144
3 9
3 15
3 16
3 43
3 46
3 61
3 67
3 86
3 98
3 110
3 114
3 128
3 132
3 138
4 30
4 38
4 39
4 41
4 46
4 55
4 57
4 67
4 77
4 100
5 41
5 43
5 48
5 51
5 54
5 61
5 69
5 72
5 81
5 82
5 90
5 94
5 99
5 106
5 144
6 55
6 58
6 60
6 63
6 65
6 67
6 68
6 70
6 73
6 84
6 98
6 121
7 19
7 34
7 41
7 51
7 59
7 62
7 78
7 85
7 88
7 116
7 122
7 125
7 128
7 131
7 134
7 137
8 14
8 50
8 57
8 64
8 70
8 97
8 102
8 106
8 114
8 118
8 121
8 122
9 16
9 20
9 26
9 42
9 44
9 47
9 48
9 56
9 60
9 69
9 70
9 72
9 81
9 84
9 95
9 103
9 109
9 113
9 128
9 138
9 141
9 145
10 28
10 38
10 40
10 44
10 49
10 65
10 70
10 72
10 74
10 92
10 115
10 117
10 122
10 123
10 138
10 143
11 41
11 49
11 50
11 57
11 91
11 93
11 94
11 97
11 106
11 124
11 131
12 14
12 18
12 30
12 46
12 56
12 60
12 89
12 97
12 105
12 106
12 119
12 126
12 131
13 20
13 70
13 94
13 95
13 96
13 107
13 111
13 120
13 123
13 140
13 142
14 23
14 33
14 35
14 47
14 53
14 56
14 57
14 58
14 63
14 107
14 126
14 127
14 144
15 23
15 35
15 38
15 66
15 71
15 84
15 86
15 95
15 108
15 109
15 114
15 123
15 124
15 127
15 133
15 145
16 18
16 60
16 62
16 69
16 92
16 116
16 125
16 143
17 22
17 25
17 26
17 57
17 71
17 97
17 125
18 25
18 33
18 90
18 95
18 98
18 104
18 105
18 110
18 123
18 134
18 136
18 144
19 20
19 31
19 32
19 34
19 36
19 45
19 53
19 111
19 115
19 119
19 125
19 126
20 23
20 26
20 31
20 37
20 40
20 100
20 102
20 105
20 128
20 137
20 138
20 139
21 41
21 63
21 79
21 82
21 93
21 104
21 111
21 116
21 123
22 66
22 68
22 93
22 124
22 125
22 133
23 30
23 36
23 51
23 57
23 63
23 82
23 109
23 112
23 116
23 128
23 130
23 134
23 139
24 31
24 35
24 38
24 42
24 44
24 51
24 53
24 56
24 62
24 63
24 65
24 66
24 67
24 76
24 83
24 89
24 107
24 124
24 146
24 147
25 47
25 65
25 70
25 73
25 80
25 81
25 88
25 90
25 102
25 120
25 128
25 134
25 138
26 29
26 34
26 36
26 38
26 44
26 60
26 71
26 72
26 84
26 86
26 91
26 104
26 120
26 138
27 45
27 49
27 53
27 78
27 92
27 104
27 127
27 134
27 146
28 64
28 69
28 74
28 83
28 84
28 98
28 101
28 110
28 116
28 117
28 123
28 144
29 45
29 47
29 62
29 66
29 80
29 86
29 99
29 105
29 112
29 119
29 123
29 126
29 127
29 128
29 129
30 40
30 45
30 67
30 113
30 116
30 128
30 132
30 138
31 39
31 44
31 51
31 92
31 116
31 137
31 140
31 146
32 58
32 66
32 84
32 87
32 93
32 105
32 117
32 118
32 126
32 128
32 137
32 138
32 140
32 145
33 34
33 38
33 41
33 47
33 57
33 58
33 61
33 72
33 92
33 116
33 121
33 128
33 134
33 139
34 41
34 54
34 64
34 79
34 86
34 96
34 120
34 148
35 49
35 53
35 79
35 82
35 95
35 115
35 119
35 121
35 128
35 142
35 149
36 38
36 57
36 80
36 90
36 115
36 125
36 143
36 144
36 146
37 49
37 60
37 93
37 95
37 113
37 114
37 119
37 139
38 48
38 55
38 59
38 74
38 91
38 93
38 103
38 110
38 119
38 132
39 52
39 55
39 81
39 97
39 100
39 101
39 112
39 121
39 142
40 54
40 57
40 62
40 63
40 64
40 81
40 93
40 108
40 111
40 112
40 115
40 127
40 133
40 136
41 43
41 56
41 60
41 74
41 89
41 95
41 102
41 125
41 142
42 44
42 69
42 88
42 89
42 94
42 102
42 117
42 120
42 126
42 127
42 132
42 134
42 147
43 47
43 90
43 98
43 103
43 106
43 110
43 129
43 140
44 48
44 57
44 63
44 69
44 72
44 82
44 88
44 112
44 116
44 127
44 128
44 129
44 145
44 149
45 46
45 68
45 77
45 92
45 105
45 128
45 132
45 142
45 146
46 54
46 61
46 63
46 66
46 77
46 82
46 83
46 117
46 135
46 139
46 149
47 51
47 52
47 64
47 73
47 74
47 75
47 99
47 102
47 106
47 140
48 74
48 83
48 89
48 91
48 104
48 116
48 133
48 134
49 69
49 74
49 91
49 108
49 110
49 121
49 130
49 149
50 58
50 64
50 119
50 122
50 136
51 70
51 76
51 91
51 96
51 98
51 114
51 119
51 124
51 135
51 144
52 55
52 57
52 66
52 75
52 82
52 85
52 121
52 129
52 143
53 60
53 68
53 70
53 71
53 72
53 77
53 83
53 97
53 104
53 128
53 129
53 138
53 143
54 58
54 60
54 63
54 96
54 100
54 129
54 130
54 135
55 76
55 96
55 98
55 102
55 119
55 129
56 69
56 71
56 76
56 89
56 90
56 136
57 85
57 93
57 96
57 101
57 111
57 118
58 59
58 60
58 66
58 72
58 77
58 81
58 102
58 131
58 137
58 138
58 141
58 149
59 60
59 61
59 78
59 81
59 85
59 94
59 103
59 108
59 116
59 120
60 61
60 73
60 75
60 101
60 115
60 133
61 62
61 67
61 75
61 89
61 91
61 92
61 104
61 106
61 115
61 117
61 118
61 130
62 84
62 96
62 99
62 123
62 138
62 140
63 64
63 79
63 81
63 100
63 117
63 118
63 138
63 142
63 144
63 145
64 95
64 130
64 141
64 142
65 85
65 93
65 104
65 114
65 144
66 69
66 93
66 99
66 104
66 114
66 121
66 147
67 73
67 89
67 100
67 114
67 115
67 128
67 138
67 148
68 69
68 71
68 81
68 91
68 100
68 105
68 109
68 110
68 124
68 146
69 74
69 82
69 97
69 111
69 117
69 121
69 122
69 139
69 146
70 79
70 102
70 127
70 128
70 140
71 82
71 84
71 122
71 126
71 143
71 148
72 81
72 98
72 102
72 129
72 131
72 132
72 147
73 104
73 112
73 121
73 133
74 88
74 89
74 128
75 84
75 92
75 98
75 119
75 149
76 80
76 84
76 101
76 106
77 90
77 103
77 122
77 134
77 138
78 89
78 113
78 132
78 147
79 80
79 106
79 129
79 134
79 138
80 85
80 106
80 111
80 117
80 140
81 87
81 98
81 121
81 127
81 131
82 84
82 85
82 93
82 112
82 115
82 125
82 129
82 130
82 133
82 135
82 138
82 145
83 85
83 92
83 97
83 111
83 115
83 116
83 123
83 125
83 139
83 140
83 147
84 91
84 98
84 103
84 110
84 111
84 143
85 110
85 119
85 131
85 133
85 135
86 103
86 109
86 117
87 89
87 106
87 117
87 133
87 144
87 145
88 97
88 98
88 101
88 111
88 112
88 130
88 134
88 140
88 147
89 96
89 126
89 149
90 93
90 95
90 102
90 103
90 105
90 106
90 124
90 147
91 108
91 135
91 139
91 145
91 148
92 95
92 101
92 107
92 118
92 122
92 126
92 139
92 146
93 112
93 123
93 127
93 143
93 149
94 95
94 108
94 112
94 114
94 126
94 145
94 148
95 102
95 104
95 114
95 119
95 121
95 139
95 143
96 102
96 104
96 107
96 111
96 122
96 125
96 132
96 148
97 128
97 139
97 142
98 101
98 102
98 114
98 115
98 120
98 122
98 127
98 132
99 101
99 105
99 107
99 145
99 149
100 102
100 137
101 108
101 120
101 137
101 138
101 139
101 140
102 105
102 114
102 120
102 130
102 143
102 145
103 120
103 143
103 145
103 147
103 149
104 108
104 131
104 133
105 115
105 117
105 119
105 126
105 132
105 135
105 140
105 145
105 146
106 108
106 123
106 127
106 130
106 143
107 109
107 111
107 115
107 116
107 119
107 122
107 133
107 148
108 118
108 121
108 123
108 126
108 138
109 112
109 120
109 122
109 130
109 133
109 134
109 138
109 140
110 113
110 116
110 131
110 132
110 140
110 144
110 145
111 118
111 139
111 146
112 122
112 123
112 131
112 139
112 140
112 146
113 124
113 144
113 147
114 138
114 148
115 119
115 136
115 138
115 140
115 149
116 119
116 132
116 141
116 142
117 122
117 126
117 127
117 132
118 120
118 125
118 126
119 133
119 138
119 146
120 128
120 131
120 136
120 149
121 144
121 149
122 125
122 128
122 137
122 141
123 127
123 146
124 125
124 137
124 148
125 130
125 142
125 144
126 127
126 134
126 135
126 137
126 141
126 143
127 138
127 142
128 133
129 132
129 135
129 143
129 149
130 145
132 149
133 141
133 146
134 142
136 143
136 148
137 138
139 145
141 145
146 147

1 0 1 0 1 1 1 0 1 0 0 1 1 1 1 0 1 0 1 0 1 0 1 1 1 1 0 0 1 0 0 0 0 1 1 1 0 1 1 0 1 0 0 1 1 0 0 0 1 1 0 0 0 1 1 0 0 1 0 1 1 0 1 1 1 0 0 0 0 1 0 1 1 0 1 1 0 0 0 1 0 0 1 1 0 1 0 1 0 1 1 1 1 1 0 0 1 0 1 0 0 0 0 0 0 0 0 0 1 0 1 1 1 1 1 1 0 1 0 1 1 0 0 1 1 0 1 0 1 0 0 1 0 1 1 1 0 0 0 0 0 0 0 1 0 0 0 1 1 1