200 970
0 1 2 3 4 5 6 7 8 9 10 11 12 13 14 15 16 17 18 19 20 21 22 23 24 25 26 27 28 29 30 31 32 33 34 35 36 37 38 39 40 41 42 43 44 45 46 47 48 49 50 51 52 53 54 55 56 57 58 59 60 61 62 63 64 65 66 67 68 69 70 71 72 73 74 75 76 77 78 79 80 81 82 83 84 85 86 87 88 89 90 91 92 93 94 95 96 97 98 99 100 101 102 103 104 105 106 107 108 109 110 111 112 113 114 115 116 117 118 119 120 121 122 123 124 125 126 127 128 129 130 131 132 133 134 135 136 137 138 139 140 141 142 143 144 145 146 147 148 149 150 151 152 153 154 155 156 157 158 159 160 161 162 163 164 165 166 167 168 169 170 171 172 173 174 175 176 177 178 179 180 181 182 183 184 185 186 187 188 189 190 191 192 193 194 195 196 197 198 199
0 9
0 154
1 23
1 61
1 83
1 93
1 97
1 126
1 137
1 138
1 147
1 151
1 153
1 166
1 169
1 177
1 178
2 30
2 32
2 155
2 175
2 181
3 48
3 92
3 95
3 112
3 113
3 120
3 132
3 148
3 149
3 192
4 9
4 20
4 26
4 82
4 85
4 116
4 174
4 197
5 50
5 55
5 97
5 115
5 127
5 143
5 148
5 162
5 164
5 169
5 178
6 25
6 95
6 96
6 132
6 158
6 159
6 166
7 13
7 45
7 68
7 99
7 102
7 149
7 174
7 179
7 199
8 40
8 65
8 66
8 78
8 103
8 123
8 146
8 170
8 186
8 194
9 15
9 57
9 83
9 110
9 118
9 124
9 127
9 136
9 146
9 187
9 193
10 15
10 22
10 66
10 77
10 84
10 88
10 115
10 132
10 134
10 137
10 162
10 178
11 34
11 53
11 71
11 80
11 91
11 95
11 105
11 120
11 134
11 173
11 194
12 49
12 98
12 102
12 117
12 120
12 135
12 137
12 165
13 20
13 27
13 33
13 54
13 56
13 68
13 74
13 90
13 103
13 124
13 181
14 37
14 59
14 118
14 152
14 185
15 21
15 24
15 34
15 48
15 55
15 77
15 88
15 98
15 119
15 156
15 169
16 25
16 80
16 123
16 154
16 197
17 19
17 39
17 44
17 68
17 70
17 80
17 99
17 148
17 152
17 175
18 25
18 27
18 33
18 77
18 102
18 119
18 129
18 136
18 146
18 155
18 162
18 195
19 35
19 43
19 68
19 83
19 107
19 182
19 192
20 60
20 75
20 109
20 148
20 170
20 173
21 65
21 94
21 126
21 127
21 167
22 55
22 57
22 83
22 104
22 110
22 112
22 123
22 152
22 178
23 26
23 40
23 49
23 50
23 74
23 83
23 94
23 128
23 151
23 181
23 188
24 50
24 54
24 65
24 70
24 99
24 112
24 164
24 186
24 189
24 193
24 197
25 50
25 89
25 107
25 113
25 120
25 121
25 139
26 35
26 56
26 58
26 62
26 63
26 121
26 125
26 134
26 165
27 37
27 52
27 62
27 72
27 94
27 119
27 123
27 156
27 175
27 188
28 53
28 75
28 100
28 130
28 136
28 159
28 162
28 182
28 183
28 197
29 48
29 75
29 120
29 150
29 163
29 176
30 57
30 70
30 73
30 105
30 183
30 185
31 33
31 38
31 74
31 88
31 97
31 162
31 183
32 76
32 77
32 141
32 154
32 167
32 177
32 193
32 195
33 37
33 38
33 58
33 60
33 67
33 71
33 83
33 88
33 90
33 100
33 103
33 119
33 150
33 174
34 49
34 62
34 146
34 153
34 180
34 198
35 69
35 81
35 82
35 96
35 108
35 124
35 126
35 128
35 144
35 158
35 186
35 192
36 75
36 83
36 103
36 113
36 124
36 126
36 127
36 163
36 190
37 50
37 55
37 73
37 79
37 90
37 120
37 122
37 196
38 46
38 47
38 57
38 71
38 94
38 108
38 113
38 139
38 145
38 159
39 45
39 47
39 52
39 70
39 76
39 98
39 116
39 124
39 130
39 177
40 44
40 95
40 106
40 110
40 111
40 140
40 153
40 168
40 175
40 179
40 199
41 58
41 77
41 102
41 104
41 151
42 43
42 57
42 63
42 128
42 167
43 52
43 112
43 127
43 155
43 160
43 162
43 172
43 178
43 186
44 45
44 57
44 78
44 125
44 155
45 61
45 77
45 82
45 127
45 183
45 197
45 198
46 54
46 73
46 101
46 106
46 130
46 144
46 148
46 163
46 183
47 58
47 141
47 154
47 166
47 177
47 194
48 79
48 141
48 160
48 176
48 184
48 199
49 101
49 106
49 107
49 144
49 189
49 192
50 95
50 118
50 170
51 75
51 87
51 102
51 138
51 149
51 156
51 178
51 194
52 59
52 103
52 105
52 125
52 135
52 154
52 161
52 174
52 188
53 61
53 63
53 70
53 82
53 85
53 116
53 121
53 126
53 146
53 159
53 186
53 190
54 110
54 124
54 173
54 180
54 198
55 62
55 81
55 98
55 194
56 62
56 77
56 113
56 132
56 158
56 161
56 169
57 113
57 125
57 130
57 173
57 183
57 195
58 65
58 98
58 107
58 110
58 120
58 121
58 186
59 66
59 73
59 90
59 143
59 156
60 66
60 87
60 160
60 161
60 174
60 180
61 82
61 101
61 107
61 124
61 174
61 179
62 78
62 88
62 100
62 157
62 160
62 161
62 172
62 177
62 183
63 65
63 77
63 87
63 109
63 122
63 145
63 158
64 96
64 107
64 120
64 143
64 144
64 180
64 186
65 68
65 73
65 123
65 124
65 134
65 147
66 69
66 74
66 119
66 128
67 68
67 86
67 125
67 155
68 71
68 81
68 97
68 126
68 144
68 170
68 188
69 74
69 89
69 93
69 112
69 127
69 129
69 143
69 166
69 167
69 175
69 185
69 190
70 73
70 92
70 97
70 127
70 133
70 143
70 161
70 183
70 185
71 80
71 88
71 99
71 109
71 131
72 111
72 113
72 158
72 160
72 169
72 176
72 190
73 88
73 96
73 100
73 169
73 170
73 180
73 184
73 192
74 80
74 115
74 133
74 186
74 187
74 192
74 198
75 103
75 113
75 116
75 124
75 128
75 141
75 156
75 159
76 125
76 139
76 167
76 172
77 78
77 80
77 92
77 104
77 116
78 102
78 107
78 122
78 128
78 152
78 165
78 174
78 182
78 195
79 97
79 107
79 120
79 124
79 128
79 150
80 85
80 89
80 90
80 93
80 137
80 139
80 142
80 158
80 172
81 106
81 158
81 164
81 179
81 196
81 199
82 84
82 110
82 113
82 115
82 131
82 150
83 87
83 101
83 139
83 144
83 148
83 174
83 176
84 102
84 113
84 121
84 125
84 128
84 176
84 178
84 193
85 131
85 140
85 148
85 185
86 133
86 180
87 104
87 119
87 143
87 145
87 160
87 161
87 173
88 100
88 108
88 109
88 114
88 119
88 165
88 174
89 92
89 99
89 163
90 116
90 122
90 137
90 182
90 195
91 137
91 174
91 179
91 186
92 97
92 125
92 142
93 103
93 112
93 128
93 131
93 145
93 160
93 171
93 183
93 185
94 120
94 161
94 180
95 109
95 112
95 113
95 123
95 130
95 150
95 164
95 177
96 145
97 115
97 132
97 138
97 142
97 148
98 120
98 135
98 158
98 159
98 176
99 103
99 119
99 136
99 153
99 192
100 106
100 160
100 189
100 192
101 130
101 167
101 175
101 179
101 183
102 120
102 138
102 167
102 170
103 109
103 116
103 122
103 157
103 174
103 182
103 185
103 196
103 197
104 142
104 173
105 124
105 155
105 185
105 188
106 129
106 165
106 183
107 116
107 126
107 129
107 141
107 144
107 169
107 177
107 187
108 118
108 146
108 196
109 128
109 129
109 134
109 139
109 156
109 161
109 165
109 186
109 191
110 116
110 152
110 157
111 128
111 130
111 139
111 140
111 147
111 151
111 182
112 114
112 121
112 132
112 139
112 141
112 172
113 114
113 123
113 126
113 176
114 157
114 164
114 171
114 184
115 119
115 138
115 156
115 193
116 125
116 176
116 191
116 194
117 131
117 136
117 155
117 186
118 163
118 170
119 146
119 150
119 155
119 165
119 173
119 174
119 183
119 192
119 195
120 126
120 133
120 158
121 136
121 154
121 155
121 162
121 172
121 173
121 181
122 127
122 143
122 154
122 164
122 185
123 129
123 146
123 159
123 173
123 188
123 192
124 142
124 151
125 151
125 158
125 159
125 169
125 190
126 148
126 165
126 167
126 176
127 157
128 131
128 132
128 163
128 190
129 164
129 181
130 133
130 139
130 166
130 193
131 136
131 157
131 165
132 136
132 155
132 170
132 173
132 174
132 177
132 197
133 180
133 192
134 185
134 191
134 197
135 138
135 155
135 173
137 138
137 167
138 139
138 152
139 151
139 163
139 188
139 189
140 186
140 199
141 169
141 170
141 183
142 145
142 185
143 145
143 184
145 182
145 188
146 164
147 166
147 184
148 155
148 162
148 170
148 188
149 150
150 158
150 184
150 197
151 198
153 176
153 182
153 195
153 196
154 173
154 181
154 192
156 182
156 183
156 184
157 167
157 171
157 183
157 188
157 191
159 165
159 181
159 190
159 196
161 177
161 185
162 165
162 170
162 181
164 174
164 179
166 167
167 168
167 175
167 196
167 199
168 170
168 196
169 182
170 180
170 191
170 196
173 183
173 189
175 179
175 192
180 181
182 184
182 196
183 184
184 199
185 189
191 196

1 0 1 0 1 1 0 1 0 1 0 1 0 1 1 0 1 1 1 1 0 1 0 1 1 0 0 0 1 0 0 0 1 1 0 1 0 1 1 1 0 1 1 0 0 1 0 0 1 1 1 0 0 1 0 1 0 1 0 0 0 0 0 1 0 0 1 0 1 0 0 0 0 0 0 0 1 1 1 1 1 0 0 1 0 1 0 1 1 1 1 0 0 0 1 1 1 0 1 1 0 0 0 0 0 1 1 1 1 0 1 0 1 1 0 0 0 1 1 0 0 0 1 0 0 1 0 0 1 1 0 1 1 0 0 1 1 0 0 0 1 1 0 0 1 1 0 1 1 0 1 0 0 0 0 0 1 0 1 1 1 0 0 0 0 1 1 0 1 1 0 0 0 1 1 0 1 0 1 1 0 1 1 1 1 0 0 1 1 0 1 1 1 0 0 1 0 1 1 0