250 3098
0 1 2 3 4 5 6 7 8 9 10 11 12 13 14 15 16 17 18 19 20 21 22 23 24 25 26 27 28 29 30 31 32 33 34 35 36 37 38 39 40 41 42 43 44 45 46 47 48 49 50 51 52 53 54 55 56 57 58 59 60 61 62 63 64 65 66 67 68 69 70 71 72 73 74 75 76 77 78 79 80 81 82 83 84 85 86 87 88 89 90 91 92 93 94 95 96 97 98 99 100 101 102 103 104 105 106 107 108 109 110 111 112 113 114 115 116 117 118 119 120 121 122 123 124 125 126 127 128 129 130 131 132 133 134 135 136 137 138 139 140 141 142 143 144 145 146 147 148 149 150 151 152 153 154 155 156 157 158 159 160 161 162 163 164 165 166 167 168 169 170 171 172 173 174 175 176 177 178 179 180 181 182 183 184 185 186 187 188 189 190 191 192 193 194 195 196 197 198 199 200 201 202 203 204 205 206 207 208 209 210 211 212 213 214 215 216 217 218 219 220 221 222 223 224 225 226 227 228 229 230 231 232 233 234 235 236 237 238 239 240 241 242 243 244 245 246 247 248 249
0 28
0 41
0 44
0 51
0 75
0 84
0 100
0 101
0 110
0 113
0 120
0 126
0 129
0 134
0 156
0 157
0 159
0 164
0 190
0 209
0 214
0 221
1 22
1 24
1 31
1 41
1 43
1 48
1 72
1 82
1 98
1 101
1 116
1 134
1 151
1 161
1 168
1 187
1 188
1 192
1 195
1 203
1 236
1 245
2 20
2 34
2 36
2 39
2 74
2 77
2 83
2 100
2 110
2 119
2 128
2 158
2 161
2 180
2 194
2 209
2 215
2 220
2 232
2 238
2 248
2 249
3 5
3 20
3 21
3 32
3 34
3 39
3 43
3 53
3 67
3 100
3 103
3 119
3 129
3 133
3 157
3 158
3 174
3 175
3 186
3 193
3 194
3 197
3 205
3 206
3 209
3 218
3 235
3 245
4 12
4 28
4 33
4 56
4 57
4 61
4 64
4 67
4 70
4 78
4 83
4 86
4 100
4 113
4 129
4 136
4 141
4 145
4 150
4 153
4 156
4 158
4 173
4 189
4 197
4 244
4 245
4 246
4 249
5 32
5 38
5 51
5 68
5 99
5 129
5 132
5 139
5 141
5 145
5 147
5 150
5 160
5 162
5 176
5 179
5 181
5 184
5 190
5 204
5 210
5 216
5 217
5 232
5 243
6 11
6 12
6 17
6 32
6 48
6 72
6 80
6 93
6 110
6 141
6 160
6 163
6 179
6 181
6 184
6 195
6 200
6 213
6 215
6 247
7 15
7 21
7 35
7 36
7 41
7 49
7 79
7 98
7 115
7 136
7 137
7 146
7 155
7 159
7 185
7 191
7 198
7 216
7 225
7 229
7 237
7 240
7 243
8 18
8 29
8 34
8 39
8 40
8 52
8 56
8 62
8 64
8 93
8 99
8 111
8 115
8 119
8 142
8 145
8 147
8 159
8 160
8 176
8 186
8 205
8 208
8 222
8 225
8 246
9 24
9 42
9 48
9 50
9 52
9 56
9 112
9 124
9 158
9 163
9 176
9 192
9 210
9 211
9 213
9 230
9 232
10 17
10 22
10 25
10 26
10 46
10 48
10 54
10 57
10 59
10 64
10 65
10 68
10 106
10 112
10 127
10 131
10 135
10 154
10 177
10 185
10 187
10 200
10 206
10 214
10 229
10 234
10 248
11 15
11 22
11 35
11 41
11 42
11 62
11 82
11 85
11 100
11 105
11 106
11 124
11 125
11 135
11 139
11 146
11 150
11 154
11 163
11 179
11 182
11 187
11 217
11 234
11 237
11 239
11 246
12 16
12 26
12 43
12 47
12 60
12 69
12 79
12 87
12 96
12 105
12 110
12 117
12 121
12 133
12 136
12 168
12 185
12 194
12 198
12 210
12 213
12 228
12 229
12 239
12 240
13 26
13 33
13 42
13 44
13 60
13 77
13 93
13 95
13 120
13 134
13 139
13 147
13 161
13 164
13 180
13 191
13 235
13 245
13 249
14 24
14 31
14 51
14 52
14 56
14 59
14 77
14 78
14 99
14 104
14 113
14 118
14 145
14 146
14 162
14 164
14 177
14 182
14 185
14 197
14 208
14 231
14 244
14 249
15 17
15 25
15 30
15 47
15 49
15 72
15 94
15 100
15 126
15 129
15 133
15 148
15 150
15 151
15 153
15 159
15 160
15 164
15 169
15 175
15 179
15 190
15 204
15 208
15 221
16 39
16 40
16 42
16 54
16 58
16 71
16 72
16 74
16 109
16 110
16 127
16 150
16 166
16 168
16 169
16 181
16 183
16 190
16 192
16 201
16 210
16 238
17 47
17 49
17 72
17 82
17 83
17 92
17 96
17 104
17 113
17 128
17 143
17 145
17 150
17 151
17 152
17 158
17 181
17 187
17 190
17 204
17 212
17 225
17 226
17 228
17 234
17 236
17 242
18 20
18 25
18 26
18 29
18 35
18 36
18 41
18 49
18 54
18 73
18 95
18 100
18 121
18 123
18 125
18 129
18 142
18 144
18 146
18 184
18 186
18 189
18 200
18 214
18 224
18 244
18 248
19 21
19 43
19 48
19 49
19 62
19 99
19 103
19 111
19 133
19 137
19 142
19 154
19 162
19 167
19 170
19 192
19 198
19 209
19 212
19 215
19 241
19 242
20 24
20 36
20 39
20 45
20 46
20 54
20 61
20 68
20 78
20 81
20 100
20 140
20 148
20 159
20 161
20 170
20 176
20 177
20 186
20 193
20 212
20 220
20 237
20 246
21 25
21 42
21 45
21 52
21 61
21 77
21 91
21 100
21 103
21 107
21 109
21 111
21 112
21 126
21 141
21 146
21 160
21 164
21 176
21 178
21 181
21 201
21 207
21 218
21 246
22 27
22 38
22 44
22 45
22 49
22 64
22 66
22 71
22 84
22 85
22 87
22 94
22 116
22 117
22 120
22 129
22 136
22 143
22 145
22 165
22 167
22 172
22 175
22 184
22 191
22 213
22 248
23 47
23 61
23 84
23 97
23 98
23 127
23 129
23 137
23 143
23 145
23 147
23 149
23 161
23 172
23 189
23 190
23 193
23 201
23 206
23 207
23 215
23 218
23 219
23 228
23 232
24 52
24 57
24 66
24 90
24 96
24 98
24 99
24 100
24 105
24 110
24 111
24 112
24 119
24 128
24 135
24 137
24 146
24 150
24 173
24 191
24 197
24 209
24 213
24 224
24 235
25 42
25 51
25 64
25 68
25 96
25 110
25 111
25 112
25 115
25 143
25 157
25 172
25 182
25 184
25 194
25 204
25 216
25 248
26 45
26 50
26 56
26 102
26 121
26 137
26 197
26 198
26 214
26 249
27 28
27 33
27 37
27 39
27 45
27 47
27 60
27 87
27 96
27 97
27 99
27 105
27 115
27 120
27 128
27 140
27 157
27 158
27 185
27 189
27 209
27 218
27 235
27 238
27 241
27 248
28 57
28 63
28 69
28 70
28 77
28 127
28 135
28 137
28 150
28 154
28 176
28 189
28 215
28 217
28 219
28 221
28 244
28 245
29 45
29 60
29 64
29 100
29 102
29 107
29 114
29 149
29 156
29 165
29 171
29 178
29 187
29 195
29 207
29 216
29 223
29 227
30 31
30 54
30 59
30 72
30 83
30 100
30 109
30 118
30 124
30 138
30 146
30 149
30 159
30 195
30 199
30 200
30 206
30 211
30 219
30 227
30 232
30 236
30 240
30 242
30 245
31 47
31 52
31 71
31 73
31 84
31 94
31 111
31 112
31 121
31 168
31 169
31 172
31 183
31 187
31 200
31 212
31 219
32 35
32 37
32 38
32 40
32 46
32 60
32 103
32 154
32 162
32 213
32 214
32 233
32 244
32 248
33 48
33 60
33 61
33 64
33 65
33 75
33 79
33 96
33 99
33 134
33 141
33 147
33 153
33 165
33 173
33 175
33 191
33 205
33 209
33 226
33 249
34 43
34 48
34 55
34 69
34 73
34 75
34 88
34 89
34 99
34 100
34 143
34 147
34 150
34 152
34 167
34 173
34 186
34 193
34 209
34 215
34 238
35 44
35 52
35 63
35 67
35 69
35 75
35 92
35 98
35 106
35 121
35 122
35 186
35 201
35 209
35 212
35 219
35 240
35 246
36 38
36 42
36 55
36 59
36 60
36 62
36 70
36 94
36 107
36 110
36 122
36 138
36 156
36 179
36 185
36 201
36 202
36 205
36 210
36 240
36 246
37 52
37 71
37 77
37 106
37 108
37 111
37 113
37 119
37 127
37 191
37 202
37 214
37 216
37 225
37 231
37 236
38 42
38 45
38 74
38 76
38 86
38 96
38 97
38 98
38 109
38 113
38 128
38 135
38 148
38 152
38 168
38 178
38 213
38 220
38 222
38 227
38 236
38 247
39 41
39 42
39 46
39 49
39 50
39 67
39 77
39 85
39 93
39 114
39 115
39 135
39 139
39 163
39 164
39 169
39 182
39 187
39 214
39 216
39 225
39 227
39 235
39 238
39 242
39 246
39 248
40 41
40 51
40 56
40 57
40 64
40 72
40 87
40 102
40 128
40 147
40 149
40 153
40 175
40 176
40 182
40 183
40 184
40 188
40 190
40 196
40 198
40 220
40 221
40 226
40 233
40 247
41 48
41 49
41 51
41 61
41 69
41 79
41 86
41 88
41 120
41 131
41 155
41 156
41 170
41 175
41 184
41 191
41 195
41 201
41 205
41 207
41 220
41 221
41 230
41 231
41 236
42 48
42 50
42 117
42 125
42 127
42 128
42 137
42 153
42 158
42 160
42 166
42 191
42 195
42 207
42 210
42 212
42 228
42 237
42 241
42 242
42 249
43 52
43 55
43 80
43 85
43 87
43 91
43 100
43 104
43 105
43 111
43 120
43 124
43 145
43 149
43 162
43 163
43 173
43 182
43 186
43 188
43 205
44 59
44 98
44 104
44 110
44 117
44 122
44 124
44 128
44 139
44 144
44 148
44 153
44 171
44 179
44 191
44 196
44 220
44 221
44 224
44 227
44 228
44 238
44 240
45 70
45 72
45 75
45 119
45 121
45 122
45 125
45 126
45 133
45 147
45 148
45 160
45 164
45 174
45 176
45 184
45 185
45 188
45 210
45 214
45 233
46 71
46 77
46 100
46 106
46 107
46 109
46 115
46 124
46 134
46 144
46 162
46 179
46 187
46 192
46 227
47 51
47 54
47 58
47 60
47 66
47 98
47 126
47 135
47 137
47 138
47 151
47 156
47 159
47 167
47 170
47 191
47 205
47 222
47 248
48 59
48 66
48 73
48 77
48 91
48 96
48 108
48 113
48 117
48 159
48 169
48 188
48 189
48 193
48 195
48 204
48 216
48 218
48 227
48 233
48 234
49 51
49 57
49 61
49 63
49 80
49 90
49 96
49 109
49 113
49 137
49 152
49 157
49 177
49 202
49 233
50 55
50 68
50 69
50 70
50 89
50 91
50 99
50 108
50 109
50 121
50 127
50 148
50 149
50 153
50 160
50 161
50 163
50 194
50 197
50 198
50 203
50 209
50 227
50 230
50 248
51 52
51 69
51 71
51 85
51 91
51 98
51 100
51 102
51 110
51 127
51 129
51 137
51 140
51 149
51 172
51 176
51 182
51 190
51 213
52 74
52 77
52 115
52 116
52 117
52 128
52 160
52 163
52 167
52 174
52 176
52 178
52 198
52 215
52 217
52 229
52 230
53 54
53 78
53 107
53 129
53 134
53 143
53 148
53 150
53 151
53 175
53 177
54 62
54 103
54 111
54 113
54 117
54 128
54 170
54 175
54 184
54 185
54 190
54 198
54 223
54 231
54 246
55 68
55 84
55 115
55 119
55 136
55 164
55 184
55 186
55 187
55 190
55 216
55 223
55 249
56 67
56 72
56 73
56 83
56 97
56 101
56 113
56 117
56 144
56 163
56 180
56 185
56 205
56 214
56 216
56 239
56 241
57 59
57 60
57 76
57 89
57 90
57 95
57 109
57 119
57 125
57 127
57 141
57 146
57 153
57 160
57 161
57 174
57 190
57 231
57 236
57 240
57 241
57 245
58 60
58 66
58 68
58 70
58 76
58 109
58 112
58 120
58 124
58 135
58 145
58 152
58 164
58 168
58 170
58 173
58 179
58 182
58 196
58 206
58 210
58 211
58 220
58 226
59 66
59 77
59 84
59 97
59 104
59 114
59 118
59 121
59 123
59 139
59 158
59 166
59 188
59 193
59 201
59 202
59 215
59 219
59 231
59 238
59 240
59 247
60 117
60 123
60 134
60 140
60 141
60 143
60 149
60 159
60 166
60 169
60 176
60 177
60 183
60 187
60 200
60 207
60 214
60 219
60 227
60 231
60 246
61 68
61 88
61 100
61 101
61 113
61 118
61 126
61 132
61 172
61 191
61 211
61 212
61 217
61 232
61 234
61 243
62 73
62 74
62 75
62 106
62 116
62 131
62 146
62 166
62 173
62 188
62 191
62 195
62 210
62 213
62 224
62 230
62 233
62 237
62 249
63 106
63 114
63 115
63 121
63 127
63 149
63 165
63 184
63 245
63 248
64 70
64 88
64 92
64 98
64 110
64 116
64 122
64 123
64 134
64 149
64 158
64 162
64 182
64 185
64 188
64 190
64 204
64 223
64 235
64 236
64 244
65 71
65 86
65 97
65 110
65 115
65 138
65 143
65 173
65 183
65 185
65 192
65 198
65 225
65 228
65 244
65 245
66 87
66 88
66 104
66 117
66 119
66 128
66 142
66 153
66 154
66 158
66 159
66 160
66 167
66 169
66 177
66 191
66 195
66 198
66 223
66 233
67 72
67 74
67 78
67 83
67 86
67 88
67 89
67 92
67 101
67 112
67 114
67 119
67 125
67 128
67 129
67 137
67 163
67 175
67 192
67 197
67 215
67 218
67 235
67 240
67 245
68 71
68 75
68 79
68 93
68 95
68 97
68 104
68 107
68 109
68 116
68 131
68 145
68 148
68 150
68 162
68 169
68 170
68 177
68 200
68 207
68 210
68 214
68 222
68 234
68 240
68 241
68 242
69 74
69 86
69 93
69 103
69 114
69 123
69 128
69 156
69 163
69 176
69 186
69 193
69 200
69 214
69 219
69 235
69 241
70 80
70 84
70 85
70 88
70 102
70 111
70 120
70 124
70 150
70 152
70 161
70 163
70 166
70 178
70 184
70 185
70 187
70 197
70 198
70 203
70 219
70 228
70 232
71 73
71 97
71 99
71 100
71 107
71 110
71 128
71 135
71 141
71 151
71 182
71 190
71 194
71 220
71 222
71 225
71 245
72 73
72 80
72 96
72 108
72 114
72 115
72 128
72 136
72 141
72 143
72 144
72 146
72 149
72 151
72 159
72 165
72 166
72 177
72 183
72 184
72 203
72 212
72 217
72 229
72 238
72 243
73 87
73 88
73 93
73 95
73 99
73 109
73 130
73 137
73 147
73 148
73 150
73 153
73 161
73 171
73 200
73 205
73 207
73 210
73 214
73 227
74 120
74 122
74 133
74 146
74 148
74 149
74 161
74 172
74 176
74 212
74 216
74 229
74 233
74 246
75 76
75 79
75 83
75 95
75 104
75 131
75 137
75 139
75 142
75 144
75 156
75 161
75 171
75 172
75 177
75 179
75 190
75 208
75 214
75 228
75 247
76 82
76 86
76 89
76 97
76 104
76 114
76 118
76 121
76 123
76 132
76 134
76 155
76 180
76 184
76 188
76 194
76 195
76 202
76 205
76 217
76 218
76 223
76 229
76 233
77 78
77 104
77 122
77 123
77 124
77 144
77 145
77 154
77 171
77 176
77 200
77 202
77 223
77 233
77 240
77 246
78 83
78 88
78 89
78 101
78 115
78 157
78 172
78 173
78 187
78 188
78 209
78 214
78 223
78 237
78 239
78 243
79 93
79 103
79 110
79 118
79 132
79 133
79 144
79 149
79 178
79 179
79 187
79 213
79 219
79 225
79 230
79 234
79 237
80 83
80 90
80 108
80 112
80 115
80 118
80 150
80 179
80 182
80 187
80 188
80 202
80 203
80 213
80 219
80 232
80 234
80 240
81 82
81 92
81 106
81 141
81 153
81 155
81 162
81 164
81 165
81 171
81 180
81 192
81 208
81 219
81 248
82 85
82 96
82 99
82 102
82 108
82 115
82 140
82 183
82 196
82 197
82 213
82 239
82 241
83 101
83 103
83 105
83 138
83 160
83 163
83 164
83 176
83 178
83 181
83 182
83 215
83 221
83 235
84 91
84 93
84 96
84 103
84 111
84 126
84 131
84 139
84 141
84 143
84 145
84 149
84 152
84 215
84 231
84 238
84 244
85 115
85 127
85 133
85 139
85 140
85 161
85 178
85 191
85 199
85 212
85 224
85 229
85 240
86 96
86 100
86 108
86 117
86 120
86 146
86 150
86 157
86 161
86 179
86 199
86 205
86 233
86 247
87 91
87 100
87 116
87 127
87 129
87 149
87 160
87 164
87 178
87 191
87 194
87 208
87 215
87 217
87 224
87 230
87 243
87 249
88 96
88 122
88 140
88 175
88 189
88 191
88 195
88 217
88 227
88 243
88 249
89 105
89 109
89 113
89 114
89 115
89 116
89 118
89 127
89 137
89 149
89 153
89 159
89 160
89 166
89 168
89 181
89 210
89 212
89 221
89 241
89 242
89 249
90 94
90 103
90 120
90 126
90 143
90 149
90 155
90 162
90 172
90 176
90 199
90 200
90 201
90 202
90 212
90 215
90 220
90 232
90 239
90 243
90 246
90 247
91 95
91 96
91 111
91 136
91 141
91 149
91 163
91 175
91 176
91 185
91 187
91 231
91 233
91 237
91 244
91 247
91 248
92 101
92 110
92 115
92 144
92 149
92 164
92 170
92 172
92 178
92 186
92 205
92 224
92 237
92 239
93 98
93 114
93 125
93 131
93 135
93 144
93 145
93 162
93 164
93 166
93 172
93 183
93 191
93 193
93 195
93 197
93 211
93 212
93 219
93 222
93 239
93 245
93 247
94 100
94 105
94 116
94 118
94 131
94 141
94 146
94 158
94 165
94 168
94 182
94 202
94 206
94 215
94 225
94 248
95 96
95 111
95 112
95 160
95 166
95 187
95 189
95 197
95 211
95 225
95 243
96 98
96 113
96 128
96 133
96 136
96 146
96 155
96 157
96 158
96 167
96 172
96 185
96 201
96 203
96 205
96 211
96 216
96 217
96 224
96 229
97 102
97 117
97 129
97 130
97 162
97 174
97 179
97 188
97 207
97 227
97 231
97 236
98 104
98 114
98 134
98 153
98 173
98 187
98 196
98 197
98 210
98 211
98 217
98 219
98 223
98 227
98 242
98 247
99 106
99 112
99 114
99 139
99 142
99 149
99 157
99 161
99 172
99 173
99 203
99 209
99 216
99 226
99 239
99 243
99 244
99 248
100 111
100 118
100 138
100 146
100 155
100 173
100 195
100 196
100 197
100 202
100 206
100 210
100 216
100 222
100 232
100 236
100 240
101 117
101 138
101 187
101 195
101 217
101 224
101 237
102 104
102 107
102 114
102 123
102 134
102 135
102 136
102 147
102 148
102 174
102 177
102 200
102 206
102 216
102 218
102 220
102 225
103 124
103 125
103 144
103 153
103 156
103 160
103 178
103 190
103 193
103 197
103 208
103 246
104 116
104 121
104 135
104 138
104 160
104 168
104 171
104 181
104 197
104 213
104 214
104 221
104 226
104 234
104 247
104 249
105 114
105 118
105 135
105 136
105 140
105 148
105 154
105 160
105 170
105 173
105 180
105 188
105 207
105 212
105 223
105 249
106 131
106 147
106 155
106 156
106 158
106 165
106 169
106 173
106 176
106 195
106 212
106 235
106 244
107 113
107 121
107 124
107 144
107 149
107 150
107 156
107 168
107 189
107 192
107 200
107 204
107 207
107 209
107 211
107 223
107 232
107 244
108 119
108 129
108 133
108 175
108 176
108 180
108 181
108 185
108 186
108 191
108 219
108 242
108 246
109 116
109 121
109 134
109 159
109 170
109 172
109 196
109 202
109 204
109 216
109 229
109 249
110 118
110 122
110 125
110 140
110 148
110 149
110 152
110 162
110 165
110 168
110 177
110 200
110 203
110 206
110 220
110 234
111 112
111 118
111 119
111 125
111 175
111 188
111 195
111 200
111 203
111 217
111 228
111 242
111 245
112 131
112 135
112 145
112 188
112 189
112 206
112 222
112 247
113 119
113 120
113 129
113 133
113 139
113 141
113 151
113 152
113 189
113 196
113 199
113 204
113 207
113 210
113 211
113 213
113 218
113 231
114 126
114 131
114 138
114 162
114 165
114 168
114 172
114 175
114 178
114 185
114 188
114 196
114 202
114 203
114 206
114 231
115 124
115 144
115 146
115 162
115 164
115 172
115 184
115 201
115 202
115 204
115 214
115 217
115 236
115 242
116 126
116 130
116 133
116 139
116 146
116 154
116 159
116 162
116 170
116 175
116 176
116 180
116 219
117 126
117 131
117 138
117 168
117 170
117 171
117 173
117 176
117 178
117 180
117 191
117 199
117 204
117 210
117 213
117 218
117 225
117 245
117 247
118 135
118 155
118 157
118 159
118 161
118 164
118 205
118 218
118 219
118 221
118 239
118 242
119 120
119 144
119 145
119 164
119 201
119 212
119 213
119 238
119 247
120 125
120 130
120 144
120 155
120 156
120 163
120 186
120 191
120 222
120 228
121 125
121 127
121 134
121 162
121 179
121 208
121 211
121 215
121 221
121 224
121 230
121 238
121 242
121 246
122 130
122 132
122 138
122 148
122 149
122 153
122 167
122 211
122 237
123 127
123 136
123 152
123 154
123 157
123 163
123 172
123 202
123 209
123 224
123 232
123 238
123 241
123 244
123 248
124 162
124 165
124 167
124 202
124 231
124 243
125 126
125 128
125 135
125 186
125 188
125 205
125 212
125 217
126 130
126 131
126 135
126 136
126 157
126 186
126 191
126 202
126 206
126 207
126 210
126 213
126 216
126 219
126 226
126 231
126 242
126 249
127 139
127 140
127 148
127 150
127 163
127 173
127 179
127 190
127 200
127 211
127 224
127 247
128 130
128 145
128 146
128 147
128 183
128 197
128 202
128 213
129 132
129 142
129 170
129 182
129 198
129 216
129 224
129 233
129 236
130 138
130 142
130 155
130 168
130 169
130 174
130 184
130 187
130 201
130 215
130 229
130 234
130 236
131 132
131 135
131 142
131 169
131 171
131 193
131 207
131 225
131 236
131 243
131 245
132 148
132 150
132 153
132 166
132 173
132 176
132 181
132 183
132 193
132 195
132 200
132 219
132 225
132 230
132 235
133 146
133 154
133 201
133 215
133 217
134 137
134 167
134 171
134 186
134 195
134 202
134 232
134 237
134 239
135 138
135 139
135 141
135 142
135 149
135 159
135 242
136 159
136 166
136 188
136 198
136 200
136 205
136 215
136 224
136 242
137 145
137 152
137 156
137 175
137 185
137 188
137 191
137 199
137 200
137 214
137 216
137 223
137 244
137 246
138 145
138 153
138 172
138 175
138 193
138 199
139 143
139 147
139 159
139 160
139 172
139 183
139 208
139 215
139 225
139 244
139 249
140 146
140 157
140 161
140 208
140 209
140 226
140 244
140 248
141 142
141 149
141 154
141 159
141 161
141 188
141 207
142 159
142 161
142 168
142 171
142 179
142 190
142 191
142 196
142 204
142 208
142 210
142 212
142 231
142 233
142 241
143 167
143 173
143 186
143 228
143 229
143 230
143 231
143 242
143 245
143 249
144 146
144 150
144 153
144 158
144 162
144 163
144 178
144 185
144 192
144 196
144 209
144 223
144 225
144 240
145 162
145 191
145 195
145 197
145 205
145 222
145 227
145 233
145 245
146 148
146 172
146 175
146 179
146 188
146 194
146 209
146 217
146 228
146 237
146 246
147 161
147 167
147 177
147 194
147 197
147 200
147 215
147 237
147 241
147 246
148 160
148 171
148 175
148 196
148 210
148 224
148 238
148 241
148 244
149 153
149 156
149 161
149 178
149 188
149 207
149 210
149 217
149 223
149 239
149 240
149 242
150 162
150 185
150 195
150 197
150 201
150 203
150 213
150 233
150 242
150 243
151 154
151 158
151 161
151 162
151 168
151 176
151 178
151 180
151 196
151 202
151 211
151 214
151 215
151 236
152 155
152 156
152 163
152 175
152 195
152 205
152 215
152 236
152 246
153 157
153 158
153 172
153 175
153 189
153 201
153 207
153 213
153 215
153 229
153 231
154 162
154 171
154 177
154 179
154 180
154 215
154 216
154 220
154 221
154 225
154 231
154 245
155 169
155 178
155 184
155 192
155 195
155 198
155 245
155 246
156 167
156 168
156 189
156 190
156 191
156 193
156 195
156 200
156 210
157 162
157 173
157 188
157 189
157 193
157 224
157 232
158 166
158 176
158 187
158 197
158 201
159 160
159 165
159 171
159 173
159 186
159 188
159 192
159 207
159 217
159 229
159 240
159 247
160 163
160 169
160 170
160 171
160 173
160 174
160 199
160 209
160 218
160 222
160 227
160 238
160 241
161 173
161 206
161 207
161 217
161 224
161 230
161 231
162 165
162 183
162 189
162 200
162 216
162 233
162 238
162 246
163 194
163 200
163 217
163 238
164 168
164 181
164 182
164 193
164 202
164 212
164 222
164 223
164 246
164 247
164 248
165 166
165 184
165 187
165 191
165 193
165 215
165 225
166 173
166 177
166 196
166 226
166 234
166 238
166 242
167 179
167 181
167 187
167 192
167 197
167 199
167 205
167 211
167 214
167 218
167 220
167 223
167 230
167 241
167 242
167 247
168 193
168 199
168 200
168 201
168 204
168 232
168 243
169 173
169 177
169 181
169 186
169 195
169 197
169 203
169 204
169 211
169 212
169 219
169 224
169 237
169 238
170 172
170 179
170 209
170 216
170 217
170 240
170 243
171 174
171 227
171 228
171 243
172 179
172 192
172 236
172 239
172 241
173 179
173 181
173 186
173 187
173 188
173 200
173 217
173 231
173 232
173 246
174 199
174 211
174 223
174 229
174 246
175 183
175 192
175 193
175 198
175 206
175 227
175 243
175 245
176 178
176 186
176 210
176 215
176 223
176 228
176 235
176 238
176 244
177 178
177 181
177 195
177 203
177 207
177 211
177 214
177 220
177 237
178 182
178 188
178 214
178 216
178 236
178 239
179 182
179 187
179 195
179 216
179 232
179 233
179 245
180 185
180 193
180 197
180 212
180 213
180 218
180 220
180 223
180 228
180 247
181 188
181 194
181 204
181 227
181 242
182 191
182 198
182 201
182 204
182 217
182 223
182 227
182 229
182 236
183 190
183 192
183 198
183 207
183 213
183 224
183 241
183 242
184 197
184 200
184 218
184 219
184 242
185 194
185 201
185 205
185 211
185 213
185 225
185 237
185 238
185 249
186 208
186 211
186 226
186 243
186 249
187 191
187 194
187 196
187 214
187 226
187 247
188 190
188 196
188 197
188 207
188 213
188 220
188 222
188 223
188 233
188 242
188 245
188 247
189 207
189 209
189 212
189 214
189 228
189 230
189 233
189 234
189 248
189 249
190 207
190 225
190 231
191 194
191 204
191 230
192 204
192 206
192 213
192 237
192 241
192 249
193 197
193 215
193 216
193 236
194 195
194 201
194 210
194 220
194 225
195 204
195 206
195 211
195 218
195 224
195 235
195 240
195 244
196 200
196 228
196 230
196 239
196 246
196 248
197 198
197 215
197 217
197 224
197 249
198 201
198 203
198 208
198 211
199 202
199 221
199 224
199 231
199 233
200 216
200 218
200 219
200 221
200 223
201 205
201 210
201 222
201 227
201 243
202 203
202 206
202 211
202 229
202 235
202 237
202 247
203 205
203 211
203 212
203 213
203 222
203 225
203 227
203 234
203 235
204 205
204 217
204 223
204 232
204 244
204 249
205 207
205 223
205 232
206 226
206 245
207 216
207 218
207 233
207 243
208 209
208 214
208 238
208 244
209 240
209 241
209 244
209 247
210 223
210 225
210 230
210 236
211 219
211 225
211 246
212 224
212 249
213 226
214 236
214 239
215 228
215 241
216 218
216 226
216 227
216 228
217 223
217 227
217 230
217 233
217 239
217 241
218 240
218 244
219 226
219 240
219 248
220 234
220 235
220 236
220 246
220 249
221 224
221 237
221 249
222 244
223 226
223 244
224 225
224 227
225 227
225 234
225 237
225 248
226 230
226 239
227 230
227 244
227 246
228 235
229 234
229 241
230 245
231 235
231 237
232 242
232 244
234 240
234 247
235 239
235 248
236 242
236 244
241 242
241 245
241 248

1 0 1 0 0 0 0 1 1 1 1 1 0 0 1 1 0 1 0 0 0 1 0 1 0 0 1 0 0 1 0 1 1 0 1 0 0 1 0 0 1 1 0 1 1 0 0 1 0 0 0 0 1 0 1 1 0 1 0 0 1 1 1 1 1 0 0 0 1 0 1 0 0 0 1 0 0 1 0 0 1 0 1 0 1 1 1 1 0 1 1 1 0 1 0 1 1 1 0 0 0 1 0 1 1 0 0 1 0 0 1 0 0 1 0 1 1 0 0 0 1 1 1 1 1 1 0 1 1 0 0 1 0 0 1 0 0 1 0 0 1 1 1 0 0 1 0 1 0 0 0 0 0 0 1 0 1 1 1 1 1 0 1 1 1 1 0 1 0 1 0 1 1 1 0 0 0 1 0 1 0 0 0 0 0 0 1 1 1 0 0 1 1 0 1 1 0 0 0 0 0 1 0 0 0 1 1 1 1 1 0 1 1 1 0 1 0 0 0 1 0 1 1 0 0 1 1 0 1 0 0 1 1 1 1 0 1 1 0 0 1 1 1 1 0 1 1 0 0 0