150 5547
0 1 2 3 4 5 6 7 8 9 10 11 12 13 14 15 16 17 18 19 20 21 22 23 24 25 26 27 28 29 30 31 32 33 34 35 36 37 38 39 40 41 42 43 44 45 46 47 48 49 50 51 52 53 54 55 56 57 58 59 60 61 62 63 64 65 66 67 68 69 70 71 72 73 74 75 76 77 78 79 80 81 82 83 84 85 86 87 88 89 90 91 92 93 94 95 96 97 98 99 100 101 102 103 104 105 106 107 108 109 110 111 112 113 114 115 116 117 118 119 120 121 122 123 124 125 126 127 128 129 130 131 132 133 134 135 136 137 138 139 140 141 142 143 144 145 146 147 148 149
0 2
0 4
0 5
0 6
0 8
0 12
0 13
0 16
0 18
0 21
0 22
0 24
0 26
0 27
0 30
0 31
0 34
0 36
0 39
0 41
0 42
0 43
0 44
0 46
0 48
0 49
0 50
0 51
0 54
0 55
0 60
0 66
0 68
0 69
0 72
0 74
0 75
0 76
0 78
0 79
0 82
0 84
0 85
0 86
0 88
0 90
0 91
0 92
0 94
0 95
0 96
0 99
0 100
0 106
0 108
0 109
0 112
0 113
0 114
0 116
0 117
0 118
0 123
0 128
0 131
0 132
0 134
0 136
0 138
0 141
0 145
0 148
1 4
1 5
1 6
1 7
1 8
1 9
1 11
1 12
1 14
1 18
1 19
1 20
1 22
1 28
1 31
1 32
1 33
1 34
1 35
1 40
1 42
1 43
1 46
1 47
1 49
1 50
1 52
1 54
1 57
1 59
1 60
1 61
1 62
1 63
1 64
1 66
1 67
1 68
1 70
1 71
1 72
1 73
1 74
1 75
1 77
1 81
1 83
1 84
1 85
1 92
1 93
1 94
1 97
1 98
1 103
1 106
1 107
1 111
1 112
1 118
1 119
1 120
1 121
1 124
1 127
1 130
1 131
1 132
1 133
1 134
1 135
1 137
1 138
1 140
1 142
1 143
1 144
1 145
1 148
1 149
2 4
2 9
2 11
2 13
2 16
2 17
2 18
2 22
2 23
2 24
2 33
2 34
2 35
2 36
2 37
2 38
2 43
2 44
2 46
2 48
2 49
2 53
2 58
2 65
2 66
2 71
2 74
2 76
2 78
2 80
2 83
2 84
2 85
2 86
2 88
2 89
2 91
2 95
2 96
2 99
2 102
2 105
2 106
2 109
2 110
2 111
2 112
2 113
2 116
2 118
2 119
2 125
2 126
2 127
2 128
2 129
2 131
2 132
2 134
2 138
2 139
2 140
2 141
2 143
2 144
2 148
3 6
3 7
3 9
3 11
3 12
3 13
3 14
3 17
3 18
3 19
3 23
3 24
3 25
3 26
3 33
3 34
3 37
3 38
3 41
3 42
3 44
3 46
3 51
3 54
3 55
3 56
3 57
3 60
3 63
3 64
3 65
3 66
3 67
3 70
3 71
3 73
3 75
3 76
3 83
3 84
3 85
3 86
3 90
3 91
3 92
3 94
3 95
3 96
3 98
3 100
3 101
3 103
3 104
3 105
3 107
3 109
3 110
3 112
3 114
3 115
3 117
3 119
3 121
3 124
3 125
3 129
3 131
3 133
3 137
3 140
3 141
3 143
3 146
3 148
3 149
4 7
4 9
4 10
4 12
4 16
4 22
4 26
4 28
4 32
4 34
4 36
4 38
4 39
4 40
4 41
4 43
4 44
4 45
4 46
4 47
4 49
4 50
4 53
4 57
4 61
4 63
4 64
4 65
4 67
4 69
4 72
4 74
4 75
4 77
4 78
4 79
4 81
4 83
4 84
4 85
4 86
4 88
4 95
4 98
4 99
4 100
4 102
4 103
4 104
4 105
4 106
4 107
4 108
4 112
4 113
4 115
4 116
4 117
4 118
4 119
4 126
4 127
4 128
4 131
4 134
4 135
4 136
4 139
4 142
4 143
4 146
4 148
4 149
5 6
5 8
5 9
5 12
5 13
5 14
5 15
5 21
5 22
5 23
5 26
5 31
5 34
5 36
5 39
5 41
5 42
5 43
5 45
5 48
5 49
5 56
5 58
5 59
5 62
5 64
5 65
5 66
5 68
5 71
5 73
5 75
5 78
5 80
5 81
5 82
5 84
5 86
5 90
5 93
5 97
5 99
5 105
5 106
5 110
5 111
5 113
5 114
5 115
5 116
5 118
5 119
5 121
5 123
5 124
5 125
5 132
5 133
5 134
5 135
5 136
5 137
5 138
5 139
5 141
5 146
5 149
6 8
6 9
6 12
6 13
6 17
6 18
6 21
6 23
6 24
6 25
6 26
6 28
6 31
6 32
6 33
6 35
6 36
6 37
6 38
6 40
6 41
6 43
6 44
6 46
6 48
6 49
6 50
6 51
6 53
6 56
6 58
6 60
6 62
6 63
6 64
6 65
6 66
6 67
6 69
6 70
6 71
6 73
6 74
6 75
6 77
6 78
6 79
6 81
6 83
6 84
6 92
6 93
6 96
6 97
6 98
6 99
6 100
6 102
6 103
6 105
6 107
6 108
6 110
6 111
6 114
6 115
6 119
6 126
6 127
6 136
6 138
6 139
6 141
6 143
6 144
6 146
6 149
7 9
7 10
7 13
7 19
7 20
7 21
7 24
7 25
7 26
7 29
7 31
7 32
7 37
7 39
7 40
7 41
7 42
7 43
7 44
7 46
7 48
7 49
7 50
7 51
7 53
7 54
7 55
7 56
7 60
7 62
7 63
7 64
7 65
7 66
7 68
7 69
7 70
7 71
7 73
7 74
7 76
7 79
7 80
7 81
7 84
7 85
7 87
7 89
7 90
7 91
7 95
7 101
7 102
7 103
7 104
7 105
7 106
7 107
7 108
7 109
7 110
7 111
7 112
7 114
7 115
7 116
7 124
7 128
7 132
7 135
7 137
7 138
7 140
7 141
7 143
7 144
7 147
7 149
8 9
8 15
8 19
8 21
8 22
8 28
8 29
8 30
8 31
8 34
8 40
8 41
8 42
8 43
8 44
8 45
8 46
8 49
8 50
8 51
8 53
8 56
8 58
8 60
8 61
8 62
8 63
8 64
8 66
8 67
8 69
8 71
8 72
8 75
8 76
8 78
8 79
8 82
8 83
8 84
8 87
8 88
8 90
8 93
8 98
8 100
8 102
8 107
8 109
8 111
8 114
8 115
8 116
8 117
8 120
8 124
8 126
8 127
8 129
8 130
8 141
8 143
8 145
8 149
9 11
9 13
9 18
9 24
9 27
9 28
9 29
9 32
9 34
9 37
9 38
9 39
9 40
9 41
9 42
9 43
9 46
9 47
9 50
9 53
9 54
9 55
9 57
9 63
9 64
9 65
9 67
9 68
9 70
9 71
9 72
9 73
9 74
9 75
9 77
9 78
9 79
9 80
9 85
9 86
9 87
9 88
9 89
9 90
9 95
9 96
9 98
9 102
9 104
9 106
9 107
9 110
9 111
9 112
9 116
9 117
9 119
9 121
9 122
9 124
9 125
9 128
9 129
9 130
9 131
9 133
9 135
9 137
9 139
9 140
9 142
9 143
9 144
9 146
10 11
10 13
10 14
10 17
10 18
10 19
10 20
10 23
10 24
10 26
10 29
10 33
10 34
10 35
10 38
10 39
10 40
10 41
10 43
10 44
10 45
10 47
10 48
10 50
10 54
10 56
10 57
10 62
10 63
10 64
10 66
10 67
10 70
10 72
10 73
10 74
10 75
10 76
10 77
10 78
10 84
10 87
10 88
10 89
10 90
10 91
10 93
10 95
10 96
10 98
10 101
10 103
10 104
10 105
10 106
10 107
10 109
10 111
10 112
10 115
10 116
10 117
10 118
10 120
10 123
10 124
10 126
10 130
10 132
10 133
10 134
10 135
10 137
10 138
10 140
10 143
10 144
10 146
10 147
10 148
11 13
11 15
11 17
11 18
11 20
11 22
11 23
11 27
11 28
11 29
11 30
11 31
11 32
11 34
11 35
11 37
11 38
11 41
11 44
11 46
11 49
11 50
11 52
11 55
11 57
11 58
11 61
11 63
11 65
11 66
11 69
11 70
11 71
11 73
11 74
11 79
11 81
11 82
11 83
11 85
11 86
11 87
11 91
11 94
11 95
11 97
11 100
11 102
11 105
11 110
11 113
11 115
11 118
11 121
11 124
11 125
11 126
11 127
11 129
11 133
11 135
11 136
11 139
11 142
11 143
11 144
12 13
12 15
12 16
12 17
12 18
12 19
12 21
12 23
12 24
12 26
12 28
12 30
12 31
12 33
12 34
12 35
12 36
12 37
12 43
12 44
12 47
12 49
12 50
12 52
12 55
12 59
12 60
12 61
12 62
12 63
12 64
12 65
12 66
12 67
12 68
12 69
12 70
12 73
12 76
12 79
12 82
12 83
12 86
12 87
12 88
12 89
12 92
12 93
12 95
12 96
12 99
12 102
12 104
12 106
12 113
12 114
12 115
12 117
12 120
12 123
12 126
12 127
12 131
12 133
12 135
12 141
12 147
13 14
13 16
13 17
13 18
13 20
13 21
13 22
13 23
13 25
13 27
13 29
13 37
13 38
13 40
13 42
13 44
13 45
13 46
13 47
13 49
13 55
13 57
13 62
13 63
13 64
13 65
13 67
13 68
13 72
13 74
13 76
13 80
13 82
13 88
13 89
13 90
13 91
13 93
13 94
13 96
13 97
13 98
13 100
13 102
13 103
13 104
13 108
13 109
13 112
13 113
13 116
13 121
13 122
13 123
13 128
13 132
13 135
13 137
13 141
13 142
13 143
13 144
13 145
13 147
13 149
14 17
14 21
14 24
14 25
14 28
14 30
14 31
14 43
14 44
14 55
14 56
14 57
14 58
14 59
14 65
14 67
14 68
14 70
14 71
14 72
14 73
14 75
14 78
14 79
14 81
14 82
14 84
14 85
14 89
14 93
14 95
14 96
14 98
14 101
14 102
14 109
14 114
14 115
14 118
14 119
14 121
14 124
14 125
14 126
14 127
14 128
14 133
14 136
14 139
14 140
14 141
14 143
14 145
14 146
14 147
14 148
15 16
15 18
15 19
15 21
15 22
15 23
15 25
15 26
15 28
15 30
15 32
15 33
15 36
15 37
15 38
15 40
15 42
15 45
15 46
15 47
15 49
15 50
15 51
15 54
15 55
15 56
15 57
15 59
15 61
15 63
15 68
15 72
15 82
15 83
15 84
15 86
15 87
15 89
15 90
15 91
15 92
15 95
15 96
15 100
15 102
15 103
15 104
15 110
15 111
15 114
15 115
15 116
15 118
15 121
15 123
15 124
15 126
15 127
15 131
15 133
15 134
15 135
15 136
15 138
15 139
15 141
15 143
15 144
15 146
15 149
16 17
16 27
16 32
16 33
16 34
16 35
16 36
16 41
16 47
16 48
16 49
16 51
16 52
16 53
16 56
16 59
16 62
16 63
16 64
16 65
16 66
16 67
16 70
16 71
16 72
16 73
16 75
16 76
16 77
16 80
16 84
16 86
16 87
16 89
16 90
16 91
16 92
16 95
16 97
16 100
16 101
16 104
16 107
16 108
16 110
16 112
16 113
16 114
16 115
16 117
16 119
16 120
16 121
16 124
16 125
16 126
16 129
16 132
16 134
16 136
16 137
16 141
16 142
16 143
16 145
16 147
16 149
17 18
17 19
17 20
17 21
17 22
17 23
17 24
17 26
17 27
17 28
17 29
17 30
17 31
17 32
17 35
17 36
17 39
17 40
17 42
17 45
17 46
17 48
17 49
17 50
17 52
17 53
17 54
17 56
17 57
17 58
17 60
17 63
17 67
17 68
17 70
17 71
17 72
17 73
17 74
17 76
17 78
17 79
17 81
17 84
17 87
17 88
17 90
17 92
17 97
17 102
17 103
17 105
17 106
17 109
17 111
17 112
17 113
17 114
17 115
17 116
17 117
17 118
17 120
17 121
17 124
17 126
17 128
17 130
17 131
17 134
17 135
17 136
17 137
17 139
17 140
17 141
17 143
17 145
17 146
17 147
17 148
17 149
18 20
18 22
18 24
18 25
18 26
18 27
18 29
18 31
18 35
18 36
18 38
18 40
18 43
18 44
18 47
18 48
18 49
18 50
18 51
18 52
18 55
18 57
18 58
18 61
18 62
18 63
18 65
18 67
18 68
18 71
18 76
18 77
18 78
18 82
18 83
18 86
18 87
18 88
18 89
18 91
18 92
18 93
18 96
18 97
18 99
18 100
18 101
18 102
18 104
18 105
18 108
18 109
18 110
18 115
18 117
18 118
18 120
18 124
18 125
18 127
18 129
18 132
18 135
18 138
18 139
18 142
18 143
18 144
18 147
18 148
18 149
19 20
19 23
19 25
19 26
19 28
19 29
19 30
19 31
19 34
19 35
19 36
19 37
19 38
19 39
19 40
19 42
19 46
19 50
19 52
19 54
19 55
19 56
19 57
19 60
19 61
19 66
19 67
19 68
19 70
19 76
19 77
19 80
19 81
19 82
19 83
19 85
19 86
19 87
19 92
19 93
19 96
19 97
19 100
19 103
19 105
19 109
19 110
19 111
19 112
19 115
19 117
19 118
19 119
19 123
19 124
19 125
19 127
19 128
19 129
19 131
19 133
19 135
19 137
19 139
19 141
19 142
19 143
19 144
19 145
20 21
20 27
20 28
20 29
20 30
20 31
20 33
20 36
20 38
20 41
20 44
20 46
20 48
20 51
20 54
20 55
20 56
20 58
20 59
20 61
20 62
20 64
20 66
20 68
20 71
20 76
20 82
20 84
20 85
20 88
20 90
20 91
20 92
20 93
20 94
20 96
20 98
20 101
20 102
20 108
20 110
20 113
20 116
20 119
20 120
20 121
20 122
20 126
20 129
20 135
20 137
20 141
20 142
20 143
20 145
20 146
20 147
21 22
21 23
21 27
21 28
21 29
21 30
21 34
21 35
21 37
21 38
21 40
21 43
21 45
21 48
21 55
21 57
21 58
21 59
21 61
21 63
21 66
21 69
21 71
21 72
21 74
21 76
21 77
21 81
21 83
21 84
21 85
21 86
21 88
21 91
21 92
21 94
21 95
21 96
21 97
21 99
21 100
21 105
21 110
21 111
21 112
21 115
21 116
21 118
21 119
21 124
21 125
21 126
21 128
21 130
21 131
21 134
21 136
21 138
21 140
21 141
21 142
21 147
21 148
21 149
22 24
22 25
22 27
22 28
22 30
22 31
22 34
22 35
22 37
22 43
22 44
22 46
22 47
22 48
22 51
22 53
22 56
22 59
22 60
22 62
22 63
22 65
22 66
22 68
22 73
22 77
22 78
22 81
22 82
22 84
22 85
22 89
22 91
22 92
22 94
22 96
22 97
22 100
22 101
22 103
22 105
22 109
22 110
22 112
22 115
22 116
22 123
22 124
22 125
22 129
22 131
22 133
22 135
22 136
22 139
22 141
22 143
22 144
22 146
23 24
23 26
23 27
23 28
23 30
23 32
23 34
23 35
23 36
23 39
23 41
23 42
23 44
23 45
23 47
23 50
23 52
23 55
23 56
23 57
23 58
23 61
23 64
23 65
23 66
23 67
23 73
23 77
23 78
23 82
23 83
23 87
23 89
23 92
23 93
23 94
23 97
23 98
23 102
23 103
23 104
23 105
23 106
23 109
23 112
23 113
23 115
23 118
23 119
23 120
23 126
23 130
23 132
23 139
23 144
23 146
23 148
24 26
24 27
24 30
24 33
24 36
24 39
24 41
24 43
24 44
24 46
24 48
24 50
24 52
24 55
24 57
24 58
24 60
24 61
24 64
24 68
24 70
24 72
24 73
24 75
24 76
24 78
24 80
24 81
24 82
24 83
24 86
24 87
24 88
24 89
24 92
24 96
24 98
24 99
24 101
24 103
24 104
24 105
24 108
24 111
24 113
24 115
24 117
24 118
24 120
24 124
24 126
24 127
24 128
24 131
24 134
24 136
24 137
24 139
24 143
24 145
24 147
24 148
25 26
25 27
25 29
25 30
25 31
25 34
25 38
25 41
25 42
25 43
25 46
25 48
25 50
25 51
25 52
25 56
25 58
25 59
25 60
25 65
25 66
25 67
25 68
25 69
25 72
25 81
25 83
25 88
25 89
25 90
25 91
25 93
25 94
25 95
25 101
25 104
25 105
25 106
25 107
25 108
25 109
25 110
25 111
25 114
25 115
25 117
25 120
25 123
25 127
25 128
25 129
25 130
25 131
25 133
25 134
25 136
25 140
25 141
25 144
26 28
26 29
26 30
26 31
26 32
26 33
26 35
26 36
26 37
26 38
26 40
26 41
26 47
26 48
26 52
26 55
26 57
26 58
26 60
26 65
26 66
26 68
26 71
26 72
26 74
26 75
26 76
26 77
26 78
26 81
26 83
26 86
26 87
26 91
26 94
26 100
26 102
26 108
26 109
26 110
26 113
26 115
26 116
26 117
26 123
26 124
26 126
26 128
26 129
26 132
26 133
26 136
26 138
26 139
26 142
26 143
26 144
26 146
26 149
27 28
27 30
27 33
27 34
27 35
27 38
27 42
27 43
27 46
27 47
27 48
27 49
27 54
27 56
27 58
27 61
27 62
27 64
27 66
27 68
27 70
27 71
27 72
27 74
27 76
27 78
27 80
27 83
27 84
27 90
27 92
27 95
27 96
27 100
27 102
27 104
27 105
27 107
27 109
27 110
27 113
27 114
27 116
27 117
27 119
27 123
27 127
27 128
27 129
27 131
27 132
27 133
27 136
27 137
27 138
27 141
27 142
27 146
27 147
27 148
27 149
28 29
28 31
28 33
28 35
28 37
28 39
28 42
28 44
28 45
28 49
28 50
28 52
28 54
28 55
28 56
28 57
28 58
28 59
28 60
28 61
28 62
28 63
28 64
28 65
28 66
28 67
28 68
28 69
28 71
28 73
28 74
28 75
28 77
28 79
28 80
28 81
28 82
28 90
28 91
28 93
28 94
28 100
28 103
28 104
28 105
28 107
28 109
28 110
28 111
28 115
28 118
28 119
28 121
28 122
28 123
28 124
28 129
28 131
28 132
28 135
28 137
28 139
28 140
28 143
28 144
28 145
28 146
28 148
28 149
29 30
29 32
29 36
29 38
29 39
29 40
29 41
29 42
29 44
29 46
29 49
29 50
29 52
29 53
29 54
29 55
29 59
29 60
29 61
29 65
29 66
29 72
29 74
29 75
29 76
29 77
29 78
29 79
29 81
29 85
29 86
29 88
29 90
29 91
29 92
29 94
29 97
29 98
29 100
29 101
29 109
29 110
29 111
29 112
29 116
29 120
29 121
29 122
29 123
29 124
29 127
29 129
29 130
29 131
29 133
29 134
29 135
29 136
29 138
29 139
29 141
29 142
29 143
29 148
30 33
30 34
30 38
30 39
30 42
30 43
30 46
30 47
30 50
30 53
30 58
30 59
30 60
30 61
30 62
30 63
30 66
30 67
30 68
30 69
30 70
30 72
30 73
30 76
30 78
30 84
30 86
30 88
30 93
30 94
30 95
30 97
30 99
30 102
30 104
30 105
30 107
30 108
30 110
30 113
30 116
30 117
30 118
30 122
30 123
30 124
30 125
30 126
30 128
30 129
30 134
30 138
30 139
30 140
30 143
30 145
31 32
31 36
31 41
31 44
31 46
31 49
31 50
31 51
31 54
31 55
31 57
31 60
31 67
31 68
31 71
31 72
31 76
31 84
31 87
31 88
31 89
31 90
31 93
31 94
31 97
31 99
31 102
31 103
31 106
31 107
31 108
31 109
31 110
31 111
31 112
31 113
31 114
31 115
31 117
31 119
31 122
31 125
31 132
31 133
31 135
31 136
31 142
31 144
31 145
31 146
31 147
31 148
31 149
32 33
32 35
32 37
32 40
32 42
32 44
32 47
32 51
32 52
32 53
32 54
32 57
32 60
32 61
32 62
32 63
32 65
32 73
32 76
32 77
32 78
32 79
32 80
32 81
32 82
32 86
32 88
32 90
32 92
32 95
32 96
32 97
32 101
32 102
32 103
32 105
32 107
32 108
32 110
32 112
32 115
32 116
32 117
32 118
32 121
32 122
32 123
32 124
32 125
32 127
32 128
32 129
32 130
32 133
32 134
32 137
32 138
32 142
32 148
32 149
33 35
33 38
33 39
33 41
33 44
33 45
33 50
33 52
33 56
33 57
33 58
33 59
33 60
33 61
33 62
33 63
33 65
33 67
33 68
33 70
33 71
33 73
33 74
33 76
33 78
33 79
33 80
33 82
33 83
33 84
33 90
33 93
33 94
33 97
33 98
33 100
33 101
33 102
33 103
33 105
33 106
33 107
33 108
33 110
33 111
33 112
33 114
33 119
33 120
33 122
33 123
33 126
33 130
33 132
33 133
33 134
33 141
33 143
33 145
33 146
33 147
34 35
34 37
34 38
34 40
34 41
34 42
34 43
34 44
34 45
34 47
34 51
34 52
34 54
34 55
34 56
34 57
34 59
34 62
34 63
34 66
34 68
34 70
34 82
34 83
34 85
34 89
34 92
34 95
34 97
34 99
34 100
34 102
34 103
34 114
34 115
34 120
34 124
34 130
34 132
34 134
34 136
34 140
34 142
34 143
34 147
34 148
34 149
35 40
35 42
35 45
35 46
35 51
35 52
35 55
35 59
35 61
35 66
35 67
35 69
35 70
35 73
35 74
35 75
35 76
35 78
35 80
35 81
35 82
35 84
35 89
35 90
35 92
35 94
35 95
35 96
35 97
35 99
35 104
35 106
35 107
35 108
35 110
35 111
35 112
35 113
35 116
35 118
35 121
35 123
35 126
35 127
35 128
35 129
35 130
35 131
35 132
35 138
35 143
35 144
35 148
36 37
36 39
36 40
36 42
36 43
36 44
36 45
36 47
36 50
36 51
36 52
36 54
36 57
36 58
36 59
36 60
36 61
36 64
36 65
36 66
36 67
36 68
36 69
36 73
36 76
36 80
36 82
36 83
36 84
36 86
36 88
36 89
36 90
36 91
36 92
36 93
36 94
36 98
36 99
36 100
36 101
36 102
36 104
36 107
36 108
36 114
36 117
36 120
36 122
36 125
36 126
36 128
36 129
36 130
36 134
36 135
36 136
36 138
36 139
36 140
36 141
36 142
36 149
37 38
37 39
37 40
37 41
37 42
37 43
37 45
37 47
37 51
37 55
37 57
37 58
37 60
37 62
37 66
37 68
37 70
37 72
37 74
37 77
37 79
37 80
37 83
37 85
37 86
37 87
37 89
37 95
37 97
37 100
37 101
37 102
37 105
37 108
37 109
37 111
37 112
37 113
37 114
37 115
37 116
37 117
37 119
37 127
37 128
37 131
37 133
37 135
37 139
37 140
37 142
37 145
37 148
38 39
38 40
38 41
38 42
38 43
38 50
38 51
38 54
38 56
38 58
38 59
38 61
38 63
38 64
38 70
38 71
38 76
38 77
38 79
38 80
38 81
38 83
38 85
38 88
38 89
38 91
38 94
38 95
38 96
38 97
38 98
38 100
38 101
38 103
38 104
38 109
38 115
38 116
38 118
38 120
38 121
38 127
38 128
38 129
38 131
38 138
38 140
38 142
38 143
38 144
38 148
39 40
39 42
39 45
39 47
39 49
39 52
39 53
39 56
39 58
39 63
39 65
39 66
39 67
39 72
39 74
39 79
39 81
39 83
39 84
39 87
39 88
39 89
39 96
39 98
39 100
39 102
39 103
39 105
39 106
39 107
39 108
39 112
39 114
39 115
39 116
39 120
39 121
39 122
39 123
39 126
39 127
39 129
39 132
39 133
39 134
39 139
39 140
39 141
39 144
39 145
39 148
40 41
40 42
40 43
40 45
40 46
40 47
40 48
40 49
40 50
40 51
40 52
40 56
40 59
40 60
40 61
40 62
40 66
40 67
40 68
40 69
40 74
40 76
40 80
40 81
40 82
40 84
40 85
40 86
40 87
40 88
40 89
40 91
40 92
40 94
40 96
40 97
40 98
40 99
40 101
40 102
40 106
40 107
40 108
40 112
40 116
40 117
40 118
40 120
40 124
40 125
40 128
40 130
40 131
40 133
40 135
40 138
40 143
40 144
40 145
40 146
41 42
41 46
41 48
41 49
41 52
41 54
41 55
41 56
41 59
41 60
41 61
41 62
41 63
41 66
41 67
41 73
41 75
41 77
41 81
41 82
41 83
41 85
41 86
41 87
41 88
41 89
41 90
41 92
41 94
41 95
41 96
41 103
41 104
41 105
41 108
41 109
41 111
41 114
41 116
41 117
41 123
41 124
41 125
41 127
41 128
41 129
41 132
41 135
41 137
41 138
41 140
41 141
41 143
41 144
41 145
41 146
41 147
41 148
41 149
42 49
42 50
42 51
42 53
42 56
42 57
42 58
42 59
42 60
42 61
42 62
42 74
42 76
42 77
42 78
42 84
42 86
42 87
42 88
42 95
42 98
42 99
42 101
42 103
42 105
42 107
42 108
42 109
42 110
42 111
42 113
42 117
42 120
42 125
42 126
42 127
42 128
42 130
42 132
42 134
42 136
42 137
42 138
42 142
42 144
42 146
42 148
42 149
43 44
43 48
43 49
43 51
43 53
43 54
43 57
43 59
43 60
43 62
43 65
43 67
43 68
43 69
43 70
43 76
43 81
43 83
43 84
43 90
43 91
43 93
43 96
43 98
43 106
43 111
43 112
43 113
43 114
43 116
43 118
43 119
43 122
43 123
43 126
43 127
43 129
43 134
43 136
43 139
43 143
43 147
43 148
43 149
44 45
44 46
44 47
44 48
44 50
44 52
44 53
44 55
44 56
44 57
44 63
44 64
44 68
44 71
44 73
44 75
44 78
44 82
44 87
44 91
44 93
44 96
44 98
44 99
44 100
44 104
44 105
44 108
44 115
44 121
44 123
44 124
44 127
44 128
44 129
44 134
44 136
44 139
44 140
44 144
44 146
44 149
45 47
45 48
45 51
45 56
45 59
45 67
45 68
45 69
45 71
45 75
45 76
45 79
45 80
45 82
45 83
45 84
45 92
45 93
45 96
45 97
45 98
45 99
45 100
45 101
45 103
45 104
45 105
45 107
45 108
45 109
45 110
45 111
45 112
45 118
45 123
45 124
45 126
45 129
45 131
45 134
45 135
45 136
45 141
45 142
45 146
45 148
46 47
46 48
46 50
46 51
46 52
46 53
46 56
46 61
46 63
46 65
46 67
46 68
46 70
46 73
46 75
46 79
46 81
46 86
46 89
46 90
46 92
46 93
46 94
46 95
46 97
46 98
46 99
46 106
46 107
46 111
46 112
46 113
46 115
46 116
46 117
46 119
46 120
46 124
46 126
46 128
46 132
46 134
46 135
46 136
46 137
46 138
46 144
47 48
47 49
47 51
47 54
47 55
47 59
47 60
47 61
47 62
47 64
47 69
47 70
47 71
47 74
47 75
47 77
47 82
47 83
47 84
47 85
47 90
47 91
47 93
47 96
47 97
47 100
47 101
47 103
47 106
47 108
47 109
47 110
47 111
47 113
47 114
47 118
47 120
47 125
47 127
47 128
47 134
47 136
47 137
47 141
47 145
47 146
47 148
47 149
48 49
48 51
48 53
48 57
48 59
48 65
48 69
48 70
48 71
48 72
48 73
48 79
48 81
48 83
48 85
48 88
48 89
48 91
48 96
48 97
48 98
48 99
48 101
48 103
48 104
48 107
48 108
48 113
48 115
48 117
48 118
48 119
48 120
48 122
48 123
48 124
48 125
48 126
48 127
48 130
48 133
48 134
48 137
48 138
48 141
48 144
48 145
48 146
48 147
48 148
49 50
49 51
49 54
49 57
49 59
49 60
49 63
49 64
49 65
49 66
49 67
49 70
49 78
49 80
49 81
49 83
49 85
49 89
49 90
49 97
49 98
49 99
49 100
49 102
49 103
49 104
49 106
49 108
49 111
49 112
49 114
49 117
49 119
49 122
49 125
49 129
49 130
49 132
49 133
49 134
49 136
49 141
49 143
49 144
49 146
49 147
49 149
50 51
50 52
50 53
50 54
50 58
50 59
50 62
50 65
50 66
50 67
50 68
50 70
50 73
50 76
50 77
50 83
50 84
50 92
50 93
50 94
50 97
50 98
50 100
50 101
50 102
50 105
50 109
50 112
50 116
50 120
50 123
50 125
50 127
50 131
50 132
50 135
50 138
50 139
50 140
50 142
50 145
51 53
51 56
51 57
51 58
51 59
51 60
51 61
51 63
51 64
51 66
51 67
51 68
51 70
51 71
51 74
51 75
51 76
51 77
51 80
51 82
51 86
51 87
51 88
51 91
51 98
51 100
51 101
51 103
51 106
51 108
51 113
51 114
51 115
51 117
51 118
51 127
51 136
51 140
51 142
51 143
51 148
52 53
52 54
52 57
52 59
52 60
52 63
52 65
52 66
52 67
52 68
52 71
52 72
52 73
52 74
52 75
52 78
52 79
52 80
52 84
52 86
52 89
52 90
52 91
52 92
52 93
52 95
52 97
52 99
52 102
52 103
52 104
52 105
52 106
52 110
52 111
52 112
52 115
52 117
52 118
52 123
52 124
52 125
52 129
52 130
52 133
52 135
52 137
52 138
52 139
52 140
52 144
52 146
52 149
53 55
53 56
53 57
53 58
53 62
53 63
53 65
53 67
53 68
53 69
53 72
53 74
53 76
53 78
53 79
53 81
53 82
53 83
53 84
53 86
53 87
53 88
53 92
53 94
53 95
53 98
53 101
53 102
53 104
53 105
53 106
53 107
53 113
53 118
53 120
53 121
53 122
53 124
53 125
53 130
53 131
53 133
53 134
53 135
53 136
53 139
53 141
53 143
53 144
53 147
53 149
54 57
54 58
54 59
54 60
54 61
54 64
54 65
54 66
54 67
54 70
54 72
54 73
54 74
54 75
54 76
54 77
54 79
54 80
54 82
54 83
54 84
54 86
54 87
54 93
54 94
54 95
54 97
54 99
54 100
54 101
54 103
54 104
54 107
54 110
54 113
54 115
54 117
54 119
54 123
54 124
54 126
54 128
54 129
54 130
54 132
54 135
54 136
54 141
54 143
54 145
54 146
54 147
55 56
55 57
55 58
55 59
55 62
55 64
55 71
55 72
55 74
55 76
55 77
55 78
55 84
55 86
55 88
55 89
55 90
55 92
55 94
55 96
55 99
55 101
55 105
55 108
55 109
55 112
55 113
55 116
55 118
55 122
55 123
55 124
55 126
55 127
55 129
55 132
55 133
55 135
55 136
55 137
55 141
55 142
55 144
55 145
55 146
55 147
55 149
56 58
56 59
56 60
56 61
56 62
56 64
56 66
56 69
56 70
56 71
56 74
56 75
56 77
56 78
56 84
56 86
56 87
56 93
56 94
56 96
56 99
56 100
56 101
56 104
56 105
56 106
56 107
56 108
56 109
56 110
56 111
56 113
56 114
56 116
56 117
56 119
56 120
56 123
56 125
56 127
56 131
56 133
56 134
56 135
56 136
56 139
56 140
56 141
56 145
56 147
56 148
57 58
57 59
57 61
57 64
57 65
57 66
57 68
57 69
57 70
57 71
57 73
57 74
57 77
57 78
57 80
57 81
57 82
57 84
57 85
57 87
57 89
57 92
57 93
57 96
57 99
57 100
57 101
57 105
57 106
57 107
57 108
57 115
57 116
57 121
57 124
57 127
57 131
57 132
57 133
57 134
57 135
57 136
57 139
57 143
57 145
57 148
57 149
58 59
58 61
58 66
58 67
58 68
58 69
58 73
58 74
58 76
58 77
58 79
58 80
58 82
58 83
58 86
58 89
58 92
58 95
58 96
58 97
58 98
58 103
58 106
58 107
58 108
58 109
58 110
58 111
58 112
58 115
58 116
58 119
58 125
58 131
58 132
58 134
58 138
58 139
58 140
58 142
58 144
58 147
58 149
59 60
59 64
59 69
59 70
59 71
59 74
59 78
59 82
59 83
59 84
59 87
59 88
59 89
59 91
59 94
59 96
59 98
59 99
59 100
59 107
59 108
59 109
59 110
59 111
59 112
59 114
59 117
59 119
59 120
59 121
59 122
59 126
59 128
59 129
59 130
59 131
59 133
59 135
59 137
59 138
59 139
59 140
59 141
60 62
60 67
60 69
60 70
60 72
60 73
60 74
60 76
60 78
60 83
60 84
60 85
60 86
60 87
60 89
60 90
60 91
60 92
60 94
60 97
60 98
60 100
60 102
60 105
60 109
60 111
60 113
60 114
60 119
60 122
60 129
60 130
60 131
60 132
60 133
60 134
60 135
60 136
60 137
60 139
60 142
60 145
60 146
60 148
60 149
61 62
61 63
61 65
61 66
61 68
61 69
61 70
61 72
61 74
61 76
61 80
61 81
61 83
61 84
61 85
61 91
61 96
61 98
61 100
61 101
61 102
61 107
61 108
61 110
61 113
61 115
61 117
61 118
61 120
61 124
61 128
61 132
61 133
61 139
61 140
61 141
61 144
61 147
61 148
62 64
62 67
62 68
62 72
62 74
62 76
62 80
62 82
62 84
62 88
62 90
62 91
62 94
62 96
62 97
62 98
62 99
62 101
62 102
62 104
62 112
62 113
62 114
62 115
62 118
62 119
62 120
62 121
62 123
62 126
62 128
62 130
62 135
62 138
62 139
62 142
62 143
62 145
62 146
62 147
62 148
62 149
63 65
63 66
63 67
63 68
63 69
63 70
63 72
63 73
63 74
63 75
63 76
63 77
63 81
63 88
63 90
63 91
63 93
63 95
63 96
63 97
63 99
63 101
63 103
63 105
63 108
63 110
63 112
63 116
63 117
63 118
63 121
63 122
63 123
63 124
63 130
63 134
63 135
63 136
63 139
63 141
63 142
63 143
63 144
63 145
63 147
63 148
63 149
64 66
64 68
64 69
64 70
64 73
64 74
64 75
64 77
64 78
64 80
64 81
64 83
64 87
64 90
64 96
64 97
64 99
64 101
64 102
64 103
64 104
64 105
64 109
64 110
64 115
64 116
64 117
64 119
64 121
64 122
64 125
64 126
64 130
64 131
64 134
64 135
64 137
64 143
64 146
64 147
64 148
64 149
65 67
65 70
65 72
65 81
65 83
65 84
65 85
65 86
65 87
65 89
65 90
65 94
65 96
65 97
65 98
65 100
65 109
65 110
65 114
65 115
65 117
65 118
65 119
65 121
65 122
65 124
65 125
65 126
65 129
65 130
65 131
65 133
65 134
65 135
65 138
65 141
65 143
65 148
66 68
66 69
66 70
66 71
66 72
66 73
66 74
66 76
66 77
66 79
66 80
66 81
66 83
66 85
66 91
66 93
66 94
66 95
66 97
66 98
66 99
66 102
66 104
66 105
66 110
66 113
66 114
66 122
66 127
66 131
66 135
66 138
66 139
66 140
66 141
66 142
66 144
66 145
67 69
67 70
67 72
67 73
67 74
67 80
67 81
67 83
67 84
67 85
67 89
67 92
67 96
67 99
67 101
67 103
67 107
67 108
67 109
67 110
67 113
67 114
67 116
67 117
67 118
67 119
67 120
67 124
67 125
67 126
67 128
67 129
67 130
67 132
67 133
67 136
67 137
67 139
67 140
67 141
67 144
67 146
67 147
68 72
68 74
68 77
68 79
68 80
68 82
68 83
68 85
68 89
68 91
68 93
68 94
68 96
68 98
68 99
68 105
68 108
68 109
68 111
68 112
68 113
68 114
68 115
68 116
68 117
68 120
68 123
68 128
68 129
68 131
68 133
68 134
68 136
68 139
68 141
68 142
68 143
68 144
68 145
68 148
69 70
69 75
69 77
69 78
69 80
69 81
69 85
69 86
69 89
69 91
69 94
69 96
69 98
69 99
69 100
69 106
69 107
69 108
69 109
69 113
69 114
69 115
69 116
69 117
69 119
69 121
69 124
69 125
69 128
69 133
69 134
69 135
69 136
69 138
69 143
69 146
69 148
69 149
70 71
70 77
70 80
70 82
70 85
70 87
70 88
70 89
70 90
70 91
70 92
70 94
70 96
70 100
70 101
70 103
70 105
70 109
70 111
70 112
70 115
70 116
70 117
70 118
70 119
70 120
70 121
70 127
70 130
70 131
70 133
70 134
70 137
70 140
70 142
70 143
70 146
71 73
71 75
71 76
71 77
71 78
71 80
71 83
71 84
71 86
71 88
71 89
71 90
71 92
71 93
71 95
71 96
71 97
71 99
71 100
71 102
71 104
71 105
71 106
71 107
71 109
71 111
71 116
71 118
71 121
71 123
71 125
71 126
71 127
71 129
71 131
71 132
71 134
71 137
71 139
71 140
71 141
71 142
71 144
71 146
72 78
72 79
72 82
72 83
72 85
72 89
72 92
72 95
72 96
72 97
72 100
72 101
72 102
72 103
72 104
72 105
72 106
72 109
72 111
72 115
72 116
72 117
72 118
72 121
72 122
72 123
72 124
72 126
72 128
72 129
72 131
72 132
72 133
72 134
72 135
72 136
72 138
72 149
73 74
73 76
73 80
73 81
73 82
73 84
73 85
73 86
73 87
73 89
73 91
73 93
73 94
73 96
73 97
73 98
73 99
73 100
73 101
73 102
73 105
73 107
73 108
73 113
73 114
73 115
73 116
73 121
73 125
73 126
73 127
73 128
73 130
73 136
73 138
73 140
73 143
73 144
73 145
73 146
73 148
74 75
74 81
74 83
74 85
74 86
74 88
74 92
74 93
74 94
74 97
74 98
74 102
74 103
74 104
74 107
74 108
74 110
74 113
74 115
74 116
74 117
74 119
74 123
74 124
74 125
74 126
74 127
74 128
74 129
74 132
74 133
74 135
74 137
74 139
74 140
74 141
74 146
74 147
74 148
75 77
75 78
75 81
75 83
75 84
75 85
75 86
75 88
75 89
75 91
75 94
75 95
75 96
75 97
75 108
75 110
75 111
75 114
75 117
75 120
75 121
75 122
75 127
75 128
75 129
75 130
75 131
75 133
75 136
75 137
75 141
75 143
75 144
75 145
75 147
75 149
76 78
76 80
76 82
76 83
76 85
76 88
76 90
76 92
76 93
76 94
76 96
76 97
76 98
76 99
76 100
76 102
76 103
76 106
76 108
76 109
76 112
76 114
76 117
76 118
76 119
76 120
76 121
76 126
76 127
76 128
76 129
76 132
76 134
76 135
76 137
76 138
76 139
76 140
76 141
76 143
76 144
76 147
76 149
77 82
77 83
77 84
77 85
77 86
77 88
77 89
77 90
77 92
77 93
77 96
77 97
77 98
77 99
77 101
77 106
77 107
77 108
77 110
77 112
77 113
77 114
77 120
77 122
77 123
77 124
77 125
77 126
77 127
77 128
77 130
77 131
77 135
77 136
77 139
77 140
77 142
77 143
77 146
77 147
77 148
77 149
78 79
78 81
78 84
78 85
78 86
78 89
78 91
78 96
78 97
78 100
78 102
78 103
78 105
78 111
78 113
78 114
78 115
78 118
78 119
78 120
78 124
78 128
78 129
78 130
78 131
78 132
78 137
78 140
78 142
78 143
78 144
78 146
78 148
78 149
79 81
79 82
79 85
79 87
79 88
79 91
79 93
79 94
79 99
79 100
79 101
79 102
79 104
79 106
79 107
79 109
79 110
79 112
79 113
79 114
79 115
79 116
79 121
79 122
79 124
79 126
79 130
79 131
79 133
79 135
79 136
79 137
79 138
79 139
79 142
79 143
79 144
79 145
79 146
79 149
80 81
80 82
80 83
80 84
80 86
80 92
80 94
80 96
80 100
80 104
80 107
80 111
80 114
80 117
80 120
80 121
80 122
80 123
80 124
80 126
80 127
80 131
80 132
80 135
80 136
80 137
80 138
80 144
80 145
80 146
81 83
81 89
81 93
81 94
81 98
81 100
81 102
81 104
81 107
81 110
81 111
81 112
81 113
81 116
81 117
81 119
81 121
81 124
81 125
81 126
81 130
81 133
81 134
81 136
81 141
81 142
81 144
81 145
81 148
81 149
82 85
82 87
82 89
82 91
82 92
82 93
82 94
82 95
82 97
82 98
82 99
82 106
82 107
82 108
82 110
82 111
82 114
82 120
82 121
82 126
82 127
82 131
82 132
82 134
82 136
82 139
82 143
82 144
82 146
82 147
82 148
83 84
83 87
83 88
83 89
83 90
83 91
83 92
83 93
83 94
83 96
83 97
83 98
83 100
83 103
83 104
83 105
83 108
83 110
83 111
83 113
83 114
83 118
83 119
83 121
83 123
83 125
83 127
83 137
83 139
83 140
83 141
83 142
83 145
83 146
83 148
83 149
84 86
84 92
84 93
84 94
84 95
84 96
84 97
84 102
84 105
84 106
84 108
84 111
84 114
84 118
84 119
84 120
84 121
84 128
84 130
84 132
84 133
84 134
84 137
84 139
84 140
84 144
84 145
84 147
84 148
84 149
85 87
85 91
85 94
85 99
85 103
85 104
85 105
85 107
85 108
85 110
85 111
85 117
85 118
85 123
85 125
85 127
85 130
85 131
85 133
85 134
85 137
85 139
85 141
85 146
86 87
86 90
86 94
86 95
86 96
86 98
86 101
86 102
86 103
86 104
86 107
86 109
86 110
86 111
86 113
86 114
86 118
86 122
86 128
86 130
86 132
86 133
86 134
86 135
86 138
86 140
86 141
86 146
86 149
87 88
87 90
87 92
87 93
87 94
87 95
87 97
87 100
87 101
87 102
87 103
87 105
87 106
87 109
87 112
87 114
87 116
87 117
87 118
87 119
87 121
87 122
87 123
87 125
87 126
87 128
87 131
87 132
87 133
87 134
87 135
87 136
87 137
87 138
87 139
87 140
87 142
87 144
87 148
88 90
88 91
88 92
88 94
88 96
88 100
88 102
88 103
88 105
88 106
88 107
88 108
88 109
88 113
88 117
88 121
88 125
88 126
88 128
88 129
88 130
88 131
88 132
88 135
88 137
88 144
88 145
88 146
88 147
88 148
88 149
89 91
89 94
89 95
89 96
89 102
89 103
89 104
89 105
89 106
89 107
89 108
89 109
89 112
89 113
89 116
89 117
89 119
89 122
89 123
89 127
89 128
89 133
89 136
89 138
89 139
89 144
89 147
89 148
89 149
90 93
90 97
90 98
90 100
90 101
90 102
90 103
90 107
90 110
90 111
90 113
90 115
90 116
90 117
90 119
90 120
90 124
90 127
90 128
90 130
90 133
90 136
90 137
90 139
90 140
90 143
90 144
90 145
90 147
90 149
91 95
91 96
91 99
91 100
91 101
91 102
91 103
91 107
91 109
91 111
91 113
91 114
91 116
91 119
91 121
91 124
91 125
91 126
91 127
91 128
91 130
91 131
91 138
91 139
91 142
91 143
91 144
91 147
91 148
92 95
92 96
92 97
92 100
92 101
92 102
92 105
92 108
92 109
92 110
92 111
92 117
92 120
92 122
92 130
92 131
92 133
92 135
92 137
92 139
92 141
92 142
92 143
92 144
92 145
92 146
92 147
93 95
93 96
93 97
93 99
93 100
93 106
93 110
93 111
93 113
93 115
93 117
93 118
93 119
93 121
93 124
93 125
93 127
93 129
93 130
93 133
93 135
93 136
93 137
93 139
93 142
93 145
93 146
94 95
94 96
94 97
94 100
94 102
94 104
94 106
94 108
94 111
94 114
94 115
94 117
94 118
94 119
94 120
94 122
94 123
94 126
94 127
94 128
94 129
94 130
94 131
94 132
94 133
94 137
94 139
94 140
94 141
94 142
94 144
94 146
95 103
95 105
95 108
95 109
95 111
95 112
95 116
95 117
95 121
95 123
95 125
95 126
95 127
95 128
95 130
95 133
95 134
95 135
95 137
95 138
95 139
95 141
95 142
95 143
95 149
96 97
96 98
96 100
96 102
96 104
96 107
96 108
96 112
96 114
96 116
96 118
96 119
96 120
96 122
96 123
96 126
96 127
96 128
96 131
96 133
96 135
96 138
96 139
96 141
96 148
96 149
97 98
97 102
97 103
97 106
97 108
97 109
97 110
97 120
97 121
97 123
97 124
97 125
97 127
97 130
97 131
97 132
97 133
97 135
97 136
97 138
97 139
97 143
97 144
97 145
97 146
97 147
97 148
97 149
98 99
98 105
98 108
98 111
98 112
98 114
98 118
98 120
98 122
98 127
98 128
98 129
98 132
98 134
98 137
98 138
98 139
98 140
98 141
98 142
98 143
98 144
98 145
98 148
99 100
99 101
99 102
99 104
99 107
99 112
99 114
99 118
99 121
99 122
99 123
99 124
99 125
99 127
99 129
99 132
99 133
99 134
99 136
99 137
99 138
99 139
99 143
99 147
99 148
99 149
100 103
100 105
100 106
100 109
100 110
100 113
100 119
100 123
100 124
100 127
100 128
100 130
100 131
100 132
100 135
100 136
100 137
100 139
100 141
100 142
100 144
100 145
100 146
100 148
100 149
101 102
101 104
101 105
101 106
101 109
101 115
101 117
101 123
101 124
101 125
101 127
101 128
101 131
101 132
101 133
101 134
101 135
101 138
101 139
101 140
101 141
101 143
101 144
101 146
101 148
102 103
102 104
102 106
102 107
102 108
102 109
102 114
102 115
102 116
102 118
102 119
102 120
102 126
102 127
102 128
102 129
102 131
102 132
102 135
102 136
102 137
102 140
102 141
102 143
102 144
102 145
102 146
103 104
103 105
103 107
103 108
103 110
103 113
103 115
103 118
103 121
103 123
103 124
103 125
103 127
103 128
103 129
103 131
103 132
103 135
103 138
103 139
103 141
103 142
103 144
103 147
103 148
104 107
104 108
104 109
104 111
104 113
104 114
104 116
104 117
104 118
104 120
104 123
104 125
104 133
104 134
104 135
104 136
104 138
104 139
104 144
104 147
104 148
105 107
105 108
105 109
105 112
105 121
105 123
105 124
105 125
105 126
105 129
105 130
105 131
105 132
105 134
105 135
105 136
105 137
105 138
105 142
105 149
106 107
106 108
106 109
106 112
106 113
106 114
106 115
106 117
106 119
106 123
106 128
106 129
106 131
106 134
106 135
106 138
106 139
106 143
106 148
107 110
107 114
107 115
107 116
107 117
107 118
107 120
107 123
107 125
107 126
107 127
107 130
107 131
107 132
107 133
107 134
107 135
107 137
107 138
107 143
107 144
108 110
108 111
108 112
108 113
108 115
108 117
108 122
108 126
108 127
108 130
108 134
108 135
108 137
108 141
108 142
108 143
108 144
108 145
108 147
108 149
109 110
109 111
109 112
109 117
109 118
109 120
109 122
109 123
109 125
109 126
109 132
109 133
109 134
109 139
109 140
109 143
109 145
109 147
110 111
110 113
110 114
110 115
110 118
110 119
110 120
110 121
110 122
110 123
110 125
110 126
110 127
110 129
110 132
110 133
110 136
110 138
110 139
110 141
110 143
110 144
110 145
110 147
110 148
111 116
111 119
111 121
111 125
111 128
111 129
111 130
111 133
111 134
111 135
111 136
111 137
111 138
111 139
111 141
111 142
111 143
111 144
111 146
111 147
112 113
112 114
112 115
112 116
112 117
112 121
112 122
112 124
112 125
112 126
112 128
112 129
112 130
112 132
112 133
112 138
112 139
112 140
112 143
112 144
112 145
112 147
112 148
113 115
113 116
113 117
113 119
113 120
113 122
113 124
113 125
113 126
113 128
113 130
113 132
113 134
113 137
113 139
113 141
113 144
113 145
113 147
113 149
114 120
114 124
114 125
114 126
114 127
114 130
114 134
114 139
114 142
114 146
114 147
115 116
115 117
115 122
115 126
115 127
115 131
115 132
115 134
115 135
115 138
115 141
115 144
115 146
115 147
115 149
116 117
116 118
116 119
116 124
116 125
116 127
116 129
116 131
116 135
116 136
116 139
116 142
116 143
116 144
117 118
117 122
117 124
117 125
117 127
117 128
117 129
117 131
117 132
117 134
117 136
117 138
117 139
117 143
117 144
117 146
117 147
117 148
118 119
118 120
118 121
118 125
118 126
118 127
118 128
118 129
118 130
118 131
118 133
118 134
118 135
118 136
118 137
118 138
118 139
118 141
118 145
118 147
118 148
118 149
119 120
119 121
119 122
119 123
119 129
119 132
119 133
119 134
119 135
119 137
119 138
119 139
119 142
119 143
119 144
119 145
119 147
120 121
120 123
120 125
120 127
120 128
120 130
120 132
120 133
120 135
120 136
120 137
120 142
120 143
120 146
120 149
121 122
121 125
121 126
121 127
121 128
121 130
121 131
121 132
121 137
121 140
121 141
121 142
121 144
121 145
121 146
121 147
121 148
121 149
122 126
122 127
122 135
122 136
122 137
122 138
122 139
122 140
122 142
122 145
122 147
122 149
123 125
123 126
123 127
123 133
123 135
123 137
123 143
123 146
123 149
124 126
124 130
124 131
124 133
124 135
124 142
124 143
124 144
125 127
125 129
125 133
125 135
125 136
125 137
125 138
125 139
125 140
125 141
125 142
125 144
125 146
125 147
125 149
126 131
126 134
126 135
126 136
126 138
126 139
126 141
126 143
126 144
126 147
126 148
126 149
127 131
127 134
127 135
127 136
127 137
127 139
127 140
127 144
127 145
127 147
127 149
128 129
128 130
128 131
128 132
128 135
128 137
128 138
128 139
128 140
128 141
128 142
128 146
128 147
129 130
129 131
129 132
129 135
129 138
129 139
129 140
129 143
129 148
129 149
130 131
130 132
130 134
130 137
130 139
130 143
130 145
130 146
130 147
130 148
130 149
131 132
131 133
131 136
131 137
131 138
131 140
131 143
131 144
131 149
132 133
132 134
132 137
132 138
132 142
132 143
132 144
132 145
133 134
133 135
133 136
133 137
133 142
133 144
133 145
133 146
133 147
134 135
134 138
134 139
134 141
134 143
134 145
134 149
135 136
135 137
135 139
135 141
135 142
135 148
135 149
136 137
136 140
136 141
136 142
136 145
136 148
136 149
137 138
137 139
137 140
137 145
138 139
138 140
138 142
138 145
138 149
139 141
139 143
139 144
139 145
139 148
139 149
140 144
140 145
140 146
140 147
141 142
141 146
141 147
142 143
142 147
142 149
143 145
143 146
143 147
145 149
146 148
146 149
147 148
148 149

1 1 1 0 1 0 1 1 0 1 1 1 1 0 1 1 1 0 0 0 1 0 0 1 1 0 1 0 0 0 0 0 1 0 1 1 1 0 1 0 0 0 0 0 0 1 0 1 1 0 0 1 0 0 0 1 0 1 1 0 0 0 0 1 1 1 1 0 0 1 1 0 1 1 1 1 0 0 1 1 1 1 0 1 1 0 0 1 1 0 1 0 1 1 0 0 0 0 0 0 0 0 0 1 1 1 1 0 1 1 0 1 1 0 1 0 1 1 0 0 0 0 0 1 0 1 0 1 1 1 0 0 1 0 0 0 1 1 0 1 0 1 1 0 1 1 0 1 0 0