50 66
0 1 2 3 4 5 6 7 8 9 10 11 12 13 14 15 16 17 18 19 20 21 22 23 24 25 26 27 28 29 30 31 32 33 34 35 36 37 38 39 40 41 42 43 44 45 46 47 48 49
0 4
0 14
0 16
0 34
0 40
0 44
0 46
0 49
1 18
1 22
1 33
1 44
2 41
2 44
3 6
3 36
5 22
6 7
6 29
6 33
6 35
6 36
6 42
7 35
7 40
7 42
7 43
8 20
8 25
8 30
8 43
9 40
9 43
10 23
10 29
10 48
11 15
11 46
12 18
12 23
12 26
13 29
14 39
15 19
15 21
15 26
16 27
16 31
16 40
16 45
17 45
18 44
18 46
19 43
24 26
25 46
26 29
26 44
27 43
28 48
30 40
33 36
33 42
34 41
38 46
40 44

1 0 1 1 1 0 1 1 0 0 0 1 0 0 1 0 0 1 1 0 0 1 0 0 1 0 1 1 0 1 0 1 0 0 1 1 1 0 1 1 0 0 1 1 0 0 0 0 1 1