250 1544
0 1 2 3 4 5 6 7 8 9 10 11 12 13 14 15 16 17 18 19 20 21 22 23 24 25 26 27 28 29 30 31 32 33 34 35 36 37 38 39 40 41 42 43 44 45 46 47 48 49 50 51 52 53 54 55 56 57 58 59 60 61 62 63 64 65 66 67 68 69 70 71 72 73 74 75 76 77 78 79 80 81 82 83 84 85 86 87 88 89 90 91 92 93 94 95 96 97 98 99 100 101 102 103 104 105 106 107 108 109 110 111 112 113 114 115 116 117 118 119 120 121 122 123 124 125 126 127 128 129 130 131 132 133 134 135 136 137 138 139 140 141 142 143 144 145 146 147 148 149 150 151 152 153 154 155 156 157 158 159 160 161 162 163 164 165 166 167 168 169 170 171 172 173 174 175 176 177 178 179 180 181 182 183 184 185 186 187 188 189 190 191 192 193 194 195 196 197 198 199 200 201 202 203 204 205 206 207 208 209 210 211 212 213 214 215 216 217 218 219 220 221 222 223 224 225 226 227 228 229 230 231 232 233 234 235 236 237 238 239 240 241 242 243 244 245 246 247 248 249
0 24
0 28
0 30
0 38
0 40
0 41
0 84
0 104
0 111
0 120
0 154
0 161
0 185
0 193
0 204
1 4
1 13
1 36
1 47
1 74
1 78
1 80
1 110
1 113
1 116
1 121
1 171
1 219
1 220
1 234
2 28
2 37
2 38
2 39
2 100
2 102
2 112
2 121
2 180
2 186
2 189
2 202
2 208
2 214
2 230
3 31
3 33
3 62
3 98
3 102
3 117
3 122
3 128
3 145
3 157
3 169
3 174
3 205
3 211
3 226
4 7
4 44
4 49
4 94
4 206
4 230
4 238
5 18
5 30
5 56
5 57
5 85
5 129
5 141
5 238
6 27
6 30
6 57
6 90
6 113
6 168
6 215
6 228
6 244
7 10
7 23
7 34
7 48
7 61
7 74
7 82
7 85
7 87
7 107
7 114
7 129
7 136
7 156
7 193
7 211
7 217
8 22
8 47
8 55
8 90
8 124
8 145
8 146
8 176
8 229
8 240
8 242
9 15
9 69
9 86
9 103
9 110
9 167
9 183
9 195
9 203
10 20
10 28
10 32
10 67
10 91
10 116
10 161
10 168
10 196
10 215
10 231
10 249
11 37
11 105
11 120
11 133
11 204
12 21
12 46
12 55
12 141
12 170
12 179
12 181
12 191
12 205
12 210
12 213
12 220
12 227
12 242
12 245
13 34
13 36
13 59
13 78
13 121
13 132
13 166
13 187
13 214
13 217
14 34
14 66
14 71
14 82
14 91
14 113
14 144
14 169
14 176
14 182
14 188
14 204
14 239
15 40
15 46
15 123
15 124
15 146
15 147
15 173
15 185
15 220
16 28
16 58
16 84
16 87
16 112
16 123
16 126
16 128
16 142
16 148
16 149
16 164
16 166
16 170
16 178
16 182
16 184
16 189
16 197
16 232
17 43
17 47
17 59
17 91
17 106
17 115
17 129
17 164
17 178
17 207
17 218
17 238
18 43
18 44
18 47
18 65
18 95
18 165
18 215
19 23
19 49
19 70
19 83
19 120
19 137
19 139
19 145
19 172
19 175
19 189
19 193
19 210
19 213
20 65
20 70
20 107
20 123
20 143
20 187
20 210
20 243
20 247
21 27
21 93
21 109
21 118
21 123
21 127
21 129
21 134
21 149
21 240
22 59
22 79
22 106
22 129
22 145
22 157
22 158
22 176
22 190
22 222
22 248
23 27
23 61
23 63
23 112
23 133
23 169
24 78
24 100
24 168
24 172
24 174
24 207
24 213
24 217
24 243
24 244
24 246
25 26
25 35
25 57
25 70
25 106
25 118
25 162
25 188
25 205
25 220
25 237
25 246
26 43
26 70
26 74
26 131
26 154
26 165
26 177
26 205
26 219
26 220
27 52
27 72
27 81
27 84
27 126
27 136
27 139
27 172
27 189
27 190
27 192
27 199
27 208
27 227
28 45
28 76
28 124
28 125
28 155
28 206
28 222
28 233
29 35
29 42
29 44
29 64
29 78
29 86
29 142
29 161
29 192
29 210
29 213
29 214
29 224
30 57
30 60
30 78
30 101
30 142
30 151
30 155
30 197
30 208
31 54
31 95
31 96
31 114
31 129
31 138
31 154
31 157
31 170
31 181
31 184
31 201
31 224
31 230
31 235
32 35
32 63
32 109
32 116
32 147
32 162
32 174
32 190
32 193
32 224
32 232
32 249
33 57
33 111
33 131
33 159
33 160
33 178
33 211
33 235
33 239
33 242
34 50
34 65
34 72
34 73
34 86
34 106
34 116
34 136
34 141
34 190
34 191
34 227
34 236
35 40
35 47
35 48
35 49
35 132
35 165
35 189
35 202
35 213
35 215
35 222
35 230
35 231
35 232
35 237
35 246
36 126
36 203
36 238
36 246
37 38
37 57
37 109
37 119
37 120
37 138
37 158
37 159
37 199
37 201
38 98
38 103
38 120
38 131
38 132
38 138
38 162
38 173
38 196
38 222
39 70
39 78
39 109
39 193
39 235
40 46
40 48
40 50
40 59
40 73
40 85
40 90
40 97
40 101
40 102
40 115
40 117
40 137
40 140
40 151
40 174
40 188
40 196
40 238
40 243
40 244
41 58
41 83
41 91
41 98
41 118
41 160
41 236
42 62
42 63
42 76
42 79
42 104
42 111
42 123
42 125
42 126
42 142
42 148
42 195
42 236
42 238
43 49
43 96
43 106
43 109
43 111
43 179
43 187
43 226
43 246
44 57
44 58
44 71
44 96
44 104
44 106
44 127
44 161
44 173
44 234
45 67
45 73
45 90
45 100
45 109
45 172
45 178
45 208
45 233
45 247
46 78
46 112
46 115
46 117
46 159
46 170
46 174
46 178
46 203
46 207
46 230
46 243
47 55
47 68
47 71
47 92
47 132
47 135
47 137
47 156
47 195
47 213
47 217
47 225
47 229
48 57
48 58
48 78
48 88
48 100
48 105
48 106
48 145
48 148
48 152
48 155
48 208
48 225
48 248
49 84
49 104
49 127
49 157
49 184
49 206
49 220
49 225
49 247
50 51
50 79
50 85
50 123
50 137
50 138
50 188
50 206
50 235
50 236
50 239
50 249
51 53
51 99
51 123
51 137
51 142
51 157
51 166
51 167
51 172
51 183
51 193
51 205
51 215
51 221
52 72
52 79
52 130
52 143
52 147
52 148
52 187
52 188
52 205
52 238
52 247
52 249
53 117
53 123
53 128
53 152
53 156
53 224
53 233
54 61
54 69
54 78
54 80
54 111
54 122
54 132
54 168
54 174
54 204
54 205
54 220
54 225
54 247
55 62
55 82
55 93
55 99
55 122
55 132
55 135
55 147
55 158
55 211
55 222
55 237
55 239
56 116
56 164
56 167
56 170
56 212
56 224
56 232
57 75
57 94
57 96
57 113
57 121
57 169
57 196
57 201
57 203
58 78
58 100
58 118
58 121
58 124
58 142
58 153
58 161
58 203
58 210
59 68
59 69
59 87
59 110
59 159
59 191
59 201
59 211
59 234
59 247
60 64
60 95
60 150
60 210
60 212
61 64
61 67
61 95
61 116
61 122
61 141
61 159
61 209
61 225
62 78
62 90
62 95
62 103
62 147
62 188
62 203
62 214
63 70
63 143
63 167
63 169
63 180
63 248
64 113
64 122
64 130
64 152
64 168
64 174
64 194
64 225
64 235
64 241
65 84
65 206
65 211
65 228
65 239
66 83
66 105
66 107
66 132
66 133
66 178
66 180
66 181
66 228
67 74
67 93
67 100
67 110
67 119
67 126
67 130
67 145
67 198
67 204
67 210
67 212
67 220
67 224
67 238
67 247
68 84
68 140
68 156
68 174
68 184
68 208
68 220
68 239
69 90
69 92
69 98
69 111
69 112
69 169
69 183
69 189
69 198
69 226
69 239
70 71
70 76
70 113
70 116
70 152
70 197
70 235
70 247
71 79
71 104
71 105
71 112
71 134
71 164
71 195
71 216
71 221
71 230
71 236
72 88
72 117
72 133
72 184
72 206
72 235
72 247
73 80
73 90
73 104
73 113
73 123
73 159
73 182
73 186
73 196
74 80
74 84
74 144
74 160
74 165
74 186
74 188
74 205
75 106
75 110
75 137
75 138
75 144
75 155
75 167
75 219
75 229
75 241
76 94
76 111
76 130
76 141
76 165
76 224
76 227
76 246
77 90
77 103
77 115
77 195
77 197
77 208
77 233
78 109
78 135
78 171
78 179
78 211
78 219
79 82
79 86
79 123
79 154
79 167
79 222
79 239
79 242
80 89
80 94
80 128
80 139
80 154
80 173
80 219
80 234
80 240
81 130
81 135
81 144
81 181
81 236
82 115
82 125
82 134
82 142
82 158
82 166
82 167
82 168
82 203
82 205
82 206
82 211
82 238
82 245
83 96
83 97
83 100
83 126
83 153
83 161
83 201
83 247
84 96
84 117
84 118
84 121
84 142
84 157
84 170
84 171
84 208
84 244
85 125
85 128
85 147
85 150
85 156
85 160
85 173
85 177
85 203
85 208
85 221
85 223
85 233
85 246
86 99
86 100
86 151
86 162
86 179
86 194
86 204
86 234
86 235
86 237
87 100
87 104
87 142
87 145
87 213
87 216
87 223
88 100
88 103
88 114
88 121
88 127
88 134
88 141
88 143
88 168
88 169
88 191
89 171
89 186
89 208
89 226
89 229
90 121
90 207
90 211
90 217
90 248
91 106
91 116
91 124
91 144
91 199
91 202
91 220
91 233
91 244
92 118
92 160
92 174
92 184
92 191
92 227
92 247
93 124
93 131
93 139
93 163
93 181
93 205
93 208
93 234
93 236
93 239
93 243
94 104
94 107
94 142
94 156
94 161
94 183
94 190
94 216
94 224
95 101
95 102
95 107
95 113
95 117
95 170
95 185
95 198
95 202
95 233
95 237
95 240
95 244
96 106
96 142
96 149
96 161
96 171
96 175
96 194
96 202
96 210
96 217
97 113
97 163
97 165
97 174
97 217
97 240
98 132
98 133
98 134
98 206
98 215
99 124
99 128
99 158
99 193
99 199
99 201
100 125
100 149
100 150
100 165
100 176
100 207
100 247
101 105
101 111
101 126
101 134
101 150
101 158
101 160
101 162
101 165
101 166
101 222
101 233
101 240
102 104
102 116
102 131
102 163
102 201
102 205
102 228
103 107
103 128
103 142
103 160
103 170
103 197
104 129
104 153
104 169
104 190
104 204
105 117
105 132
105 140
105 149
105 169
105 175
105 195
105 198
105 220
105 244
106 115
106 119
106 176
106 180
106 220
106 238
106 246
107 109
107 143
107 175
107 189
107 207
107 219
108 111
108 115
108 119
108 136
108 152
108 162
108 167
108 201
108 207
109 116
109 136
109 192
109 222
110 137
110 148
110 154
110 162
110 190
110 238
111 114
111 129
111 139
111 151
111 153
111 176
111 210
112 122
112 130
112 132
112 150
112 171
112 193
112 227
112 228
112 235
112 241
113 117
113 120
113 160
113 239
114 177
114 194
114 226
114 246
115 139
115 164
115 201
115 232
115 233
115 243
116 121
116 152
116 213
116 242
117 140
117 154
117 169
117 202
117 208
117 210
117 233
117 245
118 153
118 154
118 177
118 204
118 228
119 143
119 163
120 159
121 153
121 161
121 208
122 142
122 185
122 189
122 195
122 243
123 128
123 159
123 172
123 201
124 249
125 149
125 161
125 179
125 189
125 211
125 239
126 164
126 233
127 129
127 161
127 186
127 194
127 200
127 219
127 220
127 231
127 248
128 147
128 148
128 158
128 183
128 201
128 213
128 240
128 243
128 246
129 147
129 189
130 145
130 167
130 219
131 140
131 142
131 178
131 202
131 231
131 247
131 249
132 162
132 214
132 229
132 231
133 144
133 159
133 187
133 194
133 195
133 208
133 249
134 135
134 143
134 169
134 178
134 226
134 227
134 234
134 243
134 247
135 155
135 167
135 176
135 183
135 239
135 244
135 246
136 140
136 151
136 180
136 188
137 177
137 185
137 194
137 220
138 152
138 153
138 165
138 189
138 190
138 197
138 208
138 227
138 231
138 246
139 154
139 168
139 178
139 185
139 202
139 241
139 245
140 150
140 174
140 205
140 225
140 228
140 234
140 240
141 149
141 174
141 175
141 191
141 206
141 211
141 214
142 175
142 202
143 186
143 189
143 203
144 163
144 165
144 173
144 216
144 232
144 246
145 165
145 172
145 183
145 234
146 170
146 215
147 156
147 157
147 208
147 233
147 235
147 248
148 196
148 217
149 169
149 189
149 224
150 156
150 191
150 207
150 214
150 219
150 224
150 226
150 231
150 243
150 248
150 249
151 179
151 202
151 216
151 224
151 240
152 156
152 169
152 171
152 178
152 180
152 188
152 191
152 226
153 191
153 195
153 199
154 170
154 215
154 230
155 176
155 182
155 197
155 233
155 234
156 169
156 176
156 202
156 247
157 166
157 167
157 218
157 232
158 187
158 202
158 210
158 226
158 237
158 245
159 183
159 185
159 202
159 218
159 221
159 235
160 202
160 208
160 210
160 214
160 219
160 239
160 245
161 196
161 219
161 230
161 241
162 170
162 207
162 217
163 172
163 176
163 182
163 217
163 219
163 225
163 236
163 246
164 235
164 236
164 238
165 179
165 199
165 229
166 180
166 201
166 210
167 208
167 218
167 240
168 199
168 221
168 233
169 189
169 232
169 235
169 242
170 190
170 196
170 198
170 199
170 205
170 209
170 233
170 246
170 249
171 186
172 184
172 186
172 215
173 175
173 179
173 180
173 181
173 197
174 180
174 230
174 234
174 249
175 178
175 179
175 182
175 225
176 192
176 195
176 196
177 221
177 245
178 180
178 213
179 180
179 221
179 229
179 238
179 241
179 244
180 193
180 210
180 234
181 184
183 226
183 239
184 208
184 218
184 234
185 248
186 192
186 209
186 247
187 188
187 193
187 197
187 212
187 249
188 231
189 206
189 216
189 233
190 193
190 195
190 218
191 196
191 198
191 232
191 240
191 241
192 206
192 226
192 227
192 230
192 243
193 210
193 222
193 248
194 210
194 228
194 229
194 242
195 244
197 212
198 202
198 221
198 223
198 224
198 240
199 233
200 202
200 215
200 238
201 204
201 218
202 217
202 237
202 246
203 225
203 228
203 239
204 226
205 248
206 213
206 232
206 233
206 241
207 214
207 234
208 212
208 246
208 248
210 211
210 233
211 222
211 227
211 229
212 222
212 226
212 227
212 245
213 223
213 238
215 222
215 234
215 240
215 246
216 221
217 247
218 220
218 233
219 237
220 227
220 229
221 224
221 245
222 247
223 237
223 248
225 249
226 237
226 240
226 245
226 246
226 247
227 228
227 231
227 246
229 235
229 248
229 249
234 241
234 244
235 240
236 239
238 241
242 247

1 1 0 1 1 0 0 0 0 1 1 0 0 0 0 0 1 0 0 0 0 1 1 0 0 1 1 1 1 1 0 1 1 1 1 0 1 1 0 1 1 0 1 1 1 0 0 0 0 0 0 1 0 1 0 0 0 1 0 0 0 0 1 0 1 1 1 1 0 1 0 1 1 1 0 0 0 1 0 1 1 1 0 1 1 0 0 0 1 1 0 1 0 1 1 0 0 0 0 0 1 0 0 1 1 0 0 0 0 0 0 1 0 0 1 0 1 0 1 1 1 0 1 0 1 1 1 1 1 1 1 0 1 1 1 1 0 0 1 0 0 1 1 0 1 0 1 0 1 1 0 0 0 1 0 1 1 0 0 0 0 0 0 1 0 0 0 1 0 0 1 0 1 1 1 1 0 0 1 1 1 1 1 1 0 1 0 1 0 0 0 0 0 1 1 1 1 1 1 0 1 0 0 1 0 1 0 0 0 1 1 1 0 0 1 1 0 1 1 1 0 0 0 0 1 1 0 1 0 0 1 0 1 1 1 1 0 0 0 1 1 1 0 1 1 0 0 0 0 1