150 5625
0 1 2 3 4 5 6 7 8 9 10 11 12 13 14 15 16 17 18 19 20 21 22 23 24 25 26 27 28 29 30 31 32 33 34 35 36 37 38 39 40 41 42 43 44 45 46 47 48 49 50 51 52 53 54 55 56 57 58 59 60 61 62 63 64 65 66 67 68 69 70 71 72 73 74 75 76 77 78 79 80 81 82 83 84 85 86 87 88 89 90 91 92 93 94 95 96 97 98 99 100 101 102 103 104 105 106 107 108 109 110 111 112 113 114 115 116 117 118 119 120 121 122 123 124 125 126 127 128 129 130 131 132 133 134 135 136 137 138 139 140 141 142 143 144 145 146 147 148 149
0 1
0 2
0 3
0 7
0 8
0 11
0 13
0 16
0 17
0 18
0 20
0 21
0 26
0 27
0 35
0 37
0 38
0 41
0 42
0 43
0 45
0 46
0 47
0 50
0 52
0 56
0 57
0 58
0 60
0 62
0 63
0 65
0 66
0 70
0 72
0 75
0 79
0 80
0 87
0 88
0 90
0 92
0 93
0 94
0 96
0 101
0 105
0 106
0 107
0 111
0 116
0 117
0 118
0 119
0 121
0 123
0 124
0 129
0 130
0 133
0 135
0 136
0 141
0 145
0 147
0 149
1 2
1 7
1 8
1 9
1 12
1 13
1 14
1 17
1 23
1 24
1 27
1 28
1 31
1 32
1 33
1 34
1 35
1 36
1 37
1 40
1 42
1 43
1 45
1 46
1 48
1 49
1 50
1 54
1 56
1 61
1 63
1 64
1 65
1 66
1 67
1 70
1 71
1 72
1 75
1 76
1 81
1 82
1 83
1 87
1 88
1 89
1 94
1 95
1 99
1 100
1 106
1 107
1 108
1 109
1 110
1 112
1 113
1 117
1 118
1 120
1 121
1 124
1 126
1 129
1 130
1 131
1 132
1 135
1 137
1 138
1 139
1 141
1 143
1 144
1 145
1 147
1 149
2 5
2 8
2 9
2 10
2 12
2 13
2 14
2 18
2 19
2 20
2 21
2 23
2 24
2 25
2 29
2 30
2 32
2 33
2 34
2 35
2 36
2 37
2 39
2 40
2 41
2 46
2 49
2 50
2 51
2 53
2 54
2 57
2 58
2 62
2 63
2 64
2 65
2 67
2 71
2 75
2 78
2 79
2 80
2 81
2 82
2 86
2 88
2 90
2 95
2 97
2 99
2 100
2 102
2 103
2 106
2 107
2 109
2 110
2 111
2 113
2 114
2 115
2 121
2 122
2 125
2 128
2 130
2 134
2 136
2 137
2 138
2 140
2 141
2 143
2 145
2 147
2 149
3 5
3 8
3 10
3 13
3 14
3 15
3 16
3 19
3 20
3 22
3 24
3 25
3 26
3 28
3 30
3 32
3 33
3 34
3 35
3 38
3 43
3 44
3 46
3 47
3 50
3 51
3 52
3 53
3 57
3 59
3 60
3 61
3 64
3 72
3 76
3 77
3 81
3 82
3 85
3 86
3 88
3 90
3 93
3 94
3 95
3 97
3 100
3 101
3 102
3 103
3 105
3 106
3 108
3 109
3 111
3 113
3 114
3 115
3 117
3 120
3 121
3 122
3 124
3 125
3 129
3 130
3 131
3 132
3 133
3 134
3 137
3 138
3 139
3 141
3 143
3 144
3 145
3 147
3 149
4 5
4 8
4 9
4 11
4 12
4 13
4 15
4 16
4 17
4 19
4 20
4 22
4 25
4 26
4 27
4 28
4 29
4 30
4 36
4 37
4 38
4 40
4 41
4 43
4 45
4 47
4 56
4 57
4 60
4 61
4 63
4 64
4 65
4 67
4 69
4 70
4 74
4 75
4 76
4 79
4 83
4 85
4 86
4 87
4 91
4 92
4 94
4 95
4 96
4 97
4 98
4 99
4 100
4 101
4 105
4 106
4 107
4 108
4 111
4 112
4 113
4 117
4 118
4 119
4 120
4 125
4 127
4 128
4 129
4 132
4 133
4 138
4 139
4 140
4 141
4 145
4 146
4 147
5 6
5 7
5 8
5 9
5 10
5 11
5 18
5 19
5 23
5 26
5 28
5 31
5 34
5 37
5 38
5 39
5 40
5 41
5 42
5 43
5 48
5 49
5 50
5 54
5 55
5 56
5 57
5 58
5 59
5 60
5 64
5 69
5 71
5 73
5 74
5 77
5 78
5 81
5 89
5 91
5 92
5 94
5 96
5 97
5 98
5 100
5 105
5 106
5 109
5 118
5 121
5 122
5 123
5 124
5 126
5 127
5 132
5 133
5 134
5 136
5 138
5 139
5 140
5 142
5 143
5 145
5 146
5 148
5 149
6 8
6 9
6 12
6 14
6 15
6 16
6 17
6 18
6 20
6 21
6 24
6 25
6 26
6 27
6 28
6 29
6 30
6 32
6 35
6 41
6 43
6 45
6 48
6 49
6 51
6 53
6 55
6 60
6 61
6 62
6 63
6 64
6 65
6 68
6 69
6 70
6 71
6 72
6 75
6 77
6 78
6 79
6 80
6 82
6 83
6 84
6 86
6 87
6 89
6 93
6 94
6 95
6 97
6 99
6 100
6 101
6 103
6 105
6 106
6 107
6 108
6 110
6 111
6 114
6 118
6 119
6 120
6 122
6 124
6 125
6 127
6 131
6 133
6 134
6 138
6 139
6 141
6 142
6 143
6 145
6 146
6 147
7 8
7 12
7 13
7 14
7 16
7 19
7 20
7 21
7 29
7 30
7 33
7 35
7 36
7 37
7 38
7 41
7 44
7 45
7 47
7 48
7 53
7 55
7 57
7 58
7 59
7 61
7 62
7 63
7 65
7 68
7 69
7 70
7 72
7 73
7 81
7 84
7 92
7 94
7 96
7 99
7 101
7 103
7 105
7 107
7 108
7 111
7 113
7 114
7 118
7 122
7 123
7 127
7 128
7 129
7 130
7 136
7 137
7 139
7 140
7 144
7 145
7 146
7 147
7 148
8 10
8 11
8 15
8 16
8 17
8 21
8 22
8 24
8 25
8 26
8 27
8 30
8 31
8 35
8 36
8 38
8 39
8 40
8 41
8 42
8 45
8 46
8 47
8 49
8 51
8 56
8 59
8 61
8 62
8 63
8 65
8 66
8 67
8 70
8 75
8 76
8 77
8 78
8 79
8 84
8 85
8 87
8 89
8 90
8 93
8 97
8 98
8 101
8 102
8 107
8 109
8 111
8 117
8 118
8 120
8 122
8 124
8 125
8 127
8 128
8 129
8 130
8 133
8 134
8 140
8 141
8 142
8 143
8 145
8 147
9 11
9 14
9 16
9 19
9 20
9 21
9 25
9 29
9 30
9 31
9 33
9 34
9 36
9 40
9 41
9 43
9 45
9 50
9 53
9 56
9 58
9 59
9 60
9 61
9 63
9 65
9 68
9 70
9 71
9 72
9 73
9 77
9 78
9 80
9 81
9 82
9 90
9 92
9 94
9 96
9 97
9 98
9 100
9 101
9 102
9 109
9 110
9 113
9 115
9 116
9 117
9 121
9 124
9 126
9 127
9 129
9 130
9 132
9 133
9 134
9 138
9 139
9 140
9 145
9 146
9 148
9 149
10 15
10 18
10 20
10 21
10 24
10 25
10 27
10 28
10 33
10 43
10 44
10 46
10 47
10 51
10 52
10 55
10 56
10 57
10 59
10 60
10 61
10 62
10 65
10 69
10 73
10 74
10 75
10 78
10 79
10 80
10 83
10 84
10 85
10 86
10 87
10 89
10 91
10 95
10 100
10 101
10 102
10 103
10 104
10 106
10 107
10 108
10 109
10 110
10 111
10 112
10 113
10 114
10 115
10 116
10 117
10 121
10 122
10 123
10 126
10 128
10 130
10 132
10 133
10 134
10 135
10 136
10 137
10 138
10 140
10 141
10 142
10 143
10 144
10 146
10 147
10 148
10 149
11 16
11 17
11 18
11 20
11 21
11 22
11 23
11 24
11 26
11 28
11 31
11 35
11 41
11 44
11 46
11 47
11 48
11 50
11 52
11 54
11 57
11 65
11 67
11 71
11 72
11 73
11 74
11 76
11 79
11 80
11 81
11 84
11 86
11 89
11 90
11 91
11 95
11 100
11 102
11 104
11 105
11 106
11 108
11 109
11 110
11 116
11 117
11 120
11 121
11 122
11 124
11 129
11 132
11 135
11 139
11 140
11 142
11 143
11 144
11 149
12 14
12 17
12 18
12 19
12 20
12 25
12 27
12 31
12 36
12 37
12 39
12 41
12 42
12 43
12 44
12 46
12 47
12 48
12 54
12 56
12 61
12 62
12 63
12 64
12 65
12 66
12 67
12 69
12 70
12 71
12 72
12 74
12 76
12 79
12 80
12 81
12 83
12 84
12 85
12 86
12 87
12 88
12 89
12 92
12 95
12 99
12 100
12 101
12 104
12 107
12 109
12 110
12 113
12 114
12 116
12 117
12 118
12 120
12 121
12 129
12 130
12 131
12 135
12 137
12 140
12 141
12 143
12 144
12 148
12 149
13 14
13 15
13 16
13 18
13 19
13 20
13 23
13 25
13 28
13 29
13 32
13 33
13 40
13 41
13 42
13 45
13 47
13 54
13 58
13 61
13 63
13 68
13 69
13 70
13 71
13 72
13 73
13 74
13 75
13 77
13 78
13 79
13 85
13 86
13 89
13 90
13 92
13 98
13 99
13 102
13 103
13 105
13 106
13 107
13 110
13 113
13 116
13 117
13 118
13 125
13 130
13 132
13 133
13 135
13 136
13 137
13 138
13 143
13 144
13 145
13 146
13 148
13 149
14 15
14 16
14 17
14 20
14 24
14 25
14 26
14 28
14 30
14 31
14 32
14 35
14 37
14 38
14 41
14 44
14 45
14 46
14 48
14 49
14 50
14 51
14 52
14 58
14 61
14 63
14 65
14 70
14 71
14 72
14 75
14 76
14 79
14 83
14 84
14 86
14 87
14 88
14 90
14 93
14 95
14 96
14 97
14 98
14 100
14 103
14 104
14 109
14 110
14 112
14 115
14 119
14 120
14 121
14 122
14 123
14 124
14 126
14 132
14 133
14 137
14 139
14 140
14 147
14 149
15 17
15 20
15 22
15 24
15 25
15 26
15 29
15 30
15 32
15 37
15 39
15 40
15 41
15 44
15 46
15 48
15 53
15 56
15 59
15 61
15 62
15 63
15 65
15 66
15 71
15 73
15 76
15 78
15 80
15 82
15 87
15 88
15 89
15 90
15 91
15 92
15 93
15 94
15 95
15 97
15 98
15 99
15 101
15 102
15 103
15 105
15 109
15 110
15 111
15 112
15 117
15 120
15 123
15 125
15 126
15 131
15 134
15 136
15 137
15 139
15 140
15 141
15 144
15 145
15 147
15 148
15 149
16 17
16 19
16 22
16 23
16 24
16 26
16 28
16 31
16 32
16 36
16 38
16 39
16 42
16 44
16 45
16 47
16 50
16 54
16 56
16 59
16 62
16 63
16 66
16 68
16 69
16 70
16 73
16 74
16 78
16 80
16 81
16 84
16 86
16 89
16 90
16 91
16 94
16 95
16 96
16 97
16 101
16 103
16 107
16 108
16 109
16 110
16 111
16 112
16 113
16 114
16 117
16 123
16 124
16 127
16 128
16 130
16 131
16 132
16 134
16 138
16 139
16 143
16 145
16 146
16 149
17 19
17 20
17 22
17 24
17 25
17 26
17 28
17 30
17 31
17 32
17 35
17 36
17 40
17 41
17 42
17 43
17 44
17 46
17 47
17 48
17 50
17 51
17 53
17 54
17 56
17 57
17 58
17 59
17 60
17 61
17 62
17 63
17 64
17 67
17 70
17 73
17 76
17 80
17 81
17 83
17 84
17 86
17 87
17 89
17 90
17 96
17 97
17 98
17 99
17 103
17 106
17 107
17 109
17 110
17 113
17 114
17 115
17 116
17 117
17 119
17 120
17 121
17 125
17 127
17 129
17 131
17 132
17 133
17 134
17 135
17 136
17 137
17 141
17 143
17 144
17 146
17 148
17 149
18 21
18 22
18 23
18 25
18 26
18 27
18 28
18 30
18 32
18 33
18 34
18 35
18 36
18 41
18 42
18 47
18 52
18 55
18 58
18 59
18 62
18 65
18 68
18 73
18 77
18 79
18 82
18 83
18 85
18 87
18 88
18 89
18 90
18 93
18 94
18 96
18 97
18 98
18 99
18 100
18 104
18 105
18 109
18 113
18 115
18 119
18 122
18 125
18 126
18 131
18 134
18 135
18 137
18 138
18 141
18 144
18 145
18 146
19 21
19 22
19 25
19 26
19 27
19 28
19 29
19 30
19 33
19 34
19 35
19 36
19 37
19 43
19 46
19 47
19 48
19 49
19 50
19 53
19 54
19 55
19 58
19 59
19 60
19 61
19 64
19 65
19 66
19 68
19 70
19 71
19 72
19 73
19 79
19 81
19 82
19 83
19 87
19 88
19 89
19 90
19 94
19 95
19 99
19 105
19 106
19 107
19 108
19 109
19 110
19 113
19 114
19 116
19 117
19 121
19 122
19 123
19 127
19 128
19 129
19 131
19 133
19 136
19 138
19 139
19 140
19 141
19 142
19 143
19 146
19 149
20 25
20 29
20 30
20 31
20 33
20 38
20 41
20 43
20 45
20 50
20 51
20 52
20 53
20 55
20 56
20 57
20 60
20 61
20 64
20 67
20 69
20 70
20 72
20 73
20 74
20 75
20 77
20 79
20 81
20 83
20 85
20 91
20 93
20 95
20 97
20 99
20 100
20 102
20 104
20 107
20 108
20 109
20 110
20 111
20 112
20 113
20 115
20 118
20 120
20 121
20 128
20 131
20 132
20 135
20 137
20 139
20 140
20 143
20 144
20 145
20 146
21 25
21 26
21 27
21 29
21 31
21 33
21 34
21 35
21 36
21 37
21 41
21 42
21 44
21 47
21 49
21 50
21 51
21 52
21 54
21 55
21 57
21 58
21 59
21 61
21 62
21 64
21 65
21 66
21 68
21 71
21 73
21 74
21 75
21 77
21 79
21 81
21 83
21 85
21 86
21 88
21 89
21 90
21 94
21 96
21 97
21 99
21 100
21 101
21 102
21 103
21 105
21 106
21 107
21 108
21 109
21 111
21 112
21 113
21 118
21 120
21 123
21 124
21 126
21 127
21 130
21 131
21 132
21 136
21 137
21 138
21 140
21 141
21 146
21 149
22 23
22 24
22 25
22 27
22 31
22 32
22 37
22 38
22 39
22 43
22 45
22 47
22 49
22 50
22 51
22 54
22 57
22 59
22 60
22 61
22 64
22 66
22 67
22 69
22 70
22 71
22 78
22 79
22 81
22 84
22 85
22 86
22 88
22 89
22 90
22 91
22 94
22 97
22 98
22 102
22 103
22 106
22 109
22 110
22 113
22 114
22 115
22 117
22 118
22 119
22 120
22 121
22 122
22 127
22 128
22 130
22 131
22 132
22 133
22 134
22 135
22 137
22 139
22 140
22 142
22 143
22 144
22 145
22 147
22 148
22 149
23 24
23 25
23 26
23 28
23 32
23 34
23 39
23 40
23 44
23 45
23 46
23 47
23 48
23 49
23 51
23 54
23 55
23 63
23 65
23 66
23 67
23 68
23 69
23 71
23 72
23 74
23 75
23 78
23 80
23 81
23 82
23 84
23 86
23 87
23 88
23 91
23 92
23 93
23 94
23 98
23 99
23 101
23 102
23 104
23 105
23 106
23 107
23 109
23 110
23 112
23 114
23 115
23 117
23 118
23 121
23 123
23 124
23 126
23 128
23 129
23 130
23 131
23 133
23 134
23 135
23 136
23 138
23 140
23 142
23 143
23 144
23 146
23 148
24 25
24 26
24 27
24 28
24 29
24 30
24 31
24 32
24 35
24 37
24 38
24 39
24 40
24 42
24 43
24 44
24 45
24 46
24 47
24 50
24 52
24 53
24 56
24 63
24 66
24 67
24 68
24 70
24 72
24 73
24 74
24 75
24 76
24 77
24 78
24 79
24 80
24 83
24 85
24 87
24 88
24 90
24 92
24 95
24 97
24 99
24 101
24 105
24 106
24 107
24 110
24 111
24 112
24 113
24 114
24 116
24 120
24 123
24 124
24 125
24 127
24 128
24 130
24 131
24 132
24 135
24 137
24 138
24 143
24 146
24 147
24 148
25 29
25 30
25 32
25 39
25 40
25 41
25 42
25 43
25 45
25 50
25 52
25 59
25 61
25 62
25 70
25 73
25 76
25 77
25 78
25 84
25 88
25 89
25 90
25 91
25 92
25 97
25 101
25 102
25 103
25 106
25 107
25 109
25 111
25 112
25 114
25 117
25 119
25 120
25 122
25 127
25 132
25 133
25 134
25 135
25 136
25 137
25 138
25 140
25 145
25 146
26 29
26 31
26 33
26 34
26 35
26 36
26 38
26 40
26 43
26 45
26 46
26 48
26 52
26 55
26 56
26 59
26 61
26 62
26 63
26 65
26 66
26 70
26 71
26 73
26 74
26 76
26 77
26 80
26 82
26 84
26 90
26 91
26 92
26 93
26 94
26 95
26 96
26 97
26 100
26 102
26 103
26 104
26 106
26 109
26 110
26 111
26 116
26 117
26 119
26 121
26 124
26 128
26 133
26 135
26 137
26 139
26 140
26 141
26 142
26 145
26 147
26 148
27 29
27 33
27 34
27 35
27 37
27 38
27 41
27 44
27 45
27 50
27 51
27 53
27 56
27 57
27 63
27 64
27 65
27 67
27 68
27 69
27 70
27 71
27 72
27 78
27 79
27 82
27 84
27 85
27 86
27 88
27 90
27 92
27 94
27 95
27 96
27 98
27 99
27 101
27 102
27 103
27 104
27 107
27 110
27 111
27 112
27 113
27 114
27 115
27 117
27 118
27 119
27 120
27 121
27 122
27 123
27 127
27 128
27 130
27 131
27 134
27 135
27 141
27 142
27 143
27 146
28 29
28 31
28 33
28 36
28 38
28 41
28 43
28 44
28 45
28 46
28 51
28 52
28 54
28 55
28 57
28 59
28 60
28 61
28 62
28 65
28 73
28 74
28 79
28 81
28 82
28 83
28 85
28 88
28 89
28 91
28 94
28 95
28 96
28 97
28 99
28 102
28 105
28 110
28 111
28 112
28 113
28 114
28 115
28 116
28 118
28 119
28 121
28 122
28 124
28 126
28 127
28 128
28 131
28 133
28 134
28 137
28 140
28 141
28 144
28 145
28 146
28 147
28 148
28 149
29 30
29 31
29 32
29 36
29 40
29 41
29 42
29 43
29 44
29 46
29 47
29 48
29 52
29 54
29 57
29 58
29 59
29 62
29 63
29 64
29 65
29 69
29 71
29 72
29 74
29 75
29 76
29 77
29 78
29 80
29 82
29 89
29 90
29 91
29 96
29 97
29 98
29 101
29 102
29 103
29 104
29 106
29 108
29 109
29 110
29 111
29 112
29 113
29 115
29 116
29 119
29 120
29 122
29 123
29 125
29 126
29 132
29 135
29 136
29 139
29 140
29 143
29 145
29 147
29 148
30 35
30 36
30 38
30 39
30 40
30 41
30 42
30 43
30 46
30 47
30 48
30 53
30 55
30 60
30 61
30 63
30 64
30 65
30 67
30 69
30 70
30 71
30 72
30 74
30 75
30 77
30 79
30 80
30 82
30 83
30 84
30 86
30 88
30 89
30 90
30 92
30 96
30 97
30 98
30 99
30 100
30 101
30 102
30 105
30 108
30 109
30 111
30 114
30 116
30 117
30 118
30 121
30 122
30 126
30 127
30 132
30 135
30 137
30 138
30 142
30 147
30 149
31 33
31 38
31 41
31 43
31 44
31 45
31 46
31 47
31 48
31 49
31 51
31 53
31 54
31 55
31 58
31 59
31 61
31 62
31 63
31 65
31 66
31 69
31 70
31 71
31 76
31 77
31 78
31 79
31 81
31 82
31 85
31 88
31 89
31 90
31 94
31 95
31 97
31 98
31 106
31 109
31 111
31 112
31 113
31 116
31 117
31 118
31 119
31 120
31 122
31 125
31 126
31 127
31 129
31 130
31 131
31 132
31 135
31 136
31 137
31 139
31 140
31 141
31 142
31 144
31 146
31 147
31 148
31 149
32 34
32 35
32 40
32 42
32 44
32 45
32 46
32 47
32 49
32 51
32 53
32 58
32 60
32 65
32 66
32 68
32 69
32 72
32 76
32 80
32 81
32 83
32 85
32 89
32 90
32 91
32 94
32 95
32 97
32 102
32 103
32 104
32 105
32 107
32 109
32 110
32 114
32 115
32 117
32 118
32 119
32 120
32 121
32 123
32 126
32 128
32 129
32 130
32 131
32 134
32 136
32 138
32 139
32 140
32 142
32 143
32 146
32 147
32 148
33 34
33 35
33 36
33 38
33 42
33 43
33 44
33 47
33 48
33 57
33 59
33 60
33 61
33 63
33 68
33 69
33 75
33 76
33 77
33 79
33 81
33 83
33 87
33 90
33 91
33 93
33 98
33 99
33 100
33 102
33 104
33 105
33 106
33 107
33 110
33 112
33 113
33 115
33 116
33 117
33 119
33 123
33 124
33 131
33 134
33 135
33 137
33 141
33 142
33 147
33 149
34 36
34 38
34 41
34 42
34 43
34 46
34 47
34 49
34 55
34 56
34 57
34 58
34 62
34 63
34 64
34 66
34 68
34 72
34 74
34 77
34 78
34 79
34 80
34 81
34 82
34 84
34 87
34 88
34 89
34 90
34 92
34 93
34 96
34 97
34 100
34 101
34 104
34 106
34 117
34 118
34 121
34 125
34 128
34 129
34 131
34 132
34 133
34 139
34 141
34 142
34 144
34 145
35 36
35 37
35 38
35 39
35 41
35 42
35 44
35 45
35 48
35 49
35 50
35 53
35 56
35 58
35 59
35 63
35 66
35 68
35 69
35 71
35 72
35 74
35 75
35 76
35 77
35 80
35 84
35 85
35 91
35 92
35 97
35 98
35 99
35 100
35 102
35 103
35 105
35 106
35 109
35 112
35 113
35 115
35 119
35 120
35 121
35 125
35 130
35 133
35 135
35 136
35 137
35 140
35 141
35 142
35 143
35 144
35 146
36 37
36 40
36 41
36 46
36 47
36 49
36 52
36 53
36 54
36 57
36 62
36 63
36 66
36 67
36 71
36 72
36 75
36 76
36 77
36 78
36 83
36 86
36 90
36 92
36 95
36 96
36 97
36 100
36 101
36 102
36 104
36 105
36 107
36 111
36 112
36 113
36 114
36 116
36 117
36 118
36 120
36 121
36 124
36 125
36 126
36 127
36 128
36 129
36 131
36 133
36 134
36 137
36 138
36 142
36 144
36 145
36 146
36 148
37 38
37 39
37 41
37 43
37 45
37 46
37 48
37 49
37 50
37 51
37 55
37 58
37 60
37 61
37 62
37 66
37 67
37 70
37 72
37 73
37 76
37 78
37 81
37 82
37 83
37 86
37 87
37 89
37 95
37 96
37 98
37 100
37 101
37 102
37 103
37 104
37 108
37 110
37 111
37 112
37 114
37 120
37 121
37 126
37 129
37 131
37 132
37 133
37 134
37 135
37 136
37 137
37 139
37 140
37 142
37 144
37 145
37 147
38 40
38 42
38 48
38 50
38 51
38 52
38 53
38 56
38 57
38 59
38 62
38 64
38 69
38 70
38 73
38 74
38 75
38 76
38 79
38 81
38 83
38 84
38 89
38 90
38 92
38 93
38 95
38 97
38 99
38 102
38 107
38 108
38 109
38 111
38 112
38 113
38 114
38 115
38 116
38 118
38 119
38 120
38 122
38 124
38 126
38 127
38 129
38 132
38 134
38 136
38 139
38 140
38 142
38 143
38 144
38 147
38 149
39 41
39 43
39 44
39 46
39 48
39 49
39 50
39 51
39 53
39 54
39 56
39 59
39 60
39 65
39 67
39 71
39 72
39 73
39 74
39 83
39 84
39 85
39 88
39 89
39 90
39 91
39 93
39 95
39 96
39 97
39 100
39 101
39 104
39 105
39 109
39 112
39 113
39 114
39 115
39 118
39 120
39 121
39 122
39 123
39 124
39 126
39 131
39 132
39 134
39 135
39 137
39 139
39 144
39 145
39 148
39 149
40 42
40 44
40 45
40 48
40 49
40 53
40 54
40 57
40 58
40 59
40 61
40 62
40 69
40 71
40 72
40 74
40 75
40 76
40 77
40 81
40 82
40 86
40 88
40 89
40 92
40 93
40 94
40 96
40 97
40 100
40 101
40 104
40 106
40 107
40 110
40 111
40 113
40 114
40 116
40 117
40 119
40 120
40 121
40 124
40 130
40 133
40 136
40 138
40 139
40 141
40 144
40 145
40 146
40 147
40 149
41 45
41 46
41 47
41 48
41 49
41 52
41 53
41 56
41 57
41 58
41 59
41 61
41 62
41 63
41 64
41 65
41 66
41 67
41 68
41 69
41 70
41 71
41 76
41 77
41 78
41 81
41 83
41 84
41 86
41 87
41 88
41 89
41 90
41 92
41 93
41 99
41 103
41 105
41 108
41 110
41 114
41 115
41 118
41 120
41 121
41 127
41 128
41 129
41 135
41 136
41 139
41 140
41 141
41 142
41 145
41 146
42 43
42 45
42 46
42 48
42 49
42 52
42 53
42 54
42 55
42 56
42 57
42 58
42 59
42 60
42 61
42 62
42 63
42 64
42 67
42 68
42 70
42 71
42 72
42 75
42 76
42 77
42 79
42 80
42 81
42 82
42 86
42 89
42 90
42 93
42 94
42 95
42 97
42 98
42 99
42 100
42 101
42 105
42 111
42 112
42 115
42 118
42 119
42 124
42 125
42 126
42 127
42 128
42 130
42 134
42 143
42 146
42 147
42 148
42 149
43 44
43 47
43 48
43 49
43 51
43 53
43 54
43 55
43 57
43 59
43 63
43 71
43 72
43 74
43 76
43 78
43 80
43 81
43 82
43 83
43 85
43 87
43 89
43 90
43 95
43 96
43 97
43 101
43 106
43 107
43 111
43 112
43 113
43 114
43 115
43 116
43 117
43 118
43 123
43 129
43 131
43 132
43 133
43 134
43 138
43 139
43 142
43 144
43 145
43 147
43 148
44 46
44 47
44 51
44 52
44 53
44 54
44 55
44 57
44 58
44 60
44 61
44 62
44 63
44 65
44 66
44 68
44 72
44 75
44 76
44 79
44 82
44 86
44 88
44 89
44 90
44 96
44 100
44 101
44 102
44 104
44 105
44 106
44 107
44 108
44 109
44 111
44 114
44 118
44 124
44 129
44 132
44 133
44 134
44 135
44 139
44 140
44 141
44 143
44 144
44 145
44 147
44 148
45 46
45 47
45 48
45 50
45 51
45 52
45 54
45 55
45 57
45 58
45 59
45 61
45 63
45 64
45 65
45 67
45 69
45 74
45 75
45 77
45 78
45 80
45 84
45 86
45 88
45 89
45 90
45 93
45 94
45 100
45 101
45 102
45 104
45 105
45 107
45 109
45 110
45 111
45 112
45 115
45 117
45 118
45 120
45 122
45 123
45 124
45 125
45 126
45 127
45 129
45 131
45 132
45 133
45 135
45 136
45 137
45 138
45 139
45 141
45 144
45 146
46 48
46 50
46 51
46 52
46 53
46 55
46 57
46 59
46 61
46 63
46 66
46 71
46 75
46 76
46 77
46 78
46 80
46 83
46 84
46 85
46 86
46 89
46 90
46 91
46 92
46 93
46 94
46 98
46 100
46 101
46 103
46 104
46 106
46 107
46 109
46 111
46 113
46 115
46 117
46 118
46 122
46 124
46 127
46 129
46 133
46 135
46 137
46 138
46 139
46 142
46 143
46 148
46 149
47 53
47 55
47 57
47 58
47 59
47 60
47 62
47 71
47 72
47 74
47 76
47 79
47 80
47 83
47 84
47 85
47 87
47 91
47 93
47 94
47 96
47 97
47 98
47 99
47 100
47 101
47 103
47 106
47 108
47 110
47 111
47 112
47 114
47 116
47 117
47 118
47 120
47 121
47 123
47 127
47 129
47 131
47 132
47 133
47 134
47 138
47 139
47 142
47 143
47 148
48 50
48 51
48 53
48 54
48 55
48 57
48 60
48 64
48 66
48 69
48 70
48 73
48 74
48 76
48 78
48 80
48 81
48 85
48 86
48 88
48 92
48 93
48 97
48 99
48 100
48 101
48 106
48 107
48 109
48 111
48 114
48 116
48 117
48 118
48 120
48 121
48 122
48 123
48 125
48 128
48 132
48 135
48 139
48 141
48 142
48 144
48 149
49 50
49 55
49 56
49 57
49 58
49 60
49 61
49 67
49 68
49 69
49 70
49 71
49 75
49 81
49 85
49 86
49 90
49 93
49 94
49 100
49 104
49 105
49 106
49 107
49 108
49 111
49 112
49 113
49 114
49 121
49 122
49 124
49 125
49 126
49 127
49 128
49 129
49 130
49 132
49 136
49 139
49 142
49 143
49 145
49 146
49 149
50 52
50 53
50 54
50 55
50 59
50 60
50 61
50 62
50 64
50 65
50 66
50 68
50 70
50 73
50 75
50 77
50 78
50 80
50 81
50 82
50 85
50 86
50 90
50 93
50 95
50 97
50 98
50 105
50 108
50 110
50 113
50 114
50 116
50 117
50 119
50 120
50 121
50 125
50 127
50 131
50 132
50 133
50 134
50 135
50 136
50 137
50 138
50 140
50 141
50 142
50 143
50 144
50 148
51 54
51 56
51 57
51 60
51 62
51 63
51 65
51 68
51 69
51 70
51 73
51 75
51 77
51 79
51 80
51 82
51 87
51 94
51 96
51 100
51 101
51 102
51 103
51 105
51 106
51 107
51 108
51 109
51 110
51 111
51 113
51 114
51 116
51 118
51 121
51 122
51 130
51 131
51 132
51 133
51 135
51 136
51 138
51 139
51 142
51 143
51 145
51 146
51 147
51 148
52 53
52 54
52 55
52 56
52 57
52 58
52 59
52 61
52 63
52 64
52 68
52 70
52 72
52 74
52 78
52 81
52 82
52 84
52 86
52 90
52 92
52 94
52 95
52 96
52 97
52 98
52 99
52 100
52 103
52 104
52 105
52 106
52 107
52 108
52 113
52 114
52 115
52 116
52 117
52 118
52 125
52 126
52 130
52 131
52 132
52 133
52 134
52 140
52 141
52 144
52 145
52 146
52 148
53 54
53 55
53 58
53 59
53 60
53 61
53 62
53 65
53 66
53 69
53 72
53 73
53 74
53 76
53 78
53 80
53 81
53 82
53 83
53 85
53 88
53 89
53 93
53 94
53 99
53 101
53 102
53 103
53 106
53 107
53 108
53 110
53 112
53 113
53 114
53 115
53 116
53 118
53 124
53 126
53 130
53 134
53 136
53 137
53 139
53 141
53 144
53 145
53 149
54 55
54 58
54 60
54 61
54 63
54 64
54 65
54 67
54 68
54 72
54 73
54 74
54 77
54 82
54 85
54 87
54 93
54 98
54 99
54 100
54 103
54 104
54 107
54 108
54 109
54 111
54 115
54 117
54 124
54 125
54 126
54 127
54 130
54 133
54 134
54 136
54 137
54 138
54 139
54 141
54 142
54 143
54 145
54 146
54 148
54 149
55 56
55 58
55 61
55 63
55 64
55 67
55 70
55 72
55 73
55 74
55 77
55 78
55 80
55 83
55 84
55 85
55 86
55 87
55 88
55 90
55 91
55 94
55 95
55 96
55 97
55 98
55 101
55 104
55 107
55 112
55 113
55 114
55 120
55 122
55 123
55 125
55 126
55 127
55 128
55 129
55 130
55 131
55 132
55 136
55 138
55 143
55 145
55 146
55 148
55 149
56 57
56 58
56 61
56 64
56 66
56 73
56 78
56 79
56 82
56 84
56 86
56 87
56 90
56 91
56 93
56 95
56 100
56 101
56 104
56 105
56 106
56 107
56 112
56 117
56 121
56 123
56 125
56 129
56 130
56 133
56 134
56 135
56 137
56 138
56 140
56 141
56 143
56 147
57 58
57 59
57 63
57 65
57 66
57 67
57 69
57 70
57 72
57 73
57 74
57 75
57 76
57 82
57 86
57 87
57 88
57 93
57 94
57 95
57 96
57 98
57 100
57 101
57 103
57 114
57 121
57 122
57 124
57 125
57 127
57 131
57 133
57 141
57 143
57 145
57 147
57 148
57 149
58 59
58 60
58 62
58 66
58 69
58 71
58 74
58 75
58 76
58 77
58 78
58 83
58 84
58 86
58 88
58 89
58 90
58 91
58 92
58 93
58 95
58 96
58 97
58 99
58 102
58 103
58 106
58 109
58 110
58 113
58 114
58 120
58 126
58 127
58 128
58 130
58 132
58 134
58 136
58 139
58 140
58 145
58 146
58 147
58 148
58 149
59 68
59 69
59 71
59 76
59 77
59 78
59 81
59 86
59 87
59 94
59 95
59 96
59 97
59 98
59 100
59 101
59 102
59 104
59 106
59 107
59 108
59 110
59 111
59 112
59 114
59 115
59 117
59 118
59 119
59 123
59 128
59 129
59 131
59 132
59 134
59 137
59 140
59 146
60 66
60 72
60 73
60 76
60 77
60 79
60 81
60 83
60 85
60 86
60 89
60 94
60 95
60 96
60 97
60 99
60 102
60 103
60 105
60 107
60 112
60 115
60 117
60 119
60 120
60 122
60 125
60 128
60 130
60 131
60 132
60 134
60 136
60 141
60 142
60 143
60 145
60 146
60 147
60 148
60 149
61 63
61 69
61 71
61 72
61 73
61 74
61 77
61 81
61 84
61 85
61 87
61 88
61 90
61 91
61 92
61 93
61 96
61 97
61 100
61 103
61 104
61 108
61 109
61 110
61 118
61 120
61 121
61 125
61 130
61 132
61 135
61 136
61 137
61 138
61 139
61 141
61 142
61 143
61 146
61 147
61 148
61 149
62 63
62 64
62 66
62 69
62 70
62 71
62 72
62 76
62 77
62 78
62 79
62 80
62 81
62 82
62 83
62 84
62 85
62 86
62 87
62 88
62 89
62 94
62 95
62 99
62 101
62 102
62 105
62 106
62 107
62 109
62 111
62 112
62 113
62 114
62 119
62 122
62 124
62 125
62 128
62 129
62 130
62 136
62 139
62 140
62 141
63 64
63 65
63 66
63 68
63 73
63 75
63 76
63 77
63 79
63 80
63 81
63 82
63 83
63 84
63 87
63 91
63 92
63 93
63 97
63 100
63 101
63 104
63 106
63 108
63 109
63 110
63 111
63 114
63 116
63 117
63 119
63 120
63 121
63 124
63 128
63 129
63 130
63 131
63 132
63 134
63 137
63 138
63 141
63 146
63 147
63 149
64 68
64 69
64 73
64 74
64 76
64 77
64 80
64 83
64 85
64 86
64 87
64 89
64 91
64 92
64 94
64 96
64 97
64 98
64 99
64 103
64 105
64 106
64 114
64 115
64 118
64 120
64 122
64 123
64 124
64 125
64 126
64 128
64 129
64 130
64 131
64 132
64 137
64 138
64 139
64 140
64 141
64 143
64 146
64 148
65 66
65 67
65 68
65 69
65 71
65 75
65 77
65 78
65 79
65 81
65 83
65 84
65 85
65 87
65 88
65 90
65 91
65 94
65 95
65 96
65 97
65 99
65 100
65 102
65 104
65 106
65 108
65 109
65 110
65 111
65 112
65 113
65 115
65 117
65 119
65 123
65 125
65 127
65 130
65 131
65 134
65 135
65 136
65 137
65 138
65 139
65 142
65 143
65 144
65 145
65 146
65 149
66 68
66 73
66 75
66 76
66 77
66 78
66 81
66 83
66 90
66 93
66 94
66 96
66 97
66 98
66 101
66 104
66 107
66 108
66 109
66 110
66 111
66 114
66 119
66 122
66 124
66 125
66 126
66 127
66 129
66 130
66 131
66 132
66 133
66 134
66 135
66 138
66 139
66 140
66 141
66 144
66 145
66 146
67 70
67 72
67 82
67 83
67 85
67 87
67 93
67 99
67 101
67 102
67 103
67 105
67 107
67 108
67 109
67 110
67 111
67 113
67 115
67 116
67 117
67 120
67 121
67 122
67 123
67 126
67 131
67 134
67 137
67 138
67 141
67 142
67 146
67 148
67 149
68 69
68 70
68 73
68 74
68 75
68 77
68 79
68 80
68 81
68 82
68 85
68 87
68 88
68 89
68 92
68 97
68 103
68 104
68 106
68 107
68 110
68 112
68 113
68 114
68 116
68 118
68 122
68 123
68 124
68 125
68 129
68 131
68 132
68 136
68 137
68 140
68 141
68 144
68 145
68 147
68 148
68 149
69 71
69 72
69 74
69 77
69 78
69 81
69 82
69 84
69 87
69 88
69 89
69 92
69 95
69 96
69 97
69 100
69 103
69 106
69 107
69 108
69 109
69 110
69 111
69 114
69 116
69 119
69 120
69 121
69 122
69 123
69 128
69 129
69 130
69 132
69 133
69 135
69 136
69 137
69 138
69 141
69 143
69 146
69 147
70 71
70 72
70 73
70 79
70 81
70 83
70 87
70 88
70 91
70 92
70 93
70 96
70 97
70 98
70 99
70 106
70 108
70 110
70 113
70 116
70 117
70 123
70 124
70 125
70 130
70 133
70 135
70 136
70 137
70 139
70 141
70 145
70 147
71 74
71 75
71 81
71 84
71 86
71 87
71 88
71 90
71 91
71 94
71 95
71 100
71 104
71 107
71 108
71 109
71 111
71 112
71 113
71 115
71 117
71 118
71 119
71 121
71 123
71 124
71 125
71 128
71 130
71 131
71 134
71 135
71 138
71 139
71 141
71 143
71 144
71 147
72 73
72 74
72 77
72 81
72 88
72 89
72 90
72 94
72 99
72 100
72 101
72 103
72 104
72 105
72 108
72 114
72 115
72 117
72 118
72 121
72 124
72 125
72 128
72 133
72 135
72 138
72 139
72 141
72 144
72 147
73 77
73 78
73 80
73 81
73 83
73 85
73 88
73 90
73 93
73 94
73 102
73 104
73 106
73 107
73 109
73 110
73 113
73 114
73 118
73 119
73 123
73 124
73 126
73 128
73 130
73 133
73 134
73 135
73 137
73 142
73 144
73 145
73 147
73 148
74 75
74 78
74 79
74 80
74 84
74 85
74 86
74 88
74 91
74 93
74 94
74 97
74 104
74 107
74 113
74 114
74 117
74 119
74 120
74 124
74 126
74 127
74 128
74 131
74 133
74 136
74 139
74 141
74 144
74 145
74 146
75 76
75 80
75 82
75 87
75 90
75 92
75 94
75 98
75 99
75 100
75 103
75 104
75 107
75 110
75 111
75 113
75 116
75 122
75 124
75 125
75 126
75 127
75 128
75 137
75 139
75 140
75 143
75 146
75 147
75 148
75 149
76 77
76 79
76 82
76 84
76 85
76 86
76 87
76 88
76 89
76 90
76 91
76 96
76 97
76 98
76 99
76 105
76 109
76 110
76 111
76 112
76 114
76 121
76 122
76 124
76 125
76 127
76 128
76 130
76 132
76 133
76 134
76 135
76 136
76 138
76 139
76 140
76 141
76 142
76 143
76 144
76 145
76 147
77 78
77 80
77 84
77 85
77 86
77 87
77 88
77 94
77 98
77 102
77 103
77 105
77 106
77 107
77 112
77 113
77 117
77 119
77 125
77 129
77 130
77 131
77 132
77 135
77 137
77 141
77 142
77 143
77 144
77 146
78 80
78 82
78 83
78 92
78 93
78 94
78 95
78 96
78 97
78 99
78 100
78 103
78 108
78 109
78 111
78 112
78 114
78 115
78 116
78 119
78 121
78 124
78 125
78 127
78 128
78 130
78 132
78 133
78 138
78 139
78 142
78 145
78 146
78 147
78 148
79 81
79 82
79 87
79 88
79 91
79 92
79 93
79 94
79 96
79 97
79 101
79 102
79 103
79 105
79 107
79 109
79 110
79 113
79 115
79 116
79 117
79 118
79 120
79 126
79 127
79 130
79 131
79 132
79 134
79 138
79 139
79 140
79 141
79 142
79 146
79 147
79 148
80 81
80 82
80 83
80 84
80 89
80 90
80 92
80 96
80 97
80 102
80 104
80 105
80 107
80 113
80 114
80 117
80 122
80 124
80 125
80 127
80 131
80 132
80 138
80 139
80 143
80 144
80 145
80 147
80 148
81 84
81 85
81 87
81 88
81 91
81 92
81 97
81 98
81 99
81 100
81 102
81 106
81 112
81 118
81 121
81 125
81 126
81 127
81 129
81 131
81 133
81 134
81 136
81 137
81 138
81 140
81 142
81 145
81 146
81 147
81 148
81 149
82 83
82 86
82 87
82 89
82 91
82 94
82 96
82 97
82 99
82 100
82 101
82 102
82 106
82 110
82 111
82 115
82 117
82 119
82 120
82 121
82 123
82 125
82 127
82 130
82 131
82 132
82 134
82 135
82 136
82 137
82 138
82 139
82 144
82 145
82 147
83 84
83 85
83 89
83 90
83 93
83 94
83 95
83 97
83 98
83 99
83 102
83 105
83 106
83 109
83 111
83 114
83 115
83 116
83 118
83 122
83 124
83 128
83 129
83 131
83 134
83 139
83 141
83 143
83 144
83 146
83 148
83 149
84 85
84 87
84 90
84 93
84 99
84 102
84 103
84 104
84 106
84 107
84 108
84 111
84 113
84 114
84 116
84 117
84 118
84 120
84 121
84 123
84 124
84 125
84 127
84 128
84 130
84 132
84 133
84 137
84 138
84 139
84 140
84 141
84 142
85 86
85 88
85 89
85 90
85 95
85 96
85 97
85 98
85 100
85 102
85 104
85 113
85 114
85 116
85 117
85 119
85 120
85 122
85 123
85 126
85 127
85 129
85 130
85 132
85 133
85 134
85 137
85 138
85 140
85 143
85 145
85 146
86 87
86 88
86 92
86 93
86 96
86 97
86 104
86 105
86 106
86 108
86 111
86 113
86 114
86 116
86 119
86 127
86 128
86 131
86 132
86 134
86 137
86 141
86 142
86 147
86 148
87 88
87 89
87 91
87 92
87 93
87 99
87 101
87 102
87 103
87 106
87 107
87 109
87 110
87 111
87 114
87 115
87 116
87 118
87 122
87 123
87 128
87 129
87 130
87 134
87 135
87 138
87 139
87 144
87 145
87 147
87 149
88 90
88 97
88 98
88 100
88 101
88 102
88 105
88 106
88 108
88 110
88 111
88 112
88 113
88 119
88 120
88 124
88 125
88 126
88 129
88 131
88 134
88 135
88 137
88 138
88 139
88 141
88 143
88 144
88 145
89 91
89 93
89 95
89 96
89 100
89 103
89 104
89 105
89 107
89 108
89 110
89 112
89 113
89 115
89 116
89 118
89 123
89 124
89 125
89 126
89 127
89 132
89 134
89 137
89 138
89 139
89 141
89 144
89 145
89 146
89 147
89 149
90 92
90 95
90 96
90 98
90 99
90 100
90 101
90 104
90 106
90 107
90 109
90 110
90 112
90 113
90 115
90 118
90 119
90 120
90 122
90 123
90 124
90 125
90 126
90 127
90 129
90 130
90 131
90 132
90 133
90 134
90 135
90 137
90 139
90 142
90 143
90 146
90 148
90 149
91 92
91 95
91 99
91 102
91 103
91 104
91 106
91 108
91 109
91 111
91 112
91 113
91 114
91 116
91 118
91 119
91 121
91 122
91 128
91 129
91 131
91 133
91 138
91 140
91 141
91 144
91 146
91 148
92 95
92 98
92 101
92 102
92 106
92 109
92 112
92 113
92 114
92 117
92 119
92 126
92 129
92 130
92 134
92 135
92 140
92 141
92 142
92 143
92 145
93 94
93 95
93 98
93 99
93 101
93 103
93 104
93 106
93 109
93 111
93 112
93 117
93 118
93 119
93 121
93 122
93 124
93 125
93 128
93 129
93 130
93 131
93 134
93 135
93 141
93 143
93 145
93 146
93 147
93 148
94 95
94 97
94 99
94 100
94 101
94 102
94 104
94 106
94 108
94 111
94 114
94 117
94 118
94 119
94 124
94 125
94 129
94 130
94 131
94 132
94 133
94 134
94 135
94 136
94 137
94 143
94 144
94 145
94 146
94 147
94 149
95 97
95 98
95 99
95 100
95 103
95 104
95 105
95 107
95 111
95 113
95 115
95 116
95 119
95 122
95 124
95 125
95 128
95 129
95 131
95 132
95 133
95 134
95 135
95 136
95 137
95 138
95 139
95 140
95 142
95 144
96 101
96 102
96 104
96 106
96 107
96 108
96 109
96 110
96 111
96 112
96 113
96 114
96 115
96 120
96 124
96 126
96 128
96 132
96 133
96 136
96 140
96 145
96 146
96 149
97 98
97 99
97 100
97 105
97 107
97 108
97 110
97 115
97 118
97 122
97 123
97 124
97 127
97 129
97 132
97 133
97 134
97 135
97 137
97 139
97 143
97 144
97 147
97 148
97 149
98 103
98 104
98 107
98 109
98 112
98 113
98 115
98 116
98 119
98 121
98 122
98 123
98 127
98 128
98 129
98 130
98 131
98 135
98 136
98 139
98 142
98 145
98 146
98 148
98 149
99 101
99 105
99 107
99 108
99 110
99 113
99 115
99 116
99 117
99 118
99 121
99 123
99 126
99 129
99 130
99 131
99 134
99 137
99 142
99 143
99 146
99 149
100 102
100 104
100 106
100 107
100 109
100 112
100 114
100 126
100 128
100 130
100 133
100 138
100 140
100 141
100 143
100 146
100 147
100 148
100 149
101 102
101 103
101 104
101 105
101 107
101 110
101 115
101 119
101 122
101 124
101 125
101 127
101 132
101 134
101 135
101 137
101 138
101 139
101 140
101 141
101 142
101 143
101 145
101 146
101 148
101 149
102 104
102 113
102 114
102 115
102 116
102 122
102 129
102 131
102 132
102 134
102 135
102 137
102 139
102 142
102 143
102 144
102 147
102 148
103 105
103 106
103 108
103 109
103 111
103 112
103 113
103 116
103 119
103 120
103 121
103 122
103 124
103 128
103 129
103 130
103 132
103 134
103 135
103 136
103 137
103 139
103 143
103 144
103 145
103 146
103 148
103 149
104 105
104 107
104 108
104 112
104 113
104 115
104 116
104 118
104 119
104 120
104 122
104 128
104 129
104 131
104 132
104 133
104 136
104 138
104 140
104 141
104 144
104 145
104 146
105 106
105 107
105 110
105 112
105 118
105 120
105 121
105 123
105 125
105 126
105 127
105 128
105 129
105 130
105 133
105 134
105 136
105 137
105 138
105 139
105 142
105 144
105 145
106 107
106 108
106 109
106 113
106 114
106 118
106 123
106 124
106 125
106 126
106 127
106 128
106 129
106 132
106 133
106 134
106 135
106 137
106 139
106 140
106 141
106 144
106 145
106 146
106 147
106 149
107 108
107 109
107 110
107 111
107 112
107 114
107 116
107 117
107 118
107 120
107 121
107 122
107 123
107 124
107 125
107 126
107 127
107 129
107 131
107 132
107 136
107 137
107 138
107 140
107 144
107 146
107 148
108 109
108 110
108 111
108 112
108 114
108 115
108 117
108 120
108 126
108 129
108 132
108 134
108 135
108 136
108 137
108 138
108 142
108 143
108 144
108 145
108 147
108 149
109 110
109 112
109 113
109 114
109 115
109 116
109 118
109 122
109 124
109 126
109 127
109 128
109 129
109 130
109 131
109 132
109 139
109 140
109 141
109 142
109 143
109 144
109 145
109 146
110 112
110 114
110 116
110 122
110 128
110 129
110 130
110 136
110 138
110 139
110 141
110 144
110 146
110 147
110 148
111 112
111 113
111 114
111 115
111 117
111 119
111 123
111 124
111 127
111 128
111 129
111 130
111 133
111 136
111 138
111 139
111 140
111 142
111 143
111 144
111 145
111 146
111 147
111 148
112 115
112 116
112 118
112 120
112 123
112 125
112 126
112 127
112 129
112 138
112 139
112 141
112 142
112 143
112 145
112 146
112 149
113 116
113 121
113 123
113 125
113 126
113 127
113 128
113 130
113 132
113 133
113 136
113 137
113 139
113 142
113 143
113 144
113 147
113 148
113 149
114 116
114 118
114 119
114 120
114 121
114 129
114 130
114 131
114 132
114 134
114 139
114 141
114 143
114 144
114 145
114 146
114 147
114 148
114 149
115 116
115 117
115 118
115 119
115 122
115 124
115 125
115 127
115 129
115 130
115 131
115 132
115 135
115 136
115 139
115 141
115 143
115 144
115 146
115 148
116 120
116 123
116 129
116 131
116 133
116 134
116 137
116 144
116 145
116 146
116 148
116 149
117 118
117 120
117 122
117 125
117 126
117 128
117 129
117 130
117 132
117 134
117 136
117 137
117 140
117 141
117 142
117 145
117 146
117 147
118 121
118 125
118 128
118 129
118 130
118 132
118 133
118 135
118 136
118 137
118 138
118 147
118 149
119 120
119 125
119 128
119 129
119 131
119 132
119 134
119 135
119 137
119 138
119 139
119 141
119 142
119 145
119 146
119 147
119 148
120 121
120 123
120 127
120 128
120 129
120 130
120 131
120 132
120 133
120 135
120 137
120 138
120 139
120 144
120 145
120 146
120 147
120 148
120 149
121 122
121 127
121 128
121 130
121 138
121 141
121 142
121 143
121 145
121 147
121 149
122 124
122 128
122 136
122 137
122 142
122 143
122 144
122 145
122 148
123 124
123 125
123 126
123 128
123 130
123 131
123 132
123 135
123 137
123 138
123 140
123 142
123 143
123 144
123 145
123 146
123 149
124 125
124 126
124 127
124 128
124 131
124 133
124 139
124 140
124 142
124 143
124 144
124 145
124 146
124 147
124 148
125 129
125 131
125 132
125 134
125 136
125 139
125 141
125 142
125 143
125 144
125 146
125 148
125 149
126 129
126 131
126 132
126 134
126 136
126 139
126 140
126 141
126 147
126 148
126 149
127 128
127 129
127 131
127 136
127 137
127 138
127 139
127 141
127 144
127 146
127 147
128 130
128 132
128 133
128 134
128 135
128 136
128 138
128 139
128 143
128 146
128 148
128 149
129 130
129 131
129 133
129 134
129 135
129 136
129 139
129 141
129 142
129 143
129 144
129 145
129 146
129 147
129 148
129 149
130 132
130 133
130 135
130 136
130 137
130 141
130 142
131 132
131 134
131 136
131 137
131 139
131 142
131 143
131 144
131 146
131 148
132 135
132 136
132 137
132 141
132 142
132 145
132 146
132 148
132 149
133 136
133 139
133 140
133 141
133 142
133 143
133 145
133 146
134 135
134 136
134 139
134 140
134 141
134 142
134 143
134 146
134 148
134 149
135 136
135 137
135 138
135 140
135 141
135 142
135 143
135 144
135 146
135 147
136 139
136 140
136 141
136 142
136 148
136 149
137 139
137 140
137 144
137 145
138 140
138 141
138 142
138 145
138 149
139 140
139 141
139 142
139 143
139 144
139 147
140 141
140 144
140 145
140 146
140 147
140 148
141 142
141 143
141 146
141 147
141 149
142 146
143 148
144 148
145 146
145 148
146 148
148 149

0 0 0 0 1 0 1 1 1 1 1 0 0 1 0 1 0 1 0 0 1 1 1 0 0 0 0 0 0 1 0 0 1 0 0 1 1 1 0 0 0 0 1 0 0 1 1 1 1 0 1 1 0 0 1 0 1 1 1 1 1 1 1 0 0 0 0 1 0 1 0 1 0 0 0 0 0 1 1 1 0 1 0 1 0 1 1 1 1 1 0 1 1 0 1 1 0 0 1 1 1 1 0 1 0 0 1 0 0 0 1 0 1 0 0 0 1 1 0 0 1 1 1 0 1 1 0 1 0 1 0 0 1 1 1 0 0 1 1 0 1 0 0 1 1 0 0 0 1 0