200 2007
0 1 2 3 4 5 6 7 8 9 10 11 12 13 14 15 16 17 18 19 20 21 22 23 24 25 26 27 28 29 30 31 32 33 34 35 36 37 38 39 40 41 42 43 44 45 46 47 48 49 50 51 52 53 54 55 56 57 58 59 60 61 62 63 64 65 66 67 68 69 70 71 72 73 74 75 76 77 78 79 80 81 82 83 84 85 86 87 88 89 90 91 92 93 94 95 96 97 98 99 100 101 102 103 104 105 106 107 108 109 110 111 112 113 114 115 116 117 118 119 120 121 122 123 124 125 126 127 128 129 130 131 132 133 134 135 136 137 138 139 140 141 142 143 144 145 146 147 148 149 150 151 152 153 154 155 156 157 158 159 160 161 162 163 164 165 166 167 168 169 170 171 172 173 174 175 176 177 178 179 180 181 182 183 184 185 186 187 188 189 190 191 192 193 194 195 196 197 198 199
0 19
0 38
0 44
0 46
0 52
0 59
0 73
0 83
0 91
0 95
0 97
0 99
0 101
0 136
0 137
0 139
0 167
0 179
0 188
0 194
1 9
1 18
1 23
1 55
1 69
1 75
1 109
1 119
1 145
1 159
1 170
1 184
1 194
1 197
2 12
2 20
2 34
2 43
2 44
2 48
2 74
2 92
2 109
2 115
2 148
2 149
2 163
2 164
2 183
2 184
2 186
2 190
3 31
3 39
3 45
3 46
3 52
3 63
3 69
3 83
3 85
3 91
3 92
3 99
3 119
3 126
3 130
3 136
3 145
3 148
3 156
3 179
3 180
4 19
4 31
4 34
4 45
4 58
4 60
4 73
4 75
4 76
4 81
4 92
4 103
4 128
4 132
4 133
4 134
4 172
4 173
4 181
4 184
5 7
5 22
5 29
5 45
5 50
5 52
5 62
5 65
5 73
5 75
5 90
5 94
5 97
5 98
5 110
5 117
5 123
5 142
5 146
5 153
5 163
5 164
5 175
5 199
6 9
6 22
6 24
6 27
6 35
6 48
6 57
6 66
6 92
6 93
6 106
6 109
6 110
6 117
6 128
6 138
6 146
6 151
6 163
6 170
6 181
6 188
6 189
6 196
6 198
7 9
7 14
7 17
7 21
7 31
7 43
7 46
7 51
7 68
7 82
7 88
7 97
7 98
7 99
7 103
7 114
7 153
7 167
7 171
7 177
7 185
7 191
8 14
8 35
8 74
8 75
8 98
8 109
8 116
8 135
8 145
8 151
8 156
8 157
8 171
8 176
8 180
8 183
8 194
9 16
9 33
9 39
9 58
9 65
9 66
9 76
9 85
9 91
9 97
9 109
9 122
9 126
9 139
9 147
9 162
9 174
9 175
9 178
9 181
10 17
10 18
10 33
10 46
10 47
10 53
10 77
10 82
10 83
10 126
10 133
10 135
10 172
10 178
10 185
10 191
10 199
11 18
11 21
11 23
11 32
11 44
11 51
11 52
11 60
11 78
11 85
11 98
11 100
11 106
11 114
11 117
11 121
11 141
11 149
11 154
11 175
11 189
12 20
12 35
12 43
12 44
12 61
12 71
12 84
12 90
12 98
12 120
12 125
12 137
12 181
12 188
12 194
13 32
13 38
13 52
13 70
13 77
13 120
13 144
13 146
13 175
13 189
13 198
14 18
14 20
14 35
14 42
14 44
14 59
14 68
14 69
14 75
14 84
14 136
14 142
14 144
14 148
14 168
14 175
14 186
14 198
15 16
15 29
15 42
15 44
15 52
15 53
15 57
15 60
15 63
15 88
15 105
15 108
15 114
15 120
15 123
15 159
15 162
15 176
15 185
15 192
16 20
16 32
16 44
16 61
16 66
16 74
16 102
16 106
16 120
16 124
16 135
16 149
16 154
16 164
16 166
16 173
16 176
16 177
16 181
16 190
16 199
17 20
17 58
17 60
17 65
17 68
17 94
17 100
17 119
17 127
17 130
17 132
17 134
17 145
17 147
17 166
17 172
17 174
17 182
17 184
17 192
18 36
18 41
18 48
18 54
18 59
18 69
18 72
18 76
18 96
18 109
18 116
18 123
18 147
18 148
18 159
18 168
18 183
18 195
19 26
19 48
19 57
19 59
19 60
19 69
19 83
19 93
19 94
19 95
19 105
19 113
19 128
19 145
19 160
19 161
19 183
19 196
20 28
20 32
20 35
20 39
20 41
20 74
20 82
20 87
20 103
20 104
20 109
20 127
20 129
20 133
20 145
20 159
20 163
20 184
20 193
20 194
21 35
21 36
21 55
21 66
21 76
21 86
21 91
21 100
21 127
21 136
21 145
21 164
21 192
21 196
22 32
22 39
22 48
22 56
22 67
22 92
22 109
22 135
22 142
22 149
22 155
22 170
22 172
22 185
23 33
23 40
23 46
23 58
23 81
23 109
23 112
23 139
23 149
23 174
23 191
24 36
24 49
24 55
24 59
24 60
24 72
24 79
24 80
24 127
24 128
24 130
24 146
24 152
24 155
24 157
24 158
24 161
24 164
24 179
24 186
24 188
24 197
25 39
25 50
25 92
25 96
25 107
25 121
25 129
25 137
25 147
25 155
25 169
25 190
26 38
26 46
26 67
26 93
26 123
26 128
26 133
26 149
26 154
26 164
26 178
26 185
26 188
26 197
27 32
27 33
27 56
27 65
27 74
27 81
27 86
27 94
27 103
27 119
27 126
27 128
27 177
27 180
27 184
28 31
28 58
28 62
28 69
28 76
28 77
28 78
28 80
28 116
28 130
28 135
28 151
28 159
28 160
28 161
28 164
28 174
28 175
28 178
29 31
29 37
29 44
29 45
29 48
29 55
29 56
29 59
29 65
29 72
29 73
29 81
29 87
29 110
29 111
29 117
29 119
29 122
29 136
29 142
29 144
29 146
29 149
29 171
29 175
29 177
29 180
29 185
29 186
29 190
29 196
29 197
29 198
30 39
30 46
30 51
30 79
30 87
30 110
30 122
30 124
30 141
30 148
30 149
30 150
30 167
30 168
30 180
30 191
30 197
31 47
31 52
31 53
31 58
31 66
31 101
31 104
31 129
31 144
31 148
31 164
31 195
32 57
32 77
32 78
32 79
32 91
32 101
32 108
32 111
32 113
32 120
32 146
32 172
32 190
32 194
32 195
32 196
33 46
33 52
33 101
33 115
33 134
33 139
33 152
33 159
33 174
33 175
33 193
34 46
34 62
34 65
34 73
34 76
34 78
34 79
34 82
34 90
34 98
34 119
34 129
34 130
34 141
34 143
34 146
34 157
34 162
34 181
35 42
35 51
35 53
35 63
35 69
35 111
35 126
35 147
35 156
35 160
35 167
35 173
35 187
36 39
36 40
36 51
36 55
36 65
36 70
36 77
36 87
36 94
36 95
36 96
36 108
36 131
36 138
36 143
36 146
36 155
36 160
36 165
36 169
37 40
37 65
37 77
37 78
37 84
37 88
37 90
37 96
37 108
37 116
37 117
37 119
37 128
37 134
37 145
37 157
37 166
37 171
37 174
37 183
38 40
38 49
38 51
38 58
38 73
38 94
38 102
38 112
38 113
38 123
38 160
38 161
38 182
38 192
38 197
39 45
39 56
39 80
39 84
39 92
39 110
39 120
39 131
39 151
39 155
39 172
39 186
39 199
40 71
40 84
40 89
40 102
40 103
40 119
40 142
40 166
40 167
40 181
40 182
41 44
41 51
41 62
41 72
41 76
41 85
41 91
41 101
41 105
41 111
41 113
41 125
41 128
41 143
41 144
41 153
41 194
41 198
42 57
42 95
42 143
42 146
42 147
42 177
42 181
42 185
42 187
43 62
43 84
43 99
43 106
43 120
43 125
43 126
43 128
43 135
43 138
43 140
43 153
43 169
43 172
43 178
43 188
43 192
44 63
44 81
44 89
44 103
44 106
44 123
44 124
44 140
44 142
44 157
44 161
44 171
44 180
45 61
45 75
45 121
45 125
45 129
45 139
45 145
45 153
45 158
45 162
45 165
45 193
45 194
46 49
46 59
46 62
46 64
46 72
46 74
46 76
46 85
46 86
46 88
46 94
46 104
46 108
46 115
46 125
46 128
46 177
46 183
46 185
47 55
47 56
47 64
47 77
47 94
47 103
47 113
47 134
47 140
47 141
47 149
47 152
47 153
47 170
47 182
47 190
48 50
48 52
48 78
48 107
48 114
48 146
49 60
49 111
49 117
49 164
49 177
49 186
50 53
50 62
50 67
50 82
50 83
50 98
50 107
50 118
50 127
50 131
50 136
50 138
50 149
50 161
50 174
50 178
50 182
50 184
50 185
50 198
50 199
51 52
51 81
51 82
51 86
51 101
51 105
51 116
51 120
51 129
51 159
51 165
51 179
51 185
51 189
52 58
52 75
52 98
52 109
52 125
52 135
52 144
52 156
52 182
52 193
53 67
53 76
53 78
53 95
53 107
53 123
53 138
53 146
53 150
53 155
53 160
53 162
53 166
53 175
53 177
54 80
54 103
54 104
54 111
54 113
54 126
54 133
54 136
54 153
54 158
54 168
54 181
55 61
55 92
55 103
55 107
55 128
55 131
55 147
55 149
55 151
55 158
55 180
55 190
55 199
56 72
56 79
56 97
56 120
56 130
56 133
56 134
56 136
56 141
56 152
56 156
56 169
56 180
56 196
57 75
57 76
57 78
57 96
57 132
57 144
57 146
57 152
57 163
57 182
57 188
57 193
58 61
58 62
58 67
58 69
58 70
58 71
58 101
58 106
58 120
58 123
58 135
58 141
58 146
58 160
58 166
58 171
58 176
58 181
58 186
58 197
59 63
59 65
59 71
59 81
59 92
59 98
59 103
59 107
59 120
59 124
59 125
59 135
59 141
59 142
59 181
59 185
59 190
59 193
60 110
60 138
60 143
60 146
60 163
60 174
60 176
60 178
60 190
60 191
61 75
61 78
61 81
61 94
61 95
61 117
61 136
61 153
61 156
61 160
61 190
62 65
62 91
62 97
62 99
62 109
62 116
62 137
62 154
62 158
62 165
62 186
63 68
63 69
63 76
63 77
63 80
63 85
63 89
63 91
63 92
63 97
63 102
63 104
63 134
63 139
63 160
63 166
63 184
64 79
64 103
64 107
64 108
64 136
64 146
64 148
64 152
64 161
64 171
64 177
64 190
64 197
65 87
65 90
65 97
65 110
65 113
65 128
65 152
65 164
65 166
65 172
65 182
65 192
66 80
66 85
66 94
66 101
66 118
66 121
66 131
66 132
66 140
66 150
67 70
67 81
67 102
67 105
67 106
67 119
67 123
67 137
67 138
67 152
67 165
67 177
67 187
67 189
67 192
67 195
68 76
68 85
68 100
68 115
68 128
68 144
68 147
68 161
68 187
69 79
69 105
69 107
69 108
69 121
69 154
69 158
69 167
69 174
69 194
69 195
70 72
70 75
70 77
70 81
70 83
70 92
70 96
70 111
70 117
70 137
70 138
70 140
70 150
70 154
70 182
70 183
70 189
70 195
71 81
71 88
71 95
71 96
71 99
71 101
71 102
71 115
71 128
71 134
71 146
71 148
71 152
71 157
71 160
71 162
71 181
71 188
72 73
72 114
72 141
72 143
72 151
72 159
72 165
72 177
73 75
73 79
73 85
73 90
73 102
73 103
73 107
73 108
73 124
73 135
73 140
73 147
73 151
73 160
73 166
73 188
74 80
74 88
74 103
74 111
74 116
74 128
74 136
74 137
74 140
74 155
74 158
74 160
74 166
74 168
74 174
74 175
74 182
74 194
74 195
75 96
75 112
75 115
75 121
75 132
75 134
75 136
75 146
75 166
75 187
75 188
76 78
76 82
76 91
76 96
76 97
76 106
76 115
76 126
76 127
76 139
76 154
76 176
76 184
77 81
77 83
77 84
77 89
77 98
77 119
77 123
77 129
77 130
77 153
77 158
77 186
77 195
78 83
78 86
78 91
78 105
78 111
78 115
78 121
78 122
78 133
78 150
78 155
79 84
79 95
79 102
79 131
79 147
79 151
79 152
79 155
79 160
79 174
79 175
79 182
79 195
80 88
80 100
80 113
80 118
80 120
80 132
80 138
80 147
80 156
80 159
80 164
80 177
80 179
80 183
80 184
80 189
80 190
80 196
81 83
81 89
81 90
81 94
81 96
81 108
81 112
81 123
81 140
81 142
81 145
81 147
81 154
81 170
81 184
81 188
82 86
82 87
82 97
82 106
82 109
82 127
82 128
82 129
82 133
82 137
82 143
82 144
82 154
82 162
82 165
82 169
82 173
82 181
82 185
82 193
83 90
83 91
83 92
83 114
83 127
83 129
83 140
83 164
83 188
84 92
84 93
84 97
84 110
84 140
84 142
84 145
84 150
84 162
84 173
85 86
85 96
85 121
85 134
85 140
85 145
85 156
85 163
85 169
85 186
85 190
86 88
86 100
86 101
86 104
86 141
86 144
86 153
86 171
86 178
86 188
87 97
87 98
87 100
87 109
87 118
87 123
87 133
87 137
87 156
87 170
87 178
88 89
88 90
88 110
88 144
88 145
88 153
88 166
88 183
88 187
89 96
89 116
89 128
89 138
89 152
89 153
89 177
89 179
89 191
89 195
90 107
90 118
90 122
90 126
90 130
90 132
90 145
90 151
90 162
90 170
90 175
91 95
91 99
91 104
91 118
91 130
91 133
91 138
91 145
91 149
91 187
92 103
92 121
92 139
92 142
92 149
92 157
92 170
92 185
93 105
93 106
93 112
93 122
93 129
93 146
93 148
93 162
93 179
93 181
94 101
94 124
94 138
94 159
94 189
94 193
94 198
95 103
95 112
95 117
95 137
95 139
95 140
95 157
95 186
95 195
95 199
96 109
96 117
96 124
96 128
96 129
96 154
96 174
96 178
96 181
96 185
96 199
97 101
97 104
97 109
97 117
97 121
97 129
97 131
97 134
97 137
97 145
97 151
97 159
97 175
97 178
97 186
97 196
98 105
98 107
98 117
98 127
98 144
98 146
98 149
98 150
98 153
98 174
98 182
98 186
98 192
98 195
99 112
99 113
99 136
99 147
99 148
99 155
99 156
99 164
99 168
99 181
99 183
100 122
100 125
100 129
100 130
100 131
100 133
100 136
100 142
100 153
100 154
100 158
100 159
100 175
100 177
100 182
100 186
101 103
101 140
101 145
101 146
101 169
101 177
101 184
101 185
101 199
102 104
102 113
102 121
102 125
102 126
102 145
102 152
102 159
102 175
102 179
102 196
102 199
103 105
103 124
103 134
103 136
103 140
103 145
103 155
103 161
103 169
103 180
104 118
104 129
104 144
104 150
104 163
104 168
104 184
104 189
104 195
105 106
105 117
105 123
105 126
105 132
105 138
105 145
105 157
105 170
105 181
105 182
105 192
105 194
105 198
106 130
106 158
106 167
106 174
106 181
106 189
107 114
107 117
107 126
107 127
107 128
107 166
107 197
107 198
108 110
108 124
108 125
108 133
108 135
108 138
108 145
108 149
108 172
108 178
108 182
108 184
108 197
108 198
109 112
109 119
109 125
109 147
109 153
109 166
109 172
109 174
109 175
109 176
109 187
110 117
110 122
110 143
110 163
110 176
110 178
110 187
110 191
110 195
111 125
111 129
111 134
111 152
111 155
111 160
111 182
111 188
111 190
112 122
112 140
112 148
112 152
112 154
112 171
112 175
112 187
112 196
113 124
113 131
113 146
113 148
113 153
113 154
113 163
113 167
113 183
114 117
114 135
114 136
114 154
114 160
114 166
114 180
114 187
114 199
115 124
115 127
115 145
115 152
115 158
115 195
116 122
116 134
116 142
116 143
116 156
116 158
116 183
116 185
117 119
117 121
117 133
117 136
117 145
117 162
117 177
117 180
117 184
117 186
117 188
117 194
118 128
118 149
118 167
118 171
118 184
118 192
118 195
119 130
119 139
119 167
119 170
119 171
119 178
119 183
119 198
120 125
120 136
120 139
120 143
120 165
120 168
120 184
121 146
121 150
121 180
121 184
121 185
121 188
121 190
121 191
121 192
121 193
122 123
122 132
122 133
122 150
122 159
122 166
122 184
122 187
123 157
123 174
123 176
123 180
123 194
124 129
124 141
124 144
124 145
124 148
124 150
124 159
124 164
124 174
124 194
125 133
125 136
125 144
125 150
125 160
125 172
125 178
125 188
125 194
126 139
126 141
126 149
126 191
127 147
127 156
127 175
127 176
128 138
128 142
128 169
128 176
128 194
128 195
128 196
128 197
129 144
129 146
129 163
129 174
129 185
129 196
130 136
130 141
130 147
130 161
130 182
130 183
130 184
130 195
130 197
130 199
131 132
131 143
131 147
131 159
131 168
131 192
131 198
132 136
132 144
132 148
132 158
132 162
132 167
132 170
132 181
133 139
133 143
133 153
133 155
133 172
133 179
133 184
133 188
133 189
133 191
133 194
134 137
134 150
134 174
134 184
134 185
135 152
135 153
135 175
135 185
136 165
136 176
136 180
136 185
136 189
136 190
137 144
137 147
137 148
137 149
137 168
137 180
137 186
137 196
138 147
138 154
138 163
138 177
138 178
138 179
138 180
139 156
139 157
139 185
139 190
139 192
139 195
140 157
140 169
140 171
140 187
140 189
141 146
141 149
141 160
141 163
141 169
142 159
142 169
142 171
142 180
142 194
142 196
142 197
142 198
143 148
143 166
143 180
143 183
143 184
143 188
144 147
144 164
144 170
144 191
144 197
145 155
145 169
145 184
145 189
145 191
145 194
145 197
146 152
146 156
146 160
146 163
146 176
146 177
146 181
146 193
147 162
147 171
147 184
148 151
148 153
148 159
148 171
148 172
149 154
149 157
149 165
149 175
149 176
149 178
149 181
150 156
150 186
150 187
150 194
150 196
151 169
151 176
151 177
151 183
151 188
151 194
152 165
152 172
152 175
152 184
152 191
152 198
153 158
153 172
153 188
153 191
153 196
154 159
154 164
154 167
154 169
154 175
154 193
154 194
155 160
156 157
156 172
156 174
156 179
156 183
156 191
157 163
157 169
157 177
157 179
157 182
157 189
157 190
158 166
158 168
159 161
159 163
159 168
159 176
159 195
159 198
159 199
160 169
160 170
160 189
160 197
160 198
161 175
161 180
161 189
162 164
162 166
162 177
162 179
162 194
162 196
162 197
164 165
164 175
164 181
165 190
165 192
165 193
166 170
166 187
166 188
166 198
167 168
167 178
167 181
168 169
168 175
168 187
168 192
169 184
169 199
170 176
170 180
170 189
171 197
172 176
172 190
172 194
172 197
173 180
173 186
173 188
173 189
173 193
174 178
174 183
174 188
174 191
174 193
175 179
175 187
177 178
178 184
178 199
179 184
179 185
180 192
180 193
181 183
181 184
181 186
181 193
183 199
184 188
184 193
185 196
185 198
187 191
188 195
189 192
191 197
192 194
192 198
193 198
193 199
198 199

0 0 1 0 1 0 1 0 1 1 0 0 1 0 1 1 0 0 0 0 0 1 1 0 1 0 0 1 0 0 1 0 1 1 1 1 0 1 1 1 0 1 1 1 1 0 0 1 0 0 1 1 1 1 1 0 0 0 0 1 0 0 1 1 0 1 1 1 0 0 0 1 1 1 0 1 0 1 0 1 0 0 0 1 1 0 0 0 1 1 0 1 1 0 0 1 1 0 1 0 1 1 0 0 0 0 0 1 0 0 0 0 0 0 1 1 1 1 1 0 0 1 0 0 1 0 1 0 1 0 1 1 1 1 1 0 0 1 0 1 0 1 1 0 1 0 0 1 0 1 1 1 1 0 0 0 0 1 1 0 1 1 0 1 0 1 0 0 0 0 1 0 1 1 1 1 1 0 1 0 0 1 0 0 0 1 1 1 0 1 0 0 0 1 1 0 0 1 0 1