50 218
0 1 2 3 4 5 6 7 8 9 10 11 12 13 14 15 16 17 18 19 20 21 22 23 24 25 26 27 28 29 30 31 32 33 34 35 36 37 38 39 40 41 42 43 44 45 46 47 48 49
0 7
0 13
0 21
0 28
0 36
0 38
0 41
0 44
0 46
1 7
1 11
1 15
1 30
1 39
1 44
2 8
2 16
2 25
2 27
2 28
2 29
2 30
2 38
2 48
3 6
3 9
3 11
3 13
3 14
3 19
3 21
3 25
3 27
3 34
3 35
3 39
3 44
3 47
4 12
4 24
4 29
4 30
4 33
4 34
4 35
4 38
4 39
4 43
4 49
5 6
5 8
5 10
5 12
5 13
5 16
5 22
5 26
5 30
5 39
5 43
5 45
6 19
6 31
6 37
6 38
6 40
7 15
7 17
7 23
7 26
7 31
7 35
7 40
8 9
8 24
8 25
8 30
8 32
8 47
9 14
9 18
9 27
9 29
9 33
9 38
9 45
9 48
10 12
10 22
10 31
10 40
10 43
10 44
11 24
11 27
11 28
11 31
11 47
11 49
12 13
12 16
12 19
12 20
12 21
12 24
12 25
12 26
12 27
12 39
12 42
12 44
12 48
13 15
13 17
13 25
13 29
13 38
13 44
14 18
14 20
14 22
14 27
14 38
15 16
15 43
15 47
15 49
16 17
16 22
16 24
16 29
16 32
16 33
16 35
16 36
16 40
17 20
17 24
17 28
17 40
17 48
17 49
18 35
18 38
18 47
19 26
19 31
19 34
19 43
20 25
20 32
20 34
21 23
21 25
21 35
21 37
21 38
21 48
22 28
22 32
22 34
22 38
23 25
23 33
23 43
23 46
24 28
24 30
24 31
24 43
25 34
25 37
25 39
26 28
26 30
26 40
26 46
28 39
28 41
28 42
28 44
28 46
29 42
29 43
29 46
30 44
30 46
30 47
30 48
31 39
31 42
32 33
32 42
32 49
33 36
33 42
33 46
34 40
34 46
35 37
35 38
35 44
35 47
36 41
36 45
36 48
37 42
37 47
39 41
39 42
40 41
40 44
40 45
41 43
42 43
43 44
43 47
45 47

0 0 1 1 0 1 1 1 1 0 0 0 0 1 0 1 1 0 1 1 1 0 1 1 1 1 0 0 0 1 0 0 1 0 0 0 0 1 1 1 1 0 1 0 1 0 0 0 1 0