150 579
0 1 2 3 4 5 6 7 8 9 10 11 12 13 14 15 16 17 18 19 20 21 22 23 24 25 26 27 28 29 30 31 32 33 34 35 36 37 38 39 40 41 42 43 44 45 46 47 48 49 50 51 52 53 54 55 56 57 58 59 60 61 62 63 64 65 66 67 68 69 70 71 72 73 74 75 76 77 78 79 80 81 82 83 84 85 86 87 88 89 90 91 92 93 94 95 96 97 98 99 100 101 102 103 104 105 106 107 108 109 110 111 112 113 114 115 116 117 118 119 120 121 122 123 124 125 126 127 128 129 130 131 132 133 134 135 136 137 138 139 140 141 142 143 144 145 146 147 148 149
0 44
0 67
0 108
0 136
1 31
1 40
1 89
1 137
1 142
2 4
2 25
2 72
2 94
2 104
2 112
3 13
3 75
4 35
4 38
4 50
4 70
4 87
4 115
4 117
4 118
4 128
4 129
4 135
4 138
4 148
5 16
5 18
5 28
5 55
5 80
5 110
5 112
5 126
5 129
5 143
6 113
6 129
7 12
7 24
7 41
7 42
7 43
7 91
7 104
7 105
7 128
8 16
8 48
8 67
8 98
8 101
8 112
8 121
9 30
9 62
9 63
9 75
9 86
9 119
9 133
9 140
10 17
10 32
10 53
10 55
10 67
10 91
10 96
10 124
11 15
11 16
11 66
11 106
11 116
11 118
11 138
12 43
12 55
12 61
12 131
13 19
13 23
13 59
13 70
13 74
13 78
13 121
13 146
13 149
14 51
14 73
14 141
15 75
15 89
15 100
15 107
15 108
15 130
16 29
16 36
16 80
16 84
16 92
16 126
16 133
16 136
17 26
17 45
17 49
17 57
17 66
17 68
17 77
17 91
17 94
18 74
18 77
18 98
18 119
18 128
18 135
19 46
19 62
19 102
19 105
19 134
19 149
20 48
20 100
20 126
21 39
21 78
21 84
21 92
21 99
22 37
22 55
22 115
22 123
22 132
22 139
23 29
23 37
23 43
23 57
23 121
23 132
23 134
24 27
24 37
24 40
24 43
24 44
24 84
24 91
24 96
24 97
24 105
24 129
25 29
25 62
25 73
25 135
25 137
26 29
26 39
26 69
26 108
26 116
26 128
27 33
27 45
27 54
27 60
27 75
27 89
27 104
27 112
27 134
27 143
28 46
28 75
28 92
28 116
28 132
28 145
29 47
29 80
30 49
30 54
30 70
30 72
30 98
30 108
30 121
30 131
30 140
31 66
31 75
31 125
31 132
31 135
32 43
32 80
32 88
32 93
32 100
32 115
33 39
33 40
33 49
33 52
33 74
33 95
33 128
33 132
33 134
34 76
34 138
35 57
35 69
35 87
35 137
36 43
36 45
36 48
36 88
36 92
36 103
36 105
36 133
36 138
36 141
37 39
37 52
37 55
37 72
37 80
37 89
37 117
37 118
37 119
37 121
37 132
38 43
38 89
38 99
38 112
38 113
38 128
38 142
39 75
39 86
39 92
39 103
39 113
39 117
39 119
39 130
39 136
39 139
40 44
40 69
40 70
40 82
41 51
41 61
41 76
41 106
41 118
41 123
42 70
42 88
42 93
42 109
42 128
42 146
42 147
43 52
43 57
43 64
43 70
43 101
43 115
43 124
43 125
43 129
44 48
44 59
44 62
44 72
44 90
44 106
44 113
45 75
45 93
45 137
46 48
46 51
46 57
46 81
46 138
46 141
47 54
47 57
47 64
47 90
47 95
47 105
47 138
47 139
48 113
48 116
48 125
48 133
48 143
48 144
48 145
49 52
49 61
49 100
49 142
50 54
50 55
50 57
50 68
50 140
51 86
51 96
51 99
51 133
51 137
51 149
52 59
52 77
52 85
52 96
52 113
52 118
52 125
53 75
53 100
53 109
53 114
54 94
54 120
54 122
55 56
55 73
55 75
56 91
56 99
56 114
56 133
57 81
57 95
57 114
57 144
58 67
58 124
59 61
59 85
59 91
59 109
59 120
59 131
60 91
60 100
60 105
60 107
60 148
61 69
61 76
61 77
61 85
61 95
61 97
61 104
61 108
61 131
61 134
61 146
62 63
62 85
62 89
62 109
62 114
62 132
62 140
63 71
63 119
63 122
63 138
64 75
64 81
64 100
64 115
65 100
65 103
65 132
65 134
65 139
65 140
66 72
66 89
66 117
67 139
68 72
68 100
68 108
68 124
69 81
69 86
69 112
69 142
70 91
70 130
71 84
71 86
71 89
71 90
71 111
71 130
72 112
72 124
72 129
72 132
72 137
73 79
73 109
73 111
73 126
73 128
74 96
74 99
74 112
74 114
74 120
74 149
75 90
75 105
75 120
75 125
75 133
76 117
76 138
77 84
77 98
77 112
77 114
77 136
77 139
78 107
78 138
79 85
79 98
79 122
79 144
80 124
80 133
81 105
82 110
83 89
83 97
83 135
84 92
84 115
85 92
85 99
85 100
85 103
85 119
85 132
85 142
86 107
86 121
86 122
86 137
86 141
87 89
87 140
89 96
89 127
89 135
89 137
89 140
90 105
91 131
91 135
92 95
92 111
93 95
93 114
93 147
94 103
94 118
94 125
95 97
95 101
95 103
95 141
95 149
96 111
96 119
96 126
96 145
97 119
97 122
97 134
98 146
99 117
99 132
99 133
100 101
100 103
100 124
100 131
100 132
101 144
101 147
103 105
103 140
104 127
105 106
105 110
105 135
105 148
106 128
107 116
109 115
109 118
109 124
109 133
109 137
109 146
111 137
112 121
112 134
113 115
113 145
114 118
114 136
115 144
116 135
116 136
116 145
117 122
117 131
117 142
118 142
120 125
121 130
125 131
125 139
126 142
127 137
127 139
127 142
128 147
129 143
129 149
131 137
132 135
132 136
132 139
132 144
135 145
136 141
138 148
138 149
140 142
140 146
142 146
145 148

0 0 1 1 0 0 0 1 0 1 0 0 1 1 0 1 0 0 1 1 1 0 1 0 1 0 0 0 1 1 1 0 0 1 0 0 0 1 1 1 1 0 1 1 1 0 0 0 1 0 0 0 1 1 1 0 0 0 0 1 0 1 1 0 1 0 0 0 0 1 1 0 1 1 1 1 1 0 0 1 1 1 1 1 0 1 0 1 1 0 0 1 1 0 0 0 1 0 1 0 0 0 1 1 1 1 1 0 0 1 0 1 0 1 1 1 0 0 1 0 0 1 1 1 0 0 0 1 1 0 0 0 0 0 0 1 0 1 0 1 0 1 0 1 1 1 1 0 0 1