250 3031
0 1 2 3 4 5 6 7 8 9 10 11 12 13 14 15 16 17 18 19 20 21 22 23 24 25 26 27 28 29 30 31 32 33 34 35 36 37 38 39 40 41 42 43 44 45 46 47 48 49 50 51 52 53 54 55 56 57 58 59 60 61 62 63 64 65 66 67 68 69 70 71 72 73 74 75 76 77 78 79 80 81 82 83 84 85 86 87 88 89 90 91 92 93 94 95 96 97 98 99 100 101 102 103 104 105 106 107 108 109 110 111 112 113 114 115 116 117 118 119 120 121 122 123 124 125 126 127 128 129 130 131 132 133 134 135 136 137 138 139 140 141 142 143 144 145 146 147 148 149 150 151 152 153 154 155 156 157 158 159 160 161 162 163 164 165 166 167 168 169 170 171 172 173 174 175 176 177 178 179 180 181 182 183 184 185 186 187 188 189 190 191 192 193 194 195 196 197 198 199 200 201 202 203 204 205 206 207 208 209 210 211 212 213 214 215 216 217 218 219 220 221 222 223 224 225 226 227 228 229 230 231 232 233 234 235 236 237 238 239 240 241 242 243 244 245 246 247 248 249
0 2
0 10
0 26
0 37
0 42
0 50
0 71
0 94
0 95
0 111
0 117
0 124
0 141
0 143
0 159
0 171
0 173
0 181
0 183
0 188
0 191
0 203
0 219
0 222
0 231
1 3
1 11
1 13
1 21
1 22
1 58
1 63
1 65
1 77
1 89
1 95
1 106
1 108
1 119
1 134
1 170
1 176
1 181
1 203
1 205
1 216
1 223
1 234
2 3
2 5
2 6
2 19
2 30
2 39
2 45
2 71
2 125
2 164
2 165
2 196
2 206
2 208
2 220
2 238
3 13
3 44
3 58
3 71
3 79
3 101
3 117
3 119
3 160
3 172
3 187
3 210
3 220
3 225
3 236
3 244
3 249
4 11
4 29
4 44
4 55
4 56
4 65
4 71
4 84
4 111
4 135
4 140
4 147
4 152
4 160
4 164
4 165
4 214
4 215
4 222
4 232
4 242
5 14
5 19
5 24
5 47
5 60
5 78
5 83
5 115
5 146
5 153
5 157
5 158
5 172
5 178
5 187
5 189
5 190
5 195
5 209
5 226
5 238
5 241
6 10
6 26
6 27
6 38
6 69
6 71
6 86
6 93
6 94
6 96
6 118
6 141
6 152
6 166
6 167
6 232
6 235
6 239
7 16
7 17
7 19
7 29
7 32
7 64
7 73
7 79
7 86
7 89
7 91
7 120
7 137
7 140
7 144
7 154
7 156
7 171
7 174
7 181
7 214
8 11
8 19
8 51
8 69
8 71
8 82
8 84
8 85
8 91
8 93
8 101
8 102
8 104
8 114
8 121
8 127
8 140
8 143
8 144
8 151
8 157
8 162
8 166
8 232
9 11
9 12
9 24
9 32
9 39
9 41
9 43
9 52
9 80
9 94
9 96
9 102
9 117
9 118
9 122
9 123
9 129
9 142
9 149
9 150
9 151
9 158
9 171
9 176
9 180
9 203
9 230
9 233
9 234
9 243
10 14
10 17
10 23
10 29
10 31
10 55
10 67
10 74
10 76
10 77
10 81
10 104
10 105
10 107
10 119
10 133
10 148
10 155
10 159
10 162
10 179
10 198
10 204
10 212
10 216
10 224
10 227
10 249
11 19
11 20
11 51
11 52
11 79
11 87
11 128
11 129
11 140
11 142
11 143
11 154
11 169
11 179
11 193
11 224
12 18
12 34
12 45
12 60
12 73
12 75
12 82
12 90
12 103
12 106
12 122
12 126
12 132
12 138
12 143
12 152
12 165
12 175
12 191
12 196
12 204
12 221
12 242
13 24
13 31
13 37
13 52
13 61
13 88
13 108
13 119
13 124
13 126
13 138
13 141
13 157
13 160
13 165
13 171
13 173
13 202
13 206
13 219
13 223
13 230
13 235
14 20
14 23
14 28
14 43
14 45
14 69
14 78
14 92
14 102
14 111
14 112
14 114
14 118
14 121
14 131
14 144
14 158
14 169
14 171
14 185
14 186
14 199
14 229
15 20
15 50
15 66
15 68
15 77
15 80
15 83
15 87
15 91
15 116
15 144
15 166
15 169
15 176
15 180
15 195
15 199
15 210
15 217
15 218
15 224
15 241
15 247
16 18
16 31
16 39
16 45
16 48
16 59
16 72
16 80
16 87
16 88
16 96
16 106
16 122
16 132
16 135
16 143
16 148
16 157
16 160
16 161
16 163
16 192
16 195
16 201
16 205
16 208
16 231
16 241
17 33
17 45
17 70
17 83
17 89
17 98
17 102
17 121
17 132
17 136
17 140
17 141
17 165
17 168
17 188
17 189
17 205
17 217
17 231
17 237
17 238
18 24
18 63
18 81
18 99
18 113
18 133
18 147
18 154
18 163
18 201
18 207
18 213
18 220
18 225
18 227
18 237
18 239
18 242
19 42
19 43
19 57
19 68
19 71
19 120
19 136
19 143
19 152
19 153
19 164
19 167
19 170
19 171
19 174
19 177
19 189
19 190
19 191
19 205
19 208
19 225
19 227
19 236
19 248
20 28
20 43
20 47
20 71
20 120
20 165
20 174
20 175
20 197
20 211
20 213
20 215
20 229
21 44
21 82
21 88
21 111
21 113
21 121
21 126
21 136
21 145
21 153
21 159
21 168
21 173
21 183
21 189
21 202
21 213
21 224
21 225
22 26
22 46
22 48
22 63
22 68
22 73
22 76
22 80
22 87
22 92
22 95
22 106
22 112
22 117
22 120
22 137
22 143
22 151
22 160
22 171
22 174
22 180
22 184
22 192
22 207
22 216
22 219
22 226
22 243
22 248
23 24
23 38
23 43
23 55
23 77
23 82
23 91
23 97
23 99
23 101
23 141
23 154
23 160
23 170
23 173
23 176
23 198
23 199
23 211
23 213
23 222
23 223
23 242
23 243
23 249
24 30
24 33
24 41
24 50
24 60
24 75
24 82
24 85
24 88
24 89
24 94
24 105
24 113
24 117
24 132
24 138
24 153
24 160
24 179
24 211
24 213
24 219
24 227
24 236
24 237
24 242
25 28
25 51
25 58
25 97
25 99
25 103
25 125
25 163
25 166
25 176
25 181
25 190
25 207
25 209
25 213
25 224
26 28
26 46
26 57
26 69
26 77
26 78
26 86
26 99
26 113
26 156
26 165
26 166
26 178
26 189
26 210
26 213
26 214
26 224
27 28
27 41
27 44
27 54
27 58
27 69
27 92
27 110
27 122
27 139
27 151
27 177
27 181
27 194
27 196
27 203
27 205
27 206
27 226
28 66
28 73
28 76
28 114
28 118
28 125
28 129
28 135
28 138
28 139
28 188
28 201
28 205
28 245
29 44
29 48
29 57
29 72
29 73
29 86
29 90
29 101
29 104
29 185
29 186
29 205
29 215
29 224
29 234
30 44
30 46
30 62
30 65
30 78
30 79
30 84
30 89
30 104
30 107
30 110
30 138
30 146
30 148
30 149
30 160
30 167
30 170
30 171
30 172
30 183
30 190
30 191
30 230
31 34
31 36
31 50
31 58
31 61
31 69
31 85
31 94
31 102
31 111
31 131
31 137
31 140
31 150
31 154
31 165
31 179
31 192
31 198
31 199
31 215
31 227
31 230
31 236
31 241
32 37
32 44
32 53
32 55
32 70
32 72
32 73
32 92
32 116
32 127
32 132
32 137
32 147
32 179
32 181
32 196
32 238
32 248
33 34
33 36
33 53
33 55
33 59
33 78
33 81
33 90
33 98
33 104
33 106
33 110
33 116
33 117
33 119
33 124
33 151
33 169
33 181
33 188
33 210
34 53
34 75
34 100
34 124
34 136
34 151
34 153
34 158
34 184
34 186
34 189
34 194
34 197
34 199
34 202
34 216
34 230
35 38
35 52
35 71
35 81
35 93
35 101
35 105
35 110
35 117
35 119
35 126
35 127
35 129
35 146
35 151
35 152
35 153
35 156
35 182
35 185
35 187
35 198
35 221
35 222
35 223
35 225
35 231
35 240
36 41
36 43
36 50
36 62
36 85
36 118
36 120
36 124
36 131
36 137
36 138
36 139
36 148
36 152
36 168
36 178
36 186
36 195
36 197
36 209
36 210
36 217
36 223
36 224
36 226
36 246
37 41
37 42
37 43
37 59
37 60
37 62
37 73
37 89
37 90
37 91
37 96
37 114
37 123
37 124
37 139
37 169
37 172
37 175
37 183
37 184
37 186
37 197
37 219
37 222
37 227
37 228
37 235
37 240
37 242
37 247
38 39
38 42
38 45
38 49
38 77
38 89
38 94
38 97
38 104
38 107
38 110
38 116
38 121
38 141
38 142
38 144
38 158
38 170
38 179
38 180
38 183
38 197
38 212
38 214
38 215
38 228
38 232
38 243
39 45
39 49
39 50
39 53
39 64
39 95
39 111
39 139
39 140
39 148
39 159
39 167
39 172
39 180
39 188
39 197
39 209
39 215
39 221
39 231
39 249
40 50
40 75
40 88
40 95
40 104
40 107
40 110
40 130
40 136
40 153
40 156
40 163
40 172
40 178
40 203
40 217
40 221
40 224
40 227
40 228
40 246
41 46
41 55
41 77
41 78
41 90
41 91
41 106
41 114
41 121
41 128
41 130
41 156
41 162
41 165
41 172
41 173
41 201
41 202
41 220
41 225
41 228
41 236
42 49
42 106
42 107
42 115
42 120
42 123
42 131
42 141
42 145
42 153
42 163
42 176
42 177
42 199
42 218
42 242
43 46
43 48
43 49
43 50
43 60
43 64
43 82
43 85
43 96
43 100
43 114
43 115
43 118
43 136
43 144
43 159
43 161
43 174
43 176
43 188
43 189
43 191
43 195
43 215
43 217
44 46
44 53
44 61
44 65
44 74
44 85
44 114
44 115
44 118
44 120
44 159
44 167
44 170
44 172
44 191
44 193
44 197
44 199
44 221
44 229
44 230
44 243
45 47
45 49
45 60
45 70
45 71
45 83
45 88
45 107
45 112
45 126
45 129
45 134
45 142
45 164
45 168
45 191
45 193
45 216
45 229
45 230
46 54
46 72
46 79
46 86
46 89
46 98
46 101
46 105
46 115
46 136
46 139
46 141
46 160
46 179
46 180
46 189
46 192
46 193
46 194
46 199
46 203
46 228
46 243
47 57
47 65
47 80
47 91
47 100
47 118
47 121
47 132
47 163
47 173
47 175
47 181
47 183
47 189
47 203
47 204
47 206
47 211
47 213
47 220
47 221
47 236
47 247
48 52
48 84
48 97
48 98
48 102
48 103
48 130
48 133
48 136
48 142
48 152
48 153
48 154
48 156
48 181
48 185
48 195
49 61
49 124
49 151
49 161
49 167
49 182
49 192
49 199
49 203
49 207
49 212
49 219
49 220
49 222
49 241
49 243
50 56
50 66
50 80
50 89
50 106
50 117
50 125
50 150
50 174
50 181
50 198
50 199
50 203
50 206
50 228
50 230
50 242
51 58
51 72
51 78
51 98
51 105
51 123
51 128
51 134
51 148
51 163
51 165
51 173
51 187
51 189
51 203
51 219
51 220
51 232
51 235
51 241
51 243
51 249
52 65
52 77
52 92
52 97
52 115
52 124
52 126
52 134
52 150
52 158
52 166
52 176
52 183
52 189
52 196
52 197
52 200
52 217
52 220
52 221
52 224
52 231
53 55
53 63
53 66
53 70
53 72
53 75
53 99
53 130
53 145
53 150
53 155
53 161
53 162
53 173
53 174
53 216
53 220
53 221
53 223
53 225
53 228
53 237
53 241
53 245
54 62
54 69
54 73
54 76
54 80
54 86
54 92
54 100
54 110
54 115
54 127
54 145
54 164
54 179
54 184
54 190
54 217
54 222
54 243
54 245
55 89
55 92
55 108
55 112
55 114
55 119
55 167
55 206
55 209
55 213
55 224
55 238
56 73
56 77
56 90
56 134
56 138
56 150
56 158
56 174
56 187
56 188
56 202
56 229
56 249
57 59
57 73
57 77
57 86
57 110
57 122
57 128
57 129
57 167
57 183
57 188
57 191
57 194
57 195
57 201
57 224
57 225
57 240
57 243
58 89
58 95
58 120
58 125
58 134
58 139
58 155
58 167
58 169
58 178
58 181
58 187
58 196
58 226
58 238
58 243
58 245
58 247
59 62
59 64
59 112
59 121
59 123
59 127
59 146
59 148
59 152
59 165
59 173
59 180
59 192
59 193
59 210
59 215
59 244
59 246
60 61
60 67
60 74
60 86
60 90
60 93
60 98
60 101
60 110
60 114
60 115
60 123
60 124
60 128
60 176
60 183
60 185
60 207
60 213
60 242
61 66
61 83
61 94
61 101
61 106
61 112
61 119
61 130
61 141
61 146
61 150
61 164
61 175
61 190
61 199
61 209
61 235
61 243
62 72
62 97
62 105
62 109
62 119
62 125
62 132
62 139
62 154
62 168
62 173
62 175
62 178
62 189
62 195
62 205
62 219
62 222
62 227
63 73
63 76
63 86
63 116
63 123
63 132
63 152
63 153
63 156
63 163
63 171
63 190
63 199
63 203
63 209
63 212
63 225
63 234
63 236
63 245
63 246
64 68
64 81
64 82
64 88
64 89
64 91
64 100
64 108
64 119
64 120
64 135
64 136
64 148
64 153
64 160
64 165
64 166
64 172
64 178
64 181
64 184
64 196
64 199
64 204
64 242
65 67
65 68
65 72
65 79
65 85
65 96
65 101
65 137
65 162
65 170
65 183
65 186
65 195
65 196
65 199
65 216
65 225
65 226
65 239
65 241
66 73
66 74
66 92
66 107
66 110
66 146
66 161
66 165
66 171
66 180
66 181
66 194
66 198
66 199
66 202
66 216
66 223
66 242
67 72
67 91
67 98
67 102
67 106
67 124
67 148
67 157
67 168
67 199
67 222
67 224
67 244
68 74
68 84
68 87
68 112
68 115
68 139
68 147
68 150
68 157
68 181
68 183
68 226
69 72
69 75
69 81
69 89
69 90
69 93
69 97
69 102
69 116
69 117
69 137
69 139
69 140
69 151
69 158
69 168
69 176
69 211
69 224
69 233
70 73
70 85
70 90
70 97
70 101
70 102
70 114
70 116
70 126
70 137
70 154
70 163
70 168
70 172
70 174
70 214
70 215
70 216
70 221
70 222
70 233
70 246
70 249
71 90
71 91
71 101
71 104
71 117
71 126
71 159
71 184
71 199
71 209
71 212
72 89
72 100
72 107
72 125
72 128
72 182
72 185
72 186
72 200
72 206
72 242
73 79
73 89
73 106
73 111
73 114
73 115
73 118
73 130
73 142
73 145
73 154
73 183
73 203
73 207
73 210
73 212
73 227
73 243
74 76
74 80
74 84
74 93
74 107
74 110
74 115
74 116
74 117
74 127
74 137
74 151
74 177
74 182
74 186
74 189
74 197
74 202
74 213
74 221
74 235
75 81
75 87
75 94
75 104
75 124
75 125
75 137
75 142
75 164
75 170
75 185
75 197
75 202
75 203
75 208
75 209
75 213
75 230
75 236
75 244
76 82
76 99
76 104
76 134
76 168
76 187
76 200
76 213
76 214
76 231
76 236
76 238
76 240
76 243
76 244
77 84
77 101
77 105
77 110
77 115
77 117
77 127
77 132
77 149
77 156
77 164
77 168
77 172
77 173
77 186
77 192
77 194
77 212
77 215
77 216
77 217
77 222
77 244
78 85
78 86
78 88
78 93
78 100
78 124
78 125
78 129
78 147
78 148
78 160
78 177
78 179
78 180
78 208
78 209
78 211
78 224
78 227
78 230
78 234
78 240
79 82
79 92
79 94
79 95
79 99
79 106
79 119
79 132
79 151
79 167
79 185
79 190
79 191
79 208
79 210
79 224
79 229
79 235
79 244
80 99
80 105
80 107
80 145
80 173
80 178
80 188
80 190
80 199
80 205
80 211
80 220
80 222
80 242
81 87
81 97
81 115
81 116
81 128
81 134
81 141
81 143
81 175
81 179
81 203
81 225
81 235
81 238
81 240
81 244
81 247
82 92
82 112
82 130
82 138
82 144
82 146
82 150
82 151
82 165
82 180
82 188
82 197
82 216
82 223
82 229
83 90
83 95
83 110
83 121
83 126
83 133
83 142
83 152
83 161
83 165
83 170
83 172
83 185
83 186
83 187
83 194
83 200
83 204
83 206
83 212
84 98
84 100
84 101
84 103
84 119
84 123
84 138
84 147
84 188
84 191
84 192
84 202
84 205
84 215
84 224
84 227
85 93
85 98
85 107
85 113
85 123
85 136
85 137
85 147
85 160
85 167
85 179
85 228
85 230
85 231
85 235
85 240
85 242
86 90
86 113
86 133
86 137
86 138
86 177
86 205
86 209
86 238
86 243
87 88
87 93
87 95
87 111
87 121
87 123
87 128
87 139
87 180
87 187
87 212
87 219
87 228
87 237
87 242
87 244
87 249
88 89
88 96
88 110
88 151
88 160
88 161
88 176
88 187
88 192
88 223
88 230
88 235
88 245
89 96
89 105
89 120
89 150
89 160
89 165
89 167
89 175
89 189
89 194
90 95
90 98
90 114
90 115
90 124
90 126
90 146
90 147
90 152
90 172
90 188
90 193
90 194
90 199
90 212
90 220
90 230
90 246
91 121
91 145
91 190
91 191
91 201
91 207
91 213
91 214
91 221
91 230
91 238
91 242
92 97
92 100
92 122
92 134
92 174
92 180
92 188
92 190
92 199
92 202
92 204
92 212
92 224
92 246
93 106
93 113
93 120
93 130
93 136
93 151
93 154
93 165
93 166
93 200
93 202
93 203
93 204
93 220
93 245
93 248
94 102
94 110
94 113
94 116
94 119
94 137
94 168
94 179
94 189
94 196
94 208
94 210
94 225
94 232
94 233
95 101
95 106
95 127
95 139
95 146
95 154
95 160
95 164
95 168
95 198
95 205
95 212
95 218
95 228
95 248
96 97
96 105
96 139
96 142
96 146
96 152
96 157
96 183
96 184
96 186
96 203
96 224
96 232
96 243
97 98
97 99
97 110
97 112
97 115
97 121
97 131
97 135
97 136
97 155
97 162
97 163
97 170
97 179
97 193
97 202
97 205
97 207
97 219
97 221
97 241
98 100
98 102
98 109
98 115
98 120
98 127
98 135
98 152
98 170
98 179
98 185
98 191
98 197
98 202
98 206
98 232
98 244
99 101
99 108
99 109
99 113
99 122
99 143
99 152
99 164
99 186
99 209
99 218
99 224
99 245
100 105
100 120
100 135
100 148
100 167
100 169
100 172
100 175
100 186
100 187
100 199
100 204
100 210
100 226
100 227
100 234
100 237
100 247
101 124
101 152
101 158
101 187
101 202
101 242
102 122
102 128
102 136
102 167
102 171
102 181
102 182
102 184
102 191
102 212
102 227
102 237
102 242
103 118
103 125
103 144
103 153
103 156
103 161
103 166
103 184
103 185
103 186
103 196
103 204
103 206
103 215
103 230
103 233
103 242
104 115
104 123
104 137
104 143
104 176
104 178
104 180
104 195
104 197
104 204
104 208
104 209
104 242
104 246
105 120
105 125
105 134
105 151
105 161
105 163
105 171
105 198
105 203
105 204
105 211
105 222
105 226
105 235
105 237
105 238
105 240
105 241
105 245
106 123
106 147
106 149
106 162
106 163
106 166
106 188
106 190
106 196
106 199
106 211
106 216
106 227
106 228
106 229
106 233
107 122
107 141
107 177
107 180
107 188
107 221
107 227
107 235
107 239
107 242
107 243
107 244
108 118
108 125
108 128
108 134
108 154
108 161
108 174
108 177
108 207
108 210
108 222
108 229
108 230
108 246
109 144
109 145
109 149
109 154
109 164
109 177
109 183
109 184
109 198
109 220
109 248
110 114
110 118
110 129
110 144
110 146
110 152
110 160
110 178
110 180
110 182
110 186
110 189
110 198
110 209
110 211
110 238
110 239
110 240
110 244
111 137
111 138
111 156
111 167
111 188
111 189
111 208
111 236
111 238
111 239
112 115
112 121
112 122
112 124
112 126
112 132
112 133
112 161
112 164
112 169
112 174
112 178
112 190
112 225
112 232
112 240
112 241
112 245
113 120
113 124
113 125
113 129
113 136
113 138
113 156
113 194
113 196
113 226
113 231
113 232
113 239
113 245
114 115
114 134
114 169
114 174
114 209
115 125
115 127
115 130
115 135
115 138
115 148
115 150
115 156
115 158
115 162
115 169
115 178
115 183
115 186
115 196
115 198
115 222
115 231
116 120
116 138
116 143
116 174
116 191
116 207
116 226
116 232
116 235
116 238
117 137
117 144
117 152
117 166
117 173
117 180
117 192
117 196
117 197
117 209
117 218
117 224
117 234
117 242
117 249
118 125
118 135
118 140
118 147
118 155
118 170
118 186
118 193
118 196
118 204
118 207
118 211
118 220
119 127
119 165
119 172
119 176
119 180
119 202
119 213
119 236
120 144
120 158
120 165
120 167
120 171
120 187
120 209
120 217
121 137
121 153
121 174
121 176
121 182
121 184
121 187
121 205
121 212
121 216
122 130
122 148
122 178
122 180
122 183
122 185
122 191
122 200
122 206
122 207
122 212
122 231
122 248
123 137
123 139
123 145
123 146
123 153
123 154
123 198
123 203
123 220
123 226
123 231
124 126
124 127
124 129
124 138
124 143
124 173
124 189
124 226
124 234
124 249
125 140
125 154
125 157
125 161
125 200
125 203
125 208
125 217
125 222
125 224
125 230
125 232
125 233
125 241
126 141
126 158
126 163
126 167
126 170
126 181
126 188
126 203
126 212
126 216
126 227
126 231
126 234
127 132
127 146
127 170
127 177
127 180
127 205
127 223
127 226
127 227
127 229
127 232
127 233
127 234
127 242
127 244
128 145
128 163
128 194
128 222
128 228
128 240
129 144
129 148
129 152
129 154
129 163
129 164
129 171
129 197
129 213
129 224
129 230
129 233
129 242
130 143
130 169
130 180
130 182
130 187
130 193
130 205
130 207
130 238
130 245
131 132
131 135
131 144
131 153
131 154
131 168
131 177
131 183
131 186
131 192
131 214
131 218
131 225
131 226
131 228
131 235
131 244
132 141
132 143
132 149
132 157
132 168
132 186
132 188
132 192
132 237
132 238
132 243
133 137
133 173
133 193
133 200
133 213
133 214
133 243
133 244
134 139
134 145
134 157
134 186
134 191
134 194
134 198
134 206
134 208
134 223
134 242
134 246
135 136
135 148
135 161
135 168
135 177
135 182
135 187
135 201
135 222
135 223
135 224
135 234
135 237
136 140
136 147
136 158
136 159
136 182
136 220
136 224
136 231
137 151
137 170
137 172
137 181
137 206
137 231
137 245
137 247
138 139
138 169
138 190
138 193
138 204
138 225
138 236
139 169
139 179
139 181
139 184
139 194
139 200
139 201
139 217
139 226
139 232
139 233
139 242
139 249
140 143
140 153
140 171
140 201
140 210
140 216
140 247
141 164
141 167
141 169
141 190
141 206
141 208
141 230
141 240
142 144
142 146
142 149
142 168
142 169
142 190
142 215
142 228
142 230
142 236
142 237
142 238
142 239
143 148
143 159
143 166
143 178
143 183
143 216
143 233
143 235
143 241
144 149
144 167
144 175
144 179
144 196
144 198
144 206
144 209
144 214
144 244
145 162
145 165
145 167
145 171
145 183
145 191
145 195
145 238
145 246
146 151
146 164
146 167
146 214
146 217
146 237
146 245
147 152
147 163
147 176
147 197
147 200
147 203
147 230
147 232
147 240
147 242
148 155
148 169
148 171
148 179
148 191
148 220
148 247
149 154
149 159
149 183
149 203
149 206
149 208
149 210
149 219
149 227
149 233
149 241
149 243
149 249
150 156
150 160
150 171
150 174
150 182
150 206
150 207
150 212
150 218
150 225
150 231
151 176
151 177
151 180
151 183
151 190
151 203
151 210
151 211
151 235
151 237
152 158
152 162
152 165
152 168
152 171
152 172
152 175
152 182
152 186
152 189
152 191
152 197
152 208
152 218
152 237
153 154
153 155
153 156
153 157
153 159
153 161
153 162
153 173
153 188
153 197
153 205
153 208
153 224
153 247
154 156
154 167
154 171
154 186
154 212
154 242
154 243
154 248
155 170
155 173
155 178
155 194
155 213
155 217
155 236
156 163
156 169
156 173
156 190
156 202
156 230
156 233
156 236
156 248
157 159
157 165
157 177
157 183
157 184
157 198
157 199
157 212
157 241
157 244
157 245
158 161
158 162
158 177
158 191
158 215
158 221
158 235
159 176
159 188
159 208
159 211
159 216
159 226
159 228
159 230
159 246
160 163
160 164
160 173
160 189
160 195
160 200
160 238
160 243
160 247
161 169
161 172
161 209
161 212
161 231
161 233
161 242
162 169
162 183
162 204
162 219
162 227
162 235
163 165
163 174
163 180
163 191
163 213
163 217
163 220
163 230
163 248
164 170
164 203
164 210
164 225
164 226
164 241
164 247
165 166
165 197
165 200
165 204
165 205
165 207
165 218
165 222
165 226
165 238
165 240
165 242
166 181
166 182
166 191
166 200
166 202
166 219
166 229
166 230
166 231
166 236
166 249
167 169
167 184
167 188
167 191
167 193
167 218
167 225
168 191
168 197
168 204
168 221
168 233
169 170
169 175
169 197
169 201
169 202
169 203
169 204
169 209
169 238
169 239
169 244
169 245
169 247
170 179
170 182
170 191
170 194
170 195
170 202
170 217
170 242
171 185
171 205
171 217
171 224
171 230
171 234
172 189
172 203
172 206
172 229
172 240
173 197
173 203
173 230
173 235
173 245
173 246
174 184
174 188
174 200
174 216
174 237
174 244
175 182
175 192
175 193
175 197
175 210
175 218
176 190
176 193
176 201
176 202
176 207
176 230
177 182
177 183
177 193
177 203
177 212
177 226
177 237
177 249
178 224
178 228
178 233
179 202
179 207
179 208
179 211
179 225
179 236
179 244
180 181
180 185
180 190
180 192
180 197
180 201
180 221
180 223
180 227
180 236
180 249
181 190
181 192
181 195
181 215
181 219
181 225
181 233
181 235
181 249
182 183
182 184
182 193
182 198
182 205
182 209
182 221
182 234
183 186
183 202
183 210
183 226
183 227
183 229
183 230
183 234
183 239
184 185
184 193
184 196
184 198
184 205
184 211
184 224
184 226
184 237
184 238
185 224
185 227
185 230
185 233
186 199
186 200
186 206
186 211
186 216
186 229
186 232
186 235
186 236
186 243
187 215
187 230
187 247
188 207
188 208
188 210
188 214
188 230
189 205
189 214
189 225
189 244
190 193
190 195
190 206
190 207
190 209
190 212
190 220
190 230
190 237
190 249
191 193
191 199
191 209
191 211
191 217
191 221
191 247
191 248
192 200
192 215
192 218
192 220
192 236
193 198
193 200
193 240
194 211
194 221
194 229
194 247
195 218
195 223
195 225
195 229
195 248
196 212
196 232
197 211
197 222
197 225
197 227
197 231
197 240
197 248
198 199
198 211
198 238
198 242
199 201
199 205
199 217
199 224
199 225
199 236
199 243
199 249
200 201
200 202
200 205
200 215
200 230
200 233
200 245
201 206
201 215
201 217
201 229
201 231
201 245
202 203
202 208
202 213
202 246
203 216
203 230
203 244
203 247
203 248
204 208
204 224
204 225
204 232
204 239
204 240
204 248
205 207
205 210
205 211
205 224
205 240
205 246
206 219
206 220
206 225
206 232
206 248
207 208
207 226
207 232
207 235
207 246
208 212
208 221
208 231
208 238
208 241
208 242
209 221
209 235
209 242
210 216
210 226
210 235
210 236
210 244
210 245
210 247
211 214
211 217
211 224
211 236
211 244
212 220
212 227
212 229
212 231
212 232
212 239
212 246
212 249
213 230
213 234
213 236
213 248
214 235
214 247
216 225
216 248
217 230
217 232
217 236
217 242
217 243
218 225
219 224
219 225
219 244
220 235
220 240
221 232
221 233
222 224
222 226
222 237
222 240
222 244
222 246
223 225
223 240
223 247
224 227
224 247
226 232
226 235
226 247
226 249
228 244
229 237
230 246
230 247
231 242
232 236
232 237
232 248
234 236
234 238
235 241
235 242
235 249
236 243
237 240
237 242
239 242
240 248
243 244
244 247

1 1 0 1 0 1 1 1 0 1 1 0 1 1 1 0 0 1 0 0 0 1 1 1 1 0 0 1 0 0 1 0 0 0 0 0 1 0 1 1 0 0 0 1 0 1 0 0 1 0 1 1 0 1 1 1 1 0 0 1 1 0 1 1 1 0 1 0 1 0 1 0 0 1 1 1 1 0 1 1 0 0 0 1 1 1 1 0 1 0 0 0 0 1 1 1 1 0 1 0 1 0 0 0 0 0 1 1 1 0 0 0 1 0 0 0 1 0 1 0 0 1 0 1 1 0 1 0 1 0 0 0 0 0 0 0 0 0 1 1 1 0 1 0 1 0 1 1 0 0 1 1 1 0 1 1 1 0 1 1 0 1 0 1 0 0 0 0 1 0 0 1 0 0 0 1 0 1 0 1 1 0 0 0 1 1 1 1 1 0 0 0 0 0 1 1 1 1 0 0 1 0 1 1 1 1 0 1 0 1 0 0 1 1 1 1 1 0 0 1 1 0 0 0 1 1 0 1 0 1 0 0 0 1 1 1 1 0 1 1 1 0 0 0 0 0 1 1 0 0