200 2005
0 1 2 3 4 5 6 7 8 9 10 11 12 13 14 15 16 17 18 19 20 21 22 23 24 25 26 27 28 29 30 31 32 33 34 35 36 37 38 39 40 41 42 43 44 45 46 47 48 49 50 51 52 53 54 55 56 57 58 59 60 61 62 63 64 65 66 67 68 69 70 71 72 73 74 75 76 77 78 79 80 81 82 83 84 85 86 87 88 89 90 91 92 93 94 95 96 97 98 99 100 101 102 103 104 105 106 107 108 109 110 111 112 113 114 115 116 117 118 119 120 121 122 123 124 125 126 127 128 129 130 131 132 133 134 135 136 137 138 139 140 141 142 143 144 145 146 147 148 149 150 151 152 153 154 155 156 157 158 159 160 161 162 163 164 165 166 167 168 169 170 171 172 173 174 175 176 177 178 179 180 181 182 183 184 185 186 187 188 189 190 191 192 193 194 195 196 197 198 199
0 3
0 13
0 18
0 21
0 26
0 38
0 43
0 58
0 85
0 104
0 112
0 123
0 126
0 133
0 149
0 152
0 158
0 188
0 189
0 194
0 195
0 196
1 6
1 7
1 12
1 15
1 18
1 28
1 42
1 69
1 71
1 73
1 75
1 88
1 124
1 128
1 150
1 151
1 153
1 160
1 185
1 186
1 188
1 198
2 10
2 17
2 20
2 24
2 33
2 37
2 47
2 59
2 64
2 74
2 78
2 79
2 81
2 83
2 84
2 95
2 120
2 135
2 147
2 153
2 167
2 190
3 4
3 7
3 11
3 12
3 13
3 19
3 22
3 27
3 32
3 35
3 44
3 54
3 58
3 66
3 75
3 80
3 83
3 84
3 86
3 88
3 114
3 117
3 122
3 127
3 147
3 153
3 161
3 164
3 197
4 8
4 25
4 27
4 31
4 34
4 42
4 45
4 58
4 70
4 87
4 90
4 93
4 95
4 101
4 106
4 110
4 111
4 112
4 114
4 117
4 120
4 147
4 149
4 177
4 187
4 195
5 7
5 11
5 16
5 27
5 35
5 45
5 64
5 73
5 74
5 90
5 106
5 112
5 143
5 159
5 160
5 162
5 163
5 173
6 18
6 21
6 24
6 27
6 50
6 62
6 63
6 72
6 73
6 78
6 96
6 108
6 110
6 114
6 120
6 130
6 133
6 141
6 153
6 158
6 177
6 182
6 183
6 188
6 189
6 190
6 195
6 196
7 19
7 47
7 95
7 97
7 112
7 115
7 129
7 141
7 150
7 162
7 167
7 170
7 181
7 194
8 53
8 65
8 81
8 91
8 119
8 122
8 133
8 145
8 149
8 157
8 160
8 165
8 171
8 177
8 188
9 12
9 20
9 22
9 23
9 31
9 33
9 38
9 49
9 51
9 63
9 85
9 86
9 100
9 115
9 127
9 128
9 130
9 137
9 141
9 146
9 147
9 176
9 185
9 190
9 191
10 15
10 27
10 33
10 45
10 59
10 61
10 84
10 93
10 111
10 137
10 139
10 161
10 162
10 164
10 170
10 173
10 176
10 191
11 13
11 18
11 23
11 29
11 30
11 38
11 43
11 51
11 53
11 65
11 78
11 87
11 89
11 94
11 101
11 108
11 113
11 114
11 121
11 126
11 136
11 143
11 160
11 169
11 176
11 178
11 186
12 15
12 20
12 31
12 46
12 51
12 54
12 79
12 102
12 107
12 116
12 153
12 154
12 162
12 163
12 165
12 177
12 179
12 188
13 14
13 27
13 36
13 42
13 62
13 89
13 96
13 98
13 100
13 110
13 151
13 155
13 169
13 181
13 188
13 190
13 195
14 15
14 21
14 27
14 51
14 56
14 57
14 58
14 83
14 97
14 109
14 110
14 114
14 123
14 129
14 130
14 136
14 145
14 146
14 152
14 173
14 178
14 181
14 183
14 186
14 190
15 16
15 18
15 40
15 41
15 63
15 64
15 76
15 86
15 96
15 110
15 113
15 118
15 120
15 138
15 146
15 175
15 181
15 184
16 44
16 72
16 99
16 135
16 137
16 146
16 147
16 152
16 155
16 157
16 159
16 163
16 169
16 170
16 181
16 191
17 69
17 80
17 90
17 115
17 146
17 164
17 173
17 179
18 20
18 22
18 40
18 65
18 79
18 87
18 88
18 92
18 95
18 119
18 131
18 133
18 135
18 141
18 152
18 179
18 182
18 188
18 190
19 48
19 53
19 86
19 103
19 116
19 123
19 138
19 145
19 148
19 150
19 160
19 179
19 182
19 192
19 195
20 39
20 47
20 49
20 55
20 69
20 113
20 131
20 132
20 145
20 148
20 152
20 153
20 167
20 188
20 191
21 32
21 36
21 38
21 40
21 43
21 45
21 47
21 78
21 86
21 94
21 101
21 119
21 121
21 123
21 130
21 144
21 150
21 158
21 164
21 168
21 176
21 181
21 183
21 197
22 23
22 25
22 31
22 53
22 84
22 89
22 93
22 97
22 98
22 99
22 101
22 110
22 111
22 120
22 121
22 124
22 129
22 132
22 134
22 138
22 140
22 147
22 160
22 187
22 189
23 34
23 52
23 64
23 93
23 104
23 115
23 128
23 141
23 170
23 173
23 176
23 195
24 41
24 65
24 71
24 82
24 85
24 91
24 96
24 115
24 119
24 120
24 128
24 144
24 150
24 153
24 160
24 163
24 170
24 176
24 181
24 189
24 198
25 30
25 32
25 56
25 93
25 97
25 109
25 111
25 155
25 158
25 162
25 167
25 190
25 197
25 199
26 31
26 33
26 41
26 42
26 51
26 58
26 62
26 72
26 82
26 92
26 109
26 118
26 130
26 161
26 182
26 192
26 196
27 32
27 40
27 46
27 54
27 59
27 84
27 108
27 121
27 136
27 155
27 160
27 177
27 183
27 186
27 188
27 194
27 196
28 31
28 34
28 39
28 51
28 94
28 95
28 116
28 122
28 132
28 156
28 158
28 159
28 165
28 167
28 180
29 47
29 54
29 56
29 69
29 71
29 81
29 89
29 90
29 91
29 93
29 116
29 120
29 129
29 131
29 132
29 134
29 149
29 165
30 61
30 96
30 100
30 120
30 142
30 146
30 171
30 181
30 188
30 191
31 37
31 44
31 53
31 55
31 56
31 64
31 66
31 86
31 100
31 106
31 117
31 146
31 158
31 161
31 173
31 179
32 62
32 74
32 98
32 112
32 117
32 154
32 156
32 157
32 161
32 172
32 174
32 178
32 186
32 192
32 193
33 51
33 58
33 59
33 64
33 66
33 87
33 88
33 92
33 94
33 95
33 99
33 119
33 140
33 141
33 143
33 148
33 150
33 157
33 168
33 186
34 49
34 62
34 67
34 79
34 80
34 83
34 86
34 98
34 123
34 137
34 145
34 147
34 165
34 190
34 194
34 195
35 41
35 70
35 71
35 72
35 91
35 96
35 106
35 113
35 124
35 129
35 133
35 145
35 159
35 163
35 164
35 173
35 176
35 182
35 183
35 185
35 188
35 191
35 194
36 44
36 49
36 56
36 83
36 86
36 98
36 104
36 108
36 134
36 156
36 170
36 181
36 188
37 48
37 79
37 80
37 82
37 120
37 124
37 173
37 180
37 181
37 191
37 194
37 195
38 41
38 42
38 46
38 51
38 61
38 69
38 71
38 85
38 87
38 91
38 98
38 99
38 109
38 133
38 137
38 140
38 143
38 150
38 161
38 162
38 186
38 187
38 188
38 199
39 51
39 63
39 94
39 101
39 122
39 124
39 128
39 137
39 138
39 141
39 143
39 144
39 146
39 149
39 155
39 157
39 160
39 166
39 171
39 180
40 49
40 94
40 97
40 98
40 111
40 117
40 140
40 142
40 148
40 149
40 154
40 179
40 184
40 189
40 190
41 49
41 60
41 66
41 109
41 110
41 116
41 119
41 121
41 133
41 160
41 174
41 189
42 49
42 82
42 84
42 85
42 92
42 110
42 118
42 121
42 124
42 130
42 155
42 159
42 164
42 170
42 185
42 190
42 192
43 55
43 63
43 77
43 82
43 86
43 99
43 114
43 125
43 141
43 179
43 194
44 51
44 65
44 86
44 91
44 103
44 107
44 121
44 122
44 127
44 132
44 134
44 148
44 153
44 165
44 171
44 172
44 181
44 182
44 194
45 49
45 74
45 77
45 88
45 94
45 106
45 122
45 135
45 137
45 153
45 156
45 158
45 173
45 176
45 197
46 56
46 64
46 72
46 83
46 92
46 93
46 115
46 117
46 124
46 133
46 134
46 140
46 164
46 168
46 173
46 175
46 176
46 180
46 190
47 50
47 52
47 89
47 93
47 109
47 115
47 123
47 131
47 151
47 154
47 156
47 174
47 187
48 49
48 86
48 90
48 99
48 107
48 140
48 151
48 164
48 166
48 169
48 173
48 177
48 189
48 194
48 195
48 197
49 58
49 70
49 75
49 87
49 99
49 109
49 115
49 126
49 141
49 151
49 167
49 178
49 182
50 64
50 75
50 83
50 100
50 106
50 116
50 126
50 129
50 142
50 159
50 167
50 175
50 181
50 183
50 191
51 60
51 83
51 95
51 97
51 139
51 148
51 154
51 168
51 170
51 194
51 195
52 65
52 92
52 93
52 95
52 100
52 103
52 133
52 138
52 145
52 161
52 174
52 177
53 59
53 79
53 85
53 104
53 111
53 113
53 119
53 120
53 127
53 133
53 149
53 151
53 157
53 158
53 168
53 169
53 183
53 199
54 58
54 62
54 72
54 81
54 102
54 116
54 129
54 130
54 136
54 148
54 170
54 186
54 197
54 199
55 65
55 76
55 84
55 90
55 96
55 97
55 108
55 110
55 111
55 113
55 130
55 132
55 144
55 160
55 190
55 192
55 196
56 71
56 82
56 100
56 112
56 137
56 140
56 141
56 144
56 164
56 166
56 169
56 178
56 188
56 189
56 191
57 77
57 88
57 93
57 97
57 119
57 124
57 137
57 149
57 153
57 157
57 169
58 61
58 67
58 86
58 87
58 88
58 90
58 101
58 110
58 131
58 138
58 141
58 152
58 153
58 170
58 178
58 189
59 67
59 68
59 77
59 95
59 101
59 109
59 123
59 147
59 156
59 171
59 192
60 93
60 100
60 102
60 109
60 118
60 131
60 186
60 190
60 197
61 82
61 83
61 96
61 144
61 177
61 184
62 65
62 69
62 71
62 84
62 86
62 91
62 94
62 96
62 118
62 133
62 141
62 148
62 169
62 181
62 186
62 190
62 199
63 66
63 73
63 76
63 83
63 84
63 85
63 87
63 88
63 92
63 94
63 111
63 115
63 116
63 118
63 123
63 177
63 182
63 183
63 188
63 192
63 198
64 70
64 71
64 99
64 103
64 114
64 116
64 126
64 139
64 151
64 153
64 156
64 158
64 179
64 194
65 77
65 90
65 94
65 102
65 110
65 117
65 135
65 157
65 181
65 198
66 73
66 122
66 123
66 131
66 132
66 134
66 142
66 171
66 194
66 195
67 82
67 87
67 93
67 118
67 121
67 139
67 154
67 160
67 172
67 173
67 193
67 197
68 74
68 77
68 79
68 87
68 101
68 114
68 120
68 129
68 143
68 165
68 167
68 168
68 175
68 192
69 75
69 90
69 92
69 108
69 115
69 125
69 128
69 131
69 143
69 146
69 149
69 150
69 168
69 182
69 187
69 194
70 78
70 80
70 92
70 100
70 110
70 122
70 124
70 128
70 130
70 134
70 146
70 151
70 153
70 163
70 165
70 183
70 187
70 191
71 79
71 81
71 89
71 91
71 115
71 118
71 151
71 164
71 186
71 191
71 193
71 198
72 75
72 77
72 79
72 83
72 87
72 97
72 98
72 100
72 108
72 111
72 114
72 129
72 172
72 177
73 74
73 77
73 84
73 96
73 127
73 135
73 145
73 147
73 149
73 150
73 152
73 168
73 171
73 174
73 182
73 184
73 187
73 192
73 193
73 196
74 94
74 98
74 115
74 121
74 125
74 132
74 139
74 159
74 166
75 98
75 121
75 147
75 150
75 154
75 177
75 182
75 191
76 98
76 99
76 110
76 115
76 133
76 156
76 170
76 182
76 185
77 83
77 94
77 106
77 115
77 118
77 142
77 157
77 165
77 167
77 168
77 172
77 189
77 190
77 193
78 80
78 90
78 99
78 109
78 143
78 144
78 148
78 149
78 155
79 80
79 89
79 108
79 116
79 125
79 129
79 139
79 142
79 155
79 168
79 181
79 184
79 187
79 190
80 87
80 123
80 134
80 137
80 155
80 159
80 172
80 188
80 195
80 198
81 86
81 101
81 111
81 117
81 118
81 129
81 169
81 172
81 173
81 177
81 182
81 183
82 89
82 92
82 114
82 128
82 130
82 136
82 153
82 173
82 176
82 177
82 183
82 191
83 86
83 88
83 90
83 111
83 122
83 133
83 139
83 162
83 164
83 167
83 170
83 183
83 191
83 198
84 94
84 97
84 103
84 125
84 128
84 138
84 147
84 168
84 175
84 185
84 199
85 101
85 103
85 107
85 110
85 122
85 144
85 145
85 151
85 158
85 171
85 173
85 178
85 196
86 91
86 104
86 109
86 118
86 121
86 122
86 139
86 143
86 155
86 166
86 182
86 195
87 92
87 105
87 108
87 116
87 117
87 118
87 122
87 131
87 147
87 156
87 162
87 164
87 175
87 189
87 199
88 94
88 97
88 106
88 112
88 114
88 119
88 123
88 128
88 145
88 157
88 162
88 169
89 96
89 107
89 126
89 130
89 137
89 153
89 155
89 183
89 199
90 92
90 102
90 120
90 132
90 137
90 142
90 148
90 172
90 178
90 187
90 190
90 199
91 92
91 101
91 102
91 104
91 108
91 112
91 114
91 126
91 138
91 141
91 142
91 143
91 150
91 171
91 180
91 183
92 95
92 102
92 114
92 115
92 135
92 143
92 152
92 163
93 99
93 101
93 104
93 115
93 123
93 124
93 125
93 138
93 159
93 168
93 175
93 192
94 120
94 131
94 137
94 155
94 159
94 161
94 178
94 197
95 111
95 128
95 129
95 133
95 153
95 160
95 163
95 189
95 194
95 196
96 116
96 125
96 134
96 167
96 170
96 171
96 179
97 117
97 129
97 136
97 138
97 140
97 146
97 149
97 150
97 152
97 155
97 178
97 188
97 199
98 99
98 103
98 105
98 109
98 135
98 141
98 149
98 156
98 165
98 166
98 168
98 181
98 182
98 191
99 102
99 118
99 120
99 122
99 130
99 138
99 140
99 147
99 156
99 168
99 180
99 183
99 184
100 106
100 114
100 117
100 119
100 125
100 134
100 135
100 137
100 138
100 155
100 159
100 166
100 192
101 102
101 112
101 113
101 115
101 121
101 125
101 133
101 141
101 152
101 164
101 197
102 103
102 124
102 142
102 151
102 170
102 180
102 181
102 184
102 197
103 107
103 114
103 118
103 119
103 138
103 153
103 175
103 183
103 185
103 199
104 127
104 131
104 142
104 167
104 175
104 181
104 184
104 189
105 106
105 127
105 133
105 136
105 143
105 188
105 197
105 199
106 114
106 119
106 142
106 144
106 146
106 157
106 166
106 179
106 198
107 125
107 132
107 142
107 145
107 163
107 177
107 189
108 147
108 152
108 174
108 180
108 186
108 189
109 114
109 119
109 139
109 146
109 148
109 150
109 175
109 176
109 185
109 187
109 196
110 117
110 119
110 125
110 143
110 148
110 170
110 181
110 192
110 197
110 199
111 117
111 126
111 139
111 142
111 148
111 154
111 163
111 170
111 178
111 187
111 192
112 148
112 149
112 154
112 166
112 168
112 184
112 187
112 197
113 130
113 156
113 168
113 193
114 123
114 159
114 170
114 178
114 182
114 193
114 198
115 151
115 156
115 159
115 163
115 174
116 117
116 123
116 135
116 138
116 141
116 145
116 148
116 149
116 151
116 166
116 167
116 170
116 172
116 188
116 189
117 120
117 123
117 141
117 144
117 146
117 150
117 183
117 184
117 186
117 191
117 196
118 124
118 127
118 158
118 169
118 171
118 176
118 180
118 189
119 150
119 152
119 155
119 157
119 161
119 175
119 177
120 138
120 143
120 146
120 152
120 154
120 163
120 172
120 180
120 181
120 182
120 183
120 192
120 194
121 143
121 155
121 169
121 180
121 184
121 191
122 141
122 143
122 172
122 192
123 124
123 128
123 132
123 168
123 170
123 185
123 188
124 128
124 137
124 138
124 147
124 170
124 176
124 179
125 127
125 129
125 135
125 136
125 140
125 152
125 174
125 177
125 178
125 190
126 154
126 161
126 169
126 194
127 132
127 140
127 141
127 164
127 175
127 180
127 181
128 134
128 135
128 146
128 147
128 153
128 173
128 179
128 186
128 199
129 137
129 145
129 153
129 176
129 181
129 183
129 198
130 139
130 146
130 152
130 156
130 161
130 168
130 184
131 162
131 167
132 134
132 151
132 170
132 175
132 177
132 196
133 142
133 143
133 145
133 148
133 152
133 159
133 165
133 173
133 183
133 185
134 144
134 159
135 159
135 161
135 163
135 173
135 192
136 141
136 145
136 147
136 156
136 157
136 172
136 182
136 183
136 184
136 192
136 198
137 157
137 194
138 147
138 150
138 157
138 164
139 146
139 149
139 152
139 157
139 177
139 185
139 186
139 188
140 150
140 159
140 164
140 173
140 189
140 190
140 194
140 197
141 161
141 176
141 188
142 161
142 165
142 180
142 195
143 153
143 160
143 166
143 188
143 195
144 161
144 166
144 183
145 157
145 173
145 180
145 182
145 185
145 193
146 152
146 154
146 164
146 167
147 150
147 151
147 160
147 168
147 180
147 190
148 151
148 193
149 156
149 164
150 153
150 164
150 173
150 182
150 195
151 156
151 164
151 171
151 173
151 175
151 185
151 192
151 196
152 153
152 162
152 170
152 176
152 180
152 182
152 186
152 195
152 196
153 170
153 173
153 174
153 184
153 188
154 160
154 178
154 180
154 182
155 183
156 157
156 159
156 171
156 178
156 179
156 193
157 168
157 170
157 188
157 190
157 196
158 170
158 180
158 184
158 192
158 197
159 163
159 184
159 186
160 162
160 169
160 184
160 198
160 199
161 175
161 179
161 191
161 198
162 170
162 172
162 179
162 183
162 192
162 195
163 164
163 179
163 186
163 196
164 183
164 185
165 172
165 188
165 191
165 196
166 168
166 172
166 191
166 197
167 168
167 171
167 194
167 195
167 199
168 198
168 199
170 190
171 172
172 173
172 183
172 188
172 196
172 197
173 174
173 178
173 182
173 192
175 182
175 183
175 193
176 184
177 190
178 181
179 187
179 189
180 182
180 193
181 195
182 184
182 193
184 185
184 186
184 196
184 199
186 193
187 199
190 191
190 193
191 193
193 195
194 197
194 198
194 199
195 197

0 1 1 1 0 1 1 1 0 1 1 0 0 1 1 1 1 1 1 1 0 0 0 0 0 1 1 1 0 1 0 0 0 1 1 1 0 1 1 1 1 1 0 1 1 1 0 1 1 1 1 0 0 0 0 0 0 1 0 0 0 0 0 0 1 1 1 1 0 1 0 1 0 0 0 0 1 0 0 1 0 1 0 1 0 1 0 0 0 1 0 1 0 1 0 0 1 1 0 1 0 1 1 0 0 1 1 1 0 0 0 0 1 1 0 1 0 1 1 0 0 0 0 0 1 1 1 0 1 0 0 1 0 0 1 0 1 0 0 0 0 1 0 0 0 0 1 0 1 1 1 0 0 1 1 0 1 0 1 0 0 0 1 1 1 0 0 1 1 1 0 0 1 0 1 0 1 1 0 0 1 0 1 1 1 1 0 0 1 1 1 1 0 0 0 0 1 1 0 1