200 4037
0 1 2 3 4 5 6 7 8 9 10 11 12 13 14 15 16 17 18 19 20 21 22 23 24 25 26 27 28 29 30 31 32 33 34 35 36 37 38 39 40 41 42 43 44 45 46 47 48 49 50 51 52 53 54 55 56 57 58 59 60 61 62 63 64 65 66 67 68 69 70 71 72 73 74 75 76 77 78 79 80 81 82 83 84 85 86 87 88 89 90 91 92 93 94 95 96 97 98 99 100 101 102 103 104 105 106 107 108 109 110 111 112 113 114 115 116 117 118 119 120 121 122 123 124 125 126 127 128 129 130 131 132 133 134 135 136 137 138 139 140 141 142 143 144 145 146 147 148 149 150 151 152 153 154 155 156 157 158 159 160 161 162 163 164 165 166 167 168 169 170 171 172 173 174 175 176 177 178 179 180 181 182 183 184 185 186 187 188 189 190 191 192 193 194 195 196 197 198 199
0 2
0 4
0 11
0 15
0 24
0 27
0 30
0 36
0 38
0 45
0 48
0 58
0 62
0 65
0 69
0 80
0 86
0 90
0 93
0 99
0 113
0 118
0 121
0 127
0 136
0 137
0 138
0 145
0 151
0 154
0 157
0 160
0 162
0 173
0 179
0 184
0 185
0 189
0 191
0 193
0 198
1 2
1 13
1 21
1 22
1 23
1 24
1 25
1 26
1 29
1 31
1 40
1 46
1 48
1 51
1 54
1 61
1 62
1 68
1 70
1 80
1 87
1 97
1 100
1 110
1 120
1 124
1 132
1 140
1 144
1 149
1 156
1 160
1 161
1 176
1 185
1 187
2 11
2 12
2 14
2 15
2 16
2 19
2 20
2 24
2 26
2 28
2 34
2 47
2 50
2 51
2 54
2 65
2 71
2 77
2 78
2 85
2 86
2 90
2 92
2 95
2 99
2 101
2 104
2 115
2 119
2 121
2 133
2 136
2 137
2 142
2 150
2 151
2 159
2 168
2 169
2 177
2 178
2 191
2 195
3 7
3 10
3 38
3 39
3 46
3 49
3 51
3 52
3 56
3 58
3 61
3 66
3 68
3 75
3 88
3 90
3 91
3 99
3 102
3 112
3 113
3 121
3 124
3 136
3 138
3 140
3 145
3 146
3 151
3 159
3 164
3 165
3 168
3 172
3 182
3 184
3 199
4 6
4 7
4 10
4 14
4 28
4 41
4 47
4 58
4 66
4 70
4 71
4 77
4 78
4 83
4 90
4 96
4 100
4 101
4 115
4 117
4 126
4 136
4 140
4 146
4 151
4 157
4 158
4 160
4 163
4 164
4 165
4 175
4 176
4 189
4 191
4 192
4 198
5 6
5 7
5 10
5 19
5 24
5 26
5 32
5 34
5 44
5 47
5 49
5 59
5 66
5 67
5 70
5 71
5 79
5 83
5 101
5 106
5 109
5 110
5 113
5 120
5 121
5 123
5 125
5 130
5 133
5 140
5 141
5 147
5 150
5 156
5 168
5 173
5 175
5 179
5 182
5 185
5 193
5 196
5 199
6 8
6 9
6 19
6 23
6 24
6 26
6 42
6 44
6 45
6 48
6 51
6 66
6 67
6 69
6 71
6 81
6 90
6 93
6 102
6 109
6 110
6 112
6 123
6 131
6 134
6 135
6 143
6 146
6 148
6 150
6 152
6 153
6 155
6 159
6 166
6 170
6 171
6 182
6 184
6 188
6 194
7 8
7 9
7 25
7 26
7 29
7 35
7 40
7 42
7 48
7 50
7 54
7 55
7 56
7 66
7 73
7 75
7 76
7 81
7 84
7 86
7 89
7 95
7 105
7 113
7 117
7 122
7 124
7 135
7 154
7 156
7 157
7 161
7 162
7 163
7 172
7 192
7 193
8 9
8 33
8 35
8 36
8 38
8 40
8 42
8 43
8 48
8 50
8 52
8 61
8 76
8 77
8 83
8 84
8 90
8 91
8 97
8 100
8 108
8 116
8 118
8 122
8 123
8 133
8 139
8 145
8 146
8 149
8 156
8 159
8 167
8 168
8 176
8 178
8 180
8 181
8 184
8 190
8 199
9 11
9 12
9 15
9 20
9 22
9 42
9 43
9 45
9 50
9 53
9 69
9 70
9 73
9 76
9 77
9 78
9 83
9 86
9 89
9 90
9 91
9 94
9 95
9 96
9 99
9 108
9 109
9 112
9 113
9 118
9 119
9 138
9 142
9 147
9 151
9 163
9 165
9 169
9 176
9 179
9 191
9 198
10 17
10 19
10 28
10 30
10 32
10 33
10 34
10 35
10 37
10 39
10 65
10 68
10 70
10 73
10 81
10 93
10 95
10 107
10 108
10 109
10 116
10 122
10 125
10 137
10 143
10 151
10 152
10 159
10 160
10 161
10 162
10 167
10 173
10 183
10 189
10 192
10 194
11 14
11 19
11 23
11 27
11 33
11 34
11 35
11 42
11 48
11 53
11 54
11 58
11 65
11 66
11 79
11 86
11 88
11 90
11 92
11 97
11 107
11 108
11 109
11 111
11 114
11 115
11 119
11 120
11 124
11 128
11 132
11 140
11 164
11 167
11 172
11 176
11 178
11 186
11 187
11 190
11 199
12 16
12 27
12 30
12 31
12 33
12 35
12 46
12 47
12 50
12 52
12 66
12 72
12 85
12 87
12 89
12 93
12 95
12 97
12 99
12 108
12 123
12 125
12 130
12 136
12 142
12 145
12 148
12 150
12 162
12 164
12 176
12 191
12 194
12 198
12 199
13 17
13 28
13 29
13 32
13 39
13 45
13 50
13 60
13 68
13 70
13 76
13 79
13 86
13 90
13 93
13 95
13 99
13 105
13 109
13 112
13 115
13 118
13 120
13 121
13 129
13 132
13 136
13 139
13 157
13 160
13 162
13 163
13 175
13 192
13 193
14 17
14 18
14 19
14 21
14 23
14 25
14 28
14 33
14 34
14 39
14 44
14 53
14 56
14 59
14 60
14 63
14 64
14 66
14 67
14 68
14 76
14 83
14 84
14 86
14 99
14 102
14 107
14 114
14 116
14 119
14 121
14 122
14 125
14 129
14 130
14 138
14 141
14 148
14 149
14 155
14 161
14 162
14 163
14 164
14 165
14 166
14 170
14 173
14 177
14 178
14 188
14 191
14 197
14 199
15 17
15 33
15 39
15 49
15 64
15 66
15 67
15 77
15 79
15 80
15 82
15 83
15 86
15 91
15 96
15 98
15 102
15 106
15 107
15 109
15 112
15 114
15 115
15 117
15 124
15 130
15 134
15 141
15 148
15 153
15 154
15 155
15 160
15 173
15 175
15 179
15 180
15 182
15 190
15 191
15 193
15 195
15 199
16 20
16 29
16 30
16 41
16 47
16 48
16 53
16 55
16 56
16 67
16 81
16 83
16 91
16 93
16 106
16 109
16 118
16 128
16 138
16 145
16 146
16 148
16 154
16 156
16 158
16 160
16 161
16 167
16 169
16 171
16 174
16 175
16 176
16 182
16 185
16 191
17 19
17 22
17 25
17 28
17 29
17 34
17 38
17 55
17 64
17 68
17 70
17 77
17 83
17 92
17 96
17 98
17 109
17 112
17 113
17 116
17 119
17 125
17 128
17 136
17 144
17 155
17 157
17 158
17 159
17 168
17 170
17 175
17 179
17 182
17 183
17 184
17 199
18 20
18 22
18 25
18 26
18 28
18 29
18 32
18 33
18 34
18 35
18 37
18 38
18 39
18 40
18 47
18 52
18 54
18 56
18 57
18 60
18 63
18 65
18 66
18 70
18 72
18 74
18 77
18 85
18 92
18 97
18 100
18 103
18 106
18 109
18 110
18 115
18 118
18 133
18 135
18 136
18 137
18 138
18 139
18 141
18 154
18 175
18 177
18 181
18 194
18 199
19 20
19 24
19 25
19 27
19 28
19 33
19 41
19 49
19 50
19 55
19 56
19 57
19 61
19 62
19 65
19 66
19 67
19 80
19 81
19 91
19 94
19 98
19 101
19 106
19 108
19 110
19 111
19 112
19 115
19 123
19 129
19 131
19 135
19 137
19 154
19 158
19 159
19 167
19 170
19 172
19 173
19 177
19 188
20 24
20 30
20 32
20 37
20 39
20 41
20 42
20 47
20 51
20 53
20 55
20 78
20 83
20 90
20 91
20 92
20 94
20 95
20 97
20 98
20 102
20 104
20 112
20 115
20 117
20 118
20 131
20 135
20 138
20 141
20 142
20 172
20 176
20 178
20 185
20 187
20 188
20 191
20 193
20 197
21 35
21 40
21 41
21 48
21 51
21 59
21 62
21 64
21 65
21 66
21 68
21 71
21 72
21 78
21 81
21 83
21 91
21 101
21 106
21 111
21 116
21 117
21 128
21 131
21 143
21 150
21 152
21 155
21 170
21 174
21 177
21 195
22 23
22 29
22 36
22 41
22 44
22 45
22 46
22 50
22 52
22 60
22 75
22 78
22 81
22 82
22 84
22 86
22 90
22 92
22 102
22 103
22 105
22 110
22 111
22 112
22 117
22 122
22 128
22 136
22 143
22 159
22 165
22 167
22 174
22 179
22 182
22 185
22 190
22 191
23 32
23 39
23 40
23 54
23 63
23 65
23 68
23 78
23 86
23 90
23 105
23 107
23 108
23 118
23 123
23 124
23 129
23 141
23 151
23 157
23 158
23 167
23 176
23 183
23 187
23 189
23 190
23 192
24 27
24 30
24 32
24 35
24 41
24 44
24 45
24 51
24 55
24 62
24 69
24 74
24 101
24 109
24 112
24 116
24 127
24 129
24 131
24 148
24 159
24 160
24 161
24 163
24 167
24 172
24 178
24 184
24 191
24 192
24 193
25 31
25 43
25 46
25 50
25 51
25 52
25 68
25 69
25 78
25 80
25 83
25 88
25 90
25 92
25 93
25 97
25 111
25 116
25 125
25 126
25 127
25 128
25 135
25 136
25 138
25 141
25 142
25 152
25 159
25 161
25 169
25 177
25 178
25 180
25 185
25 187
25 188
25 193
25 199
26 27
26 28
26 29
26 34
26 37
26 40
26 44
26 45
26 46
26 59
26 64
26 75
26 76
26 79
26 80
26 91
26 102
26 113
26 118
26 123
26 128
26 138
26 139
26 142
26 144
26 148
26 155
26 159
26 161
26 162
26 169
26 175
26 177
26 183
26 186
26 193
27 29
27 31
27 35
27 36
27 51
27 52
27 54
27 70
27 73
27 74
27 75
27 81
27 84
27 85
27 86
27 90
27 98
27 105
27 107
27 110
27 118
27 125
27 133
27 139
27 143
27 145
27 151
27 152
27 160
27 162
27 167
27 180
27 191
27 194
28 34
28 36
28 38
28 43
28 45
28 48
28 55
28 57
28 61
28 67
28 70
28 72
28 86
28 89
28 92
28 93
28 95
28 97
28 103
28 113
28 120
28 125
28 126
28 128
28 129
28 130
28 131
28 138
28 139
28 145
28 147
28 152
28 153
28 159
28 160
28 162
28 167
28 170
28 185
28 190
29 33
29 37
29 41
29 61
29 62
29 63
29 65
29 74
29 78
29 89
29 97
29 110
29 113
29 125
29 131
29 134
29 142
29 144
29 149
29 152
29 155
29 166
29 168
29 174
29 176
29 190
29 197
29 199
30 35
30 38
30 40
30 43
30 52
30 63
30 65
30 72
30 73
30 77
30 80
30 93
30 96
30 107
30 108
30 109
30 117
30 119
30 123
30 146
30 148
30 151
30 159
30 167
30 173
30 177
30 178
30 179
30 180
30 184
30 187
30 191
30 198
30 199
31 36
31 40
31 42
31 48
31 55
31 56
31 68
31 73
31 74
31 78
31 82
31 83
31 92
31 112
31 113
31 114
31 116
31 118
31 121
31 122
31 124
31 128
31 132
31 137
31 143
31 147
31 148
31 151
31 154
31 155
31 166
31 170
31 174
31 175
31 185
31 197
31 199
32 40
32 47
32 50
32 55
32 56
32 57
32 59
32 66
32 68
32 73
32 81
32 83
32 85
32 94
32 100
32 101
32 116
32 121
32 123
32 130
32 136
32 148
32 149
32 154
32 158
32 164
32 166
32 168
32 171
32 181
32 186
32 190
32 194
33 36
33 37
33 49
33 54
33 59
33 66
33 71
33 78
33 89
33 96
33 107
33 108
33 111
33 112
33 115
33 118
33 120
33 123
33 124
33 128
33 129
33 143
33 152
33 165
33 167
33 170
33 172
33 178
33 187
33 189
33 198
33 199
34 40
34 42
34 43
34 48
34 53
34 59
34 63
34 76
34 80
34 81
34 97
34 129
34 133
34 136
34 138
34 141
34 162
34 165
34 183
34 184
34 193
34 195
34 196
34 199
35 39
35 43
35 44
35 46
35 50
35 56
35 58
35 62
35 68
35 72
35 73
35 83
35 84
35 85
35 91
35 96
35 97
35 100
35 103
35 105
35 111
35 114
35 126
35 128
35 131
35 133
35 139
35 141
35 148
35 155
35 158
35 167
35 182
35 183
35 185
35 193
36 38
36 39
36 42
36 43
36 44
36 50
36 51
36 62
36 67
36 90
36 94
36 95
36 96
36 114
36 116
36 127
36 129
36 140
36 145
36 154
36 156
36 160
36 163
36 165
36 178
36 182
36 183
36 194
36 196
37 43
37 44
37 45
37 51
37 54
37 56
37 64
37 69
37 71
37 75
37 89
37 96
37 101
37 103
37 107
37 116
37 118
37 119
37 135
37 142
37 143
37 148
37 154
37 164
37 165
37 171
37 172
37 175
37 176
37 186
37 188
37 199
38 48
38 65
38 68
38 71
38 74
38 77
38 87
38 88
38 89
38 93
38 94
38 98
38 105
38 115
38 121
38 127
38 129
38 135
38 140
38 158
38 172
38 179
38 188
38 197
39 44
39 48
39 52
39 64
39 67
39 69
39 70
39 74
39 81
39 83
39 84
39 86
39 89
39 91
39 93
39 98
39 99
39 110
39 112
39 123
39 127
39 129
39 134
39 135
39 141
39 155
39 157
39 158
39 163
39 190
39 195
40 43
40 51
40 58
40 61
40 62
40 63
40 64
40 65
40 70
40 76
40 94
40 95
40 96
40 97
40 101
40 104
40 115
40 119
40 120
40 127
40 128
40 130
40 138
40 141
40 142
40 147
40 151
40 164
40 175
40 177
40 178
40 191
40 197
40 199
41 49
41 54
41 55
41 60
41 63
41 67
41 71
41 81
41 88
41 89
41 97
41 99
41 106
41 123
41 131
41 146
41 147
41 151
41 155
41 160
41 161
41 165
41 166
41 181
41 185
41 190
41 198
42 44
42 47
42 52
42 55
42 56
42 61
42 63
42 64
42 80
42 83
42 85
42 86
42 87
42 99
42 105
42 106
42 111
42 112
42 118
42 128
42 133
42 141
42 154
42 164
42 172
42 174
42 177
42 178
42 179
42 180
42 189
42 193
42 194
42 196
43 46
43 47
43 48
43 49
43 62
43 63
43 77
43 79
43 83
43 96
43 100
43 101
43 104
43 106
43 111
43 112
43 119
43 120
43 127
43 134
43 148
43 151
43 162
43 165
43 169
43 173
43 178
43 187
43 192
44 49
44 51
44 53
44 54
44 62
44 74
44 92
44 97
44 101
44 103
44 106
44 109
44 110
44 112
44 119
44 120
44 122
44 127
44 129
44 131
44 134
44 137
44 157
44 159
44 179
44 181
44 184
44 189
44 192
44 198
45 47
45 48
45 52
45 58
45 79
45 93
45 100
45 101
45 102
45 117
45 124
45 128
45 129
45 134
45 143
45 145
45 150
45 151
45 155
45 156
45 158
45 163
45 164
45 181
45 187
45 189
45 191
45 193
45 196
45 197
46 47
46 64
46 65
46 66
46 67
46 75
46 78
46 79
46 84
46 86
46 88
46 89
46 91
46 92
46 98
46 102
46 104
46 113
46 116
46 118
46 121
46 124
46 126
46 127
46 134
46 144
46 145
46 146
46 149
46 150
46 152
46 161
46 164
46 167
46 168
46 170
46 171
46 176
46 181
46 186
46 189
46 190
46 191
46 194
46 196
47 49
47 55
47 68
47 73
47 76
47 85
47 86
47 91
47 100
47 103
47 104
47 106
47 107
47 108
47 111
47 112
47 122
47 126
47 132
47 138
47 140
47 141
47 142
47 143
47 145
47 147
47 150
47 152
47 153
47 154
47 164
47 176
47 177
47 190
47 192
47 193
47 195
47 197
48 55
48 60
48 63
48 68
48 76
48 79
48 86
48 87
48 94
48 96
48 97
48 98
48 99
48 101
48 105
48 106
48 112
48 120
48 122
48 126
48 145
48 146
48 148
48 150
48 152
48 160
48 161
48 162
48 164
48 167
48 168
48 171
48 179
48 187
48 198
49 51
49 58
49 62
49 68
49 73
49 77
49 79
49 90
49 97
49 98
49 104
49 109
49 111
49 115
49 119
49 124
49 129
49 135
49 150
49 156
49 161
49 164
49 169
49 170
49 171
49 172
49 176
49 177
49 179
49 194
49 196
49 197
50 51
50 64
50 70
50 75
50 77
50 81
50 86
50 90
50 103
50 110
50 123
50 133
50 137
50 142
50 144
50 147
50 148
50 151
50 153
50 155
50 156
50 164
50 175
50 179
50 180
50 187
51 64
51 65
51 66
51 68
51 72
51 81
51 84
51 89
51 100
51 105
51 122
51 126
51 134
51 141
51 151
51 157
51 164
51 165
51 170
51 173
51 178
51 181
51 186
51 188
51 189
51 191
51 192
51 194
51 195
52 56
52 69
52 73
52 76
52 83
52 88
52 91
52 97
52 105
52 106
52 115
52 117
52 126
52 127
52 129
52 132
52 140
52 141
52 149
52 169
52 171
52 174
52 183
52 185
52 187
52 188
53 58
53 59
53 62
53 64
53 69
53 71
53 80
53 82
53 89
53 94
53 101
53 106
53 115
53 118
53 124
53 127
53 129
53 133
53 135
53 138
53 140
53 143
53 150
53 156
53 158
53 159
53 161
53 162
53 164
53 171
53 173
53 174
53 176
53 179
53 196
53 199
54 55
54 58
54 68
54 69
54 77
54 79
54 83
54 84
54 85
54 93
54 105
54 115
54 124
54 127
54 128
54 133
54 135
54 138
54 162
54 189
54 192
54 193
55 61
55 67
55 73
55 75
55 81
55 85
55 87
55 92
55 102
55 116
55 123
55 128
55 145
55 148
55 153
55 154
55 158
55 168
55 169
55 172
55 175
55 177
55 180
55 189
55 190
55 195
56 60
56 61
56 64
56 65
56 70
56 73
56 80
56 85
56 86
56 90
56 97
56 104
56 106
56 107
56 108
56 113
56 120
56 123
56 127
56 128
56 137
56 142
56 143
56 144
56 148
56 152
56 153
56 157
56 158
56 162
56 175
56 181
56 184
56 189
56 191
56 193
57 61
57 62
57 63
57 67
57 73
57 77
57 85
57 86
57 89
57 91
57 92
57 93
57 97
57 106
57 116
57 120
57 122
57 127
57 129
57 132
57 135
57 136
57 140
57 146
57 151
57 152
57 153
57 154
57 162
57 165
57 168
57 169
57 171
57 173
57 181
58 61
58 75
58 84
58 85
58 89
58 101
58 102
58 105
58 108
58 109
58 120
58 123
58 124
58 125
58 128
58 131
58 132
58 135
58 165
58 166
58 170
58 173
58 183
58 185
58 193
58 197
58 198
59 60
59 68
59 70
59 73
59 74
59 78
59 89
59 94
59 102
59 120
59 122
59 127
59 130
59 132
59 134
59 140
59 146
59 149
59 151
59 155
59 158
59 159
59 161
59 163
59 174
59 175
59 177
59 182
59 184
59 186
59 194
59 196
60 63
60 64
60 67
60 88
60 93
60 95
60 114
60 116
60 119
60 131
60 147
60 149
60 159
60 160
60 163
60 165
60 168
60 175
60 176
60 178
60 186
60 194
60 197
61 66
61 69
61 72
61 77
61 81
61 83
61 91
61 98
61 110
61 117
61 119
61 122
61 126
61 127
61 139
61 140
61 145
61 146
61 156
61 158
61 160
61 161
61 175
61 176
61 188
61 198
62 65
62 66
62 69
62 71
62 74
62 83
62 91
62 103
62 104
62 107
62 110
62 115
62 116
62 121
62 129
62 135
62 139
62 141
62 153
62 154
62 166
62 167
62 171
62 174
62 178
62 179
62 181
62 183
62 185
62 186
63 75
63 79
63 80
63 83
63 85
63 91
63 92
63 94
63 95
63 96
63 116
63 118
63 119
63 120
63 123
63 128
63 130
63 131
63 133
63 134
63 143
63 149
63 153
63 155
63 166
63 168
63 174
63 183
63 194
64 67
64 89
64 93
64 98
64 99
64 102
64 120
64 128
64 134
64 137
64 139
64 145
64 146
64 148
64 159
64 168
64 169
64 177
64 180
64 189
64 195
64 196
65 73
65 80
65 81
65 83
65 84
65 91
65 94
65 98
65 99
65 103
65 109
65 114
65 115
65 123
65 124
65 131
65 134
65 136
65 146
65 153
65 156
65 159
65 163
65 168
65 172
65 182
65 188
65 193
66 68
66 75
66 80
66 84
66 96
66 109
66 110
66 121
66 124
66 125
66 126
66 131
66 132
66 133
66 135
66 145
66 150
66 151
66 159
66 164
66 170
66 171
66 172
66 174
66 178
66 183
66 186
66 191
66 199
67 74
67 75
67 78
67 86
67 87
67 88
67 89
67 92
67 102
67 107
67 115
67 120
67 121
67 125
67 127
67 132
67 133
67 136
67 139
67 141
67 142
67 145
67 161
67 170
67 195
67 198
68 77
68 79
68 84
68 86
68 89
68 97
68 101
68 105
68 124
68 127
68 132
68 139
68 154
68 156
68 159
68 162
68 164
68 166
68 174
68 175
68 179
68 184
68 192
68 193
68 196
68 197
69 72
69 75
69 77
69 78
69 79
69 81
69 85
69 107
69 109
69 112
69 122
69 125
69 131
69 132
69 133
69 134
69 144
69 146
69 151
69 153
69 155
69 158
69 159
69 162
69 166
69 168
69 174
69 179
69 180
69 181
69 192
69 193
69 197
69 199
70 74
70 80
70 82
70 84
70 85
70 91
70 99
70 100
70 103
70 105
70 119
70 121
70 140
70 142
70 143
70 151
70 152
70 156
70 178
70 180
70 181
70 192
70 199
71 75
71 77
71 80
71 84
71 85
71 88
71 94
71 98
71 101
71 117
71 118
71 123
71 133
71 136
71 138
71 142
71 145
71 146
71 151
71 152
71 157
71 162
71 163
71 168
71 170
71 172
71 174
71 181
71 183
71 189
71 192
71 193
71 196
72 74
72 75
72 76
72 80
72 84
72 86
72 87
72 88
72 89
72 92
72 93
72 99
72 109
72 117
72 119
72 122
72 129
72 134
72 142
72 149
72 152
72 154
72 167
72 169
72 183
72 185
72 187
72 188
72 190
72 191
72 194
73 74
73 75
73 91
73 96
73 97
73 103
73 108
73 114
73 132
73 134
73 136
73 141
73 142
73 144
73 147
73 154
73 155
73 160
73 162
73 166
73 167
73 168
73 172
73 173
73 178
73 188
74 92
74 99
74 100
74 106
74 109
74 111
74 115
74 117
74 122
74 123
74 127
74 128
74 136
74 138
74 140
74 153
74 160
74 162
74 167
74 173
74 179
74 188
74 192
74 193
74 196
74 197
74 199
75 86
75 87
75 88
75 92
75 96
75 97
75 98
75 100
75 101
75 104
75 108
75 112
75 120
75 127
75 131
75 132
75 133
75 136
75 138
75 145
75 148
75 158
75 168
75 173
75 181
75 189
75 197
76 78
76 79
76 83
76 88
76 89
76 90
76 103
76 108
76 111
76 114
76 118
76 123
76 125
76 126
76 137
76 141
76 143
76 144
76 146
76 147
76 152
76 155
76 159
76 173
76 179
76 180
76 182
76 191
76 194
77 83
77 84
77 87
77 104
77 109
77 115
77 119
77 120
77 135
77 136
77 138
77 141
77 146
77 148
77 149
77 152
77 153
77 158
77 159
77 161
77 167
77 171
77 176
77 178
77 183
77 186
77 189
78 83
78 87
78 91
78 96
78 97
78 100
78 110
78 113
78 114
78 115
78 116
78 123
78 124
78 126
78 129
78 131
78 132
78 133
78 135
78 137
78 143
78 146
78 152
78 154
78 160
78 177
78 178
78 180
78 181
78 195
78 196
78 199
79 100
79 101
79 125
79 132
79 142
79 143
79 154
79 161
79 162
79 164
79 173
79 176
79 177
79 178
79 179
79 183
79 191
79 193
80 83
80 90
80 91
80 94
80 99
80 103
80 108
80 113
80 119
80 122
80 132
80 136
80 138
80 139
80 160
80 163
80 164
80 166
80 169
80 175
80 185
80 192
81 84
81 108
81 109
81 112
81 113
81 132
81 134
81 136
81 143
81 147
81 148
81 152
81 155
81 159
81 162
81 176
81 177
81 179
81 182
81 183
81 188
81 191
81 199
82 92
82 96
82 101
82 108
82 114
82 117
82 125
82 138
82 140
82 143
82 151
82 171
82 178
82 179
82 184
82 188
82 196
82 197
82 199
83 85
83 86
83 90
83 91
83 97
83 100
83 107
83 113
83 122
83 130
83 148
83 150
83 151
83 159
83 162
83 181
83 182
83 183
83 185
83 186
83 187
83 188
83 191
83 196
83 198
83 199
84 87
84 88
84 90
84 92
84 95
84 99
84 101
84 102
84 110
84 121
84 131
84 148
84 173
84 174
84 177
84 180
84 181
84 182
84 189
84 196
84 198
85 92
85 95
85 118
85 130
85 132
85 135
85 141
85 146
85 147
85 149
85 155
85 169
85 178
85 179
85 182
85 183
85 184
85 186
85 187
85 189
85 191
85 193
85 194
85 199
86 90
86 101
86 103
86 105
86 113
86 116
86 118
86 134
86 143
86 167
86 171
86 172
86 175
86 176
86 177
86 188
86 189
86 194
86 196
86 198
87 94
87 96
87 99
87 101
87 107
87 113
87 116
87 123
87 124
87 133
87 137
87 149
87 151
87 174
87 175
87 176
87 177
87 184
87 199
88 94
88 97
88 105
88 121
88 122
88 126
88 129
88 130
88 134
88 136
88 141
88 150
88 151
88 152
88 154
88 155
88 161
88 164
88 165
88 166
88 180
88 185
88 191
88 192
89 92
89 97
89 103
89 106
89 114
89 116
89 119
89 120
89 123
89 128
89 130
89 136
89 137
89 138
89 139
89 147
89 150
89 153
89 161
89 163
89 169
89 174
89 175
89 180
89 181
89 183
89 184
89 185
89 186
89 187
89 193
89 194
89 197
89 199
90 91
90 93
90 97
90 102
90 105
90 121
90 122
90 124
90 126
90 132
90 142
90 154
90 173
90 176
90 177
90 183
90 187
90 188
90 189
90 190
90 194
91 92
91 98
91 108
91 115
91 117
91 137
91 142
91 147
91 148
91 151
91 155
91 157
91 162
91 164
91 171
91 172
91 182
91 186
91 189
91 193
91 195
92 98
92 106
92 110
92 124
92 125
92 126
92 127
92 129
92 147
92 148
92 156
92 157
92 160
92 169
92 173
92 174
92 186
92 190
92 191
92 196
92 199
93 96
93 105
93 107
93 112
93 115
93 124
93 148
93 158
93 159
93 168
93 169
93 171
93 173
93 177
93 190
93 191
93 193
93 194
93 199
94 96
94 99
94 100
94 102
94 107
94 113
94 115
94 122
94 131
94 137
94 141
94 157
94 158
94 159
94 163
94 167
94 168
94 170
94 174
94 175
94 183
94 191
94 196
94 197
94 199
95 106
95 112
95 115
95 117
95 123
95 124
95 126
95 128
95 130
95 132
95 133
95 134
95 135
95 141
95 142
95 151
95 156
95 162
95 171
95 175
95 179
95 189
95 190
95 198
96 97
96 99
96 104
96 108
96 110
96 116
96 122
96 124
96 135
96 136
96 137
96 141
96 147
96 148
96 159
96 161
96 166
96 170
96 174
96 177
96 184
96 186
96 192
96 193
97 106
97 107
97 108
97 119
97 124
97 131
97 134
97 137
97 139
97 141
97 142
97 148
97 149
97 156
97 166
97 167
97 170
97 181
97 182
97 186
97 190
97 196
98 106
98 107
98 120
98 124
98 130
98 132
98 135
98 139
98 140
98 146
98 148
98 152
98 161
98 166
98 174
98 177
98 180
98 181
98 189
98 191
98 193
98 195
99 106
99 114
99 120
99 122
99 127
99 131
99 133
99 139
99 141
99 146
99 147
99 160
99 170
99 175
99 178
99 181
99 184
99 186
99 188
100 106
100 112
100 118
100 122
100 126
100 128
100 129
100 130
100 131
100 135
100 141
100 143
100 147
100 150
100 155
100 156
100 162
100 164
100 166
100 168
100 170
100 180
100 192
100 193
100 197
101 110
101 112
101 113
101 115
101 117
101 126
101 136
101 137
101 140
101 163
101 164
101 166
101 167
101 173
101 179
101 188
101 191
102 103
102 111
102 118
102 120
102 125
102 126
102 131
102 133
102 138
102 140
102 151
102 157
102 166
102 169
102 174
102 180
102 187
102 194
103 106
103 118
103 120
103 122
103 124
103 125
103 127
103 132
103 133
103 142
103 145
103 147
103 149
103 151
103 153
103 157
103 163
103 176
103 183
103 191
103 194
103 195
103 197
104 110
104 115
104 128
104 137
104 139
104 143
104 145
104 164
104 165
104 171
104 176
104 177
104 178
104 179
104 197
104 198
105 109
105 114
105 121
105 122
105 123
105 130
105 131
105 141
105 146
105 172
105 173
105 174
105 189
105 190
105 192
105 194
106 112
106 118
106 130
106 136
106 141
106 144
106 145
106 162
106 166
106 168
106 169
106 185
106 194
106 195
106 198
107 108
107 115
107 125
107 126
107 143
107 151
107 165
107 166
107 170
107 180
107 181
107 183
107 195
108 109
108 117
108 123
108 139
108 142
108 145
108 147
108 148
108 151
108 156
108 157
108 166
108 176
108 186
108 194
108 196
109 129
109 132
109 139
109 140
109 142
109 143
109 145
109 157
109 164
109 170
109 174
109 177
109 180
109 182
109 183
109 185
110 117
110 120
110 123
110 128
110 135
110 141
110 145
110 146
110 148
110 153
110 165
110 166
110 168
110 171
110 176
110 190
110 198
111 115
111 119
111 121
111 122
111 123
111 129
111 134
111 137
111 139
111 145
111 164
111 166
111 167
111 173
111 184
111 186
111 192
111 194
111 197
112 115
112 120
112 123
112 132
112 136
112 137
112 141
112 145
112 148
112 166
112 171
112 173
112 178
112 180
112 185
112 187
113 118
113 119
113 120
113 121
113 129
113 132
113 135
113 136
113 152
113 156
113 159
113 163
113 165
113 169
113 170
113 172
113 174
113 175
113 180
113 183
113 190
113 191
113 199
114 128
114 132
114 135
114 138
114 142
114 146
114 149
114 157
114 159
114 167
114 168
114 170
114 172
114 182
114 187
114 199
115 116
115 129
115 135
115 148
115 149
115 152
115 158
115 169
115 188
115 190
115 194
116 118
116 123
116 127
116 131
116 133
116 143
116 144
116 164
116 177
116 179
116 183
116 192
117 125
117 158
117 161
117 167
117 170
117 171
117 172
117 177
117 178
117 179
117 180
117 182
117 183
117 186
117 187
118 127
118 129
118 142
118 147
118 155
118 157
118 159
118 160
118 164
118 166
118 177
118 178
118 185
118 187
118 192
118 196
118 199
119 124
119 140
119 142
119 145
119 150
119 159
119 162
119 163
119 170
119 171
119 174
119 176
119 178
119 186
119 192
119 193
119 195
120 124
120 131
120 134
120 137
120 139
120 141
120 142
120 143
120 146
120 147
120 153
120 164
120 165
120 169
120 171
120 194
120 195
121 122
121 129
121 146
121 148
121 161
121 174
121 182
121 183
121 184
121 189
121 194
122 123
122 124
122 125
122 127
122 128
122 129
122 132
122 136
122 140
122 158
122 165
122 171
122 178
122 182
122 185
122 188
122 193
122 194
122 195
123 125
123 127
123 129
123 134
123 144
123 160
123 161
123 162
123 169
123 173
123 176
123 178
123 193
124 126
124 129
124 136
124 141
124 153
124 156
124 160
124 166
124 172
124 179
124 180
124 181
124 182
124 184
124 185
124 191
125 128
125 132
125 135
125 138
125 146
125 147
125 157
125 162
125 170
125 181
125 183
125 185
125 193
125 196
125 197
126 130
126 133
126 137
126 138
126 143
126 144
126 146
126 152
126 153
126 159
126 161
126 162
126 167
126 168
126 170
126 181
126 196
127 134
127 141
127 145
127 162
127 173
127 174
127 176
127 178
127 181
127 186
128 129
128 131
128 132
128 140
128 142
128 156
128 164
128 167
128 172
128 180
128 182
128 190
128 195
129 132
129 133
129 134
129 150
129 154
129 155
129 156
129 163
129 180
129 188
129 195
129 199
130 132
130 135
130 137
130 141
130 142
130 151
130 162
130 170
130 175
130 178
130 181
130 186
130 199
131 133
131 138
131 139
131 144
131 150
131 151
131 160
131 164
131 173
131 177
131 187
131 191
131 193
131 198
132 135
132 136
132 140
132 144
132 148
132 149
132 150
132 153
132 167
132 169
132 175
132 186
132 187
132 194
132 195
132 199
133 144
133 150
133 154
133 170
133 177
133 178
133 180
133 182
133 183
133 190
133 192
133 194
133 197
134 145
134 156
134 160
134 181
134 190
135 143
135 146
135 149
135 156
135 158
135 165
135 173
135 176
135 177
135 178
135 185
135 195
135 196
136 137
136 140
136 144
136 147
136 150
136 160
136 162
136 172
136 176
136 182
136 183
136 185
136 188
136 189
136 195
137 144
137 146
137 149
137 150
137 154
137 156
137 158
137 160
137 161
137 167
137 169
137 177
137 181
137 191
138 139
138 141
138 142
138 151
138 161
138 185
138 186
138 187
138 192
139 140
139 143
139 149
139 150
139 156
139 159
139 161
139 163
139 170
139 179
139 184
139 190
139 193
140 151
140 152
140 159
140 162
140 165
140 177
140 179
140 181
140 182
140 183
140 184
140 191
140 193
140 194
140 199
141 144
141 148
141 149
141 152
141 154
141 155
141 156
141 164
141 165
141 169
141 171
141 174
141 180
141 197
142 153
142 154
142 157
142 163
142 169
142 175
142 180
142 189
142 193
142 195
143 148
143 149
143 150
143 153
143 156
143 167
143 175
143 178
143 179
143 180
143 182
143 183
143 192
144 149
144 154
144 156
144 164
144 176
144 177
144 178
144 188
144 190
145 146
145 149
145 159
145 172
145 176
145 177
145 178
145 180
145 183
145 184
145 192
145 193
146 152
146 156
146 164
146 166
146 167
146 179
146 186
146 189
147 150
147 157
147 161
147 170
147 173
147 174
147 177
147 185
147 192
147 195
147 198
148 157
148 158
148 161
148 162
148 164
148 168
148 176
148 179
148 180
148 188
148 191
148 196
148 197
149 153
149 159
149 164
149 167
149 171
149 176
149 177
149 179
149 185
149 188
149 196
150 157
150 161
150 173
150 175
150 185
150 187
150 194
150 195
150 198
151 154
151 156
151 163
151 164
151 165
151 167
151 173
151 184
151 188
151 192
151 193
152 163
152 165
152 169
152 173
152 174
152 177
152 180
153 166
153 168
153 169
153 170
153 173
153 185
153 193
153 195
154 156
154 165
154 178
154 190
154 194
154 198
155 157
155 158
155 168
155 170
155 172
155 187
155 197
155 199
156 167
156 176
156 181
156 184
156 188
156 195
157 158
157 168
157 171
157 173
157 176
157 181
157 184
157 185
157 187
157 191
157 193
157 195
158 162
158 164
158 173
158 181
158 182
159 166
159 170
159 174
159 176
159 194
159 199
160 165
160 168
160 170
160 171
160 177
160 179
160 182
160 185
160 189
160 197
161 162
161 164
161 174
161 175
161 187
161 192
161 199
162 169
162 181
162 189
162 191
162 199
163 174
163 191
163 194
164 166
164 169
164 175
164 176
164 179
164 181
164 193
164 194
165 168
165 171
165 172
165 173
166 168
166 180
166 184
166 185
166 196
166 197
167 179
167 183
167 191
167 196
168 172
168 173
168 183
168 187
168 189
168 194
169 170
169 179
169 189
169 195
169 196
170 173
170 176
170 180
170 193
171 175
171 176
171 180
171 182
171 187
171 193
171 194
172 174
172 176
172 182
172 195
173 176
173 180
173 186
173 189
173 192
173 193
173 198
173 199
174 182
174 183
174 198
175 176
175 179
175 184
175 190
175 191
175 193
176 182
176 194
176 199
177 183
177 186
177 197
178 180
178 182
178 183
178 189
178 196
178 198
179 184
179 186
179 188
179 197
180 183
180 191
180 194
180 198
181 182
181 191
181 195
182 187
182 189
182 195
182 197
182 199
183 190
183 193
183 195
183 198
184 185
184 187
184 190
185 189
185 191
185 193
185 199
186 187
186 194
187 188
187 191
187 194
187 196
187 199
188 191
190 194
190 196
192 198
194 195
194 196
196 198
196 199
198 199

1 0 0 1 1 0 1 0 1 0 1 1 1 0 0 0 1 1 0 1 0 0 0 0 0 1 0 1 1 1 1 0 0 0 1 0 1 0 0 1 1 1 0 0 0 1 1 0 1 1 1 0 0 0 0 0 1 0 1 1 1 0 1 0 1 1 0 0 1 1 0 0 0 1 0 1 1 0 0 1 1 1 1 1 0 1 1 1 0 1 1 1 0 0 1 1 0 0 1 1 1 1 1 1 0 1 1 0 1 1 1 0 0 0 1 0 0 0 1 1 1 0 1 1 0 0 1 0 0 1 0 1 0 0 1 1 0 0 0 0 0 0 1 0 0 0 1 0 0 0 0 0 1 0 1 0 1 0 1 1 1 1 0 1 0 0 1 0 0 1 1 1 0 1 0 0 0 0 1 1 0 1 0 1 1 1 0 1 0 0 1 0 1 1 1 1 0 0 0 0