250 6210
0 1 2 3 4 5 6 7 8 9 10 11 12 13 14 15 16 17 18 19 20 21 22 23 24 25 26 27 28 29 30 31 32 33 34 35 36 37 38 39 40 41 42 43 44 45 46 47 48 49 50 51 52 53 54 55 56 57 58 59 60 61 62 63 64 65 66 67 68 69 70 71 72 73 74 75 76 77 78 79 80 81 82 83 84 85 86 87 88 89 90 91 92 93 94 95 96 97 98 99 100 101 102 103 104 105 106 107 108 109 110 111 112 113 114 115 116 117 118 119 120 121 122 123 124 125 126 127 128 129 130 131 132 133 134 135 136 137 138 139 140 141 142 143 144 145 146 147 148 149 150 151 152 153 154 155 156 157 158 159 160 161 162 163 164 165 166 167 168 169 170 171 172 173 174 175 176 177 178 179 180 181 182 183 184 185 186 187 188 189 190 191 192 193 194 195 196 197 198 199 200 201 202 203 204 205 206 207 208 209 210 211 212 213 214 215 216 217 218 219 220 221 222 223 224 225 226 227 228 229 230 231 232 233 234 235 236 237 238 239 240 241 242 243 244 245 246 247 248 249
0 1
0 2
0 7
0 8
0 9
0 11
0 12
0 13
0 18
0 22
0 24
0 26
0 32
0 33
0 41
0 46
0 48
0 50
0 51
0 61
0 63
0 64
0 66
0 73
0 81
0 83
0 84
0 91
0 97
0 98
0 106
0 111
0 118
0 156
0 157
0 162
0 165
0 170
0 172
0 173
0 177
0 178
0 185
0 189
0 196
0 202
0 204
0 206
0 212
0 216
0 219
0 229
0 230
0 231
0 233
0 244
1 4
1 8
1 16
1 35
1 41
1 46
1 47
1 49
1 50
1 53
1 54
1 58
1 64
1 80
1 84
1 85
1 87
1 90
1 94
1 100
1 103
1 106
1 110
1 111
1 113
1 114
1 118
1 121
1 122
1 123
1 124
1 139
1 143
1 146
1 147
1 151
1 152
1 160
1 165
1 177
1 180
1 181
1 182
1 192
1 197
1 199
1 201
1 203
1 215
1 220
1 226
1 232
1 247
2 3
2 4
2 8
2 10
2 13
2 17
2 20
2 21
2 24
2 33
2 41
2 43
2 45
2 49
2 52
2 56
2 64
2 69
2 78
2 79
2 80
2 86
2 88
2 89
2 90
2 93
2 102
2 108
2 118
2 120
2 130
2 131
2 133
2 136
2 157
2 160
2 161
2 166
2 169
2 171
2 176
2 180
2 185
2 188
2 215
2 229
2 232
2 235
2 236
2 240
2 241
2 244
2 246
2 247
3 5
3 18
3 22
3 23
3 27
3 32
3 34
3 35
3 45
3 46
3 47
3 51
3 57
3 58
3 63
3 70
3 71
3 81
3 82
3 83
3 84
3 88
3 89
3 94
3 99
3 103
3 117
3 122
3 128
3 133
3 136
3 140
3 145
3 146
3 148
3 149
3 155
3 162
3 166
3 168
3 175
3 179
3 182
3 184
3 185
3 187
3 190
3 191
3 192
3 197
3 203
3 206
3 213
3 215
3 224
3 228
3 231
3 232
3 240
3 241
3 243
3 244
3 245
3 247
4 5
4 18
4 26
4 30
4 38
4 39
4 42
4 51
4 52
4 60
4 66
4 69
4 72
4 80
4 86
4 89
4 91
4 96
4 100
4 101
4 114
4 120
4 126
4 127
4 130
4 132
4 140
4 150
4 159
4 161
4 163
4 167
4 171
4 173
4 174
4 183
4 188
4 207
4 208
4 213
4 216
4 219
4 221
4 223
4 224
4 227
4 228
4 232
4 234
4 247
5 16
5 19
5 23
5 24
5 32
5 35
5 36
5 45
5 49
5 50
5 63
5 65
5 71
5 80
5 82
5 89
5 90
5 109
5 112
5 114
5 121
5 137
5 139
5 144
5 149
5 153
5 154
5 155
5 157
5 160
5 165
5 167
5 181
5 185
5 187
5 196
5 201
5 203
5 207
5 209
5 214
5 220
5 222
5 225
5 226
5 229
5 241
5 243
5 244
6 20
6 22
6 35
6 38
6 39
6 41
6 46
6 48
6 51
6 56
6 59
6 60
6 63
6 66
6 69
6 74
6 85
6 88
6 91
6 94
6 97
6 124
6 131
6 133
6 144
6 146
6 148
6 151
6 153
6 163
6 166
6 170
6 176
6 177
6 189
6 199
6 209
6 211
6 217
6 218
6 220
6 221
6 225
6 228
6 229
7 10
7 22
7 27
7 28
7 30
7 35
7 36
7 39
7 41
7 53
7 59
7 61
7 63
7 65
7 67
7 72
7 73
7 74
7 84
7 86
7 90
7 91
7 96
7 100
7 102
7 110
7 113
7 114
7 118
7 127
7 130
7 134
7 136
7 137
7 142
7 146
7 149
7 151
7 153
7 167
7 168
7 177
7 181
7 187
7 194
7 198
7 202
7 206
7 208
7 211
7 212
7 215
7 216
7 226
7 229
7 234
7 236
7 238
7 241
7 247
8 23
8 34
8 35
8 39
8 44
8 50
8 51
8 58
8 60
8 63
8 72
8 78
8 82
8 83
8 87
8 88
8 91
8 93
8 94
8 98
8 100
8 104
8 105
8 109
8 118
8 131
8 132
8 137
8 143
8 152
8 154
8 155
8 161
8 163
8 169
8 180
8 186
8 188
8 189
8 204
8 205
8 207
8 215
8 223
8 226
8 229
8 230
8 231
8 234
8 236
8 237
8 238
8 242
8 246
8 247
9 19
9 23
9 24
9 25
9 27
9 28
9 38
9 39
9 44
9 47
9 55
9 69
9 72
9 78
9 81
9 94
9 95
9 96
9 99
9 107
9 113
9 114
9 124
9 137
9 140
9 143
9 156
9 160
9 175
9 177
9 180
9 182
9 186
9 191
9 195
9 201
9 202
9 207
9 208
9 211
9 225
9 226
9 228
9 234
9 242
9 246
10 18
10 23
10 26
10 32
10 35
10 36
10 37
10 39
10 53
10 56
10 64
10 71
10 82
10 83
10 91
10 92
10 106
10 109
10 110
10 111
10 115
10 121
10 123
10 126
10 132
10 146
10 154
10 155
10 157
10 158
10 163
10 178
10 185
10 190
10 192
10 193
10 198
10 202
10 203
10 205
10 211
10 217
10 222
10 225
10 226
10 231
10 239
10 240
10 244
11 16
11 17
11 18
11 19
11 26
11 28
11 30
11 31
11 34
11 49
11 57
11 58
11 59
11 65
11 66
11 67
11 70
11 73
11 75
11 84
11 89
11 90
11 95
11 100
11 102
11 104
11 105
11 109
11 112
11 116
11 119
11 129
11 137
11 140
11 141
11 142
11 143
11 144
11 163
11 167
11 175
11 177
11 179
11 188
11 197
11 198
11 200
11 205
11 208
11 209
11 223
11 228
11 230
11 244
11 245
11 246
11 247
12 13
12 15
12 17
12 19
12 33
12 43
12 50
12 57
12 62
12 64
12 69
12 75
12 77
12 79
12 82
12 88
12 92
12 95
12 97
12 101
12 105
12 111
12 113
12 118
12 123
12 124
12 125
12 137
12 138
12 146
12 149
12 158
12 162
12 175
12 176
12 184
12 188
12 189
12 200
12 205
12 217
12 222
12 225
12 226
12 233
12 238
12 242
12 244
12 245
12 248
13 14
13 18
13 19
13 21
13 22
13 31
13 35
13 38
13 40
13 41
13 42
13 45
13 47
13 48
13 53
13 58
13 64
13 68
13 69
13 77
13 80
13 83
13 92
13 95
13 103
13 109
13 115
13 118
13 128
13 129
13 131
13 136
13 137
13 138
13 141
13 148
13 157
13 162
13 165
13 166
13 172
13 173
13 181
13 185
13 189
13 198
13 205
13 212
13 214
13 221
13 225
13 227
13 232
13 245
13 247
14 15
14 18
14 23
14 29
14 30
14 31
14 32
14 33
14 36
14 37
14 40
14 42
14 43
14 49
14 52
14 57
14 64
14 68
14 70
14 72
14 81
14 89
14 94
14 101
14 103
14 111
14 114
14 117
14 129
14 130
14 133
14 141
14 150
14 152
14 161
14 163
14 166
14 167
14 170
14 173
14 174
14 175
14 176
14 200
14 205
14 206
14 219
14 235
14 240
14 243
14 244
14 248
15 17
15 18
15 22
15 25
15 36
15 41
15 43
15 44
15 52
15 55
15 68
15 85
15 86
15 94
15 100
15 102
15 108
15 110
15 111
15 120
15 123
15 127
15 140
15 143
15 159
15 165
15 170
15 176
15 182
15 188
15 194
15 196
15 199
15 204
15 208
15 209
15 213
15 224
15 229
15 235
15 236
15 237
15 241
15 243
15 246
15 248
16 25
16 26
16 29
16 39
16 47
16 60
16 62
16 63
16 65
16 68
16 71
16 74
16 76
16 77
16 79
16 85
16 87
16 88
16 95
16 110
16 117
16 122
16 123
16 126
16 132
16 133
16 143
16 145
16 148
16 156
16 162
16 165
16 172
16 175
16 180
16 185
16 188
16 194
16 195
16 196
16 197
16 198
16 201
16 210
16 214
16 217
16 221
16 224
16 225
16 229
16 234
16 243
16 245
16 248
17 18
17 21
17 24
17 25
17 28
17 37
17 39
17 40
17 42
17 45
17 46
17 48
17 51
17 56
17 57
17 61
17 62
17 65
17 70
17 71
17 73
17 85
17 89
17 90
17 95
17 102
17 104
17 106
17 113
17 116
17 118
17 140
17 144
17 146
17 157
17 158
17 163
17 164
17 166
17 172
17 174
17 183
17 189
17 195
17 199
17 217
17 219
17 225
17 229
17 233
17 239
17 244
17 248
18 22
18 30
18 33
18 40
18 41
18 45
18 49
18 50
18 52
18 54
18 63
18 71
18 77
18 89
18 93
18 100
18 108
18 109
18 110
18 113
18 114
18 117
18 123
18 127
18 132
18 133
18 142
18 146
18 154
18 164
18 167
18 170
18 173
18 185
18 190
18 195
18 196
18 199
18 212
18 220
18 224
18 225
18 241
18 242
18 243
18 247
19 24
19 30
19 31
19 34
19 36
19 40
19 42
19 52
19 54
19 68
19 80
19 82
19 92
19 96
19 102
19 112
19 113
19 118
19 121
19 123
19 126
19 133
19 134
19 152
19 155
19 160
19 162
19 164
19 168
19 176
19 179
19 182
19 183
19 186
19 194
19 201
19 202
19 207
19 213
19 218
19 224
19 225
19 232
20 23
20 33
20 34
20 37
20 39
20 40
20 42
20 61
20 64
20 66
20 68
20 73
20 74
20 76
20 96
20 98
20 103
20 106
20 109
20 121
20 128
20 129
20 131
20 132
20 135
20 142
20 148
20 161
20 165
20 166
20 170
20 173
20 175
20 179
20 180
20 182
20 186
20 190
20 194
20 204
20 216
20 217
20 218
20 227
20 232
20 233
20 234
20 242
20 243
20 245
21 22
21 31
21 37
21 39
21 40
21 41
21 43
21 48
21 49
21 60
21 67
21 68
21 70
21 73
21 77
21 78
21 86
21 90
21 98
21 108
21 114
21 115
21 118
21 124
21 136
21 139
21 142
21 146
21 154
21 158
21 159
21 160
21 161
21 169
21 174
21 176
21 183
21 186
21 197
21 206
21 214
21 215
21 218
21 221
21 225
21 229
21 239
21 240
21 246
21 247
21 249
22 43
22 56
22 62
22 77
22 85
22 90
22 91
22 94
22 96
22 100
22 105
22 108
22 131
22 134
22 135
22 139
22 140
22 147
22 152
22 154
22 161
22 176
22 181
22 186
22 193
22 197
22 202
22 213
22 214
22 230
22 234
22 236
22 243
22 245
22 249
23 28
23 29
23 36
23 45
23 49
23 51
23 65
23 70
23 71
23 75
23 86
23 90
23 92
23 94
23 100
23 112
23 121
23 126
23 132
23 133
23 135
23 153
23 158
23 166
23 171
23 172
23 173
23 184
23 188
23 191
23 194
23 197
23 200
23 205
23 210
23 217
23 220
23 222
23 228
23 231
23 232
23 236
23 237
23 240
23 242
23 243
24 32
24 34
24 41
24 42
24 50
24 51
24 55
24 57
24 61
24 63
24 67
24 73
24 74
24 75
24 85
24 88
24 90
24 92
24 93
24 103
24 105
24 106
24 110
24 111
24 129
24 141
24 151
24 152
24 153
24 156
24 157
24 159
24 161
24 165
24 172
24 176
24 180
24 184
24 192
24 195
24 198
24 199
24 203
24 204
24 205
24 208
24 212
24 242
24 243
24 247
25 28
25 29
25 32
25 46
25 58
25 62
25 64
25 75
25 81
25 82
25 93
25 95
25 106
25 111
25 113
25 116
25 118
25 128
25 136
25 145
25 158
25 160
25 163
25 172
25 177
25 184
25 185
25 187
25 205
25 215
25 218
25 219
25 221
25 229
25 236
25 237
25 238
25 246
25 248
25 249
26 29
26 32
26 33
26 46
26 58
26 60
26 61
26 63
26 64
26 66
26 83
26 84
26 90
26 94
26 96
26 100
26 109
26 113
26 115
26 116
26 119
26 121
26 125
26 127
26 141
26 145
26 149
26 153
26 158
26 161
26 165
26 174
26 175
26 180
26 189
26 193
26 196
26 201
26 221
26 224
26 225
26 243
27 31
27 32
27 37
27 39
27 40
27 41
27 48
27 62
27 63
27 64
27 66
27 67
27 70
27 87
27 91
27 92
27 112
27 113
27 119
27 124
27 125
27 129
27 132
27 137
27 140
27 158
27 160
27 164
27 175
27 178
27 181
27 190
27 194
27 201
27 207
27 219
27 222
27 223
27 233
27 235
27 245
27 247
27 249
28 31
28 45
28 52
28 56
28 57
28 67
28 71
28 76
28 77
28 82
28 94
28 95
28 97
28 101
28 102
28 107
28 115
28 116
28 119
28 131
28 133
28 134
28 135
28 136
28 141
28 142
28 144
28 146
28 151
28 155
28 156
28 163
28 164
28 167
28 173
28 182
28 185
28 192
28 204
28 208
28 210
28 214
28 221
28 225
28 237
28 240
28 242
29 40
29 45
29 55
29 59
29 61
29 64
29 76
29 78
29 85
29 86
29 89
29 90
29 91
29 96
29 102
29 106
29 111
29 122
29 127
29 143
29 144
29 147
29 148
29 149
29 158
29 164
29 167
29 171
29 173
29 177
29 178
29 184
29 189
29 191
29 195
29 200
29 207
29 213
29 219
29 221
29 224
29 239
29 249
30 41
30 51
30 64
30 69
30 74
30 75
30 81
30 84
30 88
30 89
30 92
30 93
30 95
30 99
30 115
30 118
30 121
30 128
30 130
30 134
30 137
30 140
30 147
30 148
30 157
30 159
30 160
30 167
30 169
30 171
30 184
30 186
30 188
30 205
30 216
30 218
30 230
30 233
30 239
30 248
31 35
31 38
31 39
31 45
31 49
31 51
31 53
31 56
31 63
31 69
31 70
31 71
31 73
31 75
31 78
31 86
31 97
31 99
31 101
31 102
31 119
31 122
31 123
31 133
31 135
31 139
31 154
31 165
31 172
31 173
31 189
31 193
31 194
31 199
31 201
31 219
31 224
31 225
31 233
31 234
31 235
31 236
31 240
31 242
31 246
31 248
32 35
32 36
32 41
32 42
32 44
32 46
32 51
32 60
32 61
32 66
32 67
32 71
32 72
32 75
32 82
32 93
32 96
32 100
32 102
32 112
32 122
32 126
32 129
32 130
32 135
32 136
32 137
32 141
32 146
32 156
32 159
32 164
32 172
32 176
32 177
32 187
32 194
32 196
32 201
32 205
32 214
32 215
32 216
32 224
32 231
32 232
32 235
32 241
32 245
33 38
33 39
33 46
33 48
33 53
33 60
33 61
33 62
33 63
33 67
33 69
33 76
33 85
33 92
33 94
33 95
33 102
33 105
33 122
33 127
33 137
33 142
33 149
33 156
33 158
33 160
33 173
33 177
33 181
33 182
33 185
33 187
33 188
33 189
33 190
33 198
33 200
33 205
33 209
33 210
33 220
33 224
33 231
33 238
34 38
34 44
34 53
34 65
34 69
34 70
34 72
34 79
34 82
34 87
34 88
34 97
34 102
34 106
34 113
34 115
34 118
34 119
34 122
34 123
34 124
34 135
34 140
34 141
34 150
34 169
34 171
34 178
34 179
34 193
34 196
34 200
34 203
34 207
34 219
34 222
34 223
34 228
34 234
34 236
35 45
35 47
35 56
35 58
35 65
35 66
35 71
35 75
35 76
35 80
35 81
35 82
35 93
35 96
35 117
35 122
35 127
35 128
35 129
35 135
35 140
35 144
35 146
35 154
35 158
35 162
35 165
35 169
35 173
35 174
35 177
35 191
35 195
35 196
35 222
35 225
35 228
35 232
35 236
36 38
36 40
36 45
36 46
36 49
36 62
36 65
36 68
36 70
36 72
36 73
36 78
36 80
36 87
36 90
36 92
36 98
36 100
36 101
36 104
36 111
36 114
36 115
36 126
36 129
36 130
36 133
36 134
36 142
36 143
36 145
36 148
36 156
36 161
36 162
36 171
36 196
36 197
36 199
36 204
36 217
36 219
36 223
36 224
36 232
36 236
36 238
36 239
36 241
37 41
37 45
37 47
37 59
37 64
37 70
37 72
37 75
37 77
37 80
37 89
37 91
37 107
37 108
37 111
37 112
37 113
37 119
37 124
37 128
37 134
37 138
37 139
37 140
37 146
37 149
37 152
37 153
37 165
37 166
37 176
37 177
37 178
37 183
37 184
37 192
37 193
37 203
37 208
37 210
37 218
37 229
37 248
37 249
38 46
38 50
38 51
38 63
38 73
38 75
38 76
38 82
38 88
38 95
38 100
38 102
38 106
38 141
38 142
38 143
38 145
38 149
38 150
38 151
38 152
38 161
38 165
38 166
38 168
38 169
38 173
38 174
38 177
38 178
38 180
38 184
38 188
38 189
38 195
38 211
38 212
38 226
38 229
38 237
38 243
39 45
39 47
39 52
39 53
39 55
39 58
39 60
39 63
39 64
39 78
39 81
39 82
39 91
39 92
39 96
39 99
39 101
39 107
39 108
39 119
39 134
39 145
39 148
39 150
39 166
39 168
39 170
39 178
39 186
39 187
39 189
39 190
39 194
39 196
39 200
39 202
39 221
39 227
39 228
39 230
39 234
40 43
40 48
40 50
40 52
40 55
40 61
40 63
40 65
40 70
40 72
40 74
40 76
40 77
40 81
40 84
40 86
40 111
40 112
40 120
40 136
40 137
40 138
40 143
40 150
40 157
40 180
40 181
40 190
40 194
40 202
40 206
40 210
40 213
40 214
40 217
40 223
40 225
40 226
40 229
41 43
41 54
41 60
41 62
41 64
41 71
41 73
41 89
41 92
41 93
41 99
41 103
41 111
41 115
41 118
41 131
41 135
41 146
41 151
41 155
41 161
41 163
41 166
41 172
41 174
41 179
41 180
41 182
41 191
41 198
41 207
41 208
41 211
41 213
41 221
41 225
41 234
41 241
41 245
42 52
42 56
42 61
42 69
42 79
42 81
42 87
42 90
42 92
42 95
42 106
42 114
42 115
42 124
42 127
42 132
42 138
42 139
42 141
42 146
42 151
42 152
42 153
42 157
42 160
42 164
42 166
42 175
42 183
42 189
42 199
42 207
42 210
42 214
42 215
42 226
42 232
42 236
42 238
42 248
42 249
43 45
43 52
43 55
43 67
43 77
43 78
43 80
43 89
43 91
43 93
43 100
43 102
43 103
43 105
43 126
43 133
43 138
43 144
43 145
43 149
43 151
43 153
43 154
43 158
43 160
43 163
43 169
43 177
43 182
43 187
43 192
43 196
43 198
43 204
43 207
43 211
43 216
43 222
43 227
43 230
43 233
44 46
44 51
44 56
44 57
44 60
44 65
44 77
44 83
44 86
44 90
44 93
44 97
44 133
44 134
44 138
44 150
44 157
44 160
44 164
44 167
44 169
44 171
44 173
44 174
44 177
44 180
44 182
44 186
44 187
44 192
44 194
44 196
44 199
44 205
44 210
44 216
44 217
44 232
44 235
44 236
45 46
45 49
45 52
45 55
45 57
45 63
45 66
45 69
45 80
45 81
45 88
45 96
45 110
45 115
45 118
45 127
45 128
45 130
45 132
45 134
45 139
45 141
45 143
45 145
45 148
45 149
45 154
45 156
45 171
45 176
45 178
45 185
45 188
45 189
45 192
45 201
45 207
45 213
45 216
45 219
45 221
45 223
45 224
45 226
45 228
46 55
46 71
46 74
46 81
46 83
46 84
46 85
46 86
46 94
46 97
46 100
46 101
46 114
46 115
46 130
46 131
46 132
46 136
46 147
46 155
46 156
46 160
46 167
46 169
46 180
46 181
46 184
46 188
46 196
46 198
46 201
46 210
46 218
46 238
46 241
47 55
47 62
47 68
47 79
47 85
47 86
47 88
47 93
47 101
47 102
47 108
47 111
47 114
47 117
47 124
47 140
47 141
47 146
47 157
47 168
47 172
47 178
47 185
47 194
47 195
47 196
47 198
47 201
47 204
47 208
47 209
47 211
47 212
47 229
47 230
47 236
47 237
47 245
47 246
47 248
48 50
48 54
48 55
48 65
48 66
48 67
48 68
48 73
48 76
48 78
48 79
48 80
48 82
48 83
48 88
48 97
48 103
48 105
48 120
48 124
48 134
48 135
48 138
48 142
48 144
48 158
48 165
48 175
48 177
48 183
48 190
48 193
48 216
48 221
48 226
48 228
48 232
48 234
48 237
48 238
48 247
48 248
48 249
49 50
49 55
49 58
49 61
49 66
49 67
49 68
49 72
49 75
49 84
49 93
49 107
49 114
49 117
49 129
49 137
49 152
49 156
49 171
49 172
49 178
49 182
49 184
49 187
49 193
49 196
49 201
49 204
49 205
49 209
49 212
49 221
49 222
49 224
49 228
49 239
49 240
49 244
49 245
50 54
50 56
50 58
50 59
50 60
50 61
50 62
50 72
50 73
50 74
50 81
50 84
50 89
50 92
50 99
50 103
50 105
50 116
50 122
50 124
50 126
50 129
50 132
50 141
50 143
50 149
50 150
50 151
50 157
50 158
50 159
50 160
50 172
50 173
50 182
50 185
50 193
50 203
50 205
50 210
50 213
50 217
50 222
50 223
50 224
50 225
50 226
50 229
50 233
50 244
50 246
51 57
51 58
51 63
51 73
51 76
51 78
51 81
51 85
51 93
51 94
51 99
51 101
51 105
51 116
51 117
51 127
51 141
51 153
51 163
51 167
51 173
51 178
51 179
51 180
51 184
51 187
51 196
51 199
51 203
51 210
51 232
51 233
51 238
52 58
52 66
52 68
52 73
52 79
52 82
52 84
52 87
52 92
52 99
52 102
52 119
52 120
52 127
52 140
52 143
52 151
52 158
52 159
52 163
52 176
52 179
52 186
52 187
52 192
52 194
52 198
52 207
52 210
52 213
52 218
52 225
52 231
52 235
52 241
52 242
52 244
52 245
52 247
53 55
53 57
53 60
53 65
53 80
53 81
53 85
53 89
53 98
53 99
53 109
53 110
53 124
53 126
53 127
53 129
53 137
53 139
53 145
53 149
53 158
53 159
53 162
53 163
53 168
53 169
53 175
53 177
53 189
53 208
53 209
53 215
53 219
53 249
54 62
54 69
54 85
54 87
54 90
54 91
54 92
54 98
54 100
54 101
54 107
54 111
54 116
54 133
54 140
54 143
54 163
54 164
54 165
54 170
54 173
54 174
54 177
54 205
54 206
54 221
54 227
54 231
54 239
55 69
55 86
55 87
55 89
55 92
55 100
55 102
55 103
55 114
55 116
55 117
55 120
55 124
55 125
55 131
55 133
55 136
55 140
55 148
55 157
55 163
55 170
55 177
55 179
55 187
55 191
55 197
55 198
55 203
55 205
55 208
55 212
55 217
55 219
55 224
55 225
55 239
55 245
55 246
55 249
56 61
56 64
56 66
56 69
56 70
56 72
56 88
56 93
56 95
56 103
56 104
56 116
56 119
56 121
56 123
56 125
56 129
56 144
56 147
56 152
56 161
56 169
56 175
56 180
56 191
56 193
56 194
56 204
56 216
56 237
56 241
56 242
56 249
57 64
57 76
57 80
57 81
57 82
57 87
57 92
57 94
57 102
57 104
57 105
57 110
57 113
57 117
57 119
57 129
57 131
57 141
57 149
57 168
57 170
57 174
57 179
57 189
57 212
57 214
57 215
57 220
57 221
57 229
57 233
57 234
57 235
57 244
58 66
58 67
58 73
58 76
58 83
58 86
58 97
58 101
58 106
58 111
58 113
58 133
58 134
58 137
58 143
58 145
58 148
58 158
58 160
58 161
58 168
58 169
58 190
58 193
58 195
58 200
58 202
58 204
58 206
58 212
58 213
58 214
58 218
58 223
58 224
58 226
58 228
58 233
58 234
58 237
58 240
58 248
59 64
59 69
59 70
59 79
59 89
59 91
59 97
59 98
59 106
59 107
59 115
59 118
59 121
59 122
59 131
59 133
59 134
59 138
59 143
59 145
59 146
59 153
59 162
59 163
59 166
59 168
59 169
59 172
59 180
59 188
59 197
59 200
59 201
59 209
59 212
59 226
59 237
59 243
60 61
60 74
60 80
60 84
60 88
60 89
60 91
60 93
60 99
60 101
60 109
60 110
60 122
60 126
60 128
60 145
60 150
60 152
60 161
60 162
60 167
60 171
60 186
60 189
60 193
60 195
60 201
60 202
60 220
60 229
60 232
60 236
60 237
60 239
60 243
60 246
60 249
61 64
61 65
61 66
61 67
61 71
61 75
61 77
61 79
61 81
61 91
61 96
61 98
61 102
61 111
61 115
61 136
61 141
61 146
61 153
61 158
61 163
61 168
61 175
61 176
61 182
61 190
61 192
61 195
61 196
61 213
61 224
61 230
61 232
61 234
61 237
61 239
61 243
61 245
62 65
62 68
62 71
62 74
62 96
62 101
62 111
62 113
62 114
62 118
62 127
62 137
62 138
62 142
62 146
62 148
62 149
62 151
62 152
62 154
62 155
62 156
62 170
62 171
62 174
62 175
62 180
62 183
62 197
62 205
62 210
62 214
62 216
62 218
62 220
62 223
62 225
62 233
63 65
63 74
63 81
63 84
63 89
63 95
63 96
63 97
63 99
63 111
63 117
63 131
63 132
63 155
63 160
63 163
63 165
63 166
63 167
63 171
63 172
63 178
63 190
63 206
63 209
63 217
63 222
63 223
63 228
63 243
64 77
64 88
64 96
64 99
64 102
64 104
64 107
64 109
64 110
64 112
64 115
64 123
64 124
64 125
64 129
64 135
64 141
64 142
64 154
64 166
64 178
64 179
64 180
64 183
64 184
64 188
64 190
64 193
64 194
64 196
64 197
64 199
64 201
64 204
64 209
64 212
64 215
64 216
64 225
64 227
64 230
64 231
64 237
64 244
65 68
65 82
65 91
65 108
65 109
65 114
65 119
65 121
65 133
65 134
65 136
65 142
65 149
65 150
65 157
65 158
65 161
65 164
65 178
65 188
65 191
65 194
65 199
65 203
65 205
65 206
65 208
65 216
65 217
65 218
65 219
65 225
65 227
65 239
65 249
66 68
66 77
66 80
66 82
66 87
66 94
66 97
66 101
66 113
66 132
66 135
66 149
66 152
66 153
66 163
66 165
66 167
66 169
66 174
66 185
66 191
66 193
66 198
66 219
66 223
66 236
66 242
66 249
67 69
67 76
67 77
67 79
67 82
67 84
67 86
67 91
67 98
67 101
67 102
67 103
67 107
67 109
67 116
67 121
67 128
67 129
67 132
67 143
67 147
67 155
67 156
67 160
67 172
67 174
67 182
67 183
67 189
67 192
67 199
67 201
67 207
67 210
67 212
67 226
67 231
67 232
67 239
67 241
67 246
67 247
68 71
68 72
68 76
68 78
68 80
68 86
68 108
68 110
68 111
68 113
68 119
68 125
68 126
68 127
68 135
68 158
68 159
68 160
68 163
68 169
68 170
68 171
68 172
68 173
68 179
68 184
68 187
68 195
68 196
68 199
68 200
68 215
68 235
68 243
68 248
69 70
69 72
69 73
69 74
69 95
69 100
69 103
69 117
69 120
69 143
69 151
69 158
69 167
69 170
69 171
69 173
69 176
69 188
69 192
69 193
69 194
69 195
69 203
69 204
69 205
69 210
69 229
69 232
69 235
69 236
69 238
69 239
69 246
70 75
70 83
70 89
70 92
70 94
70 95
70 102
70 104
70 105
70 106
70 107
70 111
70 120
70 125
70 129
70 130
70 132
70 135
70 141
70 144
70 156
70 159
70 160
70 162
70 169
70 177
70 180
70 210
70 211
70 215
70 220
70 221
70 222
70 225
70 230
70 231
70 234
70 236
70 238
70 242
70 243
70 245
71 84
71 92
71 98
71 100
71 109
71 112
71 113
71 128
71 136
71 149
71 150
71 153
71 154
71 159
71 164
71 175
71 177
71 178
71 182
71 184
71 185
71 191
71 196
71 197
71 199
71 204
71 216
71 219
71 220
71 222
71 227
71 234
71 236
72 74
72 76
72 77
72 79
72 82
72 83
72 86
72 87
72 91
72 97
72 110
72 118
72 121
72 124
72 127
72 137
72 139
72 144
72 154
72 155
72 156
72 168
72 173
72 174
72 176
72 187
72 192
72 212
72 219
72 227
72 239
72 240
72 241
73 75
73 79
73 84
73 85
73 86
73 94
73 96
73 100
73 103
73 115
73 121
73 126
73 131
73 132
73 133
73 137
73 152
73 161
73 163
73 164
73 171
73 183
73 191
73 213
73 218
73 220
73 221
73 225
73 231
73 233
73 236
74 75
74 77
74 92
74 100
74 105
74 109
74 118
74 119
74 122
74 123
74 126
74 128
74 130
74 141
74 148
74 154
74 157
74 158
74 159
74 166
74 167
74 169
74 170
74 174
74 182
74 184
74 194
74 207
74 208
74 213
74 217
74 219
74 224
74 230
74 231
74 232
74 236
74 247
75 81
75 85
75 86
75 87
75 92
75 93
75 111
75 113
75 127
75 130
75 142
75 144
75 146
75 148
75 151
75 161
75 162
75 167
75 168
75 172
75 181
75 183
75 191
75 195
75 197
75 200
75 203
75 208
75 210
75 216
75 224
75 236
75 246
76 77
76 82
76 84
76 89
76 90
76 92
76 95
76 111
76 114
76 119
76 121
76 127
76 131
76 133
76 134
76 146
76 158
76 164
76 172
76 182
76 186
76 187
76 188
76 192
76 200
76 203
76 206
76 210
76 213
76 215
76 217
76 221
76 224
76 226
76 229
76 231
76 233
76 234
76 235
76 244
76 245
77 84
77 88
77 94
77 97
77 99
77 107
77 109
77 110
77 121
77 126
77 130
77 131
77 137
77 140
77 144
77 148
77 150
77 157
77 158
77 163
77 172
77 174
77 177
77 178
77 185
77 189
77 195
77 203
77 204
77 207
77 213
77 214
77 228
77 243
77 246
77 249
78 83
78 88
78 98
78 101
78 102
78 105
78 108
78 112
78 115
78 116
78 122
78 137
78 143
78 148
78 151
78 152
78 160
78 164
78 165
78 170
78 172
78 173
78 177
78 182
78 186
78 202
78 211
78 217
78 236
78 239
78 240
78 242
79 85
79 89
79 99
79 103
79 106
79 114
79 119
79 136
79 142
79 145
79 146
79 147
79 148
79 153
79 154
79 165
79 166
79 169
79 170
79 173
79 179
79 190
79 201
79 202
79 205
79 207
79 216
79 218
79 219
79 248
80 82
80 96
80 98
80 99
80 107
80 108
80 110
80 125
80 126
80 137
80 141
80 150
80 151
80 152
80 158
80 162
80 166
80 179
80 187
80 190
80 191
80 192
80 201
80 208
80 210
80 216
80 219
80 222
80 224
80 230
80 231
80 235
80 237
80 243
81 86
81 88
81 89
81 95
81 96
81 98
81 106
81 112
81 114
81 120
81 127
81 128
81 129
81 131
81 135
81 142
81 143
81 144
81 151
81 152
81 157
81 162
81 184
81 185
81 187
81 201
81 204
81 208
81 215
81 217
81 222
81 225
81 226
81 230
81 242
81 246
82 88
82 94
82 98
82 107
82 119
82 121
82 130
82 137
82 141
82 148
82 149
82 150
82 152
82 156
82 157
82 170
82 183
82 190
82 191
82 194
82 199
82 207
82 212
82 216
82 217
82 218
82 229
82 248
83 90
83 99
83 120
83 128
83 130
83 131
83 134
83 140
83 147
83 161
83 183
83 185
83 186
83 188
83 190
83 192
83 198
83 205
83 209
83 210
83 214
83 215
83 218
83 219
83 224
83 227
83 231
83 235
83 242
84 87
84 88
84 96
84 100
84 101
84 103
84 115
84 120
84 137
84 142
84 145
84 154
84 155
84 165
84 170
84 174
84 179
84 181
84 184
84 190
84 193
84 200
84 209
84 218
84 225
84 231
84 239
84 240
84 241
84 244
84 248
85 86
85 88
85 92
85 93
85 101
85 102
85 104
85 111
85 117
85 122
85 126
85 141
85 144
85 152
85 154
85 155
85 160
85 165
85 178
85 180
85 184
85 185
85 187
85 189
85 190
85 196
85 202
85 204
85 205
85 214
85 219
85 222
85 225
85 232
85 238
85 241
85 243
86 91
86 93
86 98
86 99
86 100
86 103
86 106
86 115
86 119
86 130
86 134
86 135
86 139
86 143
86 153
86 157
86 163
86 181
86 184
86 188
86 196
86 197
86 208
86 215
86 225
86 232
86 233
86 238
86 239
86 241
87 89
87 95
87 100
87 102
87 105
87 111
87 115
87 124
87 132
87 142
87 149
87 155
87 159
87 165
87 167
87 174
87 184
87 185
87 187
87 188
87 194
87 197
87 200
87 210
87 211
87 228
87 237
87 249
88 93
88 94
88 101
88 110
88 111
88 119
88 124
88 127
88 143
88 144
88 151
88 152
88 154
88 160
88 161
88 162
88 163
88 167
88 172
88 174
88 175
88 190
88 192
88 197
88 201
88 205
88 206
88 215
88 228
88 229
88 230
88 232
89 99
89 104
89 107
89 114
89 123
89 124
89 129
89 132
89 133
89 141
89 148
89 150
89 152
89 157
89 164
89 173
89 178
89 187
89 189
89 190
89 199
89 204
89 206
89 221
89 224
89 230
89 247
89 248
90 97
90 99
90 101
90 103
90 109
90 110
90 111
90 113
90 118
90 122
90 130
90 136
90 159
90 168
90 178
90 179
90 182
90 184
90 194
90 205
90 206
90 207
90 211
90 214
90 215
90 216
90 217
90 224
90 227
90 232
90 234
91 92
91 95
91 97
91 101
91 102
91 103
91 104
91 107
91 116
91 131
91 136
91 141
91 142
91 152
91 156
91 158
91 165
91 169
91 172
91 178
91 182
91 187
91 191
91 196
91 200
91 203
91 204
91 205
91 213
91 214
91 243
92 96
92 106
92 110
92 112
92 115
92 119
92 120
92 121
92 141
92 150
92 151
92 162
92 166
92 170
92 171
92 185
92 190
92 191
92 193
92 194
92 196
92 197
92 200
92 209
92 210
92 211
92 218
92 220
92 235
92 238
92 245
92 246
92 248
93 95
93 110
93 124
93 125
93 135
93 141
93 143
93 148
93 154
93 156
93 174
93 177
93 179
93 182
93 186
93 191
93 237
93 239
93 247
94 98
94 100
94 116
94 122
94 134
94 137
94 143
94 155
94 158
94 171
94 180
94 184
94 198
94 203
94 216
94 217
94 232
94 233
94 240
94 243
94 245
95 100
95 104
95 105
95 110
95 115
95 124
95 128
95 137
95 138
95 139
95 141
95 142
95 143
95 147
95 150
95 161
95 165
95 166
95 172
95 173
95 177
95 184
95 192
95 196
95 197
95 206
95 217
95 227
95 229
95 230
95 234
95 239
96 100
96 106
96 113
96 114
96 127
96 130
96 138
96 139
96 143
96 145
96 156
96 161
96 163
96 171
96 174
96 177
96 184
96 189
96 193
96 196
96 202
96 203
96 206
96 211
96 216
96 218
96 224
96 226
96 235
96 239
96 240
96 247
97 99
97 100
97 104
97 112
97 116
97 121
97 142
97 148
97 149
97 159
97 162
97 164
97 170
97 172
97 180
97 183
97 184
97 194
97 196
97 200
97 206
97 207
97 219
97 228
97 229
97 235
97 239
97 249
98 102
98 106
98 128
98 144
98 149
98 152
98 156
98 158
98 159
98 165
98 172
98 173
98 175
98 182
98 185
98 195
98 203
98 211
98 213
98 220
98 232
98 238
98 240
98 242
98 244
99 104
99 112
99 116
99 132
99 137
99 138
99 144
99 149
99 155
99 156
99 165
99 166
99 167
99 178
99 189
99 197
99 199
99 205
99 215
99 216
99 219
99 220
99 221
99 225
99 227
99 228
100 102
100 106
100 114
100 123
100 126
100 146
100 147
100 151
100 153
100 156
100 158
100 161
100 167
100 178
100 182
100 185
100 196
100 198
100 200
100 201
100 204
100 209
100 210
100 211
100 224
100 231
100 232
100 239
101 106
101 113
101 114
101 115
101 117
101 128
101 133
101 140
101 151
101 160
101 162
101 163
101 171
101 180
101 185
101 193
101 196
101 200
101 209
101 211
101 213
101 214
101 224
101 242
101 244
101 248
102 103
102 107
102 110
102 116
102 117
102 125
102 134
102 136
102 140
102 141
102 151
102 155
102 157
102 160
102 162
102 164
102 170
102 174
102 188
102 193
102 196
102 209
102 210
102 211
102 212
102 214
102 216
102 217
102 218
102 219
102 220
102 221
102 222
102 233
102 237
103 106
103 108
103 126
103 130
103 133
103 135
103 149
103 155
103 160
103 163
103 173
103 181
103 183
103 186
103 190
103 192
103 194
103 195
103 198
103 203
103 205
103 210
103 212
103 219
103 227
103 235
103 245
103 248
104 105
104 107
104 117
104 118
104 125
104 132
104 140
104 145
104 152
104 161
104 162
104 165
104 166
104 169
104 171
104 172
104 173
104 181
104 183
104 188
104 199
104 203
104 206
104 213
104 217
104 223
104 231
104 243
104 246
105 118
105 132
105 133
105 136
105 137
105 144
105 153
105 154
105 156
105 159
105 165
105 170
105 176
105 190
105 192
105 193
105 195
105 197
105 220
105 227
105 228
105 232
105 234
105 235
105 237
105 246
105 249
106 116
106 121
106 124
106 126
106 131
106 141
106 143
106 144
106 146
106 162
106 172
106 173
106 175
106 182
106 191
106 192
106 202
106 206
106 216
106 218
106 223
106 231
106 238
106 239
106 242
106 247
106 249
107 108
107 126
107 137
107 138
107 141
107 144
107 149
107 152
107 157
107 163
107 170
107 171
107 180
107 186
107 195
107 202
107 214
107 216
107 220
107 221
107 236
107 238
107 243
107 244
107 248
108 113
108 116
108 119
108 135
108 143
108 150
108 154
108 157
108 164
108 167
108 168
108 170
108 178
108 191
108 194
108 198
108 209
108 215
108 216
108 218
108 225
108 229
108 233
108 236
108 238
108 243
108 246
108 247
109 110
109 111
109 130
109 136
109 145
109 158
109 160
109 164
109 169
109 171
109 172
109 183
109 184
109 191
109 192
109 194
109 202
109 214
109 216
109 218
109 219
109 226
109 227
109 230
109 234
109 246
109 247
110 112
110 125
110 133
110 136
110 148
110 151
110 154
110 163
110 168
110 169
110 174
110 186
110 187
110 188
110 191
110 192
110 194
110 199
110 213
110 214
110 217
110 233
110 235
110 240
110 245
111 115
111 117
111 118
111 120
111 131
111 133
111 144
111 155
111 166
111 167
111 168
111 170
111 179
111 185
111 188
111 189
111 192
111 194
111 197
111 203
111 211
111 219
111 223
111 226
111 231
111 239
112 122
112 130
112 132
112 152
112 156
112 161
112 178
112 179
112 184
112 198
112 204
112 209
112 211
112 215
112 219
112 221
112 228
112 235
112 245
112 246
113 115
113 121
113 131
113 138
113 139
113 144
113 146
113 152
113 154
113 156
113 157
113 162
113 170
113 181
113 186
113 197
113 202
113 205
113 210
113 218
113 225
113 228
113 233
113 240
114 122
114 137
114 138
114 149
114 156
114 160
114 161
114 168
114 181
114 185
114 189
114 190
114 192
114 194
114 198
114 200
114 217
114 222
114 223
114 227
114 231
114 236
114 239
114 244
114 248
115 116
115 119
115 121
115 123
115 127
115 129
115 130
115 133
115 141
115 148
115 149
115 151
115 152
115 156
115 159
115 170
115 173
115 175
115 179
115 184
115 186
115 187
115 193
115 211
115 213
115 216
115 226
115 231
115 239
115 240
115 245
116 119
116 124
116 130
116 141
116 144
116 149
116 157
116 159
116 162
116 177
116 178
116 185
116 190
116 191
116 193
116 208
116 209
116 210
116 218
116 221
116 229
116 231
116 233
116 239
116 242
116 244
117 122
117 129
117 136
117 137
117 141
117 160
117 161
117 173
117 178
117 187
117 199
117 203
117 205
117 206
117 208
117 212
117 216
117 221
117 222
117 235
117 241
117 244
117 247
118 121
118 126
118 127
118 136
118 137
118 146
118 154
118 155
118 157
118 164
118 176
118 185
118 191
118 197
118 205
118 218
118 233
118 237
118 239
118 240
118 242
118 243
118 247
119 120
119 129
119 130
119 133
119 134
119 141
119 144
119 151
119 155
119 159
119 160
119 164
119 170
119 178
119 181
119 182
119 183
119 206
119 212
119 216
119 220
119 228
119 231
119 232
119 238
119 244
120 126
120 127
120 131
120 133
120 141
120 143
120 146
120 147
120 160
120 161
120 163
120 165
120 174
120 189
120 191
120 203
120 212
120 221
120 222
120 224
120 235
120 245
121 127
121 136
121 137
121 140
121 142
121 150
121 152
121 156
121 164
121 174
121 178
121 180
121 182
121 185
121 188
121 190
121 198
121 201
121 203
121 210
121 223
121 229
121 231
121 235
121 236
121 241
121 243
121 248
122 124
122 128
122 129
122 134
122 135
122 143
122 144
122 146
122 149
122 154
122 157
122 158
122 159
122 164
122 168
122 169
122 171
122 177
122 178
122 182
122 189
122 192
122 194
122 197
122 198
122 200
122 201
122 208
122 219
122 221
122 236
122 237
122 242
122 244
122 245
122 246
122 247
122 248
123 124
123 128
123 130
123 133
123 135
123 145
123 147
123 148
123 154
123 160
123 168
123 179
123 180
123 185
123 186
123 190
123 191
123 193
123 195
123 207
123 222
123 224
123 225
123 229
123 234
123 237
124 141
124 145
124 158
124 160
124 165
124 170
124 171
124 176
124 186
124 204
124 206
124 211
124 220
124 222
124 225
124 226
124 230
124 231
124 232
124 234
124 236
124 240
124 242
124 246
124 247
124 249
125 128
125 129
125 130
125 131
125 138
125 139
125 140
125 151
125 155
125 159
125 163
125 164
125 181
125 182
125 186
125 188
125 190
125 192
125 199
125 201
125 204
125 209
125 210
125 212
125 214
125 219
125 220
125 233
125 234
125 246
126 128
126 129
126 133
126 134
126 138
126 139
126 140
126 143
126 155
126 159
126 168
126 169
126 171
126 192
126 193
126 195
126 196
126 202
126 205
126 212
126 223
126 224
126 230
126 238
126 239
126 240
126 241
126 242
126 245
126 249
127 132
127 137
127 143
127 144
127 148
127 156
127 157
127 158
127 169
127 170
127 176
127 184
127 191
127 196
127 200
127 209
127 213
127 215
127 218
127 221
127 222
127 223
127 228
127 238
127 245
127 246
128 131
128 136
128 140
128 148
128 154
128 156
128 160
128 161
128 163
128 168
128 172
128 173
128 182
128 183
128 188
128 190
128 193
128 195
128 197
128 201
128 203
128 207
128 225
128 229
128 230
128 232
128 236
128 237
128 243
128 247
129 130
129 142
129 143
129 154
129 156
129 159
129 163
129 174
129 179
129 187
129 189
129 191
129 199
129 203
129 209
129 213
129 223
129 224
129 228
129 231
129 237
130 138
130 143
130 150
130 156
130 158
130 173
130 174
130 177
130 184
130 190
130 193
130 195
130 203
130 204
130 219
130 225
130 226
130 236
130 246
130 247
131 139
131 140
131 148
131 151
131 156
131 160
131 161
131 168
131 175
131 178
131 182
131 186
131 188
131 193
131 199
131 203
131 205
131 207
131 208
131 212
131 221
131 223
131 230
131 233
131 248
132 133
132 138
132 139
132 146
132 147
132 150
132 158
132 161
132 164
132 171
132 176
132 183
132 184
132 185
132 187
132 190
132 193
132 196
132 206
132 207
132 211
132 214
132 222
132 223
132 229
132 230
132 237
132 243
133 153
133 155
133 167
133 169
133 170
133 207
133 216
133 218
133 240
133 243
133 247
134 152
134 153
134 166
134 177
134 182
134 187
134 190
134 195
134 198
134 204
134 206
134 207
134 215
134 221
134 234
134 248
135 138
135 140
135 142
135 146
135 148
135 165
135 166
135 174
135 176
135 177
135 180
135 181
135 182
135 183
135 184
135 186
135 196
135 202
135 206
135 207
135 210
135 220
135 237
136 142
136 146
136 151
136 152
136 153
136 156
136 158
136 159
136 168
136 169
136 176
136 190
136 191
136 194
136 196
136 197
136 200
136 203
136 209
136 216
136 217
136 218
136 221
136 222
136 226
136 230
136 233
136 238
136 241
136 246
136 249
137 143
137 158
137 163
137 164
137 169
137 171
137 177
137 178
137 185
137 186
137 196
137 210
137 212
137 215
137 217
137 230
137 242
138 139
138 149
138 152
138 156
138 166
138 167
138 168
138 184
138 185
138 186
138 188
138 193
138 194
138 202
138 204
138 209
138 211
138 212
138 214
138 217
138 219
138 228
138 233
138 234
138 236
138 237
138 239
138 245
138 247
139 141
139 145
139 146
139 148
139 150
139 151
139 153
139 157
139 164
139 172
139 181
139 184
139 187
139 195
139 209
139 216
139 219
139 223
139 224
139 225
139 234
139 241
139 243
139 245
139 246
139 249
140 142
140 145
140 157
140 159
140 162
140 166
140 179
140 189
140 192
140 194
140 199
140 200
140 208
140 216
140 225
140 227
140 229
140 240
140 242
140 245
141 146
141 155
141 163
141 171
141 172
141 173
141 174
141 186
141 189
141 195
141 200
141 202
141 212
141 232
141 233
141 239
141 243
141 248
142 146
142 152
142 155
142 156
142 159
142 164
142 165
142 171
142 175
142 179
142 185
142 186
142 192
142 203
142 208
142 209
142 222
142 223
142 227
142 236
142 240
142 248
142 249
143 150
143 152
143 157
143 159
143 165
143 167
143 170
143 177
143 189
143 194
143 203
143 204
143 207
143 216
143 222
143 227
143 236
143 238
143 239
143 240
143 241
143 248
144 159
144 172
144 173
144 195
144 201
144 202
144 206
144 208
144 213
144 216
144 219
144 223
144 225
144 232
144 243
145 159
145 166
145 174
145 188
145 189
145 199
145 202
145 209
145 215
145 219
145 220
145 221
145 229
145 230
145 232
145 239
145 240
145 249
146 147
146 154
146 155
146 158
146 163
146 164
146 167
146 170
146 176
146 180
146 204
146 205
146 210
146 215
146 219
146 224
146 230
146 241
146 243
146 244
147 150
147 157
147 161
147 163
147 166
147 167
147 170
147 175
147 177
147 184
147 200
147 202
147 207
147 209
147 220
147 221
147 222
147 223
147 225
147 226
147 233
147 234
147 246
147 249
148 154
148 159
148 169
148 170
148 171
148 172
148 181
148 182
148 183
148 187
148 189
148 192
148 196
148 201
148 208
148 209
148 222
148 227
148 235
148 242
148 243
148 247
149 164
149 166
149 168
149 171
149 174
149 175
149 182
149 184
149 188
149 190
149 193
149 198
149 199
149 206
149 208
149 211
149 212
149 219
149 222
149 228
149 241
149 247
150 156
150 158
150 162
150 165
150 168
150 173
150 176
150 177
150 180
150 192
150 193
150 198
150 199
150 201
150 209
150 215
150 230
150 234
150 243
151 153
151 155
151 157
151 160
151 165
151 166
151 171
151 174
151 175
151 176
151 181
151 185
151 199
151 212
152 162
152 165
152 167
152 170
152 171
152 174
152 183
152 184
152 185
152 190
152 191
152 193
152 199
152 203
152 205
152 224
152 225
152 231
152 233
152 241
152 249
153 156
153 159
153 162
153 170
153 177
153 180
153 190
153 194
153 208
153 212
153 221
153 224
153 227
153 229
153 233
153 236
153 242
153 243
153 248
153 249
154 155
154 157
154 159
154 163
154 166
154 167
154 175
154 179
154 181
154 186
154 198
154 201
154 206
154 225
154 227
154 236
154 243
154 246
154 249
155 164
155 166
155 175
155 185
155 192
155 193
155 206
155 210
155 218
155 230
155 236
155 238
156 157
156 159
156 172
156 185
156 191
156 194
156 195
156 196
156 203
156 209
156 217
156 220
156 223
156 227
156 233
156 235
156 236
156 238
156 241
157 161
157 170
157 173
157 179
157 180
157 188
157 189
157 195
157 197
157 203
157 207
157 208
157 221
157 233
157 236
157 241
158 159
158 164
158 165
158 170
158 174
158 187
158 190
158 194
158 203
158 205
158 206
158 223
158 233
158 234
158 239
158 240
159 171
159 173
159 181
159 184
159 187
159 188
159 189
159 193
159 204
159 206
159 207
159 217
159 222
159 223
159 224
159 227
159 232
159 233
159 238
159 239
159 242
159 246
160 161
160 163
160 164
160 171
160 176
160 178
160 185
160 189
160 197
160 202
160 204
160 207
160 208
160 210
160 217
160 227
160 241
160 242
160 244
160 249
161 165
161 170
161 178
161 181
161 191
161 194
161 197
161 203
161 206
161 209
161 218
161 220
161 228
161 230
161 232
161 247
162 164
162 167
162 169
162 170
162 179
162 180
162 190
162 191
162 192
162 197
162 198
162 205
162 217
162 221
162 228
162 234
162 235
162 236
162 237
162 247
163 165
163 168
163 171
163 173
163 175
163 183
163 185
163 189
163 191
163 216
163 217
163 221
163 222
163 223
163 224
163 227
163 240
163 243
163 244
163 246
163 247
164 169
164 170
164 171
164 180
164 181
164 190
164 198
164 200
164 210
164 218
164 220
164 234
164 237
164 238
164 246
165 173
165 176
165 180
165 194
165 206
165 211
165 215
165 227
165 235
165 247
165 249
166 167
166 175
166 177
166 183
166 185
166 186
166 191
166 193
166 195
166 203
166 208
166 218
166 220
166 222
166 226
166 234
166 236
166 237
166 246
167 168
167 177
167 178
167 181
167 182
167 183
167 185
167 188
167 194
167 195
167 202
167 204
167 206
167 211
167 217
167 219
167 222
167 229
167 246
168 176
168 180
168 185
168 199
168 201
168 207
168 210
168 212
168 219
168 221
168 223
168 224
168 231
168 236
169 182
169 187
169 190
169 194
169 200
169 202
169 203
169 205
169 207
169 212
169 213
169 215
169 216
169 227
169 235
169 247
169 249
170 173
170 174
170 176
170 182
170 186
170 188
170 189
170 193
170 196
170 205
170 207
170 210
170 214
170 217
170 221
170 223
170 224
170 229
170 235
170 237
170 244
171 174
171 175
171 176
171 177
171 182
171 188
171 192
171 204
171 210
171 216
171 219
171 223
171 225
171 238
171 242
171 243
171 244
171 248
172 178
172 182
172 187
172 195
172 200
172 215
172 222
172 228
172 229
172 233
172 237
172 238
173 176
173 177
173 180
173 181
173 191
173 195
173 199
173 202
173 209
173 221
173 225
173 228
173 235
174 179
174 181
174 182
174 189
174 190
174 191
174 195
174 207
174 211
174 216
174 228
174 229
174 233
174 241
174 243
174 245
174 248
175 179
175 184
175 185
175 188
175 190
175 191
175 192
175 196
175 198
175 213
175 218
175 223
175 237
175 243
175 249
176 177
176 178
176 179
176 181
176 183
176 184
176 186
176 189
176 196
176 203
176 206
176 207
176 210
176 216
176 226
176 228
176 231
176 233
176 237
176 238
176 239
176 240
176 246
176 247
177 179
177 183
177 193
177 195
177 201
177 204
177 205
177 206
177 212
177 214
177 230
177 233
177 235
177 240
177 242
177 248
178 180
178 182
178 185
178 186
178 189
178 197
178 198
178 202
178 209
178 215
178 217
178 219
178 228
178 233
178 235
178 239
179 189
179 192
179 204
179 207
179 211
179 212
179 215
179 223
179 224
179 225
179 226
179 229
179 230
179 239
179 245
179 247
180 185
180 193
180 195
180 200
180 213
180 218
180 222
180 225
180 226
180 232
180 235
180 239
180 240
180 244
181 184
181 189
181 200
181 206
181 208
181 210
181 214
181 216
181 217
181 218
181 224
181 225
181 230
181 235
181 244
182 188
182 191
182 202
182 218
182 225
182 227
183 187
183 198
183 207
183 213
183 217
183 221
183 223
183 234
183 247
184 191
184 207
184 225
184 233
184 235
184 237
184 240
184 243
184 244
184 245
184 246
185 189
185 191
185 193
185 196
185 197
185 203
185 205
185 212
185 214
185 219
185 224
185 229
185 230
185 239
185 241
185 246
185 248
186 190
186 194
186 195
186 199
186 200
186 203
186 207
186 209
186 214
186 221
186 237
186 244
186 246
186 248
187 191
187 192
187 198
187 200
187 201
187 203
187 212
187 213
187 214
187 222
187 228
187 239
187 240
187 242
187 244
187 246
188 199
188 200
188 203
188 204
188 205
188 209
188 210
188 213
188 216
188 226
188 229
188 230
188 231
188 238
188 246
189 191
189 194
189 196
189 199
189 201
189 208
189 211
189 212
189 213
189 217
189 228
189 230
189 234
189 243
189 245
190 191
190 202
190 203
190 205
190 221
190 228
190 238
191 203
191 210
191 212
191 221
191 224
191 226
191 227
191 230
191 239
191 240
191 242
191 247
192 200
192 202
192 210
192 213
192 219
192 224
192 225
192 226
192 239
192 244
192 246
192 247
193 207
193 214
193 216
193 221
193 222
193 226
193 229
193 230
193 232
193 234
193 241
193 243
193 248
194 201
194 203
194 214
194 215
194 222
194 223
194 225
194 231
194 239
194 243
194 245
194 247
195 210
195 214
195 217
195 219
195 220
195 229
195 236
195 242
195 249
196 199
196 204
196 209
196 210
196 211
196 212
196 228
196 234
197 203
197 207
197 209
197 216
197 226
197 232
197 244
197 245
197 246
198 199
198 201
198 206
198 209
198 214
198 217
198 219
198 229
198 234
198 235
198 239
198 244
198 246
198 247
198 248
199 203
199 204
199 207
199 213
199 222
199 223
199 232
199 240
199 245
199 248
199 249
200 207
200 212
200 224
200 225
200 243
200 249
201 212
201 216
201 224
201 225
201 226
201 239
201 244
201 246
201 247
202 206
202 208
202 211
202 212
202 216
202 223
203 210
203 212
203 213
203 222
203 235
203 237
203 238
203 245
203 249
204 206
204 215
204 223
204 227
204 228
204 232
204 244
204 247
205 207
205 208
205 220
205 225
205 229
205 232
205 243
205 245
205 247
206 214
206 222
206 223
206 236
206 241
206 244
206 247
207 209
207 219
207 232
207 235
207 239
207 249
208 214
208 215
208 217
208 224
208 226
208 228
208 242
208 244
209 210
209 215
209 225
209 232
209 237
209 245
209 249
210 212
210 214
210 215
210 216
210 219
210 224
210 230
210 231
210 234
210 235
210 237
210 240
210 242
210 246
211 215
211 217
211 223
211 230
211 232
211 236
211 239
211 244
212 215
212 216
212 221
212 227
212 232
212 233
212 234
212 235
212 238
212 242
213 229
213 246
214 216
214 231
214 241
214 244
214 248
215 216
215 218
215 222
215 224
215 226
215 230
215 233
215 234
215 237
215 240
216 221
216 232
216 233
216 235
216 242
216 247
216 248
217 226
217 233
217 242
218 224
218 228
218 235
218 236
219 220
219 233
219 242
219 246
220 222
220 223
220 234
220 235
220 238
220 239
220 240
221 227
221 233
221 238
221 244
222 223
222 238
223 227
223 239
223 242
223 247
223 248
223 249
225 226
225 233
225 238
225 239
225 242
225 244
225 246
225 248
226 228
226 239
226 247
227 233
227 235
227 238
227 239
227 242
227 246
227 249
228 229
228 231
228 234
228 238
228 241
229 230
229 238
229 243
230 231
230 234
230 238
230 240
230 243
230 248
231 236
231 242
231 248
232 239
232 246
232 248
233 235
233 236
233 238
233 242
233 244
233 249
234 235
234 242
234 248
235 249
236 242
237 248
238 239
238 242
239 245
239 246
239 248
240 248
241 243
241 245
241 248
242 243
244 246
244 249
245 249

1 0 1 0 1 1 0 1 1 0 1 0 0 0 1 0 0 1 1 1 1 0 0 0 0 0 0 1 0 0 1 1 0 0 1 1 1 1 1 1 1 0 1 0 1 1 0 0 1 1 1 1 1 0 1 1 0 0 1 1 0 1 1 1 1 1 1 1 0 0 0 0 0 0 0 0 0 0 1 1 1 1 1 1 1 1 0 1 0 1 0 0 0 0 1 0 1 0 0 1 0 1 0 0 0 0 1 0 1 0 0 1 1 1 0 0 1 1 1 0 1 1 0 0 0 1 0 1 0 0 1 1 0 1 1 0 0 0 0 0 0 0 1 1 1 1 1 0 0 0 1 1 0 0 0 1 1 1 1 1 0 0 0 0 1 0 1 0 0 0 1 0 0 0 0 1 1 1 0 0 1 0 1 1 0 0 1 0 1 0 0 1 0 1 1 1 0 0 1 1 0 0 0 0 0 0 0 0 1 0 1 0 0 0 0 1 0 1 1 1 0 0 1 1 1 1 0 0 1 0 1 1 0 1 0 1 1 0 1 1 1 1 0 1 1 1 1 1 0 0