150 115
0 1 2 3 4 5 6 7 8 9 10 11 12 13 14 15 16 17 18 19 20 21 22 23 24 25 26 27 28 29 30 31 32 33 34 35 36 37 38 39 40 41 42 43 44 45 46 47 48 49 50 51 52 53 54 55 56 57 58 59 60 61 62 63 64 65 66 67 68 69 70 71 72 73 74 75 76 77 78 79 80 81 82 83 84 85 86 87 88 89 90 91 92 93 94 95 96 97 98 99 100 101 102 103 104 105 106 107 108 109 110 111 112 113 114 115 116 117 118 119 120 121 122 123 124 125 126 127 128 129 130 131 132 133 134 135 136 137 138 139 140 141 142 143 144 145 146 147 148 149
0 3
0 53
0 92
0 97
1 116
1 130
1 131
2 69
2 87
2 111
3 122
4 113
6 107
7 50
7 113
8 99
8 103
9 137
10 58
10 89
12 106
13 57
13 92
13 148
15 28
15 123
17 114
18 149
19 115
20 101
21 92
22 39
24 51
24 84
25 70
25 127
26 57
27 40
27 137
28 56
29 42
29 114
32 63
33 42
33 51
33 54
33 73
33 139
33 148
34 62
34 70
36 84
36 93
36 127
37 76
38 83
38 87
40 62
40 69
40 118
41 117
42 79
43 82
45 126
46 56
46 99
48 102
48 134
49 97
50 120
51 64
51 76
51 79
52 87
52 96
53 80
53 119
53 136
55 56
55 81
62 69
65 126
66 84
67 113
69 110
69 147
72 130
74 80
76 104
76 114
77 89
78 120
78 124
78 127
81 114
83 100
83 102
86 135
88 136
89 104
96 109
97 117
98 126
98 145
99 110
99 138
101 138
102 111
106 113
109 148
117 135
119 138
122 129
133 145
134 139

1 1 1 0 0 0 1 1 1 1 1 1 0 0 0 1 0 1 0 1 0 1 1 1 0 1 0 0 1 1 0 0 0 1 1 1 0 0 1 0 1 0 1 1 0 0 1 0 0 0 1 0 0 1 0 0 1 1 1 1 1 0 1 0 0 1 0 1 0 0 1 0 0 1 0 0 1 1 1 0 1 0 1 0 1 0 1 1 0 1 1 0 0 1 1 0 0 1 0 0 1 1 1 1 1 0 0 0 1 1 0 0 1 0 1 0 0 0 0 0 0 1 1 0 1 0 1 1 0 1 1 1 1 0 0 0 0 1 0 0 0 0 1 1 0 0 0 1 1 1