100 2504
0 1 2 3 4 5 6 7 8 9 10 11 12 13 14 15 16 17 18 19 20 21 22 23 24 25 26 27 28 29 30 31 32 33 34 35 36 37 38 39 40 41 42 43 44 45 46 47 48 49 50 51 52 53 54 55 56 57 58 59 60 61 62 63 64 65 66 67 68 69 70 71 72 73 74 75 76 77 78 79 80 81 82 83 84 85 86 87 88 89 90 91 92 93 94 95 96 97 98 99
0 3
0 5
0 6
0 7
0 10
0 11
0 13
0 14
0 16
0 17
0 18
0 20
0 21
0 22
0 24
0 26
0 27
0 29
0 33
0 34
0 37
0 38
0 39
0 41
0 43
0 44
0 46
0 48
0 49
0 50
0 51
0 53
0 54
0 56
0 58
0 59
0 60
0 64
0 65
0 68
0 70
0 71
0 72
0 79
0 83
0 87
0 88
0 89
0 93
0 94
0 96
0 98
1 4
1 6
1 7
1 9
1 10
1 11
1 13
1 15
1 19
1 23
1 28
1 30
1 32
1 33
1 37
1 40
1 43
1 44
1 45
1 48
1 49
1 51
1 52
1 53
1 54
1 57
1 58
1 60
1 61
1 69
1 72
1 74
1 75
1 76
1 77
1 80
1 82
1 83
1 86
1 87
1 88
1 91
1 92
1 93
1 95
1 98
1 99
2 4
2 6
2 7
2 10
2 12
2 13
2 16
2 22
2 23
2 24
2 27
2 31
2 32
2 33
2 34
2 37
2 38
2 41
2 43
2 44
2 48
2 53
2 54
2 56
2 57
2 58
2 60
2 61
2 62
2 63
2 66
2 67
2 68
2 69
2 71
2 76
2 77
2 78
2 79
2 81
2 84
2 85
2 86
2 89
2 90
2 91
2 93
2 94
2 97
3 6
3 11
3 12
3 15
3 16
3 17
3 20
3 21
3 28
3 30
3 32
3 36
3 37
3 41
3 44
3 45
3 47
3 49
3 53
3 55
3 56
3 61
3 62
3 63
3 64
3 66
3 67
3 69
3 70
3 72
3 73
3 77
3 80
3 81
3 82
3 83
3 84
3 85
3 88
3 89
3 90
3 91
3 92
3 95
3 98
3 99
4 5
4 6
4 9
4 12
4 13
4 14
4 16
4 17
4 19
4 26
4 27
4 28
4 30
4 34
4 36
4 38
4 39
4 41
4 42
4 44
4 46
4 48
4 52
4 53
4 54
4 55
4 56
4 57
4 59
4 61
4 63
4 69
4 70
4 71
4 73
4 74
4 78
4 80
4 81
4 83
4 84
4 86
4 88
4 90
4 91
4 93
4 94
4 96
5 9
5 10
5 14
5 16
5 19
5 21
5 22
5 27
5 28
5 30
5 32
5 35
5 37
5 38
5 41
5 42
5 43
5 45
5 49
5 52
5 53
5 54
5 55
5 57
5 58
5 59
5 60
5 65
5 67
5 68
5 70
5 76
5 77
5 78
5 80
5 81
5 85
5 86
5 87
5 88
5 89
5 91
5 96
5 98
5 99
6 7
6 9
6 15
6 16
6 19
6 20
6 21
6 22
6 23
6 24
6 25
6 27
6 28
6 29
6 31
6 32
6 35
6 38
6 39
6 40
6 42
6 46
6 50
6 56
6 57
6 59
6 60
6 63
6 66
6 68
6 69
6 70
6 71
6 72
6 76
6 77
6 78
6 79
6 81
6 83
6 84
6 87
6 95
6 96
6 98
6 99
7 13
7 15
7 16
7 18
7 22
7 23
7 24
7 31
7 32
7 34
7 35
7 38
7 39
7 40
7 41
7 45
7 51
7 52
7 54
7 55
7 56
7 57
7 58
7 62
7 63
7 64
7 65
7 67
7 71
7 72
7 73
7 74
7 78
7 84
7 89
7 90
7 92
7 95
7 99
8 9
8 10
8 11
8 12
8 13
8 15
8 17
8 19
8 21
8 24
8 25
8 26
8 27
8 28
8 30
8 31
8 32
8 33
8 34
8 39
8 40
8 41
8 44
8 45
8 48
8 51
8 53
8 54
8 55
8 56
8 58
8 59
8 60
8 61
8 67
8 69
8 70
8 73
8 74
8 76
8 79
8 81
8 85
8 86
8 87
8 88
8 89
8 90
8 94
8 95
9 10
9 12
9 15
9 16
9 17
9 18
9 22
9 28
9 29
9 32
9 34
9 36
9 41
9 42
9 43
9 44
9 46
9 47
9 51
9 54
9 64
9 68
9 70
9 71
9 72
9 74
9 76
9 77
9 83
9 85
9 86
9 87
9 88
9 89
9 91
9 92
9 93
9 95
9 97
9 98
9 99
10 11
10 14
10 15
10 17
10 18
10 19
10 20
10 21
10 23
10 26
10 27
10 29
10 33
10 37
10 40
10 41
10 44
10 47
10 49
10 51
10 53
10 55
10 57
10 59
10 64
10 65
10 66
10 68
10 72
10 75
10 77
10 79
10 80
10 83
10 85
10 86
10 87
10 88
10 92
10 93
10 94
10 95
10 97
11 12
11 13
11 15
11 16
11 18
11 20
11 23
11 25
11 27
11 29
11 31
11 36
11 37
11 38
11 39
11 41
11 42
11 45
11 47
11 52
11 54
11 57
11 58
11 61
11 62
11 63
11 65
11 66
11 67
11 69
11 71
11 72
11 73
11 75
11 76
11 77
11 78
11 79
11 83
11 84
11 85
11 87
11 89
11 90
11 93
11 94
11 95
11 99
12 13
12 14
12 16
12 18
12 20
12 21
12 23
12 25
12 28
12 29
12 31
12 32
12 34
12 35
12 36
12 38
12 40
12 41
12 43
12 44
12 45
12 49
12 53
12 55
12 56
12 57
12 59
12 60
12 61
12 62
12 63
12 64
12 69
12 71
12 73
12 76
12 77
12 79
12 80
12 85
12 87
12 89
12 90
12 91
12 92
12 93
12 95
12 96
12 98
12 99
13 14
13 16
13 17
13 21
13 25
13 27
13 28
13 30
13 32
13 33
13 34
13 35
13 37
13 38
13 42
13 43
13 45
13 48
13 49
13 53
13 54
13 55
13 56
13 63
13 66
13 67
13 68
13 69
13 70
13 72
13 73
13 74
13 76
13 77
13 78
13 79
13 82
13 85
13 86
13 87
13 88
13 89
13 91
13 92
13 93
13 94
13 95
13 96
13 97
14 15
14 18
14 19
14 23
14 25
14 27
14 29
14 30
14 31
14 34
14 36
14 37
14 40
14 41
14 43
14 44
14 49
14 50
14 51
14 54
14 55
14 57
14 60
14 65
14 66
14 67
14 68
14 69
14 70
14 72
14 73
14 75
14 76
14 77
14 79
14 80
14 82
14 84
14 86
14 90
14 91
14 92
14 94
14 95
14 99
15 16
15 20
15 21
15 22
15 27
15 28
15 29
15 31
15 32
15 35
15 42
15 44
15 46
15 48
15 51
15 53
15 56
15 57
15 58
15 59
15 60
15 61
15 62
15 63
15 66
15 67
15 70
15 71
15 73
15 76
15 77
15 79
15 80
15 84
15 85
15 86
15 87
15 88
15 89
15 90
15 91
15 93
15 94
15 98
16 17
16 18
16 20
16 21
16 22
16 25
16 26
16 27
16 29
16 30
16 33
16 35
16 37
16 40
16 42
16 45
16 46
16 47
16 48
16 51
16 53
16 54
16 55
16 56
16 58
16 60
16 61
16 63
16 64
16 66
16 68
16 73
16 79
16 81
16 86
16 88
16 89
16 90
16 91
16 94
16 95
16 96
16 97
16 99
17 19
17 20
17 21
17 22
17 25
17 27
17 31
17 33
17 35
17 38
17 39
17 40
17 43
17 44
17 46
17 48
17 49
17 50
17 51
17 56
17 58
17 60
17 62
17 63
17 64
17 65
17 66
17 68
17 69
17 71
17 72
17 73
17 76
17 79
17 80
17 82
17 83
17 90
17 91
17 92
17 93
17 94
17 97
18 19
18 22
18 23
18 25
18 26
18 27
18 32
18 33
18 34
18 35
18 36
18 37
18 38
18 39
18 45
18 47
18 49
18 54
18 55
18 56
18 59
18 62
18 63
18 72
18 74
18 76
18 78
18 81
18 85
18 88
18 91
18 93
18 94
18 96
19 20
19 22
19 23
19 26
19 27
19 29
19 30
19 31
19 33
19 34
19 35
19 36
19 37
19 39
19 40
19 41
19 42
19 43
19 44
19 45
19 46
19 47
19 49
19 50
19 51
19 52
19 53
19 54
19 55
19 60
19 61
19 62
19 64
19 65
19 66
19 69
19 71
19 73
19 74
19 76
19 77
19 80
19 82
19 85
19 89
19 91
19 95
19 97
19 98
19 99
20 25
20 26
20 29
20 31
20 32
20 35
20 36
20 38
20 40
20 41
20 42
20 43
20 46
20 48
20 49
20 52
20 54
20 55
20 58
20 64
20 65
20 66
20 68
20 69
20 73
20 74
20 76
20 77
20 84
20 85
20 86
20 87
20 89
20 91
20 92
20 94
20 95
20 96
20 99
21 23
21 25
21 27
21 28
21 30
21 31
21 32
21 33
21 34
21 36
21 37
21 38
21 46
21 49
21 52
21 53
21 54
21 56
21 58
21 59
21 61
21 65
21 67
21 68
21 69
21 72
21 74
21 75
21 77
21 78
21 79
21 80
21 81
21 83
21 84
21 85
21 86
21 89
21 91
21 93
21 94
21 96
22 24
22 25
22 27
22 29
22 35
22 40
22 46
22 47
22 51
22 52
22 53
22 54
22 58
22 60
22 62
22 65
22 66
22 69
22 72
22 74
22 75
22 77
22 79
22 82
22 83
22 85
22 90
22 92
22 93
22 94
22 95
22 96
22 98
22 99
23 24
23 25
23 26
23 36
23 37
23 39
23 40
23 42
23 44
23 50
23 51
23 57
23 58
23 60
23 63
23 64
23 68
23 69
23 70
23 73
23 74
23 75
23 76
23 78
23 81
23 84
23 86
23 87
23 90
23 94
23 96
23 98
24 25
24 27
24 28
24 29
24 30
24 32
24 34
24 38
24 42
24 43
24 44
24 45
24 46
24 50
24 52
24 62
24 63
24 65
24 66
24 69
24 71
24 73
24 76
24 82
24 83
24 84
24 85
24 86
24 87
24 88
24 90
24 93
24 94
24 95
24 96
24 99
25 31
25 32
25 33
25 34
25 35
25 36
25 38
25 39
25 40
25 41
25 42
25 43
25 44
25 46
25 49
25 50
25 51
25 52
25 55
25 60
25 61
25 64
25 66
25 67
25 68
25 70
25 72
25 73
25 74
25 75
25 77
25 82
25 83
25 86
25 87
25 88
25 89
25 90
25 91
25 94
25 99
26 27
26 29
26 32
26 33
26 37
26 42
26 44
26 45
26 46
26 47
26 48
26 49
26 55
26 56
26 57
26 59
26 62
26 64
26 65
26 66
26 68
26 72
26 73
26 74
26 76
26 77
26 78
26 79
26 80
26 81
26 82
26 84
26 85
26 88
26 93
26 97
26 98
26 99
27 29
27 31
27 35
27 36
27 38
27 39
27 40
27 41
27 42
27 43
27 44
27 45
27 47
27 49
27 50
27 52
27 55
27 57
27 58
27 64
27 71
27 77
27 78
27 79
27 80
27 82
27 83
27 88
27 89
27 90
27 92
27 96
27 97
27 98
28 29
28 37
28 38
28 40
28 43
28 46
28 47
28 49
28 50
28 52
28 53
28 54
28 55
28 56
28 59
28 60
28 61
28 63
28 65
28 66
28 67
28 68
28 70
28 71
28 72
28 73
28 74
28 76
28 78
28 79
28 82
28 84
28 86
28 89
28 92
28 93
28 94
28 95
28 99
29 31
29 33
29 35
29 36
29 37
29 40
29 42
29 44
29 53
29 55
29 59
29 60
29 62
29 63
29 64
29 67
29 69
29 70
29 72
29 74
29 75
29 78
29 82
29 84
29 85
29 90
29 91
29 92
29 94
29 97
30 31
30 34
30 36
30 37
30 39
30 42
30 45
30 46
30 47
30 50
30 53
30 54
30 60
30 62
30 65
30 66
30 67
30 76
30 77
30 78
30 82
30 83
30 87
30 92
30 94
30 95
31 32
31 33
31 34
31 35
31 38
31 39
31 40
31 41
31 44
31 45
31 46
31 53
31 55
31 56
31 57
31 58
31 59
31 60
31 62
31 63
31 68
31 69
31 72
31 73
31 75
31 76
31 79
31 81
31 84
31 85
31 86
31 87
31 88
31 89
31 90
31 94
31 98
32 33
32 37
32 38
32 39
32 41
32 42
32 43
32 44
32 45
32 46
32 47
32 48
32 49
32 51
32 53
32 55
32 58
32 61
32 62
32 63
32 64
32 65
32 66
32 67
32 68
32 72
32 73
32 74
32 75
32 76
32 77
32 78
32 82
32 83
32 84
32 87
32 89
32 90
32 91
32 94
32 95
32 96
32 97
32 98
33 37
33 38
33 40
33 43
33 44
33 50
33 54
33 55
33 56
33 59
33 60
33 61
33 65
33 67
33 68
33 69
33 70
33 71
33 76
33 77
33 80
33 82
33 83
33 86
33 90
33 91
33 92
33 94
33 95
33 97
33 98
33 99
34 35
34 39
34 40
34 41
34 44
34 45
34 47
34 48
34 49
34 52
34 54
34 55
34 58
34 60
34 61
34 62
34 63
34 66
34 67
34 69
34 72
34 73
34 75
34 76
34 78
34 80
34 82
34 84
34 86
34 87
34 89
34 92
34 94
34 95
34 99
35 39
35 43
35 44
35 45
35 46
35 51
35 52
35 53
35 54
35 56
35 57
35 58
35 59
35 65
35 67
35 69
35 70
35 71
35 72
35 73
35 77
35 81
35 83
35 85
35 86
35 87
35 90
35 91
35 93
35 98
35 99
36 38
36 39
36 40
36 44
36 45
36 47
36 48
36 50
36 51
36 54
36 56
36 59
36 63
36 64
36 65
36 67
36 68
36 70
36 80
36 86
36 88
36 89
36 92
36 93
36 97
36 98
36 99
37 38
37 39
37 43
37 46
37 48
37 49
37 50
37 51
37 54
37 56
37 57
37 60
37 61
37 64
37 65
37 67
37 69
37 72
37 73
37 77
37 79
37 82
37 83
37 88
37 90
37 91
37 93
37 94
37 96
37 98
38 40
38 41
38 42
38 44
38 48
38 50
38 51
38 53
38 55
38 58
38 60
38 61
38 62
38 64
38 65
38 66
38 68
38 69
38 70
38 73
38 76
38 78
38 79
38 87
38 88
38 89
38 90
38 92
38 98
39 40
39 41
39 45
39 50
39 51
39 54
39 56
39 57
39 59
39 64
39 65
39 66
39 67
39 68
39 69
39 70
39 72
39 73
39 75
39 76
39 77
39 79
39 81
39 82
39 85
39 86
39 87
39 90
39 91
39 92
39 93
39 94
39 95
40 42
40 47
40 48
40 52
40 53
40 54
40 55
40 57
40 58
40 61
40 62
40 63
40 67
40 68
40 70
40 71
40 72
40 73
40 75
40 77
40 78
40 79
40 82
40 84
40 85
40 86
40 93
40 95
41 42
41 43
41 51
41 53
41 56
41 60
41 62
41 63
41 66
41 68
41 69
41 71
41 74
41 75
41 76
41 80
41 83
41 84
41 85
41 87
41 88
41 89
41 95
41 96
41 97
41 98
41 99
42 45
42 46
42 48
42 49
42 51
42 52
42 55
42 58
42 59
42 60
42 61
42 72
42 76
42 77
42 82
42 83
42 84
42 85
42 86
42 87
42 89
42 90
42 91
42 93
42 94
42 95
42 99
43 44
43 46
43 47
43 50
43 52
43 54
43 55
43 57
43 59
43 64
43 66
43 71
43 72
43 73
43 74
43 76
43 79
43 80
43 85
43 86
43 89
43 92
43 93
43 96
44 46
44 47
44 48
44 49
44 51
44 52
44 54
44 57
44 64
44 65
44 66
44 67
44 68
44 69
44 70
44 73
44 76
44 78
44 80
44 81
44 83
44 84
44 85
44 86
44 90
44 91
44 92
44 93
44 94
44 95
44 97
44 98
44 99
45 47
45 55
45 56
45 57
45 58
45 60
45 62
45 64
45 65
45 68
45 69
45 72
45 74
45 78
45 79
45 83
45 84
45 87
45 88
45 90
45 92
45 95
45 97
46 47
46 48
46 50
46 52
46 54
46 56
46 57
46 59
46 62
46 63
46 65
46 68
46 69
46 70
46 71
46 72
46 74
46 78
46 79
46 83
46 85
46 86
46 89
46 92
46 94
46 96
46 97
46 99
47 51
47 55
47 59
47 61
47 62
47 63
47 64
47 65
47 66
47 68
47 72
47 74
47 75
47 76
47 79
47 84
47 86
47 87
47 88
47 89
47 90
47 97
48 54
48 55
48 59
48 60
48 61
48 64
48 67
48 69
48 73
48 76
48 77
48 79
48 80
48 83
48 85
48 87
48 88
48 89
48 90
48 92
48 94
48 95
48 98
49 53
49 56
49 57
49 58
49 59
49 60
49 62
49 64
49 65
49 67
49 68
49 70
49 72
49 73
49 74
49 75
49 77
49 78
49 80
49 82
49 83
49 84
49 86
49 88
49 92
49 95
49 96
49 97
50 51
50 53
50 54
50 60
50 61
50 64
50 67
50 70
50 72
50 73
50 75
50 76
50 77
50 79
50 80
50 82
50 85
50 86
50 87
50 88
50 90
50 91
50 92
50 94
50 95
50 96
51 53
51 54
51 55
51 56
51 58
51 60
51 61
51 62
51 63
51 65
51 69
51 71
51 72
51 73
51 75
51 77
51 80
51 85
51 87
51 89
51 90
51 93
51 95
51 96
52 53
52 55
52 56
52 59
52 60
52 61
52 62
52 66
52 70
52 75
52 83
52 84
52 85
52 89
52 91
52 92
52 94
52 95
52 96
52 97
52 98
52 99
53 55
53 56
53 57
53 59
53 61
53 62
53 63
53 64
53 66
53 68
53 69
53 71
53 72
53 73
53 74
53 75
53 78
53 80
53 82
53 85
53 86
53 87
53 90
53 94
53 97
53 98
53 99
54 55
54 58
54 59
54 60
54 61
54 62
54 70
54 72
54 73
54 76
54 77
54 79
54 80
54 81
54 83
54 85
54 92
54 94
54 98
55 58
55 60
55 61
55 62
55 63
55 66
55 67
55 68
55 71
55 72
55 73
55 75
55 77
55 78
55 80
55 83
55 85
55 86
55 87
55 88
55 90
55 91
55 92
55 95
55 97
56 57
56 58
56 59
56 64
56 65
56 67
56 68
56 70
56 71
56 72
56 74
56 75
56 78
56 79
56 81
56 82
56 88
56 89
56 91
56 92
56 93
56 94
56 96
56 97
56 98
57 58
57 59
57 60
57 61
57 62
57 63
57 65
57 66
57 70
57 74
57 75
57 76
57 79
57 80
57 81
57 82
57 84
57 85
57 86
57 87
57 88
57 89
57 92
57 95
57 96
58 59
58 60
58 61
58 62
58 63
58 65
58 67
58 71
58 73
58 74
58 77
58 78
58 79
58 80
58 81
58 84
58 89
58 92
58 93
58 94
58 96
58 99
59 60
59 62
59 66
59 67
59 69
59 71
59 74
59 77
59 79
59 81
59 82
59 83
59 84
59 87
59 90
59 93
59 94
59 95
59 96
59 98
60 62
60 64
60 68
60 69
60 70
60 73
60 74
60 75
60 76
60 78
60 79
60 80
60 81
60 84
60 85
60 87
60 89
60 90
60 91
60 93
60 94
60 97
60 99
61 64
61 66
61 68
61 69
61 70
61 71
61 75
61 80
61 84
61 85
61 87
61 90
61 92
61 95
61 96
61 97
61 99
62 65
62 66
62 69
62 70
62 72
62 73
62 77
62 79
62 80
62 82
62 83
62 84
62 85
62 88
62 90
62 91
62 92
62 94
62 96
62 97
62 99
63 69
63 71
63 73
63 74
63 75
63 76
63 79
63 80
63 81
63 82
63 83
63 84
63 86
63 87
63 88
63 91
63 92
63 93
63 94
63 95
63 96
63 98
64 66
64 68
64 70
64 73
64 75
64 76
64 77
64 80
64 83
64 88
64 91
64 92
64 93
64 94
64 98
64 99
65 67
65 71
65 73
65 77
65 80
65 82
65 84
65 85
65 86
65 89
65 93
65 95
65 97
65 98
66 68
66 69
66 71
66 72
66 75
66 76
66 77
66 78
66 79
66 81
66 82
66 84
66 87
66 89
66 90
66 91
66 93
66 94
66 99
67 69
67 70
67 71
67 72
67 74
67 77
67 79
67 80
67 81
67 82
67 83
67 84
67 85
67 86
67 87
67 90
67 91
67 94
67 99
68 69
68 70
68 74
68 76
68 78
68 79
68 80
68 81
68 82
68 84
68 85
68 87
68 88
68 92
68 94
68 98
68 99
69 76
69 77
69 79
69 82
69 83
69 84
69 86
69 90
69 92
69 94
69 95
69 98
69 99
70 71
70 72
70 75
70 77
70 78
70 81
70 83
70 87
70 88
70 90
70 96
70 99
71 72
71 73
71 75
71 76
71 77
71 84
71 85
71 88
71 91
71 92
71 94
71 96
72 73
72 74
72 79
72 80
72 82
72 83
72 84
72 86
72 87
72 89
72 91
72 92
72 93
72 95
72 96
72 97
73 74
73 79
73 80
73 88
73 90
73 95
73 98
74 75
74 77
74 80
74 83
74 85
74 86
74 87
74 88
74 89
74 90
74 92
74 93
74 94
74 96
74 97
74 98
75 77
75 78
75 80
75 84
75 85
75 86
75 87
75 90
75 93
75 94
75 97
75 98
76 77
76 78
76 79
76 80
76 85
76 86
76 89
76 90
76 91
76 94
76 96
76 98
77 78
77 80
77 81
77 82
77 85
77 86
77 87
77 90
77 93
77 94
77 97
77 98
77 99
78 79
78 80
78 81
78 82
78 84
78 88
78 90
78 91
78 92
78 94
78 98
78 99
79 80
79 81
79 82
79 84
79 85
79 88
79 89
79 90
79 93
79 94
79 96
80 81
80 82
80 83
80 86
80 90
80 92
80 93
80 95
80 96
80 97
80 99
81 82
81 84
81 88
81 89
81 90
81 91
81 92
81 93
81 94
81 96
81 97
81 98
81 99
82 83
82 86
82 87
82 91
82 94
82 96
82 97
83 84
83 85
83 87
83 90
83 91
83 92
83 93
83 95
83 96
83 98
84 85
84 86
84 91
84 92
84 94
84 96
84 97
85 86
85 87
85 88
85 90
85 92
85 96
85 97
85 99
86 88
86 90
86 91
86 92
86 93
86 95
86 99
87 90
87 91
87 92
87 96
87 97
87 99
88 89
88 91
88 93
88 99
89 90
89 94
89 96
89 98
89 99
90 92
90 93
90 94
90 97
91 93
91 94
91 95
91 96
91 97
91 98
92 95
92 96
92 98
92 99
93 99
94 97
94 98
95 97
96 97
96 98
96 99
97 98

1 1 0 1 0 0 0 0 1 1 1 0 0 0 0 0 0 0 1 1 1 1 1 1 0 0 1 1 0 0 0 1 0 0 1 1 1 0 1 0 0 1 1 1 1 1 0 1 1 1 1 0 0 1 0 1 0 0 1 1 0 1 0 0 0 1 0 0 1 1 1 0 0 0 0 0 1 1 0 0 1 1 0 1 0 0 1 1 1 0 0 0 0 1 1 1 0 1 1 0