200 2002
0 1 2 3 4 5 6 7 8 9 10 11 12 13 14 15 16 17 18 19 20 21 22 23 24 25 26 27 28 29 30 31 32 33 34 35 36 37 38 39 40 41 42 43 44 45 46 47 48 49 50 51 52 53 54 55 56 57 58 59 60 61 62 63 64 65 66 67 68 69 70 71 72 73 74 75 76 77 78 79 80 81 82 83 84 85 86 87 88 89 90 91 92 93 94 95 96 97 98 99 100 101 102 103 104 105 106 107 108 109 110 111 112 113 114 115 116 117 118 119 120 121 122 123 124 125 126 127 128 129 130 131 132 133 134 135 136 137 138 139 140 141 142 143 144 145 146 147 148 149 150 151 152 153 154 155 156 157 158 159 160 161 162 163 164 165 166 167 168 169 170 171 172 173 174 175 176 177 178 179 180 181 182 183 184 185 186 187 188 189 190 191 192 193 194 195 196 197 198 199
0 1
0 19
0 21
0 29
0 43
0 46
0 54
0 60
0 69
0 74
0 85
0 96
0 104
0 118
0 129
0 134
0 144
0 148
0 160
0 186
0 194
0 196
0 199
1 2
1 5
1 7
1 18
1 28
1 50
1 55
1 56
1 58
1 67
1 89
1 94
1 96
1 97
1 118
1 119
1 129
1 157
1 168
1 169
1 171
1 179
2 5
2 16
2 18
2 30
2 32
2 37
2 58
2 69
2 81
2 86
2 87
2 113
2 135
2 141
2 142
2 146
2 171
2 182
2 186
3 15
3 18
3 19
3 35
3 41
3 59
3 95
3 102
3 116
3 131
3 154
3 156
3 162
3 163
3 165
3 172
3 181
3 186
3 189
4 14
4 27
4 30
4 61
4 62
4 70
4 105
4 112
4 114
4 142
4 145
4 150
4 157
4 160
4 180
4 182
4 188
4 192
4 194
5 10
5 23
5 45
5 86
5 118
5 127
5 129
5 143
5 171
5 194
6 16
6 52
6 57
6 59
6 72
6 90
6 110
6 126
6 127
6 130
6 142
6 151
6 153
6 168
6 181
6 193
6 198
7 30
7 36
7 44
7 56
7 81
7 95
7 104
7 106
7 119
7 133
7 153
7 155
7 176
7 190
7 197
8 15
8 16
8 23
8 31
8 45
8 51
8 79
8 89
8 111
8 114
8 130
8 136
8 147
8 168
8 178
8 183
8 188
8 190
9 10
9 26
9 36
9 45
9 49
9 52
9 61
9 70
9 112
9 128
9 142
9 147
9 161
9 164
9 168
9 169
9 188
10 16
10 31
10 38
10 46
10 47
10 53
10 60
10 64
10 73
10 76
10 78
10 83
10 96
10 130
10 131
10 136
10 167
10 169
10 176
10 180
10 183
11 12
11 25
11 37
11 45
11 52
11 91
11 111
11 113
11 125
11 134
11 141
11 142
11 148
11 156
11 159
11 163
11 172
11 173
11 187
11 188
11 189
11 198
12 15
12 18
12 26
12 35
12 38
12 53
12 56
12 65
12 85
12 88
12 99
12 136
12 140
12 142
12 143
12 145
12 146
12 169
12 173
12 182
12 193
12 199
13 22
13 26
13 36
13 39
13 52
13 63
13 64
13 66
13 75
13 99
13 124
13 130
13 161
13 182
13 192
14 15
14 17
14 35
14 39
14 59
14 81
14 82
14 86
14 104
14 114
14 135
14 137
14 143
14 151
14 154
14 155
14 158
14 161
14 168
14 169
14 174
14 184
14 195
14 196
15 20
15 44
15 64
15 87
15 94
15 107
15 112
15 115
15 116
15 118
15 120
15 141
15 142
15 147
15 150
15 162
15 169
15 181
16 24
16 32
16 35
16 43
16 48
16 59
16 94
16 98
16 146
16 148
16 152
16 157
16 167
16 169
16 173
16 183
17 48
17 50
17 54
17 70
17 78
17 87
17 90
17 98
17 105
17 120
17 121
17 142
17 148
17 153
17 159
17 168
17 172
17 193
18 30
18 35
18 45
18 51
18 56
18 57
18 65
18 76
18 89
18 91
18 94
18 102
18 104
18 114
18 117
18 118
18 130
18 131
18 144
18 147
18 151
18 166
19 46
19 64
19 70
19 83
19 129
19 146
19 152
19 183
19 189
19 191
19 196
20 27
20 31
20 51
20 53
20 79
20 92
20 93
20 109
20 118
20 135
20 137
20 140
20 146
20 154
20 163
20 180
20 198
21 32
21 48
21 56
21 70
21 88
21 89
21 97
21 101
21 104
21 141
21 143
21 146
21 151
21 161
21 172
21 189
21 190
22 33
22 55
22 65
22 80
22 90
22 97
22 110
22 117
22 118
22 120
22 121
22 122
22 128
22 139
22 148
22 173
22 176
23 29
23 37
23 57
23 60
23 68
23 72
23 75
23 77
23 85
23 91
23 99
23 105
23 113
23 130
23 135
23 141
23 148
23 167
23 168
23 171
23 177
23 187
23 197
24 30
24 34
24 35
24 37
24 46
24 52
24 67
24 80
24 111
24 124
24 131
24 132
24 137
24 164
24 172
24 192
25 39
25 42
25 43
25 44
25 59
25 74
25 76
25 85
25 89
25 94
25 101
25 131
25 137
25 139
25 141
25 148
25 149
25 165
25 173
26 44
26 47
26 76
26 83
26 87
26 94
26 120
26 127
26 183
26 184
26 186
27 34
27 63
27 66
27 80
27 82
27 90
27 97
27 98
27 104
27 107
27 108
27 120
27 129
27 131
27 140
27 146
27 147
27 167
27 168
27 172
27 179
27 197
28 31
28 44
28 45
28 82
28 84
28 90
28 103
28 111
28 117
28 131
28 144
28 149
28 153
28 154
28 179
28 184
28 185
28 189
28 191
28 197
29 51
29 55
29 57
29 59
29 61
29 62
29 64
29 75
29 80
29 123
29 131
29 141
29 158
29 164
29 170
29 174
29 176
29 189
29 191
29 193
29 197
29 199
30 37
30 44
30 55
30 61
30 68
30 71
30 87
30 104
30 108
30 109
30 119
30 121
30 142
30 145
30 151
30 154
30 155
30 160
30 189
30 196
31 38
31 44
31 62
31 67
31 79
31 88
31 118
31 121
31 122
31 125
31 141
31 145
31 146
31 149
31 163
31 168
31 178
31 179
32 61
32 65
32 77
32 85
32 93
32 105
32 114
32 115
32 125
32 129
32 135
32 139
32 146
32 147
32 150
32 152
32 163
33 34
33 41
33 42
33 43
33 47
33 48
33 53
33 56
33 76
33 77
33 81
33 84
33 89
33 90
33 92
33 145
33 168
33 173
33 190
34 35
34 41
34 53
34 56
34 75
34 91
34 94
34 141
34 155
34 185
34 192
34 198
35 42
35 44
35 60
35 72
35 75
35 81
35 83
35 99
35 107
35 118
35 129
35 130
35 137
35 194
36 39
36 49
36 66
36 78
36 79
36 81
36 84
36 87
36 107
36 126
36 138
36 143
36 146
36 154
36 168
37 58
37 64
37 84
37 87
37 121
37 123
37 140
37 141
37 156
37 169
37 179
37 181
37 182
37 189
37 197
38 86
38 87
38 98
38 107
38 125
38 127
38 139
38 160
38 170
38 179
38 180
38 191
38 196
39 53
39 62
39 66
39 79
39 100
39 111
39 155
39 156
39 161
39 172
39 179
39 180
39 193
40 50
40 61
40 62
40 64
40 70
40 74
40 78
40 81
40 91
40 94
40 98
40 102
40 108
40 114
40 122
40 129
40 131
40 133
40 142
40 153
40 154
40 161
40 177
41 56
41 59
41 65
41 72
41 82
41 99
41 100
41 103
41 104
41 111
41 154
41 158
41 166
41 168
41 179
42 59
42 75
42 93
42 98
42 99
42 100
42 109
42 140
42 141
42 143
42 146
42 149
42 150
42 154
42 161
42 170
42 190
42 196
43 51
43 96
43 113
43 148
43 153
43 195
44 47
44 61
44 83
44 96
44 115
44 117
44 122
44 128
44 132
44 154
44 160
44 187
45 46
45 57
45 63
45 86
45 88
45 105
45 109
45 115
45 154
45 161
45 162
45 168
45 180
45 189
46 57
46 59
46 61
46 62
46 65
46 66
46 70
46 71
46 75
46 81
46 83
46 101
46 114
46 124
46 177
46 179
46 180
46 182
46 190
46 191
47 57
47 74
47 81
47 92
47 123
47 133
47 153
47 157
47 176
47 194
48 53
48 64
48 80
48 87
48 112
48 117
48 124
48 129
48 137
48 142
48 156
48 170
48 174
48 175
48 188
48 190
48 197
49 55
49 56
49 63
49 74
49 80
49 112
49 116
49 133
49 147
49 156
49 165
49 176
49 190
50 60
50 66
50 67
50 73
50 98
50 109
50 126
50 147
50 148
51 52
51 77
51 81
51 85
51 90
51 94
51 95
51 113
51 118
51 128
51 130
51 133
51 135
51 139
51 140
51 152
51 169
51 181
51 185
51 194
52 54
52 89
52 96
52 107
52 113
52 115
52 117
52 120
52 121
52 152
52 172
52 187
52 190
53 54
53 61
53 75
53 76
53 77
53 78
53 81
53 91
53 93
53 111
53 114
53 116
53 127
53 131
53 136
53 139
53 140
53 141
53 161
53 167
53 172
53 181
53 187
54 57
54 77
54 84
54 96
54 125
54 139
54 140
54 155
54 170
54 177
54 194
55 71
55 81
55 94
55 134
55 135
55 139
55 141
55 142
55 156
55 180
55 183
55 196
56 68
56 69
56 73
56 75
56 76
56 88
56 115
56 118
56 121
56 124
56 150
56 175
56 183
57 69
57 70
57 73
57 77
57 79
57 80
57 89
57 93
57 105
57 124
57 130
57 141
57 149
57 156
57 188
58 77
58 86
58 102
58 103
58 114
58 122
58 153
58 165
58 171
58 180
58 198
59 60
59 72
59 82
59 87
59 107
59 119
59 128
59 156
59 163
59 198
60 67
60 76
60 79
60 91
60 100
60 113
60 115
60 116
60 120
60 121
60 125
60 130
60 143
60 148
60 167
60 173
60 186
61 64
61 77
61 78
61 92
61 95
61 98
61 106
61 110
61 121
61 123
61 132
61 134
61 140
61 142
61 151
61 162
61 164
61 166
61 179
61 192
61 194
61 197
62 68
62 69
62 76
62 77
62 111
62 116
62 117
62 139
62 150
62 152
62 154
62 186
63 74
63 77
63 93
63 98
63 145
63 149
63 161
63 164
63 176
63 195
64 66
64 68
64 76
64 80
64 83
64 104
64 105
64 111
64 120
64 132
64 141
64 148
64 154
64 158
64 160
64 163
64 176
64 178
64 184
64 185
64 186
64 190
64 197
64 199
65 68
65 80
65 84
65 100
65 131
65 136
65 143
65 158
65 166
65 183
65 190
66 67
66 74
66 84
66 103
66 113
66 116
66 129
66 131
66 136
66 143
66 166
66 172
66 174
66 191
66 197
67 85
67 87
67 100
67 101
67 114
67 117
67 139
67 186
67 190
67 199
68 74
68 78
68 97
68 102
68 118
68 130
68 153
68 159
68 173
68 181
68 191
69 87
69 98
69 101
69 106
69 109
69 134
69 135
69 136
69 140
69 146
69 176
69 178
70 74
70 85
70 102
70 130
70 132
70 134
70 138
70 142
70 145
70 149
70 169
70 176
70 179
70 185
70 192
70 198
71 73
71 77
71 106
71 110
71 116
71 120
71 134
71 141
71 147
71 152
72 83
72 93
72 109
72 153
72 161
72 165
72 198
73 74
73 77
73 78
73 89
73 91
73 98
73 110
73 129
73 132
73 138
73 153
73 162
73 189
73 190
74 76
74 95
74 115
74 117
74 130
74 141
74 144
74 158
74 165
74 168
74 179
74 180
74 184
74 188
74 189
74 196
75 80
75 83
75 85
75 96
75 97
75 100
75 102
75 134
75 140
75 144
75 145
75 153
75 196
75 199
76 90
76 107
76 109
76 112
76 115
76 141
76 152
76 156
76 158
76 165
76 174
76 185
76 187
76 195
77 83
77 88
77 96
77 98
77 103
77 109
77 116
77 118
77 121
77 164
77 177
77 184
77 191
77 196
78 89
78 91
78 102
78 106
78 110
78 111
78 137
78 139
78 149
78 182
78 186
78 189
78 190
79 94
79 110
79 123
79 130
79 133
79 149
79 169
79 170
79 179
79 184
79 192
79 197
80 85
80 86
80 91
80 108
80 116
80 117
80 125
80 141
80 149
80 167
80 174
80 175
80 199
81 89
81 96
81 98
81 101
81 103
81 118
81 125
81 129
81 140
81 142
81 144
81 155
81 156
81 159
81 167
81 173
81 179
81 191
82 83
82 92
82 94
82 128
82 135
82 140
82 141
82 142
82 148
82 149
82 193
83 84
83 91
83 97
83 105
83 127
83 130
83 135
83 157
83 165
83 177
83 188
83 196
83 197
84 90
84 91
84 102
84 105
84 118
84 130
84 142
84 152
84 158
84 160
84 165
84 175
84 188
85 99
85 106
85 116
85 125
85 129
85 143
85 147
85 153
85 163
85 171
86 87
86 88
86 94
86 112
86 113
86 120
86 127
86 138
86 143
86 156
86 158
86 161
86 167
86 173
86 184
86 188
86 191
87 90
87 95
87 102
87 103
87 105
87 107
87 110
87 112
87 125
87 134
87 149
87 153
87 164
87 172
88 94
88 100
88 117
88 130
88 149
88 154
88 155
88 168
88 176
88 178
88 180
88 187
88 188
88 193
88 199
89 96
89 102
89 120
89 123
89 127
89 128
89 146
89 152
89 167
90 105
90 109
90 130
90 137
90 139
90 143
90 150
90 158
90 182
91 103
91 108
91 119
91 123
91 129
91 131
91 153
91 154
91 155
91 159
91 171
91 175
91 180
91 186
91 192
91 198
92 93
92 98
92 103
92 106
92 107
92 108
92 133
92 134
92 137
92 145
92 156
92 157
92 171
92 179
92 192
93 101
93 109
93 119
93 182
93 193
94 109
94 110
94 120
94 133
94 134
94 135
94 151
94 152
94 161
94 174
94 181
94 195
95 112
95 117
95 122
95 150
95 155
95 166
95 173
95 185
95 186
96 115
96 116
96 121
96 128
96 139
96 145
96 152
96 154
96 165
96 184
96 194
96 197
96 199
97 102
97 107
97 108
97 109
97 111
97 117
97 177
97 180
97 182
97 185
98 108
98 114
98 120
98 128
98 157
98 180
98 181
98 185
98 188
99 107
99 114
99 118
99 139
99 141
99 144
99 155
99 170
99 179
100 102
100 103
100 108
100 112
100 114
100 129
100 134
100 135
100 137
100 142
100 145
100 146
100 153
100 159
100 167
100 173
101 117
101 124
101 131
101 139
101 142
101 147
101 149
101 151
101 156
101 163
101 165
101 174
102 117
102 146
102 148
102 166
102 180
102 185
102 195
103 115
103 118
103 120
103 121
103 130
103 159
103 164
103 166
103 177
103 180
103 184
103 195
104 110
104 122
104 129
104 130
104 137
104 179
104 182
105 111
105 112
105 128
105 147
105 154
105 161
105 169
105 170
105 185
105 187
105 195
105 199
106 138
106 142
106 143
106 158
106 159
106 161
106 169
106 179
106 181
106 198
107 110
107 130
107 184
107 190
107 192
107 196
108 109
108 111
108 146
108 166
108 171
108 175
109 128
109 130
109 137
109 140
109 141
109 160
109 171
109 183
109 186
109 190
109 192
109 194
110 134
110 145
110 155
110 159
110 164
110 166
110 167
110 176
110 184
110 198
110 199
111 120
111 129
111 131
111 136
111 143
111 150
111 156
111 161
111 164
111 188
111 191
112 127
112 169
112 198
113 115
113 119
113 120
113 121
113 125
113 126
113 128
113 144
113 147
113 160
113 178
114 126
114 147
115 119
115 121
115 123
115 131
115 135
115 140
115 150
115 166
115 170
115 173
115 186
115 197
116 131
116 162
116 172
116 177
116 189
116 192
117 123
117 125
117 128
117 132
117 147
117 158
117 171
117 172
117 178
118 119
118 124
118 133
118 155
118 181
118 183
118 190
118 198
119 121
119 131
119 140
119 144
119 148
119 160
119 162
119 178
120 130
120 137
120 147
120 150
120 154
120 155
120 167
120 174
120 181
120 184
120 188
120 198
121 122
121 125
121 127
121 129
121 138
121 144
121 162
121 165
121 167
121 172
121 182
121 189
121 194
122 126
122 128
122 146
122 149
122 153
122 162
122 163
122 164
122 169
122 179
123 130
123 132
123 134
123 156
123 168
123 182
123 196
124 128
124 133
124 135
124 141
124 143
124 173
124 175
124 180
124 184
124 193
125 167
125 169
125 188
125 192
125 196
125 197
126 140
126 146
126 152
126 160
126 174
127 138
127 144
127 151
127 167
127 174
127 177
127 178
127 183
127 189
127 196
127 198
128 141
128 152
128 162
128 163
128 170
128 172
128 186
128 194
129 168
129 176
129 178
130 132
130 147
130 152
130 156
130 194
130 197
131 145
131 148
131 151
131 152
131 178
131 181
131 182
131 193
132 137
132 139
132 142
132 155
132 156
132 158
132 160
132 165
132 167
132 176
132 180
132 186
132 197
133 135
133 136
133 159
133 161
133 184
133 188
134 159
134 183
134 186
134 189
134 192
135 139
135 148
135 154
135 166
136 145
136 151
136 157
136 165
136 169
136 185
137 143
137 169
137 172
137 173
138 140
138 154
138 162
138 173
138 175
138 198
139 157
139 178
139 199
140 144
140 146
140 149
140 151
140 158
140 159
140 161
141 155
141 162
141 179
141 186
142 147
142 179
142 189
143 155
143 162
143 168
143 195
144 145
144 156
144 182
145 156
145 172
145 181
145 184
146 147
146 150
146 153
146 156
146 157
146 169
146 181
146 194
146 196
146 197
147 149
147 153
147 165
147 168
147 170
147 177
147 180
147 196
148 158
148 179
148 185
148 187
148 195
149 150
149 164
149 171
149 175
149 189
150 161
150 165
150 168
150 169
150 195
151 173
151 175
151 194
152 191
153 154
153 158
153 181
153 186
153 192
153 194
153 195
153 197
154 156
154 164
154 166
154 169
154 170
154 182
154 191
154 197
154 198
155 157
155 164
155 169
155 173
155 178
155 188
156 160
156 178
157 166
157 174
157 181
157 186
157 192
158 160
158 166
158 176
158 177
158 190
158 198
159 193
160 177
160 180
161 164
161 165
161 172
161 176
161 185
162 163
162 171
162 189
162 190
163 164
163 196
163 198
164 167
165 173
165 176
165 180
165 184
166 170
166 175
166 176
166 183
166 185
166 195
167 168
167 185
167 199
168 175
169 184
169 194
170 174
170 184
170 188
170 195
171 173
171 175
171 191
171 193
172 182
173 189
173 197
174 186
174 188
175 190
175 191
177 179
177 184
177 187
178 186
178 189
180 181
180 191
180 192
180 198
181 183
181 190
181 198
182 190
182 192
182 193
185 196
185 198
186 199
187 189
187 194
190 194
190 199
195 199

1 1 1 0 0 0 0 0 0 1 1 0 1 1 1 1 0 0 1 0 0 1 1 0 1 1 0 1 1 1 0 1 0 0 0 1 1 0 0 1 0 1 1 0 1 1 0 1 0 0 0 0 0 1 0 1 0 0 1 0 1 0 0 1 0 1 1 1 1 1 1 1 0 1 1 1 1 1 1 1 1 0 0 1 0 1 1 1 0 0 0 0 1 0 0 0 1 1 1 1 0 0 0 1 1 1 1 0 1 1 1 1 0 0 1 0 0 0 0 0 1 1 0 0 1 1 0 0 0 0 1 1 1 1 0 1 1 0 1 0 0 1 0 0 0 0 0 0 0 0 1 1 1 1 0 1 1 0 1 0 1 1 1 1 1 1 0 0 0 1 1 0 1 0 0 1 0 0 0 1 0 1 0 0 0 0 0 0 0 0 0 1 0 0 0 1 1 1 0 1