100 258
0 1 2 3 4 5 6 7 8 9 10 11 12 13 14 15 16 17 18 19 20 21 22 23 24 25 26 27 28 29 30 31 32 33 34 35 36 37 38 39 40 41 42 43 44 45 46 47 48 49 50 51 52 53 54 55 56 57 58 59 60 61 62 63 64 65 66 67 68 69 70 71 72 73 74 75 76 77 78 79 80 81 82 83 84 85 86 87 88 89 90 91 92 93 94 95 96 97 98 99
0 16
0 36
0 42
0 63
1 28
1 80
1 81
1 95
2 8
2 16
2 51
2 53
2 54
2 59
2 70
2 73
2 94
3 7
3 29
3 51
3 79
4 13
4 16
4 20
4 74
4 81
5 21
5 45
5 60
5 81
6 51
6 60
7 30
7 60
7 61
7 66
7 90
8 19
8 23
8 25
8 63
8 80
9 24
9 44
9 57
9 66
10 38
10 59
11 16
11 52
11 75
12 21
12 24
12 40
13 37
13 42
13 57
13 62
13 64
13 89
14 16
14 35
14 42
14 54
14 58
15 25
15 41
15 72
15 90
16 29
16 33
16 41
17 33
17 40
17 50
17 94
18 49
18 66
18 71
19 22
19 24
19 25
19 62
19 65
19 78
20 49
20 52
20 56
20 66
21 59
21 89
22 34
22 43
22 78
22 80
22 92
23 48
23 49
23 62
23 96
24 30
24 31
24 34
24 36
24 37
24 46
24 58
24 70
24 78
24 81
24 86
24 89
25 34
25 46
25 66
25 73
25 85
25 93
26 40
26 45
26 50
26 54
26 86
26 97
27 89
28 39
28 68
28 78
28 98
29 31
29 46
29 84
29 99
30 69
30 73
30 74
30 79
30 83
30 98
31 55
31 64
31 72
31 82
31 98
32 54
32 91
32 95
34 50
34 69
34 96
35 51
35 55
35 61
35 89
36 39
36 54
37 58
37 61
38 71
38 78
38 88
39 70
39 96
40 52
41 74
41 76
41 99
42 43
42 45
42 69
42 84
42 87
43 45
43 76
43 80
44 52
44 67
44 71
44 75
44 77
44 99
45 52
45 58
45 92
46 82
46 87
46 94
47 56
47 89
47 90
47 95
49 74
49 94
50 51
50 62
51 52
51 53
51 58
51 77
51 82
51 87
52 64
52 70
52 85
52 88
52 89
53 88
54 93
55 67
55 92
55 99
56 66
56 90
56 92
57 58
57 79
57 82
57 90
58 82
61 63
61 68
61 93
62 69
62 75
63 68
63 69
63 71
63 75
63 93
64 77
64 86
65 87
66 86
67 97
69 98
71 84
72 82
72 88
72 96
74 76
74 96
79 85
79 88
80 88
81 89
82 84
82 87
83 97
84 90
84 92
84 94
85 92
87 92
87 98
88 90
89 94
94 95
96 99

0 1 0 0 1 0 0 1 1 1 1 0 1 0 1 0 1 1 0 1 1 1 1 1 1 0 0 1 0 0 1 0 0 1 0 0 1 1 1 1 0 0 1 1 1 1 0 0 1 0 0 0 1 1 1 0 1 0 0 0 0 1 0 1 1 0 0 0 0 0 1 0 1 0 1 0 0 1 0 0 1 1 0 1 1 1 1 0 1 1 1 0 1 0 0 0 0 0 1 0