250 3040
0 1 2 3 4 5 6 7 8 9 10 11 12 13 14 15 16 17 18 19 20 21 22 23 24 25 26 27 28 29 30 31 32 33 34 35 36 37 38 39 40 41 42 43 44 45 46 47 48 49 50 51 52 53 54 55 56 57 58 59 60 61 62 63 64 65 66 67 68 69 70 71 72 73 74 75 76 77 78 79 80 81 82 83 84 85 86 87 88 89 90 91 92 93 94 95 96 97 98 99 100 101 102 103 104 105 106 107 108 109 110 111 112 113 114 115 116 117 118 119 120 121 122 123 124 125 126 127 128 129 130 131 132 133 134 135 136 137 138 139 140 141 142 143 144 145 146 147 148 149 150 151 152 153 154 155 156 157 158 159 160 161 162 163 164 165 166 167 168 169 170 171 172 173 174 175 176 177 178 179 180 181 182 183 184 185 186 187 188 189 190 191 192 193 194 195 196 197 198 199 200 201 202 203 204 205 206 207 208 209 210 211 212 213 214 215 216 217 218 219 220 221 222 223 224 225 226 227 228 229 230 231 232 233 234 235 236 237 238 239 240 241 242 243 244 245 246 247 248 249
0 4
0 7
0 22
0 31
0 42
0 58
0 72
0 75
0 97
0 110
0 116
0 131
0 134
0 155
0 159
0 183
0 203
0 204
0 206
0 212
0 216
0 238
1 32
1 50
1 54
1 59
1 69
1 70
1 75
1 81
1 95
1 110
1 120
1 147
1 163
1 169
1 171
1 202
1 242
2 3
2 7
2 9
2 12
2 13
2 14
2 15
2 27
2 38
2 40
2 62
2 63
2 77
2 82
2 104
2 115
2 118
2 122
2 133
2 134
2 140
2 145
2 147
2 157
2 167
2 199
2 200
2 202
2 207
2 208
2 211
2 248
3 19
3 36
3 55
3 72
3 84
3 88
3 93
3 107
3 110
3 131
3 156
3 164
3 167
3 169
3 180
3 184
3 188
3 200
3 201
3 204
3 209
3 213
3 214
3 216
3 220
3 249
4 10
4 24
4 38
4 43
4 44
4 47
4 53
4 73
4 76
4 84
4 90
4 104
4 111
4 124
4 132
4 139
4 140
4 144
4 148
4 150
4 154
4 161
4 163
4 166
4 178
4 182
4 185
4 191
4 221
5 36
5 41
5 46
5 53
5 73
5 76
5 104
5 107
5 108
5 119
5 131
5 150
5 157
5 158
5 165
5 167
5 187
5 188
5 218
5 249
6 7
6 19
6 23
6 60
6 61
6 62
6 74
6 78
6 87
6 88
6 101
6 105
6 140
6 143
6 144
6 159
6 168
6 169
6 187
6 193
6 197
6 211
6 226
7 18
7 23
7 26
7 28
7 37
7 49
7 64
7 75
7 107
7 117
7 137
7 142
7 158
7 159
7 162
7 165
7 167
7 174
7 186
7 189
7 195
7 202
8 9
8 31
8 33
8 37
8 49
8 70
8 131
8 141
8 167
8 176
8 184
8 185
8 186
8 189
8 200
8 213
8 220
8 235
8 245
9 25
9 28
9 34
9 37
9 47
9 55
9 63
9 67
9 116
9 144
9 148
9 155
9 160
9 165
9 170
9 177
9 186
9 188
9 200
9 206
9 222
9 233
9 248
10 11
10 18
10 19
10 22
10 36
10 66
10 91
10 92
10 138
10 144
10 146
10 169
10 178
10 191
10 198
10 215
10 216
10 229
10 230
10 232
10 245
11 18
11 26
11 73
11 87
11 88
11 96
11 102
11 131
11 132
11 150
11 159
11 166
11 170
11 171
11 181
11 202
11 204
11 223
11 226
12 15
12 19
12 33
12 69
12 71
12 72
12 80
12 84
12 85
12 93
12 94
12 98
12 104
12 113
12 147
12 156
12 162
12 164
12 165
12 167
12 174
12 178
12 182
12 187
12 194
12 197
12 205
12 212
12 214
12 215
12 217
12 231
12 237
12 247
13 15
13 16
13 17
13 24
13 51
13 60
13 84
13 90
13 95
13 101
13 129
13 131
13 142
13 148
13 156
13 159
13 167
13 179
13 201
13 205
13 215
13 224
13 247
14 40
14 46
14 47
14 57
14 68
14 75
14 79
14 82
14 83
14 85
14 89
14 94
14 98
14 115
14 123
14 131
14 135
14 138
14 144
14 149
14 165
14 168
14 213
14 222
14 230
14 234
14 248
15 27
15 35
15 83
15 91
15 93
15 98
15 105
15 109
15 112
15 131
15 133
15 148
15 149
15 160
15 168
15 170
15 176
15 184
15 192
15 216
15 235
15 242
16 49
16 74
16 75
16 90
16 96
16 113
16 118
16 172
16 193
16 197
16 210
16 215
16 218
16 221
16 224
16 229
16 243
17 18
17 27
17 34
17 37
17 39
17 43
17 60
17 67
17 81
17 84
17 90
17 121
17 129
17 141
17 143
17 148
17 177
17 182
17 184
17 191
17 216
17 229
17 242
17 243
17 244
17 249
18 32
18 35
18 45
18 47
18 52
18 61
18 65
18 71
18 72
18 74
18 75
18 77
18 78
18 100
18 105
18 107
18 131
18 158
18 161
18 177
18 186
18 187
18 213
19 28
19 49
19 59
19 64
19 69
19 82
19 106
19 115
19 122
19 125
19 136
19 137
19 160
19 164
19 191
19 192
19 200
19 212
19 241
19 242
20 43
20 54
20 59
20 63
20 65
20 69
20 86
20 88
20 102
20 103
20 109
20 112
20 119
20 123
20 131
20 144
20 148
20 149
20 152
20 153
20 169
20 209
20 210
20 216
20 240
20 241
20 242
21 23
21 40
21 41
21 49
21 55
21 70
21 106
21 108
21 114
21 119
21 135
21 139
21 149
21 151
21 157
21 159
21 165
21 171
21 203
21 213
21 227
21 236
22 33
22 41
22 67
22 73
22 74
22 81
22 94
22 113
22 117
22 134
22 182
22 186
22 194
22 215
22 216
22 217
22 218
22 221
22 232
22 240
22 246
22 249
23 37
23 38
23 42
23 43
23 50
23 51
23 53
23 55
23 58
23 66
23 68
23 69
23 70
23 95
23 97
23 102
23 124
23 136
23 138
23 146
23 173
23 186
23 189
23 218
23 220
23 239
23 241
23 246
24 26
24 33
24 45
24 51
24 54
24 64
24 93
24 101
24 137
24 143
24 152
24 165
24 169
24 174
24 176
24 184
24 193
24 196
24 223
24 226
24 238
25 46
25 47
25 50
25 58
25 65
25 76
25 85
25 106
25 137
25 138
25 152
25 212
25 222
25 230
25 233
26 28
26 42
26 44
26 83
26 108
26 112
26 128
26 134
26 145
26 153
26 159
26 172
26 176
26 180
26 182
26 198
26 205
26 208
26 209
26 211
26 213
26 218
26 222
26 240
27 36
27 40
27 51
27 71
27 74
27 77
27 88
27 106
27 111
27 112
27 113
27 114
27 134
27 138
27 199
27 216
27 230
27 234
27 236
27 242
27 243
27 249
28 50
28 56
28 71
28 73
28 88
28 98
28 131
28 140
28 141
28 163
28 176
28 188
28 193
28 211
28 213
28 214
28 218
28 227
28 231
28 244
29 41
29 44
29 54
29 62
29 72
29 75
29 98
29 100
29 106
29 110
29 143
29 153
29 182
29 194
29 218
29 237
29 240
29 241
30 44
30 57
30 68
30 77
30 87
30 90
30 93
30 108
30 113
30 125
30 132
30 147
30 158
30 160
30 168
30 181
30 196
30 216
30 236
30 239
31 39
31 60
31 62
31 68
31 72
31 79
31 102
31 115
31 117
31 125
31 135
31 136
31 157
31 170
31 178
31 185
31 204
31 215
31 232
32 38
32 39
32 41
32 47
32 51
32 65
32 67
32 72
32 95
32 109
32 118
32 119
32 120
32 126
32 134
32 142
32 149
32 151
32 154
32 160
32 168
32 172
32 183
32 193
32 209
32 214
32 216
33 36
33 57
33 62
33 69
33 81
33 98
33 113
33 117
33 139
33 157
33 160
33 167
33 170
33 172
33 174
33 200
33 213
33 215
34 50
34 65
34 73
34 77
34 78
34 83
34 103
34 108
34 118
34 131
34 180
34 187
34 204
34 206
34 208
34 212
34 223
34 235
35 41
35 45
35 49
35 61
35 76
35 81
35 92
35 97
35 99
35 109
35 110
35 111
35 115
35 122
35 130
35 135
35 139
35 141
35 148
35 161
35 167
35 171
35 192
35 204
35 211
35 221
35 234
35 243
35 247
35 248
36 59
36 65
36 72
36 81
36 99
36 100
36 108
36 113
36 122
36 124
36 130
36 135
36 146
36 152
36 158
36 159
36 164
36 184
36 186
36 193
36 200
36 219
36 233
36 238
36 239
37 54
37 60
37 68
37 86
37 124
37 127
37 157
37 167
37 174
37 209
37 234
37 237
37 241
37 242
37 246
37 249
38 56
38 71
38 89
38 98
38 115
38 117
38 125
38 142
38 173
38 186
38 197
38 218
38 243
38 246
39 43
39 55
39 58
39 63
39 70
39 84
39 91
39 94
39 97
39 102
39 105
39 108
39 109
39 112
39 117
39 123
39 124
39 125
39 129
39 137
39 154
39 163
39 185
39 189
39 200
39 201
39 208
39 210
39 229
39 238
40 48
40 80
40 118
40 123
40 131
40 145
40 158
40 164
40 190
40 193
40 197
40 233
41 49
41 61
41 99
41 109
41 112
41 120
41 141
41 156
41 167
41 169
41 177
41 190
41 194
41 205
41 207
41 209
41 210
41 220
41 233
41 235
41 238
41 243
42 54
42 81
42 85
42 97
42 113
42 151
42 152
42 154
42 171
42 196
42 201
42 202
42 219
42 221
42 224
42 242
43 44
43 50
43 60
43 63
43 72
43 82
43 83
43 85
43 106
43 138
43 139
43 140
43 155
43 160
43 174
43 177
43 224
43 233
44 64
44 70
44 75
44 83
44 96
44 116
44 118
44 141
44 152
44 163
44 188
44 202
44 207
44 208
44 210
44 246
45 61
45 67
45 72
45 86
45 89
45 90
45 104
45 106
45 120
45 125
45 127
45 142
45 148
45 153
45 161
45 206
46 57
46 58
46 61
46 75
46 77
46 81
46 82
46 87
46 103
46 128
46 158
46 178
46 192
46 225
46 228
46 230
46 236
46 242
46 249
47 51
47 55
47 65
47 66
47 100
47 126
47 153
47 161
47 178
47 184
47 186
47 193
47 199
47 211
48 49
48 60
48 65
48 68
48 75
48 77
48 91
48 93
48 101
48 112
48 121
48 126
48 136
48 142
48 178
48 190
48 216
48 240
48 243
49 65
49 66
49 71
49 81
49 115
49 124
49 125
49 137
49 139
49 161
49 166
49 181
49 191
49 198
49 226
49 241
49 244
49 247
50 54
50 64
50 83
50 92
50 96
50 103
50 112
50 131
50 136
50 140
50 144
50 147
50 150
50 176
50 177
50 181
50 206
50 207
50 227
50 239
50 240
51 73
51 84
51 86
51 87
51 94
51 108
51 169
51 176
51 180
51 184
51 192
51 204
51 211
51 223
51 224
51 225
51 233
51 236
51 239
51 241
51 247
52 59
52 72
52 77
52 88
52 89
52 95
52 110
52 144
52 150
52 155
52 156
52 164
52 170
52 172
52 177
52 179
52 180
52 181
52 188
52 195
52 196
52 204
52 217
52 241
53 55
53 68
53 69
53 80
53 84
53 91
53 131
53 143
53 144
53 159
53 161
53 180
53 185
53 195
53 200
53 217
53 219
53 220
53 229
53 238
54 60
54 64
54 71
54 78
54 80
54 85
54 86
54 89
54 92
54 96
54 97
54 105
54 118
54 123
54 142
54 144
54 166
54 168
54 174
54 181
54 195
54 202
54 213
54 222
54 235
54 246
55 69
55 70
55 73
55 79
55 85
55 95
55 99
55 100
55 103
55 106
55 129
55 141
55 159
55 171
55 175
55 182
55 188
55 194
55 197
55 219
55 221
55 227
55 241
56 73
56 80
56 114
56 120
56 171
56 183
56 189
56 193
56 198
56 213
56 223
56 241
57 61
57 64
57 66
57 67
57 88
57 93
57 96
57 108
57 110
57 116
57 140
57 160
57 164
57 185
57 195
57 203
57 219
57 236
58 73
58 85
58 93
58 122
58 129
58 135
58 136
58 162
58 168
58 174
58 175
58 186
58 205
58 210
58 218
58 230
59 60
59 74
59 88
59 92
59 94
59 97
59 127
59 131
59 132
59 140
59 150
59 154
59 160
59 162
59 172
59 186
59 192
59 199
59 208
59 212
59 218
59 224
59 235
60 68
60 82
60 102
60 108
60 110
60 126
60 131
60 135
60 137
60 144
60 189
60 190
60 193
60 194
60 197
60 213
60 240
61 62
61 71
61 81
61 84
61 89
61 118
61 126
61 138
61 145
61 150
61 191
61 192
61 222
61 223
61 231
61 239
61 243
61 247
62 66
62 74
62 75
62 77
62 99
62 121
62 131
62 147
62 162
62 170
62 174
62 177
62 182
62 190
62 192
62 193
62 205
62 211
62 215
62 216
62 222
62 240
63 69
63 74
63 94
63 105
63 107
63 116
63 130
63 156
63 164
63 167
63 168
63 173
63 174
63 175
63 183
63 188
63 189
63 204
63 217
63 236
63 239
64 78
64 83
64 92
64 110
64 113
64 122
64 128
64 139
64 146
64 167
64 169
64 170
64 181
64 197
64 203
64 236
64 238
65 66
65 67
65 86
65 87
65 93
65 95
65 123
65 128
65 137
65 144
65 147
65 154
65 158
65 166
65 168
65 236
65 249
66 68
66 72
66 76
66 81
66 88
66 89
66 96
66 136
66 148
66 157
66 192
66 193
66 223
66 225
66 228
66 238
67 71
67 77
67 80
67 90
67 91
67 104
67 113
67 121
67 142
67 152
67 175
67 181
67 185
67 189
67 208
67 210
67 231
67 244
68 71
68 72
68 94
68 100
68 103
68 106
68 113
68 115
68 119
68 137
68 141
68 142
68 166
68 168
68 173
68 181
68 182
68 232
69 76
69 86
69 94
69 111
69 113
69 130
69 133
69 139
69 141
69 158
69 162
69 167
69 172
69 174
69 177
69 226
69 232
69 240
70 76
70 85
70 96
70 113
70 116
70 125
70 128
70 136
70 150
70 174
70 182
70 183
70 187
70 189
70 198
70 201
70 214
70 215
70 216
70 229
70 234
71 73
71 75
71 123
71 129
71 140
71 154
71 158
71 159
71 165
71 166
71 182
71 212
71 216
71 224
71 227
71 235
71 237
71 243
72 81
72 90
72 96
72 99
72 122
72 127
72 130
72 143
72 177
72 178
72 181
72 190
72 207
72 241
73 77
73 80
73 93
73 127
73 132
73 151
73 153
73 162
73 204
73 214
73 222
73 223
74 84
74 97
74 116
74 144
74 145
74 160
74 176
74 181
74 193
74 212
74 226
74 229
74 242
75 89
75 101
75 109
75 113
75 119
75 138
75 139
75 140
75 143
75 155
75 190
75 203
75 215
75 232
75 239
75 247
75 249
76 77
76 80
76 106
76 116
76 146
76 149
76 151
76 171
76 182
76 187
76 192
76 195
76 204
76 207
76 208
76 218
76 219
76 225
76 237
76 238
76 245
77 84
77 99
77 109
77 110
77 128
77 134
77 142
77 144
77 161
77 195
77 197
77 201
77 202
77 220
77 228
77 229
77 246
77 249
78 86
78 87
78 98
78 103
78 121
78 122
78 132
78 146
78 151
78 156
78 188
78 189
78 190
78 209
78 227
78 233
79 81
79 83
79 94
79 98
79 107
79 109
79 139
79 143
79 157
79 160
79 163
79 173
79 186
79 202
79 212
79 225
79 229
79 236
80 91
80 101
80 121
80 131
80 141
80 148
80 163
80 166
80 169
80 170
80 173
80 175
80 190
80 202
80 207
80 216
80 221
80 227
80 242
81 85
81 89
81 97
81 102
81 103
81 117
81 129
81 133
81 141
81 150
81 160
81 163
81 170
81 181
81 194
81 200
81 214
81 215
81 216
81 218
81 239
81 240
82 101
82 114
82 130
82 133
82 134
82 147
82 189
82 203
82 224
82 236
82 240
83 85
83 88
83 90
83 94
83 100
83 120
83 132
83 139
83 140
83 141
83 143
83 147
83 170
83 194
83 206
83 239
83 246
84 123
84 124
84 145
84 167
84 173
84 181
84 182
84 219
84 224
84 235
84 240
85 90
85 112
85 117
85 123
85 130
85 148
85 150
85 177
85 178
85 179
85 180
85 181
85 188
85 189
85 194
85 208
85 214
85 217
85 218
85 239
85 240
86 95
86 98
86 117
86 119
86 134
86 171
86 174
86 196
86 208
86 218
86 220
86 224
86 230
86 232
86 233
87 93
87 99
87 118
87 122
87 132
87 145
87 149
87 153
87 155
87 183
87 184
87 208
87 211
87 223
87 226
88 103
88 118
88 120
88 126
88 127
88 149
88 154
88 173
88 192
88 207
88 210
88 222
89 102
89 103
89 112
89 143
89 184
89 187
89 214
89 215
89 219
89 221
89 226
89 231
89 236
89 245
89 246
90 99
90 115
90 116
90 141
90 147
90 156
90 166
90 178
90 183
90 195
90 196
90 221
90 236
90 244
90 245
91 107
91 125
91 133
91 148
91 151
91 159
91 163
91 164
91 180
91 185
91 197
91 204
91 208
91 216
91 244
92 94
92 97
92 102
92 112
92 116
92 131
92 145
92 153
92 163
92 186
92 190
92 198
92 203
92 214
92 221
92 240
92 246
93 108
93 110
93 114
93 117
93 120
93 123
93 131
93 146
93 147
93 164
93 170
93 172
93 174
93 177
93 185
93 192
93 200
93 212
93 225
93 226
93 236
94 95
94 101
94 124
94 140
94 165
94 167
94 175
94 181
94 195
94 240
94 241
94 243
95 124
95 127
95 136
95 149
95 153
95 178
95 186
95 192
95 196
95 201
95 208
95 215
95 230
95 236
95 240
95 243
96 97
96 99
96 105
96 108
96 130
96 145
96 148
96 150
96 153
96 159
96 175
96 179
96 181
96 187
96 204
96 205
96 212
97 98
97 101
97 105
97 118
97 122
97 127
97 128
97 134
97 138
97 160
97 170
97 190
97 196
97 220
97 232
97 234
97 242
97 243
98 123
98 136
98 149
98 150
98 163
98 180
98 189
98 198
98 200
98 207
98 210
98 218
98 225
98 245
98 246
99 105
99 106
99 134
99 135
99 142
99 152
99 156
99 159
99 162
99 173
99 176
99 182
99 184
99 199
99 207
99 217
99 239
100 114
100 121
100 145
100 152
100 161
100 162
100 173
100 175
100 192
100 213
100 216
100 227
101 107
101 123
101 127
101 128
101 130
101 149
101 159
101 168
101 169
101 178
101 186
101 189
101 191
101 208
101 213
101 232
101 242
101 245
101 249
102 105
102 110
102 123
102 126
102 128
102 148
102 172
102 175
102 194
102 198
102 209
102 235
102 236
102 238
103 138
103 147
103 148
103 152
103 161
103 169
103 172
103 179
103 183
103 184
103 189
103 195
103 197
103 198
103 211
103 215
103 232
103 237
104 111
104 119
104 126
104 130
104 133
104 161
104 163
104 216
104 231
104 239
104 244
104 246
105 118
105 155
105 156
105 164
105 187
105 193
105 201
105 213
105 215
105 239
105 244
105 249
106 117
106 127
106 137
106 138
106 146
106 148
106 153
106 159
106 160
106 176
106 187
106 191
106 199
106 203
106 205
106 210
106 217
106 220
106 225
106 237
106 239
106 240
107 127
107 129
107 130
107 136
107 141
107 143
107 160
107 177
107 194
107 207
107 242
108 112
108 126
108 130
108 145
108 156
108 157
108 183
108 209
108 215
108 233
109 116
109 117
109 206
109 222
109 229
109 242
110 122
110 128
110 136
110 143
110 171
110 180
110 181
110 198
110 215
110 223
110 225
110 233
110 247
111 124
111 132
111 142
111 152
111 154
111 159
111 161
111 173
111 193
111 197
111 202
111 205
111 210
111 213
111 225
111 237
112 117
112 118
112 127
112 137
112 143
112 198
112 204
112 209
112 213
112 216
112 219
112 236
112 239
113 142
113 153
113 154
113 162
113 168
113 169
113 172
113 179
113 190
114 116
114 119
114 126
114 151
114 158
114 164
114 171
114 173
114 177
114 183
114 192
114 195
114 205
114 210
114 211
114 212
114 213
114 229
114 230
114 237
115 122
115 125
115 129
115 150
115 154
115 160
115 170
115 180
115 192
115 193
115 201
115 203
115 210
115 231
115 247
116 117
116 124
116 140
116 143
116 147
116 159
116 163
116 170
116 172
116 184
116 211
116 223
116 227
116 229
116 235
116 241
116 245
117 120
117 121
117 127
117 132
117 136
117 162
117 175
117 178
117 190
117 203
117 225
117 239
118 133
118 143
118 151
118 174
118 178
118 181
118 186
118 203
118 225
118 241
118 243
119 130
119 131
119 143
119 146
119 164
119 171
119 177
119 186
119 192
119 198
119 200
119 215
119 220
119 226
119 228
119 234
119 236
119 237
119 245
119 248
119 249
120 139
120 187
120 194
120 209
120 211
120 236
121 124
121 142
121 153
121 167
121 179
121 182
121 185
121 196
121 204
121 210
121 221
121 226
121 239
122 129
122 133
122 143
122 158
122 161
122 178
122 197
122 200
122 211
122 217
123 153
123 158
123 170
123 188
123 194
123 197
123 200
123 206
123 209
123 233
123 246
124 130
124 136
124 144
124 161
124 176
124 178
124 179
124 180
124 186
124 189
124 192
124 198
124 203
124 216
124 217
124 218
124 226
124 229
124 231
124 235
124 238
125 128
125 132
125 134
125 137
125 156
125 179
125 185
125 192
125 196
125 200
125 207
125 224
125 235
125 242
125 247
126 127
126 128
126 134
126 136
126 141
126 148
126 164
126 165
126 166
126 182
126 191
126 206
126 224
126 228
126 232
126 236
126 239
127 134
127 142
127 158
127 165
127 174
127 182
127 186
127 188
127 202
127 205
127 208
127 219
127 233
127 243
128 134
128 138
128 149
128 151
128 161
128 166
128 200
128 206
128 210
128 215
128 219
128 226
128 249
129 149
129 153
129 160
129 172
129 173
129 189
129 198
129 210
129 224
129 238
130 142
130 145
130 158
130 161
130 168
130 201
130 212
130 215
130 216
130 217
130 232
130 233
131 134
131 136
131 139
131 154
131 161
131 163
131 164
131 191
131 198
131 205
131 215
131 216
131 217
131 220
131 223
131 227
131 247
132 139
132 161
132 182
132 184
132 191
132 205
132 207
132 210
132 212
132 239
132 241
132 242
132 244
133 139
133 150
133 163
133 164
133 187
133 196
133 211
133 218
133 226
133 249
134 137
134 165
134 171
134 184
134 196
134 199
134 202
134 208
134 221
134 226
134 234
134 247
135 137
135 138
135 147
135 150
135 165
135 173
135 180
135 197
135 201
135 217
135 231
135 235
136 158
136 165
136 166
136 180
136 191
136 194
136 196
136 235
137 152
137 160
137 175
137 205
137 206
137 215
137 225
137 238
138 157
138 172
138 178
138 183
138 187
138 192
138 194
138 216
138 237
138 244
138 245
139 140
139 141
139 152
139 154
139 179
139 205
139 207
139 210
139 236
139 237
140 144
140 155
140 166
140 169
140 178
140 195
140 196
140 206
140 207
140 236
140 249
141 143
141 152
141 179
141 183
141 187
141 190
141 216
141 219
141 224
141 238
141 239
141 243
141 245
142 144
142 157
142 185
142 199
142 207
142 218
143 147
143 159
143 163
143 165
143 166
143 175
143 185
143 191
143 204
143 212
143 224
143 240
144 149
144 163
144 164
144 194
144 210
144 212
144 217
144 220
144 229
144 232
144 239
144 242
144 245
145 148
145 158
145 161
145 165
145 167
145 177
145 180
145 181
145 184
145 191
145 195
145 200
145 219
145 220
145 231
145 234
146 177
146 208
146 210
146 216
146 220
146 234
146 241
146 244
147 155
147 168
147 228
147 236
147 242
147 248
148 152
148 171
148 176
148 197
148 198
148 199
148 204
148 205
148 218
148 237
149 162
149 171
149 182
149 194
149 218
149 222
149 226
149 232
149 234
149 236
149 240
149 247
150 162
150 184
150 186
150 204
150 225
150 248
151 153
151 164
151 197
151 213
152 154
152 158
152 174
152 196
152 197
152 211
152 212
152 218
152 219
152 221
152 227
152 233
152 244
153 156
153 159
153 170
153 198
153 201
153 207
153 215
153 219
153 221
153 222
153 223
153 224
153 230
154 166
154 182
154 184
154 211
154 234
155 176
155 178
155 197
155 208
155 217
155 220
155 222
155 226
156 171
156 178
156 196
156 205
156 213
156 217
157 172
157 178
157 181
157 191
157 192
157 194
157 200
157 201
157 228
157 244
157 249
158 166
158 175
158 184
158 190
158 197
158 219
158 224
158 238
158 246
159 164
159 176
159 203
159 207
159 210
159 213
159 236
160 162
160 173
160 174
160 215
160 216
160 231
160 232
160 244
161 175
161 212
161 220
161 226
161 238
162 166
162 169
162 219
162 220
162 226
162 228
162 229
162 230
162 245
162 247
163 170
163 173
163 182
163 185
163 204
163 206
163 213
163 231
163 237
164 167
164 170
164 176
164 188
164 189
164 193
164 195
164 211
164 212
165 166
165 170
165 188
165 213
165 214
165 222
165 232
165 243
165 247
166 173
166 186
166 202
166 230
166 231
166 233
166 243
166 247
167 180
167 204
167 230
167 232
168 172
168 180
168 187
168 203
168 218
168 228
168 234
168 240
168 246
169 174
169 175
169 177
169 179
169 201
169 204
169 209
169 216
169 219
169 222
169 223
169 233
169 243
170 181
170 182
170 220
170 233
170 243
170 245
171 178
171 231
172 173
172 178
172 185
172 211
172 229
173 179
173 186
173 205
173 209
173 212
173 214
173 223
173 231
173 243
174 186
174 205
174 219
174 232
174 249
175 189
175 197
175 207
175 214
175 230
175 234
175 237
175 241
175 246
175 247
176 190
176 195
176 197
176 200
176 202
176 212
176 218
176 224
176 236
176 238
177 189
177 199
177 202
178 219
178 233
178 237
178 243
178 249
179 181
179 229
180 188
180 189
180 217
180 219
180 248
181 207
181 220
181 225
181 226
181 233
181 239
181 241
181 248
182 207
182 208
182 215
182 219
182 226
182 229
182 230
182 245
182 249
183 216
183 217
183 221
183 225
183 248
184 191
184 217
184 219
184 230
184 237
184 244
185 192
185 193
185 218
185 231
185 241
185 245
186 200
186 202
186 204
186 208
186 237
186 240
186 242
186 248
187 210
187 217
187 220
187 225
187 237
187 241
187 243
187 248
188 196
188 200
188 220
189 212
189 219
189 220
189 230
189 242
190 192
190 205
190 212
190 219
190 230
191 192
191 206
191 209
191 219
191 221
191 223
191 233
191 242
191 249
192 203
192 204
192 244
192 248
193 194
193 207
193 222
193 233
193 242
194 200
194 202
194 218
194 226
194 230
194 239
194 242
194 244
195 200
195 208
195 226
195 243
196 197
196 201
196 208
196 225
196 237
197 204
197 218
197 223
197 233
197 239
197 245
198 201
198 214
198 242
198 246
199 202
199 213
199 234
199 241
199 242
199 243
200 218
200 229
200 239
201 202
201 203
201 210
201 213
201 223
201 225
201 246
201 247
202 217
202 219
202 221
203 205
203 217
203 227
203 245
204 216
204 224
204 225
204 232
204 234
204 238
204 239
205 211
205 223
205 233
206 241
206 245
207 216
208 228
209 231
209 237
210 213
210 220
210 224
210 227
210 244
211 241
212 216
212 218
212 228
212 245
212 249
213 222
213 236
213 237
213 243
213 247
214 223
214 224
214 230
214 231
215 225
215 235
215 238
215 243
216 217
216 231
217 220
217 227
217 239
217 248
218 229
218 230
218 240
218 241
218 242
219 223
219 237
219 244
220 221
220 235
220 238
221 222
222 224
222 227
222 239
222 246
223 224
223 233
224 227
224 228
224 238
224 241
224 248
226 238
227 243
227 247
227 248
228 229
228 232
228 244
229 230
229 234
229 244
229 247
230 233
230 239
231 232
231 243
231 247
232 246
232 248
234 244
234 248
235 242
235 246
236 237
236 239
236 243
237 249
240 242
241 244
242 247
243 247
244 249
246 248

1 1 1 1 1 1 1 1 1 1 1 1 0 0 0 0 0 1 1 0 0 1 0 0 0 1 1 0 1 0 0 0 1 0 1 1 0 1 1 0 1 1 0 0 1 0 1 0 0 0 1 1 0 0 0 1 1 0 0 0 1 0 1 1 0 0 0 1 1 1 0 1 0 0 1 1 1 0 1 1 1 0 0 0 1 0 0 0 0 0 0 1 1 1 1 1 1 0 1 0 1 0 0 0 1 0 0 0 0 0 0 1 1 1 0 0 0 1 1 0 1 0 1 1 0 0 0 1 0 0 1 0 1 0 0 0 0 0 0 1 0 0 1 0 0 1 1 1 1 0 1 0 1 1 0 0 1 0 1 1 1 0 0 0 0 1 0 0 1 1 0 0 0 1 0 1 0 1 1 0 1 1 0 1 1 1 1 1 1 1 0 1 0 1 1 1 0 0 0 1 0 1 0 1 1 1 0 0 1 1 0 1 1 1 0 0 0 0 0 1 1 0 0 1 0 0 0 1 1 0 1 0 1 0 0 1 1 1 0 1 0 0 1 1 0 1 1 1 1 0