50 244
0 1 2 3 4 5 6 7 8 9 10 11 12 13 14 15 16 17 18 19 20 21 22 23 24 25 26 27 28 29 30 31 32 33 34 35 36 37 38 39 40 41 42 43 44 45 46 47 48 49
0 4
0 5
0 7
0 10
0 11
0 13
0 14
0 18
0 20
0 33
0 38
0 39
0 40
1 5
1 16
1 24
1 33
1 34
1 38
1 41
1 42
1 44
2 15
2 18
2 22
2 23
2 28
2 33
2 35
2 37
2 39
3 10
3 12
3 18
3 25
3 31
3 33
3 39
4 7
4 18
4 22
4 27
4 32
4 45
5 6
5 14
5 20
5 28
5 34
5 41
5 43
5 47
6 7
6 17
6 27
6 30
6 35
6 36
6 39
6 42
6 49
7 9
7 12
7 18
7 19
7 27
7 28
7 30
7 32
7 36
7 38
7 40
7 48
8 10
8 12
8 14
8 17
8 30
8 34
8 36
8 42
8 43
9 10
9 12
9 16
9 18
9 25
9 31
9 38
10 14
10 17
10 21
10 31
10 34
10 37
10 38
10 39
10 41
10 43
11 20
11 21
11 24
11 27
11 34
11 36
11 41
11 47
11 48
12 19
12 25
12 34
12 36
12 44
12 47
12 49
13 18
13 21
13 23
13 28
13 37
13 40
13 41
13 46
14 16
14 19
14 20
14 21
14 25
14 36
14 39
14 40
14 41
14 43
15 21
15 22
15 24
15 28
15 33
15 38
15 46
15 49
16 19
16 21
16 27
16 31
16 40
16 42
16 47
16 48
17 28
17 31
17 32
17 35
17 36
17 37
17 38
17 39
17 45
18 22
18 38
18 40
18 41
18 45
18 49
19 29
20 23
20 28
20 32
20 37
20 38
21 24
21 31
21 35
21 44
21 47
21 49
22 25
22 26
22 45
23 31
23 38
23 49
24 27
24 40
24 41
24 42
25 26
25 38
25 40
26 36
26 38
26 41
26 42
26 44
26 47
27 33
27 40
27 41
27 43
27 46
27 47
28 29
28 31
28 34
28 36
28 40
28 41
28 42
28 43
28 47
28 49
29 36
29 42
29 44
30 31
31 33
31 36
31 39
31 46
31 48
32 40
32 46
32 47
32 48
33 41
33 48
33 49
34 40
34 47
34 49
35 39
35 41
35 47
37 48
39 44
40 46
41 42
41 48
42 43
43 46
44 49
46 47
46 48
47 48

0 0 1 1 1 1 0 1 1 1 0 0 0 1 0 0 0 0 1 0 1 0 0 0 1 1 1 0 1 0 0 0 0 1 1 0 1 0 1 1 1 1 0 0 0 0 1 1 1 1