20 85
0 1 2 3 4 5 6 7 8 9 10 11 12 13 14 15 16 17 18 19
0 3
0 4
0 5
0 7
0 9
0 10
0 11
0 12
0 13
0 17
1 7
1 11
1 13
1 14
1 16
1 17
1 19
2 5
2 6
2 8
2 11
2 13
2 14
2 17
2 18
2 19
3 5
3 7
3 13
3 14
4 5
4 6
4 12
4 15
4 18
5 12
5 14
5 15
5 19
6 8
6 10
6 11
6 12
6 13
6 14
6 19
7 8
7 9
7 10
7 15
7 16
7 17
7 18
8 9
8 12
8 13
8 14
8 17
8 18
8 19
9 10
9 12
9 14
9 18
10 13
10 14
10 16
11 14
11 16
11 17
11 18
12 13
12 14
12 15
12 17
12 19
13 16
13 18
14 15
14 17
14 19
15 16
15 17
16 19
17 18

0 1 1 0 1 0 0 1 1 0 0 0 1 1 0 0 0 1 1 1