50 135
0 1 2 3 4 5 6 7 8 9 10 11 12 13 14 15 16 17 18 19 20 21 22 23 24 25 26 27 28 29 30 31 32 33 34 35 36 37 38 39 40 41 42 43 44 45 46 47 48 49
0 6
0 9
0 14
0 16
0 18
0 40
0 42
0 48
1 20
1 46
2 4
2 13
2 23
2 38
2 39
2 44
3 5
3 8
3 10
3 17
3 23
3 27
3 37
4 11
4 40
5 7
5 9
5 17
5 26
5 28
5 34
5 41
5 43
5 44
5 46
6 13
6 14
6 15
6 23
6 29
6 38
6 39
7 19
7 31
7 33
7 39
8 42
9 19
9 26
9 38
9 43
9 46
9 49
10 25
10 28
11 17
11 25
11 27
11 28
11 33
11 35
11 42
11 45
13 14
13 18
13 32
13 35
13 39
13 40
13 44
14 39
14 40
14 41
15 37
15 39
15 41
15 44
15 49
16 20
16 24
16 27
16 36
16 49
17 36
18 31
19 31
19 35
20 39
21 25
21 45
21 47
22 35
22 44
22 45
23 35
23 41
23 46
24 36
24 37
24 39
24 47
25 27
25 43
26 27
26 29
26 36
26 47
27 34
27 46
28 31
28 33
29 34
29 41
29 43
30 48
32 35
32 37
32 46
32 48
33 38
33 40
33 43
34 35
34 36
34 45
35 40
36 38
36 45
37 45
39 45
40 45
41 44
42 43
43 47
43 48

0 0 1 0 0 0 1 0 0 1 0 0 1 1 1 1 1 1 1 1 0 0 0 1 1 1 0 0 1 0 1 0 1 1 1 0 1 0 0 1 1 0 0 1 0 1 0 1 0 0