50 613
0 1 2 3 4 5 6 7 8 9 10 11 12 13 14 15 16 17 18 19 20 21 22 23 24 25 26 27 28 29 30 31 32 33 34 35 36 37 38 39 40 41 42 43 44 45 46 47 48 49
0 2
0 3
0 9
0 10
0 11
0 12
0 13
0 14
0 16
0 18
0 19
0 20
0 21
0 22
0 24
0 26
0 29
0 31
0 35
0 37
0 42
0 45
0 46
1 6
1 8
1 9
1 14
1 15
1 19
1 22
1 27
1 28
1 30
1 31
1 32
1 34
1 37
1 39
1 40
1 42
1 45
1 46
1 47
1 48
1 49
2 3
2 7
2 9
2 10
2 11
2 12
2 14
2 18
2 19
2 22
2 25
2 27
2 29
2 30
2 31
2 32
2 34
2 41
2 42
2 44
2 45
2 48
3 5
3 6
3 7
3 8
3 12
3 17
3 19
3 22
3 23
3 25
3 27
3 29
3 31
3 33
3 37
3 39
3 40
3 41
3 43
3 45
3 46
3 47
4 5
4 6
4 10
4 13
4 16
4 17
4 18
4 21
4 23
4 24
4 25
4 26
4 28
4 30
4 32
4 33
4 36
4 40
4 41
4 43
4 44
4 45
4 46
4 49
5 6
5 7
5 8
5 10
5 11
5 12
5 13
5 16
5 21
5 23
5 24
5 25
5 26
5 30
5 31
5 34
5 35
5 36
5 37
5 43
5 44
5 45
5 46
5 47
6 7
6 9
6 10
6 11
6 13
6 14
6 15
6 17
6 18
6 19
6 20
6 21
6 22
6 23
6 25
6 27
6 29
6 39
6 40
6 41
6 42
6 43
6 46
6 48
7 8
7 9
7 11
7 17
7 18
7 21
7 23
7 24
7 25
7 26
7 27
7 30
7 37
7 38
7 39
7 42
7 43
7 44
7 46
8 10
8 13
8 16
8 17
8 18
8 19
8 20
8 21
8 23
8 26
8 27
8 29
8 30
8 31
8 32
8 33
8 36
8 37
8 39
8 40
8 43
8 45
8 46
8 48
8 49
9 14
9 16
9 17
9 20
9 22
9 23
9 24
9 30
9 31
9 37
9 43
9 44
9 45
9 46
10 13
10 14
10 15
10 16
10 17
10 20
10 23
10 27
10 30
10 31
10 34
10 35
10 38
10 39
10 40
10 44
10 45
10 46
10 47
11 13
11 14
11 16
11 21
11 23
11 25
11 26
11 27
11 30
11 32
11 37
11 38
11 41
11 42
11 46
11 49
12 16
12 18
12 19
12 22
12 24
12 25
12 26
12 27
12 28
12 29
12 30
12 31
12 33
12 34
12 36
12 37
12 38
12 39
12 41
12 42
12 44
12 45
12 46
12 49
13 14
13 15
13 19
13 21
13 22
13 26
13 27
13 29
13 30
13 32
13 35
13 36
13 37
13 38
13 39
13 41
13 42
13 44
13 45
13 46
13 49
14 15
14 16
14 17
14 18
14 19
14 21
14 23
14 26
14 29
14 30
14 32
14 36
14 38
14 41
14 46
15 16
15 17
15 18
15 20
15 21
15 22
15 23
15 25
15 27
15 28
15 29
15 32
15 36
15 37
15 40
15 41
15 46
15 47
15 48
16 17
16 18
16 19
16 20
16 25
16 26
16 31
16 32
16 34
16 37
16 38
16 39
16 40
16 41
16 45
16 47
16 49
17 19
17 21
17 22
17 23
17 27
17 28
17 30
17 31
17 34
17 37
17 39
17 40
17 41
17 42
17 44
17 48
18 19
18 20
18 24
18 25
18 26
18 30
18 37
18 42
18 43
18 44
18 45
18 46
18 48
19 20
19 22
19 24
19 27
19 28
19 29
19 30
19 31
19 32
19 34
19 36
19 37
19 40
19 42
19 43
19 44
19 48
19 49
20 23
20 24
20 25
20 26
20 29
20 31
20 32
20 33
20 40
20 42
20 43
20 44
20 46
20 47
20 49
21 25
21 26
21 28
21 29
21 30
21 32
21 35
21 37
21 39
21 41
21 44
21 45
21 49
22 23
22 24
22 25
22 29
22 30
22 31
22 32
22 34
22 36
22 41
22 44
22 45
22 46
22 47
22 48
23 24
23 31
23 32
23 36
23 37
23 38
23 39
23 45
23 46
23 47
23 49
24 26
24 27
24 31
24 32
24 34
24 37
24 38
24 42
24 45
24 46
24 48
25 28
25 32
25 33
25 34
25 35
25 36
25 37
25 38
25 39
25 40
25 41
25 42
25 44
25 45
25 46
25 47
25 48
25 49
26 33
26 34
26 36
26 38
26 42
26 43
26 46
27 28
27 37
27 39
27 42
27 44
27 45
27 47
27 49
28 29
28 31
28 36
28 38
28 39
28 42
28 43
28 44
28 47
28 48
28 49
29 30
29 33
29 34
29 35
29 36
29 38
29 39
29 40
29 45
29 46
29 47
29 48
29 49
30 37
30 39
30 40
30 41
30 43
30 45
30 46
30 47
30 49
31 33
31 34
31 35
31 36
31 39
31 41
31 42
31 45
32 34
32 35
32 38
32 40
32 44
32 45
32 47
32 48
33 34
33 35
33 36
33 37
33 38
33 40
33 42
33 43
34 37
34 39
34 41
34 44
34 45
35 36
35 40
35 41
35 42
35 43
35 45
35 46
35 47
36 37
36 39
36 40
36 42
36 47
36 49
37 38
37 39
37 42
37 46
37 49
38 39
38 42
38 43
38 44
38 45
38 46
39 41
39 42
39 43
39 47
39 48
40 41
40 42
40 47
40 49
41 44
41 46
41 47
41 48
41 49
42 44
42 45
42 47
42 48
42 49
43 44
43 45
43 47
43 48
43 49
44 45
44 49
45 46
45 48
45 49
46 48
46 49

0 1 0 1 1 1 0 0 1 0 0 0 0 0 1 0 1 1 0 1 1 0 0 0 1 1 1 1 1 0 0 0 1 0 0 0 1 0 1 1 0 1 0 0 1 0 1 1 1 1