50 110
0 1 2 3 4 5 6 7 8 9 10 11 12 13 14 15 16 17 18 19 20 21 22 23 24 25 26 27 28 29 30 31 32 33 34 35 36 37 38 39 40 41 42 43 44 45 46 47 48 49
0 1
0 5
0 23
0 26
1 9
1 11
1 16
1 27
1 33
1 36
1 44
2 3
2 9
2 10
2 17
2 22
2 29
3 21
3 48
4 15
4 19
4 21
4 30
5 25
5 27
5 34
6 7
6 24
7 13
7 14
7 17
7 20
7 40
8 13
8 19
8 29
8 39
8 46
9 24
9 25
9 27
9 28
9 44
9 46
10 24
10 25
10 39
11 17
11 30
11 43
12 13
12 19
12 21
12 36
12 43
13 14
13 22
13 29
13 33
13 40
13 45
14 20
14 33
15 31
15 40
16 20
16 43
17 27
17 34
17 35
17 37
17 45
18 22
18 41
19 27
19 39
20 24
20 42
22 49
23 45
24 36
25 26
25 29
25 42
26 37
26 46
26 49
27 48
28 47
28 48
29 48
32 40
32 42
32 47
32 49
33 38
33 44
34 39
34 40
34 49
35 40
36 44
38 49
39 40
39 49
40 43
42 46
43 49
44 47
46 49

0 1 1 0 0 0 0 0 0 0 0 1 0 1 1 0 0 0 1 0 0 0 1 0 0 1 1 0 1 1 1 1 1 1 1 1 0 0 0 0 1 0 1 1 1 1 1 1 0 1