200 3911
0 1 2 3 4 5 6 7 8 9 10 11 12 13 14 15 16 17 18 19 20 21 22 23 24 25 26 27 28 29 30 31 32 33 34 35 36 37 38 39 40 41 42 43 44 45 46 47 48 49 50 51 52 53 54 55 56 57 58 59 60 61 62 63 64 65 66 67 68 69 70 71 72 73 74 75 76 77 78 79 80 81 82 83 84 85 86 87 88 89 90 91 92 93 94 95 96 97 98 99 100 101 102 103 104 105 106 107 108 109 110 111 112 113 114 115 116 117 118 119 120 121 122 123 124 125 126 127 128 129 130 131 132 133 134 135 136 137 138 139 140 141 142 143 144 145 146 147 148 149 150 151 152 153 154 155 156 157 158 159 160 161 162 163 164 165 166 167 168 169 170 171 172 173 174 175 176 177 178 179 180 181 182 183 184 185 186 187 188 189 190 191 192 193 194 195 196 197 198 199
0 21
0 28
0 29
0 33
0 35
0 36
0 37
0 40
0 45
0 49
0 51
0 52
0 60
0 61
0 64
0 66
0 67
0 79
0 80
0 81
0 86
0 89
0 91
0 93
0 95
0 98
0 102
0 103
0 104
0 110
0 115
0 116
0 118
0 129
0 132
0 133
0 134
0 135
0 145
0 151
0 152
0 163
0 177
0 181
0 183
0 185
1 13
1 24
1 25
1 32
1 43
1 52
1 56
1 61
1 63
1 67
1 69
1 73
1 79
1 80
1 82
1 85
1 86
1 95
1 97
1 108
1 114
1 115
1 119
1 121
1 124
1 139
1 142
1 144
1 146
1 147
1 152
1 158
1 162
1 165
1 167
1 170
1 192
1 194
2 8
2 12
2 14
2 15
2 19
2 21
2 25
2 39
2 46
2 47
2 52
2 55
2 56
2 62
2 77
2 84
2 95
2 98
2 104
2 115
2 116
2 121
2 128
2 130
2 132
2 144
2 150
2 152
2 158
2 168
2 170
2 173
2 184
3 4
3 17
3 27
3 29
3 32
3 34
3 37
3 38
3 41
3 47
3 55
3 56
3 59
3 62
3 63
3 68
3 77
3 78
3 83
3 86
3 88
3 89
3 90
3 93
3 105
3 112
3 116
3 118
3 119
3 120
3 126
3 128
3 130
3 133
3 134
3 135
3 138
3 148
3 153
3 156
3 157
3 158
3 159
3 162
3 163
3 167
3 168
3 169
3 170
3 177
3 186
3 191
3 192
3 193
3 198
4 21
4 26
4 30
4 36
4 39
4 43
4 44
4 47
4 48
4 53
4 56
4 58
4 64
4 69
4 70
4 71
4 73
4 80
4 81
4 82
4 83
4 86
4 87
4 94
4 99
4 116
4 121
4 123
4 127
4 128
4 136
4 142
4 148
4 149
4 152
4 157
4 160
4 164
4 166
4 167
4 168
4 172
4 174
4 194
5 12
5 25
5 31
5 42
5 49
5 56
5 57
5 60
5 66
5 69
5 71
5 82
5 87
5 90
5 91
5 96
5 97
5 98
5 105
5 106
5 108
5 114
5 123
5 170
5 172
5 181
5 182
5 184
5 185
5 188
5 198
5 199
6 7
6 20
6 26
6 27
6 28
6 32
6 33
6 40
6 53
6 55
6 58
6 61
6 62
6 68
6 69
6 80
6 83
6 84
6 87
6 90
6 93
6 94
6 104
6 109
6 111
6 112
6 113
6 114
6 115
6 118
6 122
6 125
6 126
6 132
6 152
6 154
6 157
6 168
6 172
6 173
6 176
6 193
6 199
7 9
7 20
7 30
7 31
7 42
7 48
7 52
7 61
7 71
7 87
7 88
7 92
7 99
7 102
7 104
7 117
7 120
7 121
7 122
7 123
7 132
7 139
7 141
7 143
7 152
7 157
7 163
7 164
7 171
7 182
7 185
7 194
7 197
7 199
8 9
8 15
8 21
8 22
8 34
8 66
8 71
8 78
8 85
8 95
8 103
8 109
8 111
8 112
8 124
8 136
8 137
8 147
8 149
8 155
8 172
8 178
8 198
9 11
9 12
9 13
9 16
9 20
9 25
9 32
9 36
9 40
9 41
9 46
9 52
9 55
9 59
9 66
9 69
9 70
9 72
9 74
9 104
9 108
9 116
9 123
9 135
9 137
9 138
9 141
9 142
9 149
9 150
9 152
9 154
9 168
9 176
9 179
9 182
9 187
9 189
9 190
9 197
10 13
10 19
10 23
10 35
10 36
10 40
10 41
10 45
10 52
10 55
10 66
10 70
10 75
10 76
10 77
10 82
10 85
10 86
10 87
10 96
10 106
10 109
10 113
10 119
10 123
10 124
10 129
10 130
10 139
10 143
10 160
10 164
10 172
10 178
10 182
10 197
11 15
11 24
11 37
11 43
11 44
11 51
11 58
11 62
11 65
11 73
11 87
11 94
11 96
11 100
11 110
11 112
11 118
11 120
11 123
11 125
11 129
11 137
11 146
11 154
11 159
11 160
11 162
11 163
11 167
11 170
11 171
11 174
11 179
11 186
11 188
11 190
11 197
12 23
12 25
12 31
12 40
12 44
12 49
12 52
12 58
12 63
12 65
12 69
12 72
12 74
12 77
12 81
12 86
12 93
12 96
12 101
12 104
12 109
12 111
12 116
12 117
12 118
12 121
12 122
12 124
12 128
12 135
12 139
12 141
12 147
12 150
12 153
12 157
12 179
12 182
12 192
13 16
13 28
13 35
13 44
13 46
13 51
13 54
13 57
13 67
13 78
13 85
13 90
13 91
13 92
13 95
13 96
13 101
13 104
13 105
13 107
13 109
13 118
13 124
13 144
13 145
13 148
13 151
13 152
13 158
13 166
13 168
13 169
13 173
13 184
13 193
14 15
14 16
14 19
14 21
14 24
14 44
14 45
14 47
14 49
14 56
14 67
14 75
14 80
14 84
14 85
14 95
14 98
14 105
14 111
14 113
14 122
14 126
14 128
14 132
14 145
14 148
14 150
14 161
14 178
14 179
14 182
14 186
14 187
14 188
14 193
14 194
14 195
14 196
14 198
15 19
15 23
15 24
15 27
15 32
15 39
15 52
15 55
15 57
15 62
15 64
15 70
15 81
15 83
15 84
15 87
15 95
15 98
15 104
15 111
15 128
15 130
15 145
15 152
15 160
15 161
15 176
15 184
15 186
15 189
15 191
15 195
15 198
16 21
16 26
16 30
16 34
16 38
16 49
16 61
16 64
16 78
16 89
16 105
16 117
16 128
16 129
16 135
16 149
16 150
16 152
16 154
16 156
16 157
16 164
16 165
16 170
16 183
16 185
16 195
16 198
17 24
17 30
17 32
17 36
17 38
17 43
17 54
17 59
17 65
17 73
17 77
17 78
17 82
17 88
17 100
17 102
17 108
17 114
17 131
17 134
17 139
17 154
17 159
17 167
17 178
17 179
17 182
18 21
18 23
18 25
18 29
18 31
18 35
18 41
18 42
18 43
18 52
18 54
18 55
18 59
18 61
18 65
18 77
18 79
18 82
18 95
18 97
18 98
18 99
18 106
18 111
18 117
18 119
18 126
18 134
18 141
18 144
18 145
18 146
18 147
18 150
18 152
18 154
18 169
18 172
18 173
18 185
18 191
18 195
18 198
18 199
19 22
19 27
19 29
19 32
19 33
19 36
19 45
19 47
19 49
19 51
19 67
19 68
19 72
19 85
19 90
19 111
19 114
19 127
19 132
19 135
19 146
19 147
19 149
19 151
19 157
19 162
19 168
19 175
19 190
19 195
19 198
20 28
20 30
20 32
20 45
20 48
20 55
20 56
20 60
20 70
20 89
20 92
20 95
20 99
20 101
20 109
20 113
20 122
20 123
20 124
20 125
20 127
20 137
20 139
20 146
20 149
20 150
20 158
20 165
20 170
20 178
20 181
20 191
20 198
21 24
21 28
21 33
21 43
21 51
21 61
21 64
21 65
21 68
21 73
21 74
21 75
21 79
21 81
21 83
21 87
21 94
21 106
21 108
21 117
21 118
21 122
21 123
21 126
21 131
21 137
21 143
21 145
21 163
21 166
21 171
21 182
21 192
22 26
22 29
22 35
22 44
22 48
22 53
22 65
22 69
22 71
22 74
22 77
22 78
22 88
22 92
22 103
22 106
22 108
22 116
22 121
22 135
22 136
22 148
22 153
22 164
22 173
22 177
23 25
23 29
23 30
23 36
23 38
23 42
23 43
23 51
23 52
23 55
23 57
23 58
23 65
23 79
23 83
23 90
23 91
23 94
23 100
23 103
23 108
23 122
23 125
23 132
23 134
23 138
23 140
23 148
23 162
23 163
23 165
23 173
23 175
23 182
23 185
23 186
24 32
24 35
24 37
24 41
24 45
24 46
24 47
24 51
24 58
24 63
24 75
24 84
24 87
24 88
24 90
24 92
24 97
24 105
24 106
24 108
24 109
24 115
24 121
24 122
24 123
24 124
24 134
24 141
24 152
24 158
24 160
24 181
24 189
25 27
25 28
25 33
25 37
25 44
25 58
25 66
25 75
25 82
25 89
25 93
25 94
25 102
25 117
25 128
25 134
25 135
25 137
25 138
25 141
25 143
25 147
25 152
25 155
25 163
25 166
25 167
25 168
25 171
25 174
25 178
25 179
25 180
25 184
25 190
25 194
26 29
26 49
26 56
26 60
26 74
26 76
26 77
26 78
26 85
26 86
26 90
26 94
26 101
26 112
26 113
26 114
26 118
26 119
26 126
26 128
26 131
26 133
26 136
26 138
26 145
26 146
26 150
26 153
26 155
26 160
26 161
26 163
26 164
26 165
26 166
26 173
26 185
26 188
26 190
26 191
26 199
27 36
27 43
27 44
27 48
27 49
27 51
27 64
27 67
27 68
27 70
27 71
27 77
27 78
27 82
27 90
27 94
27 95
27 97
27 108
27 110
27 120
27 125
27 133
27 147
27 156
27 159
27 165
27 175
27 179
27 187
27 189
27 190
28 31
28 36
28 39
28 56
28 66
28 68
28 74
28 77
28 82
28 86
28 91
28 96
28 102
28 112
28 116
28 124
28 126
28 133
28 139
28 140
28 144
28 145
28 148
28 154
28 160
28 163
28 167
28 172
28 184
28 198
29 32
29 36
29 37
29 42
29 47
29 52
29 54
29 56
29 62
29 71
29 76
29 87
29 94
29 98
29 108
29 109
29 110
29 115
29 139
29 145
29 147
29 149
29 151
29 152
29 155
29 156
29 178
29 179
29 182
29 185
29 196
30 36
30 40
30 43
30 44
30 46
30 51
30 52
30 53
30 63
30 65
30 70
30 78
30 79
30 80
30 82
30 84
30 88
30 104
30 106
30 108
30 109
30 120
30 127
30 128
30 129
30 136
30 137
30 139
30 141
30 150
30 152
30 153
30 156
30 157
30 177
30 178
30 182
30 185
30 187
30 188
31 36
31 40
31 42
31 44
31 48
31 50
31 54
31 56
31 60
31 62
31 68
31 70
31 75
31 80
31 83
31 99
31 100
31 102
31 103
31 111
31 119
31 121
31 123
31 125
31 126
31 142
31 145
31 148
31 150
31 163
31 164
31 178
31 179
31 183
31 198
32 47
32 49
32 50
32 52
32 54
32 56
32 62
32 70
32 83
32 93
32 97
32 103
32 104
32 105
32 108
32 115
32 118
32 120
32 122
32 123
32 124
32 128
32 136
32 140
32 145
32 151
32 161
32 165
32 169
32 173
32 178
32 179
32 180
32 183
32 185
32 187
32 197
32 199
33 35
33 37
33 38
33 42
33 45
33 48
33 49
33 57
33 63
33 65
33 72
33 75
33 76
33 78
33 91
33 123
33 125
33 132
33 135
33 136
33 145
33 152
33 154
33 163
33 169
33 176
33 181
34 44
34 55
34 58
34 61
34 68
34 73
34 76
34 80
34 92
34 93
34 100
34 102
34 107
34 121
34 134
34 138
34 146
34 147
34 151
34 157
34 159
34 170
34 177
34 181
34 195
35 38
35 41
35 46
35 52
35 62
35 65
35 76
35 77
35 96
35 104
35 114
35 123
35 124
35 125
35 129
35 132
35 134
35 136
35 145
35 158
35 173
35 180
35 189
35 194
35 198
36 49
36 52
36 65
36 73
36 76
36 77
36 79
36 82
36 86
36 91
36 93
36 94
36 98
36 101
36 111
36 130
36 136
36 143
36 149
36 151
36 162
36 168
36 169
36 173
36 177
36 180
36 184
36 188
36 192
36 194
36 199
37 59
37 62
37 63
37 72
37 73
37 81
37 83
37 89
37 90
37 94
37 107
37 108
37 118
37 119
37 120
37 124
37 125
37 127
37 130
37 134
37 145
37 152
37 159
37 162
37 166
37 168
37 172
37 173
37 179
37 183
37 190
37 192
37 195
38 39
38 43
38 68
38 71
38 72
38 74
38 82
38 87
38 99
38 102
38 104
38 107
38 109
38 111
38 112
38 113
38 115
38 120
38 125
38 127
38 142
38 146
38 150
38 153
38 154
38 155
38 160
38 163
38 169
38 173
38 174
38 176
38 177
38 180
38 184
38 185
38 188
38 196
39 41
39 46
39 60
39 61
39 63
39 85
39 90
39 98
39 99
39 116
39 119
39 123
39 127
39 129
39 134
39 147
39 154
39 155
39 170
39 179
39 180
39 184
39 186
39 188
39 190
39 196
40 43
40 44
40 49
40 54
40 59
40 64
40 79
40 86
40 88
40 102
40 105
40 111
40 123
40 124
40 130
40 132
40 133
40 141
40 146
40 150
40 152
40 159
40 162
40 164
40 166
40 169
40 171
40 179
40 181
40 186
40 192
40 193
40 196
40 198
40 199
41 55
41 59
41 72
41 73
41 77
41 79
41 86
41 92
41 106
41 113
41 116
41 121
41 124
41 140
41 141
41 147
41 151
41 157
41 161
41 169
41 177
41 196
42 46
42 47
42 48
42 49
42 53
42 54
42 55
42 59
42 61
42 63
42 65
42 69
42 74
42 75
42 77
42 80
42 93
42 96
42 101
42 104
42 106
42 109
42 110
42 114
42 126
42 129
42 136
42 138
42 144
42 145
42 146
42 151
42 152
42 154
42 155
42 170
42 172
42 181
42 189
42 193
42 196
42 198
43 51
43 57
43 61
43 71
43 93
43 97
43 101
43 106
43 109
43 113
43 123
43 124
43 125
43 128
43 134
43 137
43 139
43 143
43 145
43 146
43 149
43 151
43 159
43 163
43 170
43 172
43 174
43 186
43 191
43 193
43 199
44 50
44 52
44 63
44 67
44 70
44 73
44 78
44 83
44 88
44 89
44 90
44 91
44 93
44 98
44 99
44 103
44 106
44 107
44 110
44 120
44 123
44 131
44 133
44 136
44 139
44 142
44 147
44 155
44 160
44 163
44 164
44 168
44 169
44 171
44 174
44 180
44 184
44 187
44 190
44 191
44 198
45 66
45 69
45 88
45 89
45 94
45 119
45 128
45 130
45 137
45 139
45 150
45 152
45 162
45 163
45 166
45 168
45 179
45 182
45 183
45 187
45 188
45 189
45 190
46 50
46 55
46 62
46 63
46 67
46 72
46 73
46 85
46 89
46 105
46 107
46 111
46 116
46 126
46 128
46 129
46 134
46 138
46 142
46 144
46 148
46 149
46 151
46 161
46 163
46 172
46 174
46 176
46 178
46 180
46 182
46 185
46 187
46 190
46 191
46 195
46 199
47 54
47 56
47 57
47 60
47 65
47 82
47 86
47 90
47 91
47 124
47 126
47 134
47 136
47 139
47 140
47 141
47 150
47 151
47 153
47 155
47 158
47 163
47 168
47 176
47 181
47 193
48 53
48 59
48 61
48 62
48 68
48 70
48 71
48 73
48 80
48 81
48 85
48 95
48 96
48 97
48 99
48 108
48 109
48 113
48 115
48 123
48 137
48 139
48 141
48 144
48 148
48 155
48 166
48 168
48 169
48 171
48 174
48 176
48 181
48 193
49 50
49 51
49 57
49 63
49 66
49 68
49 70
49 72
49 77
49 91
49 92
49 98
49 101
49 104
49 113
49 114
49 116
49 135
49 137
49 148
49 157
49 160
49 163
49 164
49 165
49 166
49 168
49 169
49 171
49 173
49 177
49 178
49 189
49 191
49 192
49 196
50 51
50 56
50 60
50 63
50 68
50 69
50 70
50 78
50 79
50 82
50 88
50 92
50 93
50 97
50 103
50 105
50 110
50 111
50 130
50 132
50 137
50 144
50 147
50 152
50 155
50 156
50 159
50 160
50 166
50 169
50 172
50 173
50 174
50 175
50 176
50 179
50 183
50 186
50 190
50 191
51 57
51 60
51 63
51 79
51 82
51 83
51 84
51 99
51 101
51 104
51 110
51 128
51 129
51 131
51 135
51 139
51 151
51 153
51 178
51 179
51 183
52 53
52 59
52 60
52 63
52 66
52 69
52 70
52 76
52 82
52 90
52 105
52 113
52 123
52 130
52 131
52 135
52 136
52 139
52 144
52 145
52 147
52 149
52 160
52 162
52 163
52 168
52 181
52 196
53 54
53 66
53 67
53 76
53 80
53 85
53 87
53 103
53 110
53 120
53 124
53 131
53 133
53 138
53 141
53 150
53 161
53 171
53 175
53 180
53 185
53 189
53 190
53 191
53 196
53 197
54 56
54 61
54 73
54 74
54 81
54 91
54 102
54 107
54 116
54 123
54 128
54 129
54 130
54 134
54 137
54 143
54 146
54 151
54 156
54 176
54 181
54 191
55 57
55 62
55 63
55 66
55 67
55 68
55 80
55 83
55 86
55 91
55 95
55 97
55 103
55 109
55 114
55 118
55 123
55 125
55 135
55 139
55 147
55 156
55 159
55 167
55 173
55 177
55 182
55 193
55 195
56 59
56 60
56 63
56 73
56 78
56 79
56 86
56 87
56 107
56 110
56 122
56 123
56 124
56 128
56 145
56 148
56 159
56 172
56 174
56 178
56 179
56 180
56 182
57 58
57 61
57 65
57 81
57 83
57 90
57 103
57 110
57 113
57 119
57 130
57 132
57 137
57 144
57 147
57 150
57 154
57 155
57 156
57 161
57 162
57 186
57 197
57 198
57 199
58 60
58 62
58 64
58 66
58 74
58 75
58 78
58 90
58 94
58 95
58 97
58 112
58 127
58 131
58 136
58 137
58 138
58 139
58 143
58 144
58 147
58 151
58 154
58 156
58 158
58 170
58 172
58 182
58 186
58 188
58 190
58 192
58 194
58 198
59 65
59 76
59 79
59 85
59 88
59 94
59 102
59 106
59 107
59 123
59 131
59 133
59 141
59 142
59 143
59 156
59 158
59 163
59 167
59 177
59 178
60 69
60 72
60 80
60 82
60 84
60 91
60 93
60 107
60 108
60 112
60 117
60 129
60 130
60 137
60 138
60 140
60 143
60 145
60 151
60 153
60 156
60 168
60 169
60 173
60 174
60 176
60 177
60 179
60 181
60 183
60 186
60 194
61 65
61 67
61 74
61 83
61 87
61 89
61 94
61 99
61 105
61 107
61 110
61 111
61 114
61 116
61 117
61 118
61 128
61 129
61 130
61 131
61 133
61 135
61 139
61 154
61 157
61 162
61 163
61 177
61 190
61 193
61 196
61 197
62 63
62 66
62 68
62 74
62 85
62 87
62 88
62 92
62 107
62 113
62 118
62 120
62 122
62 130
62 133
62 136
62 137
62 138
62 140
62 143
62 149
62 160
62 164
62 170
62 172
62 178
62 182
62 190
62 191
63 75
63 90
63 97
63 103
63 104
63 105
63 108
63 111
63 120
63 121
63 136
63 138
63 146
63 152
63 168
63 177
63 185
63 188
63 199
64 95
64 103
64 105
64 108
64 111
64 115
64 118
64 119
64 120
64 121
64 130
64 132
64 140
64 146
64 148
64 151
64 155
64 159
64 161
64 162
64 163
64 168
64 169
64 172
64 173
64 177
64 187
64 188
64 191
64 192
64 194
64 196
64 199
65 68
65 69
65 77
65 80
65 81
65 82
65 85
65 89
65 93
65 105
65 108
65 109
65 113
65 120
65 125
65 130
65 131
65 137
65 143
65 146
65 147
65 149
65 151
65 154
65 157
65 158
65 160
65 166
65 170
65 180
65 189
66 69
66 70
66 71
66 75
66 77
66 91
66 92
66 97
66 105
66 110
66 126
66 133
66 139
66 144
66 145
66 149
66 155
66 161
66 164
66 166
66 167
66 168
66 169
66 177
66 178
66 192
66 193
66 198
67 69
67 71
67 78
67 82
67 87
67 88
67 91
67 92
67 101
67 114
67 119
67 121
67 123
67 132
67 139
67 145
67 155
67 156
67 158
67 160
67 161
67 168
67 170
67 181
67 187
67 195
67 196
67 197
68 72
68 76
68 81
68 84
68 87
68 97
68 100
68 105
68 114
68 122
68 124
68 129
68 132
68 134
68 140
68 150
68 153
68 155
68 168
68 174
68 175
68 177
68 178
68 182
68 190
68 191
68 193
68 194
68 195
69 75
69 79
69 81
69 82
69 86
69 87
69 92
69 94
69 95
69 101
69 111
69 114
69 116
69 124
69 131
69 132
69 143
69 144
69 148
69 151
69 159
69 160
69 161
69 182
69 186
69 189
69 190
69 192
69 197
69 198
70 72
70 75
70 88
70 90
70 94
70 96
70 100
70 111
70 113
70 114
70 116
70 119
70 124
70 126
70 130
70 133
70 140
70 143
70 146
70 148
70 154
70 156
70 171
70 173
70 179
70 180
70 188
70 196
71 73
71 84
71 86
71 87
71 88
71 95
71 107
71 108
71 109
71 111
71 112
71 116
71 120
71 121
71 130
71 132
71 136
71 144
71 150
71 153
71 156
71 167
71 172
71 183
71 193
71 199
72 76
72 94
72 97
72 105
72 108
72 110
72 112
72 128
72 133
72 143
72 144
72 153
72 154
72 155
72 169
72 178
72 192
72 196
72 199
73 74
73 79
73 80
73 81
73 87
73 92
73 94
73 116
73 119
73 123
73 128
73 129
73 148
73 153
73 169
73 173
73 174
73 176
73 177
73 178
74 76
74 79
74 90
74 93
74 98
74 100
74 101
74 120
74 122
74 129
74 132
74 133
74 134
74 137
74 139
74 146
74 153
74 158
74 165
74 166
74 169
74 170
74 177
74 178
74 184
74 185
74 186
74 191
74 195
74 196
75 81
75 82
75 89
75 103
75 109
75 110
75 117
75 121
75 129
75 130
75 140
75 144
75 151
75 154
75 180
75 182
75 185
75 186
75 197
76 83
76 87
76 88
76 91
76 111
76 112
76 113
76 118
76 121
76 135
76 142
76 154
76 157
76 173
76 176
76 190
76 196
77 79
77 82
77 84
77 92
77 99
77 102
77 108
77 109
77 115
77 119
77 124
77 132
77 143
77 151
77 155
77 158
77 159
77 161
77 167
77 177
77 179
77 183
77 185
77 187
77 189
77 191
77 197
78 81
78 99
78 101
78 107
78 112
78 128
78 129
78 130
78 131
78 135
78 152
78 154
78 157
78 159
78 162
78 164
78 165
78 169
78 172
78 176
78 188
78 189
78 191
79 87
79 106
79 109
79 111
79 114
79 121
79 125
79 126
79 148
79 149
79 165
79 183
80 84
80 87
80 90
80 94
80 96
80 98
80 99
80 106
80 107
80 110
80 115
80 117
80 121
80 122
80 126
80 127
80 128
80 129
80 133
80 134
80 144
80 146
80 155
80 159
80 164
80 172
80 177
80 183
80 185
80 190
80 193
81 92
81 99
81 112
81 113
81 120
81 127
81 132
81 144
81 160
81 163
81 166
81 175
81 177
81 178
81 180
81 188
81 190
82 85
82 89
82 90
82 98
82 99
82 106
82 109
82 112
82 115
82 117
82 119
82 121
82 132
82 140
82 157
82 166
82 168
82 170
82 179
82 190
82 191
82 196
83 86
83 90
83 101
83 109
83 113
83 115
83 119
83 134
83 147
83 148
83 152
83 153
83 154
83 156
83 157
83 159
83 165
83 169
83 172
83 173
83 180
83 184
83 186
83 194
84 93
84 97
84 101
84 113
84 115
84 120
84 125
84 129
84 134
84 136
84 145
84 146
84 156
84 158
84 167
84 175
84 182
84 189
84 190
85 95
85 97
85 105
85 106
85 107
85 116
85 128
85 129
85 134
85 138
85 144
85 147
85 149
85 153
85 156
85 164
85 166
85 180
85 184
85 194
85 196
86 87
86 98
86 110
86 112
86 118
86 119
86 137
86 140
86 148
86 154
86 155
86 160
86 162
86 169
86 173
86 175
86 178
86 185
86 193
86 195
86 196
86 198
87 95
87 98
87 110
87 122
87 123
87 125
87 126
87 127
87 132
87 133
87 147
87 149
87 152
87 157
87 161
87 163
87 165
87 176
87 179
87 181
87 192
88 89
88 91
88 99
88 101
88 106
88 114
88 115
88 122
88 123
88 130
88 136
88 148
88 151
88 158
88 159
88 160
88 163
88 167
88 170
88 175
88 182
89 101
89 104
89 106
89 110
89 119
89 125
89 135
89 136
89 139
89 142
89 144
89 148
89 153
89 168
89 176
89 177
89 184
89 188
90 96
90 108
90 113
90 117
90 122
90 125
90 142
90 143
90 152
90 154
90 161
90 163
90 172
90 173
90 174
90 175
90 176
90 183
90 188
90 189
90 190
90 194
90 197
90 199
91 92
91 96
91 103
91 104
91 113
91 119
91 125
91 126
91 130
91 134
91 139
91 141
91 142
91 147
91 153
91 156
91 161
91 166
91 167
91 175
91 178
91 188
91 189
92 111
92 113
92 114
92 119
92 121
92 122
92 125
92 137
92 139
92 144
92 151
92 156
92 158
92 160
92 165
92 166
92 168
92 170
92 176
92 178
92 182
92 183
92 187
92 190
92 191
93 98
93 101
93 105
93 106
93 109
93 112
93 117
93 127
93 128
93 142
93 144
93 153
93 154
93 165
93 169
93 173
93 180
93 185
93 187
93 192
93 199
94 112
94 113
94 114
94 118
94 120
94 124
94 126
94 131
94 136
94 141
94 145
94 157
94 160
94 168
94 173
94 174
94 182
94 188
94 198
95 99
95 100
95 104
95 105
95 106
95 111
95 114
95 115
95 130
95 132
95 137
95 142
95 143
95 150
95 153
95 158
95 166
95 175
95 181
95 188
95 192
95 197
95 199
96 98
96 101
96 102
96 112
96 114
96 116
96 118
96 127
96 132
96 146
96 149
96 155
96 166
96 167
96 169
96 173
96 186
96 187
96 191
96 192
96 194
96 195
96 198
97 98
97 113
97 126
97 128
97 129
97 141
97 146
97 151
97 155
97 156
97 158
97 161
97 162
97 166
97 178
97 181
97 189
97 191
97 195
98 99
98 112
98 118
98 127
98 129
98 141
98 149
98 154
98 167
98 168
98 174
98 176
98 179
98 181
98 183
98 190
98 192
99 102
99 107
99 109
99 114
99 126
99 132
99 134
99 141
99 143
99 146
99 149
99 150
99 152
99 154
99 157
99 161
99 168
99 178
99 180
99 186
99 191
99 195
99 196
99 199
100 102
100 109
100 121
100 130
100 134
100 137
100 138
100 139
100 158
100 167
100 170
100 171
100 181
100 184
100 189
100 193
101 102
101 104
101 105
101 109
101 117
101 139
101 149
101 156
101 158
101 160
101 162
101 163
101 167
101 170
101 172
101 175
101 179
101 184
101 195
101 198
102 113
102 114
102 117
102 121
102 123
102 126
102 127
102 133
102 136
102 137
102 145
102 157
102 159
102 178
102 181
102 186
102 190
102 193
102 199
103 104
103 117
103 119
103 122
103 124
103 128
103 134
103 142
103 145
103 148
103 152
103 154
103 155
103 160
103 166
103 167
103 171
103 173
103 174
103 185
103 196
103 197
103 198
104 112
104 115
104 117
104 119
104 121
104 130
104 132
104 150
104 154
104 157
104 158
104 168
104 172
104 177
104 183
104 187
104 198
104 199
105 106
105 113
105 119
105 128
105 130
105 131
105 139
105 143
105 151
105 158
105 163
105 167
105 171
105 172
105 179
105 181
105 183
105 187
105 189
105 193
106 108
106 110
106 113
106 115
106 119
106 124
106 127
106 129
106 137
106 142
106 146
106 147
106 151
106 160
106 163
106 164
106 166
106 172
106 174
106 183
106 184
106 185
106 190
106 194
106 196
106 198
107 110
107 112
107 114
107 119
107 128
107 131
107 134
107 136
107 143
107 147
107 154
107 156
107 158
107 159
107 160
107 165
107 169
107 187
107 195
108 115
108 130
108 138
108 148
108 153
108 154
108 165
108 166
108 169
108 172
108 180
108 187
108 192
108 193
109 125
109 127
109 140
109 147
109 148
109 149
109 152
109 159
109 161
109 164
109 168
109 171
109 176
109 180
109 184
109 185
109 191
109 193
110 113
110 120
110 122
110 126
110 128
110 129
110 133
110 142
110 143
110 154
110 156
110 160
110 167
110 172
110 175
110 186
110 196
111 118
111 122
111 123
111 128
111 131
111 140
111 144
111 146
111 150
111 155
111 159
111 187
111 188
111 189
111 197
112 113
112 116
112 122
112 123
112 124
112 136
112 141
112 146
112 148
112 156
112 158
112 159
112 162
112 163
112 176
112 179
112 181
112 187
112 193
113 116
113 120
113 127
113 129
113 134
113 136
113 138
113 142
113 148
113 151
113 163
113 166
113 182
113 184
113 190
113 191
113 193
113 194
113 198
114 117
114 122
114 128
114 132
114 138
114 139
114 147
114 151
114 153
114 162
114 168
114 174
114 177
114 180
114 189
115 121
115 125
115 126
115 133
115 146
115 157
115 160
115 162
115 164
115 173
115 179
115 186
115 190
115 191
116 124
116 133
116 135
116 142
116 150
116 152
116 164
116 176
116 179
116 189
116 194
116 197
117 123
117 126
117 130
117 131
117 134
117 135
117 156
117 158
117 165
117 168
117 177
117 180
117 181
117 186
117 187
117 192
117 193
117 196
117 198
118 122
118 130
118 137
118 138
118 142
118 145
118 146
118 153
118 158
118 163
118 170
118 173
118 179
118 180
118 183
118 194
118 196
119 120
119 132
119 136
119 137
119 140
119 143
119 147
119 148
119 152
119 154
119 158
119 163
119 165
119 168
119 170
119 189
119 197
120 121
120 125
120 131
120 133
120 137
120 146
120 153
120 156
120 158
120 163
120 178
120 179
120 180
120 184
120 188
120 192
120 193
120 199
121 134
121 140
121 153
121 159
121 161
121 168
121 177
121 181
121 183
121 185
121 190
121 196
122 126
122 129
122 132
122 137
122 140
122 145
122 148
122 160
122 172
122 174
122 186
122 190
122 199
123 127
123 128
123 129
123 130
123 131
123 132
123 137
123 146
123 147
123 149
123 153
123 156
123 158
123 161
123 176
123 192
123 195
124 129
124 132
124 134
124 135
124 142
124 145
124 148
124 154
124 157
124 158
124 161
124 165
124 170
124 174
124 178
124 183
124 189
124 192
124 198
125 129
125 130
125 133
125 138
125 140
125 142
125 148
125 150
125 151
125 153
125 159
125 175
125 197
126 131
126 133
126 137
126 140
126 145
126 150
126 158
126 169
126 170
126 179
126 180
127 150
127 171
127 176
127 179
127 184
127 193
127 197
128 130
128 134
128 137
128 142
128 149
128 150
128 154
128 156
128 157
128 164
128 174
128 178
128 183
128 185
128 186
128 188
128 191
128 196
128 198
129 135
129 137
129 138
129 139
129 147
129 148
129 153
129 157
129 165
129 172
129 176
129 177
129 183
129 189
129 191
129 199
130 133
130 136
130 152
130 155
130 156
130 157
130 161
130 162
130 165
130 168
130 187
130 196
130 197
130 198
131 133
131 141
131 147
131 154
131 160
131 169
131 172
131 173
131 176
131 177
131 180
131 183
131 185
131 189
131 191
131 193
131 196
131 199
132 136
132 139
132 144
132 150
132 159
132 162
132 163
132 170
132 171
132 173
132 181
132 188
132 190
132 192
132 194
132 196
133 135
133 138
133 158
133 159
133 168
133 170
133 181
133 188
133 192
133 198
133 199
134 139
134 142
134 153
134 155
134 157
134 159
134 163
134 177
134 190
134 192
134 193
134 194
134 198
135 146
135 155
135 158
135 161
135 162
135 164
135 170
135 174
135 175
135 180
135 198
135 199
136 138
136 139
136 141
136 147
136 151
136 155
136 160
136 163
136 167
136 168
136 169
136 180
136 183
136 194
137 141
137 145
137 146
137 160
137 167
137 170
137 177
137 185
137 191
137 196
137 197
137 199
138 139
138 143
138 144
138 146
138 147
138 149
138 151
138 160
138 168
138 171
138 172
138 174
138 176
138 184
138 192
138 194
139 140
139 143
139 149
139 164
139 171
139 177
139 178
139 184
139 198
140 141
140 154
140 159
140 162
140 166
140 171
140 177
140 183
140 188
140 194
140 196
140 197
141 147
141 150
141 153
141 154
141 156
141 162
141 163
141 164
141 170
141 173
141 175
141 177
141 181
141 183
141 190
141 196
142 153
142 159
142 173
142 181
142 187
142 188
142 189
142 195
142 197
143 145
143 146
143 149
143 152
143 154
143 162
143 172
143 187
143 195
143 196
144 145
144 147
144 152
144 158
144 163
144 171
144 178
144 179
144 182
144 184
144 185
144 186
144 193
144 194
144 196
145 151
145 152
145 158
145 162
145 164
145 177
145 181
145 182
145 186
145 188
145 191
145 196
145 197
146 150
146 153
146 168
146 173
146 190
147 158
147 169
147 174
147 178
147 189
147 190
147 191
147 194
148 158
148 168
148 171
148 176
148 186
148 192
148 193
148 194
149 152
149 166
149 168
149 177
149 180
149 182
149 193
149 194
150 154
150 159
150 161
150 162
150 164
150 190
150 194
150 198
151 161
151 170
151 181
151 196
151 197
152 157
152 161
152 166
152 167
152 171
152 173
152 176
152 177
152 183
152 186
152 195
153 164
153 167
153 168
153 170
153 175
153 180
153 190
153 192
153 194
154 155
154 160
154 164
154 169
154 171
154 177
154 184
154 196
155 159
155 161
155 165
155 166
155 169
155 172
155 182
155 186
155 195
156 160
156 161
156 162
156 163
156 169
156 172
156 181
156 183
156 184
156 191
156 192
156 198
157 166
157 168
157 181
157 184
157 187
157 188
158 161
158 162
158 166
158 172
158 181
158 182
158 183
158 190
158 193
158 197
159 163
159 165
159 167
159 171
159 173
159 174
159 181
159 189
160 161
160 168
160 174
160 183
160 185
160 190
160 191
160 194
160 196
161 171
161 172
161 174
161 178
161 179
161 182
161 183
161 188
161 189
161 191
161 192
161 194
161 197
161 198
162 163
162 167
162 174
162 182
162 190
162 194
163 165
163 172
163 178
164 166
164 167
164 168
164 174
164 178
164 179
164 180
164 192
164 195
164 198
165 166
165 172
165 176
165 183
165 188
165 198
166 171
166 173
166 177
166 185
166 186
166 188
166 194
167 175
167 178
167 185
167 186
167 195
168 169
168 170
168 171
168 173
168 175
168 183
168 184
168 187
168 189
168 195
169 171
169 172
169 179
169 183
169 193
170 174
170 177
171 184
171 196
171 198
171 199
172 176
172 177
172 191
172 196
173 190
173 191
173 192
173 195
173 196
173 197
173 198
174 176
174 180
174 182
174 183
174 185
174 186
174 190
174 196
174 197
174 198
175 181
175 183
175 186
175 190
175 191
175 196
176 183
176 184
176 185
176 197
177 186
177 195
177 199
178 186
178 193
179 180
179 182
179 185
179 187
180 181
180 183
180 198
181 182
181 185
181 189
181 195
181 196
182 190
182 194
183 188
183 189
183 196
184 185
184 192
184 198
184 199
185 191
185 192
186 193
187 192
187 197
188 189
188 191
188 193
190 193
190 197
190 199
191 195
192 195
192 198
193 197
194 199
195 196
198 199

1 1 1 0 1 0 0 1 1 1 0 1 0 1 0 0 0 1 1 0 1 0 1 1 1 0 0 0 0 0 1 1 1 1 0 0 1 0 0 1 1 0 1 0 0 1 0 1 1 1 0 1 0 1 1 0 0 0 1 1 1 1 1 0 1 0 1 0 0 1 1 1 0 1 0 0 1 0 1 0 1 0 0 1 1 0 0 1 1 0 0 0 0 1 1 0 1 0 1 1 1 0 1 0 1 0 1 1 0 0 1 1 0 1 0 1 0 0 0 1 1 1 0 0 0 1 0 0 0 1 1 0 0 1 0 1 1 1 0 0 0 0 0 1 0 0 1 1 0 1 0 1 0 0 1 0 1 1 0 1 1 0 1 0 1 0 0 1 0 0 1 0 1 0 0 1 1 0 1 1 1 0 1 1 1 0 0 1 0 0 0 1 1 0 0 1 1 0 0 0