100 230
0 1 2 3 4 5 6 7 8 9 10 11 12 13 14 15 16 17 18 19 20 21 22 23 24 25 26 27 28 29 30 31 32 33 34 35 36 37 38 39 40 41 42 43 44 45 46 47 48 49 50 51 52 53 54 55 56 57 58 59 60 61 62 63 64 65 66 67 68 69 70 71 72 73 74 75 76 77 78 79 80 81 82 83 84 85 86 87 88 89 90 91 92 93 94 95 96 97 98 99
0 11
0 31
0 32
0 44
0 51
0 59
0 66
0 75
1 18
1 20
1 29
1 30
1 49
1 59
1 96
2 63
2 88
2 94
3 46
3 57
3 61
3 97
4 8
4 13
4 18
4 47
4 98
5 6
5 26
5 42
5 81
6 22
6 38
7 18
7 20
7 28
7 49
7 86
7 88
8 21
8 39
8 46
8 71
8 91
9 11
9 23
9 65
9 77
9 88
10 44
11 19
11 41
11 49
11 78
12 55
12 74
12 78
12 80
13 27
13 39
13 41
14 22
15 38
15 66
15 88
16 24
16 32
16 41
16 78
17 25
17 75
17 77
18 60
18 72
18 81
18 85
19 54
19 99
20 37
20 52
20 60
20 86
20 90
21 36
21 94
22 39
22 65
22 82
22 97
23 25
23 38
23 43
23 47
23 70
23 72
23 79
23 94
24 40
24 41
24 69
24 71
24 85
25 26
25 55
25 61
25 63
26 80
27 31
28 31
28 40
28 41
28 90
28 98
29 56
29 80
30 38
30 50
30 80
31 44
31 77
31 83
32 60
32 71
32 78
32 93
33 37
33 63
33 67
34 37
34 48
34 64
34 82
35 49
35 66
35 82
36 44
36 58
36 75
37 52
37 80
38 62
38 64
38 71
38 90
38 91
38 96
39 43
39 60
39 70
40 50
40 55
40 60
40 78
40 96
41 47
41 58
41 76
41 78
41 89
41 94
42 71
42 82
43 51
43 52
43 81
43 85
44 51
44 96
45 48
45 54
45 58
45 73
46 61
47 67
49 76
49 80
50 79
51 75
52 58
52 95
52 97
53 56
53 61
53 72
53 77
54 69
55 77
55 82
56 82
56 84
56 89
57 58
57 80
58 81
58 91
59 66
59 70
59 88
60 76
61 89
62 67
62 96
63 67
63 81
63 88
63 98
64 68
64 79
65 85
66 84
66 91
67 89
67 98
69 91
72 86
73 75
73 95
73 96
74 82
76 92
77 88
80 97
84 88
84 92
84 99
85 92
86 92
88 99
89 95
89 99

1 1 0 1 1 1 0 1 1 1 0 1 1 0 1 0 1 0 0 1 1 1 1 0 0 0 0 0 1 1 1 1 1 0 1 0 0 0 0 0 1 1 1 1 0 1 1 1 0 0 1 0 0 0 0 1 0 0 0 0 0 0 0 0 1 0 0 1 0 1 0 1 1 1 0 0 1 1 1 1 1 0 0 1 0 0 1 1 0 0 0 1 1 0 0 1 0 0 1 1