150 2262
0 1 2 3 4 5 6 7 8 9 10 11 12 13 14 15 16 17 18 19 20 21 22 23 24 25 26 27 28 29 30 31 32 33 34 35 36 37 38 39 40 41 42 43 44 45 46 47 48 49 50 51 52 53 54 55 56 57 58 59 60 61 62 63 64 65 66 67 68 69 70 71 72 73 74 75 76 77 78 79 80 81 82 83 84 85 86 87 88 89 90 91 92 93 94 95 96 97 98 99 100 101 102 103 104 105 106 107 108 109 110 111 112 113 114 115 116 117 118 119 120 121 122 123 124 125 126 127 128 129 130 131 132 133 134 135 136 137 138 139 140 141 142 143 144 145 146 147 148 149
0 6
0 15
0 18
0 21
0 22
0 27
0 45
0 46
0 49
0 58
0 62
0 63
0 68
0 74
0 76
0 86
0 112
0 126
0 128
0 135
0 137
0 138
0 146
1 3
1 16
1 21
1 24
1 32
1 50
1 58
1 64
1 67
1 71
1 72
1 73
1 74
1 75
1 89
1 90
1 99
1 101
1 102
1 106
1 112
1 115
1 123
1 128
1 136
1 137
1 140
2 6
2 9
2 10
2 12
2 13
2 17
2 22
2 30
2 37
2 41
2 43
2 49
2 51
2 52
2 57
2 59
2 61
2 64
2 65
2 69
2 76
2 80
2 85
2 91
2 93
2 114
2 118
2 120
2 123
2 129
2 133
2 135
2 136
2 141
2 143
2 148
3 13
3 20
3 38
3 47
3 56
3 60
3 63
3 64
3 70
3 72
3 79
3 80
3 87
3 89
3 91
3 92
3 93
3 114
3 117
3 119
3 128
3 129
3 138
3 145
3 146
4 7
4 10
4 11
4 32
4 34
4 56
4 57
4 72
4 81
4 83
4 89
4 92
4 94
4 98
4 100
4 102
4 105
4 111
4 119
4 120
4 134
4 136
4 137
4 147
4 148
5 14
5 16
5 20
5 22
5 23
5 28
5 39
5 45
5 47
5 49
5 50
5 61
5 62
5 63
5 64
5 71
5 88
5 89
5 95
5 98
5 101
5 102
5 104
5 108
5 112
5 132
5 133
5 140
5 142
6 8
6 10
6 13
6 17
6 19
6 20
6 21
6 25
6 35
6 37
6 43
6 48
6 57
6 59
6 62
6 65
6 66
6 70
6 72
6 74
6 82
6 84
6 91
6 97
6 108
6 118
6 127
6 128
6 134
6 135
6 139
6 144
7 12
7 15
7 16
7 23
7 31
7 32
7 43
7 63
7 64
7 65
7 70
7 77
7 85
7 93
7 95
7 101
7 105
7 108
7 114
7 116
7 117
7 118
7 125
7 127
7 128
7 132
7 133
7 137
8 10
8 11
8 16
8 25
8 26
8 27
8 32
8 33
8 37
8 38
8 40
8 43
8 48
8 53
8 58
8 63
8 68
8 70
8 71
8 74
8 75
8 79
8 84
8 85
8 93
8 97
8 104
8 115
8 117
8 121
8 122
8 125
8 131
8 136
8 143
8 144
8 146
9 10
9 26
9 30
9 36
9 40
9 48
9 51
9 52
9 55
9 60
9 65
9 66
9 69
9 70
9 80
9 82
9 86
9 87
9 88
9 97
9 99
9 101
9 123
9 124
9 125
9 130
9 131
9 132
9 133
9 138
9 149
10 11
10 18
10 19
10 21
10 34
10 40
10 43
10 58
10 62
10 71
10 79
10 82
10 84
10 96
10 97
10 100
10 108
10 112
10 118
10 122
10 137
10 140
11 12
11 13
11 16
11 17
11 19
11 21
11 26
11 28
11 33
11 42
11 53
11 57
11 59
11 69
11 73
11 74
11 78
11 79
11 80
11 82
11 83
11 97
11 99
11 103
11 104
11 106
11 111
11 112
11 117
11 123
11 127
11 128
11 130
11 133
11 135
11 143
11 145
12 20
12 21
12 29
12 31
12 42
12 46
12 47
12 48
12 51
12 59
12 68
12 70
12 73
12 78
12 84
12 92
12 99
12 102
12 104
12 105
12 108
12 112
12 115
12 117
12 118
12 127
12 133
12 147
12 148
13 17
13 18
13 20
13 21
13 23
13 25
13 34
13 46
13 47
13 55
13 61
13 62
13 63
13 65
13 72
13 74
13 75
13 81
13 87
13 93
13 100
13 101
13 103
13 116
13 119
13 129
13 135
13 137
13 138
13 139
13 146
13 147
14 16
14 37
14 39
14 48
14 52
14 55
14 59
14 64
14 65
14 72
14 81
14 90
14 96
14 97
14 98
14 99
14 102
14 103
14 104
14 113
14 115
14 117
14 118
14 119
14 126
14 131
14 134
14 137
14 139
14 142
14 143
14 149
15 18
15 23
15 28
15 39
15 40
15 41
15 45
15 51
15 71
15 81
15 92
15 93
15 100
15 108
15 113
15 119
15 120
15 122
15 124
15 133
15 139
15 146
15 147
15 148
16 20
16 29
16 36
16 39
16 40
16 53
16 59
16 65
16 66
16 68
16 73
16 79
16 86
16 95
16 113
16 120
16 128
16 135
16 137
16 141
16 145
17 18
17 22
17 23
17 27
17 31
17 45
17 46
17 59
17 60
17 64
17 65
17 70
17 71
17 75
17 78
17 81
17 86
17 87
17 95
17 97
17 103
17 109
17 117
17 129
17 133
17 137
17 139
18 19
18 23
18 40
18 44
18 50
18 72
18 80
18 83
18 86
18 87
18 89
18 92
18 94
18 97
18 101
18 104
18 111
18 115
18 118
18 122
18 130
18 131
18 133
18 134
18 138
18 139
18 141
19 26
19 27
19 30
19 42
19 44
19 54
19 57
19 58
19 63
19 68
19 71
19 73
19 85
19 86
19 88
19 92
19 96
19 109
19 110
19 119
19 120
19 121
19 123
19 133
19 141
19 147
19 149
20 21
20 28
20 30
20 31
20 38
20 42
20 45
20 56
20 62
20 69
20 71
20 77
20 78
20 81
20 89
20 91
20 96
20 111
20 115
20 122
20 123
20 128
20 135
20 138
20 140
21 35
21 39
21 42
21 45
21 48
21 56
21 62
21 69
21 71
21 72
21 73
21 74
21 76
21 82
21 83
21 89
21 92
21 100
21 108
21 109
21 110
21 121
21 124
21 127
21 138
22 24
22 28
22 34
22 58
22 59
22 63
22 66
22 70
22 71
22 73
22 74
22 79
22 81
22 88
22 92
22 95
22 98
22 109
22 112
22 118
22 120
22 122
22 126
22 132
22 143
22 149
23 28
23 44
23 50
23 53
23 64
23 65
23 66
23 70
23 72
23 76
23 80
23 82
23 97
23 98
23 99
23 102
23 104
23 113
23 114
23 116
23 123
23 127
23 129
23 134
23 145
23 147
23 149
24 37
24 38
24 40
24 43
24 45
24 53
24 67
24 68
24 69
24 73
24 76
24 92
24 94
24 104
24 107
24 108
24 117
24 122
24 127
24 130
24 131
24 132
24 148
24 149
25 26
25 32
25 35
25 36
25 41
25 43
25 44
25 45
25 50
25 52
25 58
25 73
25 81
25 85
25 90
25 96
25 97
25 102
25 103
25 105
25 107
25 113
25 115
25 122
25 124
25 132
25 145
25 149
26 28
26 34
26 36
26 38
26 49
26 55
26 61
26 62
26 63
26 65
26 66
26 78
26 88
26 102
26 107
26 111
26 115
26 117
26 118
26 125
26 130
26 142
26 148
27 30
27 35
27 37
27 38
27 39
27 40
27 43
27 44
27 46
27 49
27 56
27 59
27 79
27 82
27 91
27 95
27 99
27 103
27 105
27 109
27 111
27 123
27 124
27 129
27 140
27 146
27 149
28 32
28 39
28 42
28 43
28 46
28 47
28 51
28 57
28 58
28 63
28 64
28 70
28 76
28 77
28 78
28 97
28 100
28 106
28 108
28 110
28 125
28 135
28 139
28 145
28 146
29 30
29 35
29 39
29 46
29 47
29 49
29 54
29 64
29 75
29 82
29 85
29 86
29 88
29 93
29 94
29 99
29 100
29 103
29 111
29 115
29 126
29 127
29 132
29 139
29 146
29 147
30 39
30 40
30 41
30 42
30 43
30 44
30 54
30 61
30 72
30 79
30 83
30 93
30 104
30 105
30 106
30 111
30 113
30 129
30 132
30 133
30 147
31 33
31 40
31 41
31 42
31 48
31 50
31 55
31 63
31 65
31 73
31 74
31 80
31 82
31 85
31 89
31 96
31 97
31 101
31 102
31 111
31 113
31 116
31 119
31 121
31 127
31 131
31 134
31 137
31 138
31 139
31 143
31 146
32 36
32 38
32 60
32 62
32 64
32 67
32 75
32 76
32 80
32 102
32 108
32 110
32 112
32 113
32 119
32 124
32 126
32 128
32 138
32 142
32 147
33 41
33 45
33 46
33 48
33 54
33 57
33 60
33 83
33 84
33 85
33 86
33 87
33 88
33 94
33 99
33 115
33 130
33 140
33 144
34 38
34 42
34 50
34 52
34 66
34 74
34 75
34 92
34 95
34 97
34 107
34 112
34 116
34 120
34 121
34 124
34 125
34 127
34 142
34 143
34 147
34 149
35 36
35 53
35 56
35 66
35 68
35 76
35 79
35 80
35 87
35 91
35 97
35 101
35 109
35 110
35 112
35 113
35 117
35 118
35 122
35 145
36 38
36 50
36 56
36 64
36 69
36 80
36 81
36 85
36 92
36 93
36 97
36 101
36 105
36 106
36 112
36 121
36 123
36 131
36 134
36 136
36 140
36 142
36 144
36 145
36 149
37 40
37 41
37 46
37 49
37 50
37 61
37 64
37 68
37 71
37 83
37 86
37 87
37 90
37 94
37 99
37 102
37 114
37 120
37 124
37 125
37 135
37 137
37 138
37 140
37 148
38 40
38 42
38 43
38 46
38 47
38 50
38 56
38 57
38 59
38 65
38 71
38 73
38 77
38 79
38 80
38 83
38 84
38 88
38 92
38 95
38 98
38 105
38 108
38 111
38 115
38 117
38 120
38 126
38 134
38 138
39 41
39 42
39 43
39 44
39 56
39 57
39 62
39 64
39 69
39 87
39 89
39 100
39 103
39 107
39 108
39 111
39 114
39 115
39 116
39 128
39 135
39 136
39 138
39 142
39 147
40 43
40 45
40 51
40 67
40 72
40 77
40 79
40 81
40 87
40 90
40 91
40 96
40 97
40 102
40 103
40 113
40 117
40 123
40 124
40 130
40 132
40 133
40 134
40 135
40 143
41 44
41 49
41 52
41 58
41 60
41 80
41 83
41 85
41 91
41 93
41 94
41 100
41 102
41 103
41 110
41 113
41 115
41 127
41 140
41 142
41 147
42 43
42 45
42 47
42 72
42 73
42 74
42 77
42 80
42 81
42 92
42 105
42 109
42 113
42 125
42 127
42 132
42 133
42 146
43 49
43 58
43 67
43 76
43 79
43 82
43 85
43 92
43 93
43 99
43 101
43 117
43 121
43 148
44 49
44 55
44 56
44 59
44 64
44 69
44 70
44 74
44 76
44 79
44 84
44 89
44 101
44 102
44 104
44 114
44 115
44 118
44 121
44 123
44 126
44 130
44 139
44 143
44 144
45 47
45 58
45 59
45 60
45 67
45 84
45 88
45 94
45 99
45 101
45 107
45 109
45 116
45 134
45 136
45 137
45 143
46 48
46 49
46 59
46 64
46 68
46 72
46 76
46 79
46 88
46 90
46 94
46 100
46 104
46 113
46 116
46 118
46 132
46 133
46 134
46 143
46 149
47 48
47 50
47 57
47 60
47 69
47 76
47 79
47 83
47 86
47 89
47 91
47 92
47 94
47 97
47 102
47 103
47 104
47 107
47 113
47 116
47 118
47 124
47 134
47 141
47 144
47 147
48 50
48 52
48 57
48 58
48 68
48 69
48 72
48 77
48 84
48 87
48 90
48 92
48 97
48 105
48 106
48 107
48 111
48 114
48 122
48 124
48 130
48 133
48 134
48 139
48 142
49 56
49 60
49 68
49 79
49 88
49 92
49 95
49 103
49 104
49 112
49 114
49 116
49 133
49 134
49 138
49 140
49 144
50 56
50 60
50 66
50 72
50 79
50 80
50 81
50 84
50 86
50 101
50 104
50 111
50 116
50 125
50 133
50 135
50 136
50 138
51 52
51 53
51 54
51 56
51 57
51 58
51 60
51 65
51 71
51 72
51 74
51 76
51 77
51 81
51 82
51 88
51 91
51 92
51 97
51 100
51 104
51 107
51 111
51 115
51 116
51 117
51 121
51 132
51 133
51 134
51 147
51 149
52 55
52 90
52 94
52 102
52 105
52 106
52 107
52 113
52 114
52 115
52 116
52 121
52 126
52 128
52 135
52 140
52 143
52 145
53 60
53 64
53 65
53 71
53 72
53 81
53 83
53 89
53 97
53 98
53 103
53 107
53 108
53 113
53 116
53 118
53 122
53 125
53 141
53 142
53 148
54 55
54 58
54 63
54 67
54 69
54 71
54 73
54 81
54 85
54 103
54 107
54 113
54 126
54 128
54 138
54 148
55 56
55 57
55 61
55 68
55 84
55 86
55 94
55 96
55 101
55 103
55 109
55 115
55 119
55 124
55 131
55 132
55 148
56 61
56 64
56 67
56 78
56 82
56 85
56 92
56 97
56 103
56 106
56 109
56 110
56 118
56 123
56 124
56 130
56 135
56 136
56 139
56 144
56 146
56 149
57 64
57 65
57 72
57 76
57 89
57 93
57 94
57 102
57 116
57 121
57 125
57 127
57 128
57 129
57 130
57 138
57 139
57 142
57 146
57 149
58 62
58 71
58 74
58 75
58 85
58 87
58 100
58 104
58 110
58 114
58 115
58 117
58 124
58 148
58 149
59 64
59 66
59 78
59 83
59 87
59 89
59 97
59 99
59 100
59 108
59 109
59 110
59 112
59 121
59 128
59 134
59 137
59 143
60 63
60 76
60 78
60 88
60 91
60 92
60 95
60 101
60 109
60 113
60 117
60 119
60 124
60 125
60 131
60 149
61 74
61 76
61 80
61 82
61 83
61 84
61 85
61 88
61 91
61 92
61 99
61 109
61 111
61 112
61 120
61 121
61 126
61 133
61 137
61 143
61 144
61 148
62 80
62 83
62 85
62 87
62 94
62 97
62 103
62 106
62 110
62 120
62 134
62 135
62 144
62 145
63 67
63 71
63 72
63 80
63 84
63 91
63 92
63 103
63 110
63 118
63 119
63 123
63 124
63 125
63 126
63 131
63 133
63 134
63 144
63 147
63 148
64 65
64 74
64 98
64 119
64 120
64 126
64 140
65 66
65 70
65 73
65 79
65 85
65 90
65 91
65 99
65 100
65 102
65 107
65 113
65 114
65 117
65 118
65 120
65 123
65 128
65 145
66 69
66 70
66 76
66 81
66 83
66 88
66 89
66 90
66 115
66 120
66 123
66 124
66 139
66 142
66 144
67 75
67 82
67 87
67 91
67 92
67 96
67 98
67 99
67 102
67 104
67 105
67 113
67 124
67 132
67 133
67 135
67 141
67 142
67 143
67 147
68 71
68 74
68 75
68 115
68 116
68 133
68 135
68 141
68 148
69 70
69 73
69 76
69 78
69 81
69 89
69 90
69 96
69 108
69 110
69 114
69 119
69 121
69 126
69 137
69 142
70 77
70 79
70 80
70 81
70 99
70 110
70 118
70 121
70 127
70 130
70 134
70 148
71 75
71 89
71 91
71 102
71 103
71 106
71 108
71 109
71 114
71 116
71 119
71 133
71 138
71 142
72 77
72 79
72 80
72 83
72 94
72 95
72 101
72 109
72 113
72 117
72 120
72 127
72 133
72 135
72 142
72 148
73 75
73 77
73 85
73 94
73 95
73 98
73 99
73 106
73 107
73 114
73 116
73 117
73 120
73 122
73 124
73 128
73 141
73 146
74 76
74 77
74 83
74 87
74 95
74 102
74 111
74 114
74 115
74 121
74 126
74 128
74 131
74 142
75 80
75 81
75 83
75 86
75 88
75 89
75 90
75 95
75 96
75 97
75 98
75 101
75 110
75 117
75 122
75 124
75 137
75 144
76 81
76 84
76 108
76 109
76 124
76 127
76 130
76 134
76 135
76 138
76 143
76 146
76 147
77 78
77 80
77 81
77 83
77 93
77 94
77 116
77 117
77 126
78 86
78 106
78 107
78 112
78 116
78 119
78 125
78 126
78 142
79 82
79 85
79 89
79 98
79 111
79 112
79 116
79 117
79 126
79 128
79 129
79 131
79 143
79 147
80 83
80 91
80 98
80 99
80 106
80 107
80 108
80 113
80 115
80 119
80 133
80 136
80 140
80 142
80 148
81 86
81 93
81 95
81 97
81 102
81 104
81 106
81 107
81 109
81 112
81 117
81 128
81 139
81 141
81 144
81 148
82 84
82 90
82 99
82 111
82 118
82 119
82 123
82 129
82 135
82 136
82 148
83 95
83 98
83 100
83 106
83 116
83 130
83 137
83 138
83 142
83 143
84 86
84 89
84 90
84 93
84 99
84 107
84 118
84 121
84 123
84 131
84 149
85 112
85 115
85 117
85 123
85 127
85 128
85 130
85 131
85 136
85 140
85 145
85 147
86 87
86 90
86 92
86 96
86 98
86 102
86 115
86 116
86 123
86 124
86 137
86 142
86 145
87 88
87 90
87 92
87 93
87 94
87 101
87 111
87 112
87 127
87 132
87 136
87 139
87 141
87 143
88 100
88 110
88 112
88 116
88 124
88 128
88 132
88 134
89 91
89 110
89 112
89 116
89 121
89 126
89 127
89 136
89 144
89 146
90 93
90 96
90 97
90 98
90 101
90 104
90 110
90 111
90 114
90 116
90 120
90 131
90 133
90 146
90 148
91 97
91 130
91 132
91 134
91 145
91 148
92 94
92 103
92 104
92 128
92 132
92 141
92 142
92 146
92 148
93 95
93 99
93 103
93 105
93 111
93 116
93 128
93 132
93 137
93 141
94 95
94 105
94 106
94 117
94 123
94 130
94 132
94 135
94 143
95 100
95 103
95 104
95 107
95 110
95 121
95 123
95 124
95 130
95 135
95 139
95 146
96 98
96 104
96 109
96 110
96 113
96 124
96 128
96 131
96 139
96 144
96 145
96 146
97 98
97 101
97 105
97 106
97 108
97 111
97 113
97 116
97 119
97 128
97 134
97 137
97 140
97 147
98 104
98 107
98 113
98 119
98 120
98 131
98 133
98 135
98 144
98 148
99 107
99 109
99 117
99 118
99 119
99 126
99 136
99 140
99 147
100 120
100 121
100 129
100 130
100 136
100 137
100 146
101 102
101 108
101 110
101 112
101 114
101 115
101 119
101 123
101 127
101 128
101 129
101 137
101 142
101 143
101 144
101 148
102 109
102 112
102 122
102 125
102 129
102 134
102 138
102 139
103 104
103 108
103 118
103 120
103 121
103 123
103 125
103 126
103 134
103 135
103 147
103 148
103 149
104 112
104 115
104 117
104 126
104 131
104 134
104 146
105 112
105 121
105 124
105 134
105 142
105 145
106 108
106 115
106 119
106 122
106 125
106 126
106 130
106 138
106 141
106 146
107 112
107 115
107 118
107 130
107 149
108 109
108 114
108 119
108 126
108 132
108 133
108 139
108 141
108 142
108 144
108 145
108 148
109 113
109 114
109 115
109 117
109 121
109 126
109 129
109 132
109 135
109 137
109 139
109 145
109 149
110 111
110 114
110 115
110 116
110 120
110 123
110 132
110 135
110 140
111 113
111 116
111 120
111 122
111 125
111 127
111 128
111 129
111 135
111 138
111 145
111 147
111 148
111 149
112 116
112 123
112 125
112 127
112 136
112 139
113 115
113 116
113 125
113 135
113 137
113 144
113 145
113 148
114 118
114 119
114 149
115 120
115 123
115 125
115 130
115 132
115 133
115 135
115 139
115 145
115 147
116 119
116 120
116 124
116 131
116 146
116 149
117 119
117 122
117 132
117 133
117 140
117 144
117 148
117 149
118 120
118 123
118 124
118 130
118 135
119 121
119 122
119 128
119 129
119 135
119 145
119 146
119 147
120 122
120 123
120 127
120 131
120 135
121 127
121 133
121 136
121 141
121 143
122 124
122 131
122 134
122 136
122 139
122 141
122 146
122 147
122 149
123 132
123 133
123 136
123 139
123 141
123 144
123 146
124 127
124 129
124 130
124 133
124 145
124 146
125 133
125 136
125 139
125 140
126 141
126 143
126 145
126 147
127 148
128 130
128 132
128 137
128 143
128 148
129 132
129 136
129 137
129 140
129 144
130 137
130 148
131 132
131 134
131 139
131 143
131 144
131 147
131 149
132 138
132 140
133 135
133 140
133 145
133 146
133 149
134 136
134 145
134 146
135 143
135 147
136 142
136 146
137 140
137 145
138 140
138 148
139 145
139 148
140 145
140 146
140 148
141 145
142 144
143 144
144 145
144 148
144 149
145 148
146 148
147 148
147 149

1 1 0 0 1 0 1 1 0 0 1 1 0 1 1 0 1 0 1 0 1 1 0 1 0 1 1 0 1 1 0 0 1 0 1 0 1 1 1 1 0 1 1 0 0 1 0 0 1 0 0 1 1 1 1 0 0 1 1 0 0 1 1 1 0 0 1 1 1 0 0 0 0 0 1 1 1 1 0 0 1 1 0 1 1 0 1 1 0 1 1 0 0 1 1 1 0 0 1 1 0 1 0 0 0 0 0 1 1 0 1 0 1 0 0 0 0 1 1 0 0 1 0 0 0 1 1 1 0 0 0 1 0 0 1 0 0 1 0 0 0 1 1 0 1 0 0 1 0 0