150 2181
0 1 2 3 4 5 6 7 8 9 10 11 12 13 14 15 16 17 18 19 20 21 22 23 24 25 26 27 28 29 30 31 32 33 34 35 36 37 38 39 40 41 42 43 44 45 46 47 48 49 50 51 52 53 54 55 56 57 58 59 60 61 62 63 64 65 66 67 68 69 70 71 72 73 74 75 76 77 78 79 80 81 82 83 84 85 86 87 88 89 90 91 92 93 94 95 96 97 98 99 100 101 102 103 104 105 106 107 108 109 110 111 112 113 114 115 116 117 118 119 120 121 122 123 124 125 126 127 128 129 130 131 132 133 134 135 136 137 138 139 140 141 142 143 144 145 146 147 148 149
0 2
0 19
0 25
0 27
0 32
0 33
0 35
0 46
0 50
0 52
0 55
0 57
0 61
0 63
0 70
0 75
0 85
0 87
0 90
0 93
0 97
0 100
0 116
0 124
0 127
0 129
0 142
0 146
1 5
1 15
1 18
1 19
1 22
1 33
1 34
1 43
1 52
1 53
1 56
1 61
1 64
1 65
1 68
1 69
1 76
1 78
1 80
1 82
1 83
1 85
1 87
1 90
1 91
1 92
1 94
1 99
1 100
1 102
1 105
1 112
1 114
1 120
1 121
1 125
1 127
1 133
1 134
1 146
2 9
2 17
2 18
2 27
2 29
2 32
2 37
2 42
2 45
2 50
2 57
2 60
2 65
2 74
2 75
2 84
2 88
2 94
2 96
2 100
2 104
2 116
2 122
2 128
2 130
2 133
2 136
2 143
2 148
2 149
3 7
3 9
3 13
3 15
3 17
3 23
3 28
3 32
3 38
3 59
3 60
3 70
3 81
3 85
3 90
3 92
3 95
3 96
3 97
3 102
3 111
3 117
3 121
3 122
3 123
3 131
3 140
3 141
3 142
3 148
4 9
4 13
4 15
4 19
4 23
4 34
4 36
4 42
4 48
4 57
4 59
4 60
4 62
4 73
4 77
4 78
4 81
4 86
4 88
4 95
4 99
4 105
4 111
4 119
4 121
4 128
4 136
4 143
4 148
5 11
5 24
5 27
5 29
5 35
5 38
5 40
5 41
5 43
5 49
5 52
5 58
5 72
5 77
5 83
5 84
5 87
5 112
5 113
5 115
5 126
5 130
5 147
6 27
6 31
6 34
6 38
6 41
6 44
6 56
6 58
6 67
6 68
6 75
6 76
6 81
6 84
6 89
6 106
6 111
6 114
6 116
6 120
6 121
6 123
6 133
6 135
7 8
7 23
7 28
7 37
7 39
7 40
7 52
7 58
7 63
7 64
7 75
7 80
7 81
7 83
7 84
7 87
7 105
7 109
7 116
7 126
7 127
7 133
7 134
7 137
7 143
7 146
7 147
7 149
8 21
8 32
8 42
8 45
8 51
8 57
8 65
8 67
8 75
8 76
8 77
8 80
8 86
8 87
8 95
8 96
8 101
8 103
8 104
8 107
8 111
8 126
8 140
8 143
8 144
9 14
9 25
9 28
9 31
9 37
9 47
9 48
9 52
9 61
9 65
9 72
9 76
9 85
9 87
9 89
9 103
9 106
9 112
9 119
9 121
9 127
9 133
9 141
9 142
9 146
9 147
10 20
10 26
10 37
10 39
10 41
10 48
10 55
10 66
10 67
10 74
10 77
10 81
10 84
10 86
10 87
10 89
10 122
10 126
10 134
10 135
10 136
10 139
11 12
11 14
11 16
11 21
11 25
11 26
11 27
11 30
11 32
11 33
11 35
11 36
11 37
11 46
11 57
11 60
11 66
11 73
11 74
11 75
11 78
11 79
11 80
11 86
11 88
11 96
11 97
11 99
11 110
11 121
11 132
11 134
11 140
11 142
12 15
12 16
12 19
12 26
12 40
12 48
12 50
12 51
12 53
12 61
12 63
12 65
12 74
12 75
12 77
12 84
12 92
12 95
12 96
12 97
12 98
12 101
12 102
12 110
12 116
12 121
12 131
12 137
12 146
13 16
13 19
13 24
13 27
13 32
13 38
13 45
13 49
13 51
13 58
13 63
13 64
13 79
13 81
13 82
13 84
13 102
13 106
13 109
13 111
13 112
13 113
13 119
13 129
13 145
13 149
14 23
14 26
14 27
14 36
14 47
14 49
14 53
14 65
14 71
14 81
14 86
14 96
14 99
14 101
14 111
14 116
14 121
14 124
14 129
14 137
14 139
14 148
14 149
15 17
15 26
15 34
15 53
15 54
15 62
15 67
15 69
15 84
15 86
15 89
15 94
15 103
15 104
15 106
15 114
15 124
15 131
15 132
15 139
15 140
15 141
16 18
16 23
16 24
16 31
16 38
16 40
16 41
16 45
16 59
16 60
16 61
16 62
16 70
16 81
16 88
16 91
16 112
16 114
16 117
16 125
16 126
16 127
16 130
16 136
16 139
16 143
17 21
17 34
17 43
17 45
17 46
17 64
17 70
17 78
17 81
17 89
17 93
17 95
17 97
17 103
17 116
17 117
17 120
17 122
17 130
17 133
17 134
17 136
17 142
17 143
18 19
18 23
18 27
18 33
18 38
18 44
18 47
18 48
18 51
18 70
18 72
18 73
18 86
18 93
18 94
18 98
18 99
18 103
18 104
18 115
18 127
18 129
18 131
18 134
18 142
18 144
18 146
18 148
19 31
19 41
19 44
19 47
19 48
19 51
19 52
19 61
19 64
19 76
19 90
19 91
19 92
19 105
19 118
19 120
19 121
19 122
19 123
19 124
19 129
19 139
19 148
20 21
20 22
20 25
20 27
20 33
20 35
20 43
20 56
20 70
20 81
20 85
20 88
20 90
20 92
20 100
20 109
20 114
20 116
20 117
20 118
20 121
20 123
20 126
20 134
20 137
20 148
21 27
21 29
21 38
21 41
21 47
21 50
21 51
21 53
21 64
21 70
21 74
21 78
21 79
21 84
21 85
21 88
21 90
21 91
21 94
21 95
21 96
21 99
21 102
21 109
21 110
21 115
21 117
21 130
21 132
21 134
21 139
21 142
22 30
22 34
22 44
22 51
22 55
22 56
22 70
22 79
22 93
22 96
22 103
22 104
22 120
22 121
22 126
22 136
22 140
22 141
23 33
23 48
23 55
23 57
23 64
23 69
23 70
23 74
23 89
23 100
23 121
23 130
23 133
23 144
24 27
24 38
24 53
24 56
24 63
24 68
24 81
24 83
24 87
24 93
24 95
24 99
24 102
24 108
24 112
24 117
24 118
24 127
24 128
24 130
24 132
24 136
24 140
24 141
24 144
25 33
25 37
25 38
25 42
25 57
25 58
25 69
25 72
25 83
25 85
25 88
25 89
25 92
25 94
25 98
25 102
25 103
25 106
25 109
25 114
25 118
25 124
25 126
25 129
25 136
25 143
25 145
25 149
26 27
26 28
26 37
26 38
26 42
26 47
26 51
26 56
26 59
26 68
26 70
26 72
26 93
26 98
26 99
26 102
26 104
26 108
26 111
26 113
26 118
26 119
26 132
26 137
26 142
26 145
26 146
27 28
27 31
27 34
27 35
27 41
27 42
27 43
27 49
27 60
27 61
27 69
27 70
27 76
27 79
27 81
27 83
27 97
27 98
27 103
27 112
27 119
27 128
27 131
27 134
27 137
27 139
27 142
27 148
28 36
28 39
28 43
28 45
28 55
28 58
28 72
28 73
28 86
28 90
28 91
28 109
28 118
28 119
28 123
28 131
28 139
28 146
29 32
29 38
29 47
29 54
29 57
29 61
29 64
29 79
29 89
29 91
29 92
29 97
29 100
29 102
29 111
29 112
29 116
29 117
29 118
29 121
29 122
29 127
29 129
29 132
29 138
29 139
29 147
30 31
30 35
30 50
30 56
30 57
30 64
30 67
30 70
30 74
30 90
30 96
30 115
30 117
30 124
30 127
30 132
30 140
30 147
30 149
31 34
31 36
31 45
31 47
31 54
31 59
31 60
31 61
31 63
31 82
31 83
31 96
31 100
31 103
31 104
31 105
31 108
31 112
31 114
31 117
31 135
31 137
31 141
31 148
32 34
32 40
32 43
32 46
32 51
32 54
32 57
32 59
32 61
32 77
32 84
32 86
32 87
32 89
32 91
32 92
32 94
32 95
32 100
32 103
32 106
32 125
32 128
32 130
32 138
32 141
32 145
33 34
33 39
33 40
33 43
33 49
33 50
33 83
33 93
33 97
33 103
33 106
33 111
33 112
33 113
33 119
33 122
33 124
33 132
33 138
33 146
33 149
34 44
34 45
34 50
34 54
34 70
34 72
34 73
34 79
34 80
34 82
34 95
34 96
34 106
34 122
34 127
34 134
34 135
34 136
34 137
34 148
35 36
35 42
35 48
35 52
35 55
35 57
35 64
35 74
35 78
35 95
35 96
35 101
35 106
35 117
35 130
35 133
35 134
35 142
35 144
35 145
35 148
35 149
36 38
36 42
36 45
36 46
36 49
36 62
36 72
36 78
36 79
36 90
36 92
36 93
36 107
36 108
36 113
36 116
36 136
36 140
36 145
37 40
37 45
37 46
37 69
37 81
37 84
37 88
37 102
37 122
37 124
37 133
37 137
37 141
37 142
37 143
37 146
37 148
38 39
38 46
38 50
38 51
38 56
38 57
38 61
38 63
38 68
38 72
38 74
38 77
38 78
38 83
38 93
38 95
38 99
38 103
38 105
38 109
38 114
38 121
38 135
38 139
38 142
38 143
38 149
39 40
39 46
39 51
39 55
39 59
39 69
39 70
39 77
39 82
39 84
39 103
39 115
39 127
39 133
39 143
39 149
40 41
40 42
40 45
40 59
40 66
40 67
40 70
40 75
40 79
40 80
40 82
40 83
40 89
40 91
40 98
40 108
40 123
40 140
40 145
41 52
41 65
41 66
41 67
41 69
41 70
41 78
41 79
41 80
41 81
41 83
41 84
41 87
41 88
41 92
41 103
41 106
41 120
41 125
41 137
41 140
41 143
42 48
42 50
42 54
42 61
42 62
42 75
42 86
42 90
42 95
42 96
42 102
42 103
42 123
42 136
42 138
42 140
42 143
42 145
43 45
43 47
43 54
43 63
43 77
43 86
43 95
43 96
43 102
43 111
43 113
43 120
43 123
43 125
43 126
43 128
43 129
43 130
43 132
43 134
43 145
44 45
44 49
44 51
44 61
44 70
44 86
44 88
44 94
44 101
44 113
44 119
44 120
44 125
44 130
44 141
44 146
45 48
45 49
45 51
45 63
45 66
45 68
45 69
45 71
45 76
45 78
45 79
45 84
45 98
45 102
45 113
45 118
45 119
45 121
45 131
45 133
45 134
45 140
45 149
46 48
46 52
46 57
46 61
46 63
46 66
46 69
46 70
46 76
46 79
46 85
46 86
46 90
46 92
46 95
46 102
46 106
46 108
46 115
46 137
46 140
46 146
47 48
47 49
47 51
47 53
47 58
47 63
47 66
47 70
47 78
47 82
47 86
47 95
47 101
47 103
47 118
47 120
47 121
47 127
47 128
47 129
47 131
47 133
47 147
48 50
48 56
48 59
48 63
48 64
48 69
48 71
48 72
48 78
48 91
48 93
48 94
48 99
48 100
48 113
48 118
48 120
48 123
48 125
48 126
48 131
48 138
48 139
48 142
49 61
49 68
49 87
49 96
49 98
49 105
49 106
49 108
49 113
49 122
49 124
49 133
49 138
49 140
49 143
49 144
50 53
50 62
50 63
50 68
50 69
50 71
50 72
50 90
50 91
50 97
50 101
50 103
50 106
50 119
50 128
50 135
50 147
51 60
51 63
51 72
51 75
51 77
51 79
51 80
51 84
51 85
51 91
51 93
51 96
51 103
51 105
51 106
51 107
51 117
51 123
51 124
51 147
51 148
52 63
52 88
52 93
52 97
52 100
52 101
52 105
52 117
52 119
52 134
52 141
52 142
52 144
52 147
53 54
53 59
53 61
53 67
53 75
53 82
53 89
53 91
53 94
53 95
53 96
53 97
53 98
53 99
53 101
53 107
53 123
53 126
53 127
53 130
53 132
53 133
53 139
53 147
53 149
54 59
54 65
54 69
54 73
54 74
54 81
54 87
54 89
54 90
54 93
54 95
54 99
54 100
54 101
54 106
54 108
54 112
54 116
54 117
54 137
54 138
54 139
54 142
54 144
54 148
55 76
55 81
55 89
55 94
55 104
55 105
55 111
55 113
55 119
55 120
55 121
55 137
55 143
55 144
55 145
55 147
55 149
56 64
56 72
56 74
56 76
56 79
56 86
56 87
56 88
56 97
56 99
56 122
56 142
56 143
56 148
57 58
57 60
57 64
57 79
57 83
57 97
57 105
57 108
57 112
57 116
57 119
57 122
57 134
57 140
57 142
58 76
58 78
58 80
58 85
58 106
58 113
58 114
58 117
58 133
58 138
58 146
58 148
59 64
59 66
59 71
59 72
59 79
59 80
59 82
59 83
59 85
59 89
59 94
59 96
59 111
59 113
59 123
59 139
59 144
60 61
60 68
60 70
60 71
60 73
60 75
60 83
60 89
60 101
60 108
60 110
60 111
60 114
60 129
60 130
60 137
60 140
60 141
60 143
60 144
60 145
61 77
61 83
61 88
61 91
61 94
61 95
61 99
61 108
61 110
61 116
61 125
61 126
61 128
61 136
61 142
61 145
61 147
62 65
62 67
62 69
62 74
62 75
62 77
62 80
62 84
62 85
62 87
62 92
62 104
62 111
62 113
62 116
62 119
62 120
62 129
62 135
62 139
62 140
62 147
62 149
63 64
63 68
63 69
63 70
63 72
63 83
63 91
63 95
63 102
63 103
63 106
63 109
63 114
63 120
63 129
63 133
63 135
63 141
63 144
64 66
64 70
64 81
64 85
64 87
64 88
64 102
64 119
64 132
64 133
64 135
64 138
64 141
65 70
65 96
65 102
65 104
65 105
65 108
65 118
65 119
65 120
65 131
65 132
65 146
65 147
65 149
66 73
66 76
66 79
66 84
66 87
66 93
66 100
66 102
66 103
66 109
66 113
66 121
66 122
66 125
66 129
66 130
66 134
66 143
66 144
66 146
66 148
67 69
67 83
67 87
67 88
67 89
67 97
67 107
67 111
67 112
67 124
67 126
67 128
67 135
67 138
67 144
68 73
68 102
68 104
68 107
68 108
68 109
68 115
68 117
68 120
68 121
68 123
68 126
68 141
68 146
68 147
69 77
69 79
69 86
69 89
69 90
69 96
69 113
69 117
69 120
69 124
69 129
69 130
69 138
69 147
70 75
70 84
70 92
70 97
70 99
70 100
70 101
70 102
70 107
70 110
70 117
70 125
70 129
70 131
70 137
70 142
71 73
71 83
71 101
71 103
71 106
71 112
71 114
71 118
71 125
71 127
71 132
71 136
71 138
71 139
71 142
71 143
71 146
71 148
72 74
72 76
72 81
72 86
72 87
72 91
72 93
72 106
72 120
72 127
72 140
72 144
73 75
73 77
73 80
73 88
73 89
73 91
73 98
73 99
73 106
73 112
73 115
73 122
73 123
73 125
73 129
73 133
73 134
73 143
74 76
74 78
74 88
74 90
74 97
74 99
74 104
74 108
74 118
74 119
74 124
74 127
74 132
74 140
75 77
75 86
75 102
75 104
75 112
75 114
75 115
75 116
75 124
75 125
75 127
75 136
75 142
75 145
76 77
76 79
76 84
76 86
76 87
76 100
76 101
76 102
76 105
76 110
76 111
76 124
76 127
76 137
76 142
76 143
76 145
77 79
77 81
77 84
77 88
77 96
77 110
77 115
77 116
77 117
77 130
77 148
78 79
78 80
78 97
78 100
78 101
78 106
78 107
78 113
78 131
78 138
78 140
79 81
79 87
79 88
79 100
79 102
79 111
79 115
79 120
79 126
79 127
79 137
79 141
79 142
79 147
80 88
80 91
80 94
80 96
80 98
80 105
80 111
80 112
80 114
80 115
80 127
80 134
80 142
80 143
80 144
80 145
80 146
80 148
81 84
81 86
81 94
81 105
81 112
81 125
81 132
81 146
81 147
82 95
82 96
82 100
82 102
82 103
82 107
82 108
82 117
82 132
82 133
82 139
82 141
83 84
83 88
83 92
83 96
83 97
83 101
83 117
83 122
83 127
83 129
83 135
83 137
83 139
83 142
83 145
83 146
83 147
84 85
84 86
84 87
84 88
84 98
84 99
84 108
84 109
84 111
84 114
84 116
84 119
84 121
84 122
84 125
84 126
85 89
85 102
85 106
85 109
85 111
85 113
85 115
85 117
85 126
85 131
85 134
85 135
85 139
85 145
85 147
86 92
86 93
86 94
86 95
86 99
86 106
86 109
86 111
86 119
86 125
86 128
86 134
86 140
86 149
87 95
87 106
87 109
87 115
87 116
87 131
87 136
87 139
87 141
87 149
88 90
88 92
88 103
88 104
88 109
88 112
88 114
88 118
88 122
88 127
88 136
88 139
88 148
89 106
89 122
89 123
89 124
89 125
89 129
89 131
90 91
90 93
90 94
90 104
90 107
90 111
90 113
90 114
90 120
90 121
90 122
90 127
90 132
90 138
90 143
90 149
91 100
91 109
91 111
91 112
91 113
91 124
91 137
91 145
91 146
92 102
92 103
92 104
92 107
92 108
92 110
92 114
92 120
92 122
92 124
92 132
92 134
92 136
92 139
92 140
92 141
93 104
93 105
93 117
93 123
93 128
93 133
93 135
93 137
93 139
93 140
93 145
93 147
94 98
94 102
94 108
94 116
94 120
94 122
94 127
94 137
94 139
94 141
94 149
95 96
95 100
95 110
95 113
95 114
95 122
95 124
95 126
95 130
95 133
95 134
95 147
96 108
96 112
96 118
96 119
96 121
96 127
96 128
96 130
96 131
96 132
96 137
96 138
96 143
96 145
96 149
97 102
97 109
97 111
97 119
97 125
97 132
97 138
97 140
97 144
97 146
98 103
98 108
98 131
98 135
98 142
98 148
99 100
99 112
99 122
99 132
99 135
99 144
99 147
99 149
100 106
100 107
100 115
100 121
100 130
100 133
100 143
100 144
100 145
101 102
101 108
101 109
101 112
101 119
101 120
101 124
101 136
101 141
101 142
102 109
102 110
102 111
102 115
102 118
102 121
102 123
102 124
102 128
102 129
102 130
102 132
102 133
102 135
102 137
102 146
103 109
103 110
103 114
103 118
103 123
103 124
103 126
103 136
103 140
103 142
103 145
104 106
104 108
104 110
104 111
104 116
104 117
104 118
104 123
104 125
104 129
104 130
104 148
105 107
105 112
105 116
105 120
105 131
105 132
105 137
105 139
105 140
105 147
106 108
106 110
106 111
106 112
106 114
106 116
106 121
106 124
106 135
106 141
106 144
107 112
107 123
107 131
107 135
107 139
107 140
107 143
107 144
107 146
107 147
108 109
108 111
108 123
108 124
108 125
108 133
108 142
109 110
109 112
109 113
109 114
109 116
109 119
109 123
109 132
109 140
109 142
110 118
110 121
110 123
110 127
110 142
110 147
111 118
111 120
111 121
111 127
111 131
111 141
111 142
111 146
112 115
112 128
112 131
112 142
112 144
112 145
112 146
112 147
112 149
113 118
113 122
113 130
113 148
114 115
114 119
114 122
114 123
114 133
114 143
114 144
114 146
114 149
115 117
115 119
115 123
115 127
115 140
115 141
116 120
116 123
116 136
116 147
116 149
117 123
117 128
117 130
118 123
118 127
118 128
118 141
118 143
118 144
118 145
119 129
119 130
119 134
119 142
119 147
119 149
120 125
120 127
120 131
120 134
120 135
120 139
120 141
120 145
120 147
120 149
121 124
121 127
121 131
121 132
121 134
121 148
121 149
122 141
122 147
124 136
124 137
124 138
124 144
125 127
126 130
126 131
126 134
126 138
126 142
126 147
126 149
127 143
128 135
128 139
128 141
129 132
129 133
129 134
129 136
129 148
130 131
130 138
130 147
130 149
132 135
132 138
132 143
132 148
133 134
133 143
133 144
133 147
133 148
134 145
134 147
135 149
136 143
136 147
137 140
137 146
137 148
138 139
138 145
139 140
139 143
139 145
139 149
140 147
141 145
141 149
144 148
145 147
145 148

0 0 1 0 0 1 1 1 0 1 1 1 1 1 1 1 0 0 1 1 0 0 1 0 0 0 0 0 1 1 1 1 1 1 0 1 0 0 0 0 1 0 0 1 1 0 1 0 1 1 1 0 1 0 1 1 0 0 0 1 1 1 1 0 0 0 1 0 1 1 1 0 0 1 0 1 0 1 0 1 0 1 0 0 0 1 1 0 0 1 1 1 0 0 1 0 0 0 1 1 0 0 0 0 0 0 1 1 1 1 1 0 1 1 0 1 0 1 1 1 1 0 1 0 0 0 0 1 0 0 0 0 1 0 0 1 1 0 0 1 1 0 1 1 0 1 0 1 0 0