150 82
0 1 2 3 4 5 6 7 8 9 10 11 12 13 14 15 16 17 18 19 20 21 22 23 24 25 26 27 28 29 30 31 32 33 34 35 36 37 38 39 40 41 42 43 44 45 46 47 48 49 50 51 52 53 54 55 56 57 58 59 60 61 62 63 64 65 66 67 68 69 70 71 72 73 74 75 76 77 78 79 80 81 82 83 84 85 86 87 88 89 90 91 92 93 94 95 96 97 98 99 100 101 102 103 104 105 106 107 108 109 110 111 112 113 114 115 116 117 118 119 120 121 122 123 124 125 126 127 128 129 130 131 132 133 134 135 136 137 138 139 140 141 142 143 144 145 146 147 148 149
3 85
3 126
4 115
4 128
4 136
6 12
7 75
8 97
8 115
9 43
10 26
10 96
10 143
11 85
14 76
14 115
15 34
15 76
16 28
16 40
16 41
17 147
18 45
18 114
19 101
19 146
20 41
21 136
21 146
22 32
22 114
22 140
25 121
28 149
30 118
31 43
33 109
34 81
35 101
36 66
37 130
39 51
42 59
42 70
42 112
43 97
43 112
45 106
48 127
50 80
50 128
51 98
52 108
54 139
56 66
58 71
58 88
59 90
59 148
60 91
60 124
61 127
62 110
64 116
66 126
68 123
71 140
72 128
81 92
88 109
92 120
93 119
93 145
98 100
99 148
102 108
108 120
109 110
109 140
111 143
126 131
139 142

1 0 1 0 1 1 0 1 1 0 0 1 0 0 1 1 1 0 0 1 0 0 0 0 0 1 1 0 0 1 0 1 0 1 0 0 1 1 1 1 0 0 1 1 0 1 0 0 0 1 1 0 0 0 0 0 1 0 1 0 1 1 0 1 1 0 0 0 0 0 1 1 1 0 1 1 1 0 1 0 0 1 0 0 0 1 1 1 1 1 0 0 1 1 0 0 1 1 0 1 0 1 0 0 1 1 1 0 0 0 1 0 0 0 1 1 1 1 0 0 0 1 1 0 1 1 1 1 1 0 0 1 1 0 1 0 1 0 0 0 0 1 0 1 0 1 0 1 1 1