200 1948
0 1 2 3 4 5 6 7 8 9 10 11 12 13 14 15 16 17 18 19 20 21 22 23 24 25 26 27 28 29 30 31 32 33 34 35 36 37 38 39 40 41 42 43 44 45 46 47 48 49 50 51 52 53 54 55 56 57 58 59 60 61 62 63 64 65 66 67 68 69 70 71 72 73 74 75 76 77 78 79 80 81 82 83 84 85 86 87 88 89 90 91 92 93 94 95 96 97 98 99 100 101 102 103 104 105 106 107 108 109 110 111 112 113 114 115 116 117 118 119 120 121 122 123 124 125 126 127 128 129 130 131 132 133 134 135 136 137 138 139 140 141 142 143 144 145 146 147 148 149 150 151 152 153 154 155 156 157 158 159 160 161 162 163 164 165 166 167 168 169 170 171 172 173 174 175 176 177 178 179 180 181 182 183 184 185 186 187 188 189 190 191 192 193 194 195 196 197 198 199
0 1
0 10
0 13
0 23
0 42
0 48
0 52
0 53
0 56
0 58
0 60
0 74
0 85
0 100
0 101
0 119
0 135
0 139
0 156
0 159
0 163
0 175
0 176
0 179
0 195
1 8
1 19
1 35
1 44
1 56
1 63
1 65
1 78
1 84
1 85
1 90
1 98
1 101
1 127
1 132
1 138
1 156
1 164
1 174
1 177
1 193
1 198
2 3
2 12
2 14
2 41
2 48
2 53
2 103
2 112
2 128
2 138
2 139
2 144
2 150
2 156
2 174
2 183
2 195
2 199
3 14
3 43
3 49
3 68
3 70
3 111
3 116
3 128
3 132
3 138
3 145
3 153
3 164
3 180
3 186
3 198
4 21
4 47
4 54
4 55
4 56
4 59
4 66
4 69
4 76
4 96
4 120
4 121
4 127
4 132
4 150
4 162
4 170
4 182
4 183
4 184
4 193
5 6
5 31
5 39
5 47
5 65
5 67
5 79
5 88
5 110
5 118
5 120
5 151
5 153
5 187
5 193
6 27
6 29
6 66
6 71
6 77
6 95
6 113
6 138
6 142
6 145
6 151
6 175
6 181
6 191
6 197
6 199
7 8
7 24
7 25
7 28
7 32
7 41
7 94
7 100
7 102
7 109
7 116
7 122
7 166
7 173
8 20
8 25
8 43
8 68
8 72
8 87
8 88
8 93
8 102
8 110
8 127
8 131
8 135
8 137
8 138
8 164
8 168
8 176
8 193
9 19
9 27
9 48
9 90
9 92
9 93
9 104
9 106
9 123
9 126
9 140
9 145
9 173
9 186
9 199
10 13
10 16
10 24
10 46
10 48
10 50
10 52
10 56
10 72
10 83
10 89
10 91
10 96
10 105
10 154
10 157
10 162
10 183
10 195
11 21
11 59
11 69
11 79
11 88
11 96
11 100
11 115
11 130
11 135
11 178
11 185
11 189
11 192
12 21
12 27
12 37
12 38
12 61
12 63
12 65
12 86
12 90
12 107
12 137
12 146
12 152
12 156
12 160
12 180
12 192
12 196
13 15
13 21
13 27
13 34
13 51
13 53
13 56
13 60
13 72
13 84
13 99
13 108
13 114
13 126
13 166
13 175
13 181
13 192
14 23
14 31
14 49
14 57
14 68
14 127
14 150
14 152
14 157
14 171
14 183
14 187
14 188
14 189
14 199
15 60
15 89
15 100
15 116
15 119
15 122
15 127
15 143
15 156
15 185
16 27
16 58
16 59
16 60
16 67
16 78
16 80
16 86
16 93
16 102
16 112
16 119
16 123
16 125
16 128
16 150
16 152
16 154
16 155
16 165
16 167
16 180
17 21
17 25
17 26
17 27
17 41
17 56
17 58
17 69
17 80
17 87
17 103
17 130
17 137
17 146
17 154
17 169
17 187
17 197
18 24
18 30
18 78
18 93
18 108
18 111
18 112
18 116
18 119
18 125
18 147
18 152
18 156
18 161
18 168
18 180
18 189
18 191
18 196
19 57
19 59
19 62
19 63
19 71
19 74
19 82
19 83
19 94
19 102
19 114
19 148
19 153
19 170
19 191
19 195
20 26
20 47
20 49
20 50
20 63
20 80
20 83
20 97
20 110
20 119
20 139
20 154
20 156
20 158
20 161
20 197
21 39
21 44
21 52
21 54
21 72
21 82
21 84
21 87
21 91
21 96
21 109
21 114
21 124
21 143
21 146
21 152
21 182
21 197
22 24
22 31
22 38
22 41
22 47
22 52
22 53
22 62
22 65
22 88
22 97
22 100
22 106
22 116
22 133
22 180
22 196
23 24
23 30
23 32
23 48
23 56
23 62
23 66
23 93
23 105
23 108
23 110
23 111
23 162
23 163
23 189
23 192
24 26
24 39
24 47
24 81
24 147
24 156
24 158
24 164
24 170
24 174
24 178
24 189
24 194
24 197
25 34
25 60
25 63
25 85
25 131
25 136
25 145
25 146
25 148
25 154
26 30
26 77
26 79
26 80
26 85
26 90
26 93
26 96
26 98
26 102
26 109
26 119
26 132
26 134
26 144
26 150
26 160
26 179
26 190
26 194
26 196
27 29
27 33
27 35
27 36
27 45
27 76
27 102
27 109
27 114
27 130
27 148
27 152
27 157
27 170
27 172
27 178
27 184
28 29
28 37
28 52
28 100
28 109
28 119
28 126
28 142
28 160
28 165
28 170
28 171
28 175
28 182
28 189
29 54
29 55
29 60
29 75
29 78
29 83
29 84
29 88
29 91
29 92
29 101
29 109
29 114
29 115
29 120
29 146
29 158
29 159
29 164
29 168
29 175
29 181
29 199
30 48
30 51
30 53
30 72
30 94
30 125
30 129
30 132
30 151
30 179
30 184
30 195
31 41
31 48
31 53
31 57
31 60
31 66
31 69
31 73
31 83
31 84
31 89
31 91
31 101
31 120
31 172
32 34
32 42
32 58
32 62
32 68
32 76
32 79
32 89
32 92
32 99
32 100
32 108
32 127
32 148
32 153
32 156
32 163
32 169
32 185
32 186
32 194
33 50
33 52
33 61
33 83
33 101
33 113
33 123
33 152
33 168
33 172
33 181
33 182
33 189
34 42
34 47
34 49
34 52
34 69
34 77
34 83
34 84
34 101
34 108
34 115
34 135
34 141
34 151
34 176
34 186
34 187
34 199
35 42
35 56
35 61
35 78
35 94
35 115
35 130
35 138
35 142
35 154
35 160
35 164
35 171
35 176
35 193
36 41
36 45
36 53
36 57
36 63
36 75
36 95
36 97
36 119
36 126
36 142
36 147
36 152
36 180
37 38
37 56
37 69
37 87
37 93
37 107
37 115
37 118
37 122
37 125
37 148
37 155
37 186
38 51
38 55
38 57
38 67
38 97
38 98
38 112
38 116
38 129
38 132
38 135
38 146
38 160
38 162
38 166
38 172
38 174
38 193
38 195
38 196
39 60
39 72
39 73
39 82
39 88
39 100
39 108
39 113
39 127
39 137
39 153
39 157
39 159
39 161
39 164
39 176
39 181
39 184
39 186
39 196
40 41
40 45
40 56
40 69
40 70
40 73
40 76
40 83
40 92
40 117
40 118
40 146
40 174
40 178
40 195
41 65
41 72
41 73
41 75
41 77
41 106
41 114
41 130
41 144
41 149
41 163
41 165
41 166
41 181
41 183
41 189
41 196
42 63
42 66
42 79
42 84
42 99
42 107
42 109
42 141
42 151
42 153
42 160
42 187
43 62
43 67
43 76
43 91
43 108
43 109
43 113
43 126
43 140
43 162
43 165
43 177
43 199
44 70
44 71
44 89
44 91
44 93
44 96
44 115
44 125
44 137
44 150
44 153
44 171
44 185
44 193
44 199
45 64
45 74
45 75
45 82
45 96
45 129
45 140
45 158
45 161
45 178
45 188
46 47
46 59
46 85
46 93
46 94
46 98
46 101
46 116
46 140
46 158
46 160
46 171
46 174
46 182
47 63
47 70
47 84
47 88
47 89
47 92
47 98
47 105
47 107
47 113
47 119
47 129
47 133
47 141
47 157
47 160
47 162
47 165
47 175
47 183
47 184
47 185
47 189
48 70
48 72
48 82
48 86
48 98
48 99
48 101
48 124
48 132
48 145
48 159
48 164
48 182
48 185
48 190
48 194
49 61
49 72
49 86
49 110
49 125
49 129
49 151
50 56
50 68
50 101
50 108
50 116
50 118
50 120
50 121
50 136
50 141
50 142
50 168
51 52
51 72
51 77
51 84
51 85
51 86
51 93
51 94
51 95
51 121
51 136
51 150
51 153
51 154
51 181
51 192
52 58
52 69
52 86
52 97
52 108
52 113
52 115
52 129
52 146
52 155
52 164
52 166
52 191
53 56
53 58
53 66
53 78
53 79
53 89
53 95
53 110
53 113
53 123
53 130
53 135
53 151
53 177
53 191
53 192
54 75
54 97
54 99
54 103
54 120
54 158
54 167
54 187
54 188
54 198
55 76
55 79
55 95
55 96
55 106
55 110
55 120
55 138
55 151
55 170
55 177
55 186
55 187
55 193
56 59
56 67
56 71
56 81
56 91
56 112
56 118
56 122
56 127
56 129
56 132
56 137
56 141
56 142
56 144
56 173
56 186
56 187
57 67
57 76
57 85
57 87
57 99
57 130
57 132
57 139
57 146
57 176
57 178
57 182
57 194
57 195
58 68
58 71
58 72
58 76
58 78
58 88
58 116
58 140
58 155
58 161
58 166
58 172
58 193
59 65
59 66
59 77
59 87
59 90
59 97
59 102
59 119
59 120
59 144
59 150
59 161
59 170
59 177
59 195
59 197
60 69
60 85
60 117
60 129
60 139
60 141
60 173
60 175
60 179
60 185
60 188
60 190
61 77
61 82
61 99
61 109
61 110
61 111
61 130
61 133
61 135
61 148
61 151
61 155
61 163
61 168
61 188
61 194
62 68
62 74
62 76
62 112
62 144
62 147
62 148
62 183
62 184
62 186
63 68
63 69
63 71
63 75
63 76
63 82
63 90
63 93
63 101
63 124
63 131
63 133
63 157
63 159
63 162
63 190
64 87
64 144
64 148
64 169
64 171
64 174
65 79
65 80
65 85
65 87
65 117
65 123
65 129
65 130
65 140
65 147
65 154
65 157
65 160
65 165
65 182
65 188
65 196
66 67
66 78
66 84
66 86
66 87
66 95
66 121
66 152
66 159
66 190
66 192
67 78
67 83
67 87
67 101
67 114
67 124
67 127
67 134
67 151
67 182
67 185
68 80
68 87
68 91
68 95
68 116
68 125
68 131
68 132
68 142
68 149
68 156
68 169
68 172
68 174
68 176
68 184
68 191
68 197
69 77
69 82
69 93
69 103
69 105
69 113
69 118
69 121
69 123
69 124
69 125
69 129
69 131
69 136
69 145
69 152
69 160
69 166
69 175
69 191
70 91
70 96
70 108
70 112
70 124
70 125
70 130
70 134
70 147
70 158
70 167
70 180
70 185
71 76
71 84
71 93
71 99
71 103
71 118
71 131
71 134
71 135
71 144
71 150
71 157
71 160
71 185
71 193
71 199
72 76
72 79
72 93
72 99
72 109
72 125
72 130
72 135
72 143
72 146
72 147
72 168
72 178
72 182
72 192
73 79
73 96
73 105
73 119
73 130
73 132
73 147
73 156
73 167
73 177
73 178
73 191
73 192
73 198
74 84
74 91
74 97
74 98
74 102
74 123
74 129
74 135
74 144
74 150
74 155
74 162
74 166
74 174
74 183
74 188
74 191
74 192
74 198
75 109
75 110
75 124
75 131
75 139
75 143
75 146
75 159
75 179
75 187
75 197
76 77
76 87
76 88
76 139
76 140
76 142
76 158
76 162
76 181
76 198
77 81
77 87
77 109
77 112
77 123
77 124
77 127
77 138
77 141
77 161
77 162
77 173
77 177
77 195
77 198
78 86
78 87
78 90
78 91
78 105
78 110
78 134
78 136
78 153
78 155
78 166
78 171
78 199
79 80
79 102
79 107
79 118
79 121
79 122
79 127
79 162
79 168
79 171
79 172
79 175
79 188
79 195
79 198
80 82
80 83
80 93
80 99
80 104
80 106
80 128
80 130
80 135
80 144
80 146
80 161
80 166
80 179
80 186
80 187
80 192
80 199
81 86
81 97
81 99
81 111
81 141
81 154
81 165
81 168
81 197
82 86
82 106
82 111
82 115
82 116
82 132
82 140
82 153
82 154
82 160
82 172
82 173
82 189
83 84
83 100
83 117
83 145
83 146
83 166
83 168
83 180
84 103
84 117
84 119
84 126
84 142
84 164
84 168
84 170
84 188
84 192
85 97
85 115
85 144
85 159
85 160
85 162
85 178
86 92
86 96
86 126
86 138
86 150
86 154
86 180
86 189
87 106
87 115
87 132
87 135
87 139
87 144
87 145
87 146
87 148
87 157
87 167
87 177
87 186
87 197
88 89
88 92
88 105
88 121
88 127
88 130
88 139
88 141
88 161
88 163
89 91
89 106
89 122
89 136
89 138
89 149
89 172
89 190
90 95
90 110
90 114
90 122
90 126
90 130
90 141
90 155
90 163
90 170
90 176
90 180
90 181
90 190
90 195
90 196
90 198
91 99
91 125
91 130
91 139
91 146
91 163
91 164
91 165
91 184
91 195
92 103
92 114
92 121
92 122
92 133
92 136
92 147
92 162
92 167
92 176
92 199
93 111
93 118
93 122
93 124
93 135
93 140
93 142
93 143
93 169
93 172
93 177
93 196
93 197
94 98
94 100
94 107
94 117
94 129
94 132
94 143
94 146
94 150
94 164
94 168
94 197
95 146
95 156
95 161
95 170
95 188
95 194
95 196
96 98
96 106
96 111
96 121
96 124
96 156
96 165
96 171
96 175
96 192
96 198
97 111
97 169
97 171
97 174
97 185
97 191
98 104
98 131
98 136
98 139
98 147
98 151
98 159
98 162
98 190
98 191
99 110
99 120
99 127
99 132
99 138
99 143
99 150
99 154
99 160
99 170
99 171
99 184
99 188
99 191
100 102
100 105
100 118
100 122
100 128
100 133
100 167
100 174
100 180
100 183
100 185
100 195
100 199
101 103
101 119
101 126
101 148
101 153
101 174
101 184
101 190
101 196
102 108
102 110
102 111
102 125
102 137
102 152
102 170
102 171
102 177
102 179
102 197
103 108
103 109
103 113
103 114
103 117
103 120
103 129
103 132
103 139
103 142
103 156
103 157
103 164
103 173
103 187
103 194
104 107
104 108
104 111
104 113
104 146
104 153
104 154
104 185
105 110
105 113
105 120
105 137
105 142
105 159
105 165
105 169
105 178
105 179
105 181
105 191
106 141
106 145
106 149
106 168
107 120
107 132
107 155
107 180
107 191
107 197
108 124
108 135
108 145
108 147
108 151
108 159
108 161
108 167
108 182
108 195
108 198
109 121
109 122
109 149
109 157
109 158
109 161
109 166
109 172
110 130
110 157
110 162
110 164
110 165
110 170
110 186
110 193
110 198
111 115
111 134
111 137
111 145
111 153
111 156
111 159
111 161
111 175
111 178
111 180
112 119
112 141
112 163
112 177
112 187
112 194
112 196
113 122
113 139
113 152
113 155
113 159
113 172
114 128
114 138
114 143
114 161
114 176
114 189
114 194
115 129
115 149
115 159
115 173
115 178
116 132
116 138
116 142
116 147
116 172
116 180
116 190
117 134
117 139
117 141
117 143
117 161
117 173
117 179
117 185
117 187
117 199
118 127
118 139
118 156
118 181
118 190
118 192
118 197
119 124
119 129
119 131
119 149
119 157
119 164
119 165
119 169
119 171
119 173
119 181
119 187
120 121
120 122
120 129
120 141
120 164
120 165
120 174
120 186
121 127
121 129
121 136
121 147
121 150
121 157
121 160
122 135
122 138
122 139
122 144
122 182
122 196
123 143
123 146
123 150
123 153
123 171
124 130
124 177
124 181
124 188
125 126
125 147
125 156
125 158
125 175
125 192
125 195
125 198
126 133
126 134
126 158
126 167
127 129
127 131
127 156
127 161
127 179
127 190
128 160
128 179
128 195
128 196
129 133
129 134
129 138
129 141
129 142
129 146
129 163
129 172
129 187
129 194
130 131
130 137
130 142
130 156
130 181
130 192
130 198
131 133
131 136
131 158
131 183
131 192
132 135
132 138
132 155
132 156
132 166
133 134
133 138
133 139
133 148
133 149
133 154
133 155
133 188
134 136
134 147
134 153
134 166
134 173
134 176
134 185
134 186
135 136
135 144
135 151
135 153
135 158
135 167
135 175
135 187
135 191
135 196
136 138
136 139
136 142
136 157
136 160
136 162
136 171
136 175
136 191
137 148
137 168
137 169
137 170
137 176
137 183
138 141
138 147
138 150
138 156
138 167
138 172
138 175
138 181
138 188
138 192
138 194
138 196
139 170
139 182
139 198
140 171
140 184
141 157
141 169
141 174
141 176
141 186
141 195
141 197
142 178
142 180
142 192
142 198
143 151
143 154
143 159
143 161
143 162
143 165
143 174
144 153
144 166
144 172
144 179
144 181
144 195
145 147
145 152
145 154
145 158
145 159
145 184
146 153
146 158
146 176
146 195
146 197
147 167
147 186
147 193
147 198
148 159
148 160
148 164
148 168
148 177
148 178
149 156
149 165
149 174
149 185
149 191
149 198
150 161
150 183
150 188
150 191
151 158
151 177
151 183
151 194
151 199
152 164
152 165
152 169
152 176
152 179
152 181
153 154
153 155
153 159
153 162
153 169
154 160
154 162
154 183
155 168
155 176
155 195
156 162
156 164
156 177
157 162
157 170
157 186
157 193
158 163
158 169
158 183
158 186
159 166
159 167
159 193
159 195
160 164
160 169
160 176
160 181
160 184
160 196
161 166
161 174
161 187
161 194
162 185
162 192
163 169
163 175
163 183
163 186
164 168
164 181
164 199
165 169
165 172
165 176
165 182
165 184
165 185
165 193
166 171
166 197
167 195
167 196
168 171
168 186
169 180
169 185
169 198
170 180
170 190
171 185
171 190
172 177
172 181
172 183
172 199
173 185
174 175
174 191
174 193
174 196
175 176
176 177
176 181
176 194
176 197
178 189
178 196
178 198
180 183
181 189
181 191
182 186
182 192
183 185
183 186
183 191
183 193
184 188
184 195
184 196
184 199
185 187
185 199
186 194
187 192
188 195
189 193
189 194
190 193
191 199
192 199
193 198
195 197
195 198
196 199

0 0 1 1 0 0 1 0 1 0 1 0 0 0 1 0 1 0 0 0 0 1 1 1 0 0 1 1 0 0 1 1 0 1 1 0 0 0 1 0 0 1 1 0 0 0 1 0 0 1 1 1 1 1 0 0 1 0 1 0 0 1 0 0 0 0 0 0 0 1 1 1 1 0 1 1 0 1 0 1 1 0 0 1 1 0 0 0 1 1 1 1 0 0 1 1 0 1 1 1 1 0 0 0 0 0 1 0 0 1 1 1 1 0 1 1 1 1 1 1 1 0 1 0 1 0 0 1 0 1 0 0 1 1 0 1 0 1 0 0 1 1 1 0 1 1 0 1 1 0 1 1 1 1 0 0 1 1 1 1 0 0 1 1 0 0 1 1 1 1 1 0 1 1 1 0 0 0 0 1 0 0 1 1 0 1 0 0 0 0 0 0 0 0 0 0 0 0 1 1