30 96
0 1 2 3 4 5 6 7 8 9 10 11 12 13 14 15 16 17 18 19 20 21 22 23 24 25 26 27 28 29
0 6
0 8
0 10
0 13
0 24
0 27
1 4
1 8
1 15
1 17
1 28
2 3
2 10
2 15
2 24
3 5
3 7
3 8
3 9
3 14
3 19
3 22
3 26
4 11
4 15
4 18
4 19
5 7
5 11
5 25
5 28
6 8
6 11
6 18
7 9
7 13
7 14
7 23
7 25
7 29
8 14
8 22
8 23
8 25
9 12
9 24
10 11
10 13
10 17
10 19
10 20
10 21
10 26
10 29
11 12
11 19
11 21
11 22
11 23
11 29
12 16
12 18
12 20
12 23
13 15
13 25
13 28
14 15
14 24
14 26
14 27
14 29
15 16
15 20
15 21
15 23
15 25
16 18
16 29
17 25
18 28
19 28
19 29
20 21
20 23
20 27
21 26
23 25
23 28
23 29
24 27
24 28
25 28
25 29
26 28
27 29

1 1 0 1 1 0 1 0 0 0 1 1 1 0 1 0 1 0 1 1 0 0 1 0 1 0 0 0 0 1