50 62
0 1 2 3 4 5 6 7 8 9 10 11 12 13 14 15 16 17 18 19 20 21 22 23 24 25 26 27 28 29 30 31 32 33 34 35 36 37 38 39 40 41 42 43 44 45 46 47 48 49
0 32
0 40
1 20
1 40
2 38
2 46
2 47
3 35
4 25
5 23
5 40
5 42
6 28
7 19
7 39
7 46
8 14
8 29
8 47
9 14
9 21
10 21
10 27
10 31
10 45
11 35
11 38
11 41
11 43
12 21
12 24
12 44
13 16
14 19
14 27
15 22
16 28
16 46
18 26
18 47
19 34
20 29
21 27
22 30
22 49
23 27
24 33
24 42
25 48
26 30
26 32
26 36
26 44
26 46
27 49
29 41
29 47
31 36
32 40
32 46
34 37
43 46

0 1 0 0 0 1 0 1 0 0 0 0 0 0 1 0 0 0 1 0 1 1 0 1 1 1 1 1 1 0 0 1 1 1 0 0 0 1 1 1 1 1 1 1 1 0 0 0 1 0