200 9901
0 1 2 3 4 5 6 7 8 9 10 11 12 13 14 15 16 17 18 19 20 21 22 23 24 25 26 27 28 29 30 31 32 33 34 35 36 37 38 39 40 41 42 43 44 45 46 47 48 49 50 51 52 53 54 55 56 57 58 59 60 61 62 63 64 65 66 67 68 69 70 71 72 73 74 75 76 77 78 79 80 81 82 83 84 85 86 87 88 89 90 91 92 93 94 95 96 97 98 99 100 101 102 103 104 105 106 107 108 109 110 111 112 113 114 115 116 117 118 119 120 121 122 123 124 125 126 127 128 129 130 131 132 133 134 135 136 137 138 139 140 141 142 143 144 145 146 147 148 149 150 151 152 153 154 155 156 157 158 159 160 161 162 163 164 165 166 167 168 169 170 171 172 173 174 175 176 177 178 179 180 181 182 183 184 185 186 187 188 189 190 191 192 193 194 195 196 197 198 199
0 1
0 3
0 5
0 6
0 7
0 8
0 11
0 12
0 13
0 15
0 16
0 17
0 18
0 19
0 20
0 22
0 28
0 29
0 32
0 33
0 34
0 35
0 36
0 39
0 41
0 42
0 43
0 45
0 46
0 47
0 48
0 49
0 50
0 52
0 53
0 54
0 59
0 65
0 66
0 68
0 69
0 70
0 77
0 80
0 81
0 82
0 83
0 85
0 88
0 90
0 95
0 96
0 98
0 100
0 101
0 107
0 108
0 111
0 116
0 118
0 120
0 122
0 124
0 125
0 126
0 127
0 128
0 129
0 130
0 133
0 135
0 136
0 137
0 140
0 142
0 143
0 144
0 145
0 146
0 151
0 152
0 154
0 156
0 159
0 172
0 174
0 175
0 177
0 178
0 180
0 181
0 182
0 185
0 187
0 193
0 194
0 198
1 10
1 12
1 13
1 14
1 18
1 21
1 22
1 24
1 25
1 28
1 29
1 30
1 31
1 33
1 34
1 38
1 41
1 43
1 44
1 45
1 46
1 47
1 48
1 51
1 53
1 54
1 55
1 56
1 57
1 58
1 59
1 60
1 62
1 63
1 67
1 68
1 71
1 73
1 76
1 80
1 82
1 85
1 86
1 87
1 89
1 92
1 94
1 96
1 97
1 99
1 102
1 103
1 104
1 108
1 109
1 112
1 113
1 114
1 115
1 116
1 119
1 120
1 121
1 122
1 124
1 125
1 127
1 129
1 136
1 138
1 139
1 142
1 144
1 147
1 149
1 153
1 155
1 156
1 161
1 163
1 164
1 165
1 166
1 167
1 168
1 169
1 175
1 176
1 179
1 181
1 182
1 184
1 188
1 189
1 190
1 193
1 194
1 199
2 4
2 6
2 7
2 8
2 12
2 14
2 15
2 16
2 19
2 20
2 23
2 25
2 26
2 28
2 29
2 30
2 32
2 33
2 34
2 37
2 38
2 39
2 40
2 41
2 42
2 43
2 44
2 48
2 50
2 52
2 53
2 56
2 59
2 62
2 63
2 65
2 67
2 70
2 71
2 73
2 74
2 76
2 78
2 80
2 81
2 83
2 84
2 85
2 86
2 91
2 92
2 93
2 94
2 96
2 98
2 102
2 104
2 105
2 107
2 108
2 110
2 111
2 115
2 116
2 118
2 121
2 123
2 125
2 128
2 129
2 130
2 132
2 134
2 137
2 143
2 144
2 146
2 150
2 151
2 152
2 153
2 155
2 156
2 157
2 161
2 165
2 166
2 168
2 169
2 171
2 172
2 175
2 176
2 177
2 178
2 179
2 180
2 184
2 190
2 191
2 192
2 194
2 195
2 196
2 199
3 8
3 10
3 12
3 14
3 19
3 20
3 23
3 25
3 26
3 27
3 28
3 29
3 31
3 32
3 34
3 36
3 42
3 44
3 46
3 50
3 53
3 57
3 58
3 65
3 66
3 68
3 70
3 71
3 73
3 75
3 79
3 80
3 84
3 86
3 87
3 92
3 93
3 94
3 95
3 96
3 97
3 103
3 106
3 108
3 109
3 111
3 113
3 115
3 118
3 119
3 121
3 122
3 123
3 129
3 130
3 132
3 133
3 138
3 140
3 141
3 142
3 145
3 147
3 148
3 150
3 154
3 155
3 157
3 163
3 164
3 166
3 169
3 171
3 172
3 174
3 176
3 177
3 179
3 182
3 183
3 184
3 186
3 189
3 191
3 192
3 193
3 194
3 197
3 199
4 6
4 7
4 8
4 10
4 12
4 13
4 15
4 16
4 17
4 19
4 20
4 21
4 23
4 26
4 30
4 32
4 34
4 35
4 36
4 37
4 44
4 45
4 47
4 48
4 51
4 56
4 57
4 62
4 63
4 65
4 68
4 72
4 73
4 74
4 75
4 77
4 79
4 81
4 82
4 83
4 84
4 87
4 91
4 92
4 93
4 95
4 97
4 101
4 104
4 106
4 108
4 112
4 113
4 117
4 119
4 120
4 123
4 124
4 125
4 130
4 131
4 132
4 134
4 135
4 136
4 139
4 140
4 141
4 142
4 143
4 144
4 146
4 147
4 151
4 153
4 154
4 155
4 156
4 158
4 161
4 162
4 163
4 165
4 166
4 167
4 168
4 169
4 171
4 172
4 173
4 176
4 177
4 181
4 183
4 184
4 187
4 188
4 189
4 191
4 194
4 198
5 6
5 10
5 12
5 13
5 14
5 16
5 20
5 22
5 27
5 28
5 31
5 33
5 34
5 38
5 42
5 43
5 44
5 46
5 49
5 51
5 54
5 55
5 60
5 62
5 63
5 68
5 69
5 70
5 71
5 73
5 75
5 76
5 77
5 78
5 80
5 82
5 84
5 85
5 88
5 89
5 90
5 91
5 92
5 93
5 94
5 96
5 97
5 98
5 100
5 103
5 104
5 108
5 110
5 112
5 113
5 117
5 118
5 119
5 120
5 122
5 123
5 125
5 127
5 130
5 132
5 134
5 137
5 140
5 141
5 142
5 143
5 144
5 150
5 154
5 158
5 167
5 168
5 170
5 172
5 173
5 177
5 179
5 191
5 195
5 198
6 7
6 8
6 9
6 11
6 13
6 14
6 16
6 17
6 28
6 32
6 34
6 35
6 37
6 38
6 40
6 41
6 42
6 50
6 52
6 54
6 55
6 61
6 66
6 68
6 70
6 71
6 72
6 75
6 76
6 80
6 85
6 90
6 91
6 92
6 93
6 96
6 100
6 107
6 113
6 114
6 115
6 116
6 117
6 119
6 120
6 123
6 126
6 127
6 128
6 133
6 134
6 135
6 136
6 137
6 142
6 145
6 148
6 150
6 152
6 154
6 156
6 157
6 158
6 159
6 160
6 161
6 162
6 166
6 168
6 171
6 172
6 174
6 177
6 179
6 182
6 184
6 187
6 188
6 189
6 191
6 194
6 198
7 12
7 16
7 21
7 22
7 24
7 25
7 27
7 28
7 29
7 31
7 32
7 34
7 35
7 36
7 39
7 40
7 43
7 48
7 49
7 50
7 56
7 57
7 58
7 59
7 61
7 63
7 65
7 67
7 68
7 69
7 71
7 79
7 86
7 88
7 90
7 91
7 92
7 94
7 96
7 99
7 100
7 101
7 102
7 103
7 104
7 106
7 109
7 112
7 114
7 115
7 116
7 118
7 122
7 124
7 126
7 127
7 131
7 137
7 138
7 140
7 145
7 146
7 148
7 149
7 152
7 154
7 156
7 159
7 163
7 164
7 166
7 167
7 168
7 171
7 172
7 173
7 175
7 176
7 178
7 180
7 181
7 183
7 184
7 185
7 188
7 191
7 192
7 193
7 196
7 197
7 198
8 10
8 11
8 15
8 19
8 20
8 22
8 26
8 29
8 30
8 31
8 36
8 37
8 38
8 39
8 40
8 43
8 46
8 48
8 49
8 52
8 53
8 55
8 60
8 63
8 64
8 67
8 68
8 71
8 72
8 77
8 79
8 82
8 86
8 87
8 89
8 91
8 92
8 93
8 94
8 97
8 98
8 100
8 101
8 104
8 105
8 108
8 109
8 111
8 116
8 118
8 119
8 120
8 121
8 122
8 123
8 124
8 125
8 126
8 127
8 129
8 130
8 132
8 133
8 135
8 136
8 137
8 139
8 141
8 143
8 144
8 145
8 148
8 149
8 150
8 151
8 152
8 153
8 154
8 155
8 157
8 158
8 159
8 162
8 166
8 169
8 170
8 171
8 172
8 176
8 179
8 181
8 182
8 183
8 186
8 187
8 189
8 190
8 191
8 192
8 193
8 194
8 195
8 197
8 198
8 199
9 11
9 15
9 16
9 17
9 20
9 23
9 25
9 26
9 32
9 33
9 34
9 38
9 39
9 44
9 46
9 49
9 50
9 52
9 53
9 54
9 56
9 57
9 58
9 59
9 64
9 70
9 72
9 75
9 76
9 77
9 78
9 79
9 80
9 82
9 83
9 84
9 85
9 87
9 88
9 89
9 91
9 94
9 95
9 96
9 97
9 99
9 101
9 104
9 106
9 109
9 110
9 111
9 112
9 115
9 116
9 119
9 121
9 129
9 130
9 132
9 137
9 139
9 141
9 142
9 146
9 147
9 150
9 152
9 153
9 154
9 157
9 158
9 160
9 162
9 164
9 165
9 177
9 178
9 181
9 184
9 185
9 186
9 187
9 188
9 190
9 195
9 196
9 197
9 199
10 12
10 13
10 15
10 16
10 17
10 18
10 19
10 21
10 23
10 25
10 27
10 28
10 29
10 31
10 32
10 34
10 35
10 36
10 39
10 41
10 43
10 44
10 47
10 49
10 50
10 52
10 54
10 55
10 57
10 59
10 62
10 65
10 67
10 74
10 75
10 76
10 78
10 79
10 83
10 85
10 86
10 87
10 89
10 90
10 91
10 93
10 94
10 96
10 97
10 99
10 101
10 104
10 105
10 107
10 109
10 112
10 115
10 117
10 118
10 119
10 121
10 124
10 125
10 126
10 127
10 128
10 131
10 134
10 136
10 139
10 143
10 144
10 145
10 146
10 147
10 149
10 153
10 155
10 157
10 158
10 159
10 160
10 161
10 162
10 164
10 165
10 166
10 167
10 170
10 172
10 173
10 175
10 177
10 180
10 181
10 183
10 184
10 185
10 186
10 189
10 190
10 191
10 192
10 194
10 195
10 196
10 198
11 12
11 18
11 23
11 24
11 27
11 29
11 30
11 31
11 33
11 34
11 36
11 38
11 39
11 40
11 41
11 43
11 45
11 46
11 48
11 50
11 51
11 54
11 59
11 61
11 63
11 73
11 74
11 75
11 76
11 78
11 80
11 82
11 83
11 84
11 85
11 86
11 87
11 88
11 89
11 91
11 95
11 96
11 99
11 100
11 101
11 107
11 108
11 110
11 113
11 114
11 115
11 116
11 117
11 119
11 122
11 126
11 132
11 134
11 135
11 136
11 137
11 138
11 139
11 141
11 142
11 144
11 148
11 149
11 150
11 152
11 153
11 155
11 156
11 157
11 159
11 162
11 164
11 165
11 166
11 167
11 168
11 170
11 171
11 173
11 175
11 178
11 179
11 184
11 186
11 187
11 188
11 190
11 191
11 192
11 194
11 196
11 197
11 198
12 13
12 14
12 16
12 20
12 23
12 24
12 26
12 27
12 31
12 36
12 37
12 38
12 39
12 40
12 41
12 42
12 43
12 44
12 45
12 49
12 52
12 55
12 57
12 58
12 62
12 64
12 66
12 67
12 69
12 70
12 74
12 75
12 76
12 80
12 83
12 84
12 86
12 88
12 89
12 90
12 94
12 96
12 97
12 98
12 103
12 106
12 108
12 109
12 110
12 111
12 116
12 120
12 121
12 126
12 127
12 131
12 134
12 135
12 136
12 139
12 140
12 142
12 143
12 144
12 147
12 148
12 149
12 153
12 154
12 155
12 156
12 158
12 160
12 161
12 162
12 163
12 166
12 167
12 168
12 174
12 175
12 176
12 177
12 179
12 180
12 181
12 182
12 183
12 186
12 187
12 190
12 191
12 192
12 197
13 16
13 18
13 19
13 21
13 23
13 26
13 29
13 31
13 35
13 36
13 37
13 38
13 41
13 42
13 44
13 47
13 48
13 50
13 56
13 58
13 59
13 60
13 65
13 68
13 69
13 70
13 71
13 73
13 74
13 76
13 77
13 78
13 81
13 84
13 85
13 88
13 89
13 91
13 98
13 99
13 101
13 109
13 112
13 113
13 116
13 118
13 119
13 127
13 128
13 129
13 130
13 131
13 133
13 135
13 136
13 139
13 140
13 141
13 143
13 145
13 146
13 151
13 152
13 154
13 155
13 156
13 157
13 163
13 166
13 168
13 169
13 171
13 173
13 175
13 176
13 178
13 183
13 185
13 191
13 195
14 16
14 17
14 20
14 22
14 23
14 24
14 25
14 27
14 28
14 29
14 31
14 34
14 35
14 40
14 41
14 42
14 44
14 45
14 46
14 47
14 48
14 49
14 52
14 53
14 55
14 62
14 64
14 65
14 66
14 68
14 70
14 71
14 74
14 76
14 77
14 78
14 79
14 81
14 82
14 83
14 84
14 86
14 89
14 90
14 92
14 93
14 96
14 99
14 103
14 106
14 108
14 109
14 110
14 114
14 119
14 121
14 124
14 125
14 128
14 131
14 133
14 134
14 135
14 139
14 141
14 142
14 145
14 147
14 148
14 152
14 159
14 161
14 164
14 165
14 170
14 172
14 174
14 175
14 178
14 179
14 180
14 181
14 184
14 185
14 186
14 188
14 190
14 191
14 193
14 198
15 16
15 18
15 19
15 20
15 21
15 23
15 24
15 26
15 27
15 33
15 36
15 38
15 40
15 42
15 43
15 44
15 45
15 46
15 47
15 50
15 52
15 53
15 54
15 57
15 59
15 60
15 63
15 64
15 65
15 66
15 68
15 70
15 74
15 77
15 78
15 79
15 80
15 84
15 86
15 89
15 92
15 93
15 94
15 97
15 98
15 100
15 102
15 106
15 107
15 109
15 117
15 119
15 120
15 121
15 123
15 126
15 129
15 130
15 132
15 135
15 138
15 141
15 143
15 146
15 147
15 148
15 154
15 156
15 157
15 158
15 159
15 160
15 161
15 162
15 163
15 171
15 172
15 173
15 175
15 177
15 178
15 179
15 180
15 183
15 190
15 191
15 193
15 194
15 197
15 198
15 199
16 17
16 18
16 20
16 23
16 24
16 25
16 26
16 33
16 35
16 37
16 38
16 39
16 41
16 44
16 49
16 50
16 53
16 54
16 57
16 59
16 60
16 62
16 64
16 68
16 70
16 76
16 78
16 79
16 80
16 82
16 87
16 95
16 96
16 98
16 99
16 100
16 101
16 102
16 107
16 108
16 109
16 110
16 113
16 114
16 117
16 118
16 120
16 123
16 124
16 126
16 128
16 130
16 131
16 136
16 137
16 142
16 145
16 147
16 150
16 151
16 153
16 155
16 156
16 159
16 161
16 162
16 164
16 165
16 167
16 168
16 172
16 175
16 178
16 182
16 183
16 185
16 189
16 191
16 194
16 198
16 199
17 18
17 19
17 20
17 21
17 22
17 23
17 25
17 26
17 28
17 31
17 36
17 37
17 41
17 42
17 43
17 51
17 54
17 56
17 57
17 58
17 59
17 61
17 70
17 71
17 72
17 74
17 76
17 79
17 80
17 81
17 82
17 84
17 85
17 93
17 94
17 95
17 96
17 98
17 100
17 101
17 104
17 106
17 107
17 110
17 111
17 113
17 115
17 119
17 121
17 122
17 125
17 128
17 130
17 132
17 134
17 135
17 136
17 138
17 139
17 142
17 144
17 145
17 146
17 147
17 149
17 151
17 152
17 157
17 158
17 159
17 160
17 161
17 165
17 167
17 172
17 174
17 178
17 179
17 182
17 188
17 189
17 190
17 193
17 194
17 196
17 197
17 198
17 199
18 24
18 26
18 28
18 29
18 34
18 35
18 38
18 39
18 42
18 44
18 47
18 48
18 49
18 50
18 55
18 63
18 64
18 65
18 66
18 69
18 70
18 71
18 73
18 74
18 75
18 76
18 78
18 79
18 80
18 81
18 82
18 84
18 86
18 87
18 94
18 96
18 98
18 104
18 108
18 109
18 112
18 115
18 117
18 118
18 119
18 123
18 124
18 125
18 128
18 129
18 132
18 134
18 135
18 136
18 137
18 139
18 140
18 142
18 143
18 144
18 146
18 147
18 148
18 149
18 151
18 154
18 157
18 159
18 161
18 162
18 163
18 165
18 166
18 168
18 169
18 171
18 179
18 182
18 183
18 184
18 186
18 187
18 188
18 191
18 192
19 20
19 21
19 22
19 24
19 29
19 33
19 34
19 35
19 36
19 38
19 39
19 40
19 44
19 45
19 46
19 48
19 51
19 54
19 55
19 56
19 59
19 60
19 63
19 64
19 66
19 67
19 68
19 69
19 72
19 73
19 74
19 75
19 77
19 80
19 82
19 84
19 85
19 86
19 87
19 89
19 90
19 91
19 92
19 94
19 95
19 96
19 98
19 102
19 104
19 105
19 107
19 111
19 113
19 114
19 115
19 116
19 117
19 118
19 120
19 121
19 124
19 125
19 129
19 132
19 136
19 137
19 138
19 145
19 148
19 149
19 150
19 151
19 152
19 153
19 154
19 156
19 158
19 162
19 163
19 164
19 168
19 170
19 173
19 175
19 178
19 179
19 180
19 183
19 184
19 185
19 189
19 191
19 193
19 194
19 199
20 21
20 27
20 28
20 29
20 30
20 32
20 33
20 36
20 40
20 41
20 43
20 45
20 46
20 50
20 51
20 56
20 61
20 63
20 66
20 68
20 71
20 72
20 76
20 77
20 78
20 79
20 82
20 83
20 85
20 86
20 88
20 89
20 91
20 92
20 93
20 94
20 97
20 104
20 106
20 110
20 111
20 113
20 114
20 115
20 116
20 118
20 120
20 121
20 122
20 123
20 125
20 127
20 132
20 134
20 135
20 137
20 141
20 142
20 143
20 144
20 147
20 154
20 156
20 158
20 160
20 161
20 162
20 163
20 164
20 165
20 168
20 171
20 174
20 175
20 177
20 179
20 183
20 189
20 192
20 193
20 194
20 197
20 198
20 199
21 22
21 23
21 24
21 25
21 26
21 27
21 28
21 29
21 30
21 34
21 35
21 37
21 38
21 40
21 41
21 43
21 44
21 45
21 49
21 53
21 54
21 55
21 56
21 61
21 62
21 63
21 64
21 66
21 70
21 72
21 73
21 74
21 76
21 77
21 78
21 79
21 80
21 81
21 82
21 90
21 91
21 94
21 95
21 96
21 99
21 101
21 103
21 104
21 105
21 108
21 110
21 115
21 116
21 120
21 121
21 123
21 126
21 127
21 130
21 131
21 132
21 133
21 134
21 135
21 136
21 138
21 139
21 142
21 143
21 145
21 146
21 147
21 148
21 150
21 151
21 157
21 159
21 160
21 161
21 162
21 163
21 164
21 168
21 170
21 171
21 172
21 173
21 174
21 178
21 179
21 180
21 184
21 185
21 187
21 188
21 189
21 191
21 193
21 195
21 197
21 198
21 199
22 24
22 25
22 26
22 32
22 35
22 36
22 38
22 39
22 40
22 42
22 43
22 44
22 46
22 47
22 49
22 51
22 52
22 53
22 54
22 55
22 56
22 58
22 59
22 62
22 66
22 67
22 68
22 69
22 75
22 79
22 84
22 87
22 88
22 90
22 92
22 95
22 97
22 101
22 102
22 103
22 107
22 109
22 110
22 111
22 112
22 114
22 116
22 117
22 120
22 121
22 123
22 124
22 125
22 126
22 128
22 129
22 130
22 132
22 133
22 134
22 135
22 136
22 141
22 142
22 144
22 145
22 147
22 148
22 151
22 157
22 158
22 159
22 162
22 164
22 166
22 169
22 171
22 172
22 173
22 174
22 178
22 179
22 180
22 181
22 183
22 187
22 189
22 192
22 193
22 194
22 196
22 197
22 198
22 199
23 25
23 27
23 29
23 30
23 34
23 36
23 37
23 40
23 42
23 44
23 45
23 47
23 48
23 49
23 50
23 55
23 56
23 59
23 60
23 61
23 62
23 63
23 65
23 70
23 71
23 73
23 77
23 79
23 80
23 81
23 83
23 84
23 85
23 86
23 87
23 89
23 93
23 94
23 98
23 99
23 100
23 101
23 102
23 104
23 105
23 106
23 108
23 110
23 111
23 113
23 118
23 119
23 124
23 125
23 126
23 127
23 128
23 129
23 132
23 133
23 134
23 136
23 137
23 138
23 141
23 144
23 145
23 146
23 147
23 152
23 153
23 158
23 159
23 163
23 164
23 165
23 167
23 168
23 171
23 176
23 183
23 184
23 185
23 188
23 191
23 192
23 196
23 197
23 198
23 199
24 26
24 27
24 29
24 33
24 37
24 39
24 41
24 42
24 47
24 48
24 49
24 50
24 51
24 53
24 57
24 59
24 60
24 62
24 65
24 74
24 75
24 76
24 77
24 80
24 81
24 86
24 90
24 91
24 93
24 94
24 95
24 96
24 99
24 100
24 102
24 103
24 105
24 106
24 107
24 108
24 109
24 110
24 111
24 115
24 117
24 118
24 121
24 122
24 124
24 128
24 129
24 131
24 135
24 136
24 140
24 141
24 144
24 146
24 147
24 149
24 152
24 154
24 156
24 157
24 158
24 160
24 163
24 168
24 170
24 176
24 180
24 184
24 185
24 188
24 189
24 192
24 193
24 197
24 199
25 28
25 29
25 30
25 31
25 34
25 35
25 36
25 37
25 39
25 41
25 42
25 43
25 46
25 48
25 49
25 52
25 55
25 59
25 60
25 61
25 64
25 70
25 72
25 74
25 77
25 79
25 80
25 83
25 84
25 87
25 91
25 93
25 94
25 96
25 97
25 103
25 106
25 108
25 110
25 111
25 113
25 115
25 116
25 120
25 123
25 124
25 127
25 131
25 133
25 134
25 136
25 137
25 139
25 145
25 147
25 148
25 155
25 156
25 157
25 159
25 161
25 162
25 163
25 172
25 173
25 174
25 177
25 178
25 180
25 181
25 182
25 183
25 185
25 186
25 188
25 191
25 192
25 193
25 195
25 196
25 197
26 28
26 32
26 34
26 36
26 37
26 38
26 39
26 40
26 46
26 47
26 49
26 50
26 51
26 53
26 56
26 57
26 59
26 60
26 61
26 63
26 65
26 66
26 68
26 70
26 73
26 74
26 75
26 76
26 77
26 80
26 83
26 84
26 85
26 87
26 88
26 89
26 92
26 95
26 97
26 101
26 102
26 104
26 105
26 110
26 112
26 113
26 115
26 117
26 120
26 122
26 123
26 126
26 127
26 128
26 131
26 132
26 133
26 135
26 138
26 139
26 142
26 144
26 145
26 151
26 152
26 153
26 156
26 158
26 160
26 161
26 162
26 165
26 168
26 171
26 176
26 177
26 178
26 179
26 180
26 182
26 183
26 185
26 186
26 188
26 193
26 195
26 196
26 197
27 28
27 29
27 30
27 31
27 34
27 36
27 37
27 39
27 40
27 41
27 45
27 48
27 50
27 51
27 53
27 54
27 60
27 61
27 62
27 63
27 66
27 71
27 76
27 78
27 80
27 81
27 82
27 83
27 84
27 86
27 87
27 88
27 90
27 91
27 92
27 93
27 96
27 97
27 99
27 102
27 104
27 106
27 107
27 108
27 109
27 112
27 114
27 115
27 117
27 118
27 122
27 123
27 125
27 127
27 128
27 129
27 133
27 134
27 136
27 137
27 140
27 141
27 142
27 144
27 148
27 149
27 150
27 151
27 153
27 154
27 157
27 159
27 163
27 164
27 169
27 171
27 172
27 175
27 176
27 178
27 179
27 182
27 184
27 185
27 187
27 190
27 192
27 193
27 194
27 195
27 196
27 197
27 199
28 29
28 30
28 31
28 32
28 40
28 42
28 45
28 47
28 48
28 52
28 55
28 56
28 59
28 61
28 62
28 63
28 67
28 68
28 74
28 77
28 78
28 79
28 81
28 82
28 83
28 84
28 90
28 91
28 92
28 94
28 95
28 97
28 100
28 103
28 105
28 112
28 114
28 116
28 118
28 121
28 126
28 127
28 131
28 132
28 133
28 136
28 140
28 141
28 142
28 143
28 147
28 148
28 150
28 151
28 152
28 153
28 155
28 156
28 163
28 164
28 165
28 169
28 170
28 171
28 172
28 173
28 174
28 178
28 180
28 181
28 182
28 188
28 190
28 192
28 193
28 194
28 197
28 198
29 33
29 34
29 35
29 36
29 37
29 44
29 45
29 47
29 48
29 54
29 56
29 57
29 58
29 59
29 63
29 64
29 66
29 68
29 70
29 74
29 75
29 76
29 79
29 80
29 83
29 84
29 86
29 89
29 90
29 91
29 92
29 93
29 95
29 96
29 97
29 98
29 99
29 100
29 102
29 104
29 108
29 109
29 111
29 112
29 121
29 122
29 124
29 128
29 131
29 133
29 134
29 135
29 136
29 138
29 139
29 144
29 146
29 150
29 153
29 155
29 156
29 157
29 167
29 170
29 171
29 172
29 173
29 177
29 178
29 184
29 185
29 186
29 188
29 189
29 190
29 194
29 196
29 197
29 198
30 34
30 37
30 38
30 39
30 40
30 43
30 44
30 45
30 46
30 53
30 54
30 55
30 58
30 60
30 66
30 70
30 72
30 73
30 74
30 76
30 78
30 79
30 83
30 85
30 87
30 88
30 91
30 94
30 97
30 98
30 99
30 102
30 104
30 105
30 107
30 108
30 109
30 110
30 111
30 112
30 113
30 114
30 115
30 116
30 118
30 122
30 128
30 130
30 131
30 133
30 138
30 140
30 143
30 145
30 146
30 147
30 150
30 151
30 152
30 153
30 154
30 155
30 162
30 165
30 168
30 170
30 171
30 175
30 176
30 180
30 182
30 183
30 184
30 187
30 188
30 192
30 193
30 194
31 33
31 34
31 35
31 37
31 38
31 39
31 42
31 43
31 51
31 52
31 53
31 54
31 60
31 61
31 62
31 64
31 65
31 66
31 67
31 70
31 73
31 74
31 79
31 81
31 83
31 85
31 86
31 87
31 89
31 90
31 91
31 92
31 93
31 96
31 99
31 100
31 106
31 110
31 112
31 113
31 115
31 117
31 118
31 122
31 125
31 131
31 132
31 133
31 135
31 138
31 139
31 141
31 142
31 144
31 146
31 147
31 148
31 149
31 154
31 156
31 158
31 159
31 163
31 165
31 167
31 168
31 169
31 171
31 173
31 178
31 180
31 181
31 182
31 183
31 184
31 187
31 188
31 189
31 190
31 192
31 194
31 196
31 198
32 33
32 34
32 37
32 39
32 41
32 44
32 45
32 46
32 49
32 53
32 54
32 55
32 58
32 60
32 67
32 69
32 70
32 72
32 74
32 78
32 79
32 80
32 82
32 83
32 86
32 87
32 88
32 89
32 91
32 92
32 94
32 95
32 100
32 102
32 103
32 104
32 106
32 107
32 111
32 112
32 114
32 119
32 121
32 122
32 126
32 128
32 134
32 135
32 138
32 139
32 142
32 143
32 144
32 145
32 146
32 147
32 148
32 150
32 154
32 157
32 158
32 159
32 160
32 166
32 168
32 174
32 177
32 179
32 184
32 186
32 188
32 193
33 34
33 36
33 38
33 40
33 41
33 42
33 46
33 47
33 49
33 51
33 52
33 56
33 58
33 60
33 64
33 65
33 66
33 67
33 70
33 71
33 73
33 75
33 76
33 78
33 81
33 82
33 84
33 86
33 87
33 88
33 89
33 91
33 92
33 95
33 96
33 97
33 102
33 104
33 105
33 107
33 109
33 110
33 112
33 113
33 114
33 116
33 119
33 121
33 122
33 124
33 125
33 126
33 131
33 132
33 133
33 135
33 139
33 140
33 143
33 145
33 147
33 148
33 149
33 150
33 151
33 153
33 155
33 156
33 159
33 162
33 163
33 164
33 168
33 170
33 171
33 173
33 174
33 175
33 176
33 179
33 180
33 181
33 185
33 186
33 187
33 189
33 190
33 191
33 196
33 197
34 35
34 36
34 37
34 40
34 41
34 43
34 44
34 49
34 50
34 51
34 52
34 54
34 55
34 56
34 57
34 59
34 60
34 61
34 63
34 64
34 65
34 66
34 67
34 69
34 70
34 71
34 72
34 74
34 77
34 78
34 85
34 86
34 87
34 89
34 90
34 91
34 93
34 95
34 96
34 98
34 100
34 101
34 102
34 103
34 106
34 107
34 110
34 111
34 112
34 115
34 116
34 117
34 118
34 120
34 126
34 127
34 128
34 131
34 133
34 134
34 135
34 138
34 139
34 143
34 144
34 145
34 146
34 149
34 150
34 151
34 152
34 153
34 155
34 159
34 160
34 161
34 162
34 163
34 167
34 169
34 171
34 174
34 175
34 176
34 178
34 180
34 183
34 184
34 185
34 186
34 187
34 189
34 192
34 193
34 195
34 196
34 198
34 199
35 36
35 37
35 39
35 44
35 48
35 49
35 50
35 54
35 55
35 56
35 63
35 66
35 71
35 79
35 81
35 83
35 86
35 87
35 88
35 89
35 93
35 95
35 98
35 99
35 101
35 103
35 104
35 105
35 107
35 109
35 110
35 112
35 115
35 116
35 117
35 120
35 121
35 124
35 125
35 127
35 129
35 131
35 135
35 140
35 141
35 142
35 143
35 145
35 146
35 148
35 149
35 150
35 151
35 153
35 155
35 156
35 157
35 158
35 159
35 161
35 162
35 163
35 164
35 166
35 175
35 176
35 179
35 180
35 181
35 182
35 184
35 187
35 190
35 191
35 193
35 194
35 196
36 37
36 38
36 42
36 49
36 50
36 51
36 53
36 54
36 55
36 56
36 57
36 60
36 61
36 63
36 64
36 66
36 68
36 69
36 70
36 72
36 73
36 77
36 79
36 81
36 85
36 86
36 87
36 89
36 92
36 94
36 95
36 96
36 98
36 99
36 100
36 101
36 103
36 104
36 106
36 107
36 108
36 112
36 114
36 115
36 118
36 121
36 122
36 127
36 129
36 130
36 131
36 132
36 133
36 136
36 137
36 139
36 140
36 144
36 147
36 149
36 151
36 153
36 154
36 155
36 156
36 157
36 158
36 159
36 160
36 161
36 164
36 173
36 174
36 175
36 181
36 182
36 185
36 187
36 189
36 190
36 192
36 193
36 195
36 196
36 197
36 199
37 39
37 42
37 43
37 44
37 45
37 46
37 47
37 48
37 50
37 51
37 52
37 55
37 56
37 60
37 63
37 64
37 65
37 71
37 72
37 73
37 74
37 75
37 76
37 77
37 78
37 84
37 88
37 89
37 91
37 92
37 94
37 95
37 98
37 100
37 101
37 104
37 108
37 110
37 112
37 116
37 117
37 118
37 120
37 121
37 122
37 124
37 125
37 127
37 129
37 130
37 132
37 133
37 135
37 138
37 139
37 144
37 147
37 148
37 151
37 153
37 154
37 158
37 159
37 161
37 162
37 166
37 167
37 168
37 169
37 171
37 173
37 174
37 176
37 178
37 179
37 182
37 183
37 184
37 188
37 189
37 190
38 39
38 40
38 47
38 49
38 50
38 51
38 58
38 59
38 65
38 66
38 70
38 71
38 73
38 77
38 80
38 82
38 84
38 85
38 89
38 91
38 92
38 93
38 94
38 95
38 96
38 98
38 100
38 101
38 102
38 107
38 110
38 112
38 113
38 114
38 115
38 122
38 123
38 125
38 126
38 127
38 132
38 133
38 135
38 139
38 140
38 141
38 142
38 143
38 145
38 146
38 147
38 148
38 150
38 151
38 152
38 153
38 157
38 159
38 160
38 164
38 165
38 167
38 169
38 172
38 173
38 177
38 178
38 181
38 186
38 188
38 190
38 192
38 194
38 197
38 199
39 41
39 43
39 46
39 47
39 54
39 55
39 57
39 59
39 60
39 63
39 64
39 65
39 66
39 69
39 70
39 71
39 73
39 75
39 78
39 80
39 81
39 82
39 90
39 91
39 92
39 97
39 105
39 106
39 107
39 108
39 111
39 112
39 116
39 117
39 119
39 120
39 124
39 125
39 127
39 129
39 131
39 132
39 136
39 137
39 143
39 145
39 148
39 152
39 153
39 154
39 155
39 156
39 159
39 161
39 163
39 164
39 168
39 172
39 174
39 175
39 177
39 178
39 179
39 183
39 185
39 186
39 187
39 188
39 193
39 194
39 195
40 42
40 47
40 49
40 51
40 55
40 56
40 58
40 60
40 62
40 64
40 66
40 67
40 71
40 73
40 75
40 76
40 77
40 79
40 80
40 81
40 82
40 84
40 86
40 90
40 91
40 92
40 94
40 95
40 98
40 100
40 101
40 103
40 104
40 107
40 109
40 110
40 111
40 112
40 113
40 115
40 116
40 118
40 120
40 122
40 123
40 125
40 126
40 127
40 130
40 136
40 137
40 140
40 141
40 142
40 144
40 145
40 147
40 149
40 151
40 152
40 153
40 156
40 157
40 160
40 161
40 165
40 166
40 168
40 169
40 172
40 173
40 174
40 176
40 178
40 181
40 182
40 183
40 184
40 185
40 186
40 187
40 188
40 189
40 190
40 191
40 192
40 195
40 197
41 42
41 44
41 48
41 49
41 51
41 55
41 57
41 58
41 59
41 60
41 61
41 63
41 65
41 67
41 69
41 73
41 74
41 75
41 76
41 80
41 86
41 87
41 89
41 90
41 92
41 94
41 95
41 102
41 104
41 107
41 108
41 109
41 111
41 116
41 120
41 121
41 126
41 128
41 129
41 131
41 135
41 137
41 138
41 145
41 146
41 147
41 150
41 151
41 152
41 155
41 156
41 158
41 160
41 161
41 162
41 163
41 164
41 165
41 167
41 168
41 172
41 173
41 174
41 178
41 179
41 181
41 182
41 185
41 188
41 189
41 191
41 192
41 193
41 194
41 195
41 199
42 43
42 45
42 52
42 53
42 54
42 55
42 56
42 58
42 62
42 63
42 64
42 67
42 68
42 69
42 70
42 71
42 72
42 73
42 75
42 77
42 79
42 80
42 81
42 82
42 84
42 86
42 88
42 89
42 91
42 92
42 95
42 96
42 98
42 99
42 100
42 102
42 105
42 109
42 110
42 113
42 120
42 121
42 123
42 125
42 129
42 133
42 134
42 137
42 140
42 141
42 144
42 145
42 150
42 154
42 156
42 157
42 158
42 159
42 160
42 161
42 170
42 171
42 172
42 174
42 175
42 177
42 178
42 179
42 180
42 182
42 183
42 185
42 186
42 190
42 191
42 193
42 194
42 195
42 199
43 52
43 54
43 55
43 57
43 58
43 59
43 61
43 62
43 63
43 65
43 69
43 70
43 71
43 73
43 74
43 75
43 79
43 82
43 86
43 88
43 89
43 90
43 91
43 92
43 94
43 97
43 98
43 100
43 101
43 103
43 104
43 107
43 108
43 109
43 110
43 111
43 117
43 120
43 122
43 127
43 129
43 130
43 135
43 138
43 139
43 140
43 141
43 142
43 143
43 144
43 146
43 147
43 148
43 150
43 157
43 161
43 162
43 163
43 164
43 165
43 166
43 167
43 168
43 169
43 172
43 177
43 179
43 181
43 182
43 184
43 185
43 187
43 191
43 194
43 196
43 199
44 46
44 47
44 50
44 54
44 55
44 56
44 58
44 66
44 67
44 69
44 70
44 71
44 72
44 74
44 77
44 78
44 79
44 81
44 89
44 90
44 92
44 93
44 95
44 96
44 98
44 101
44 102
44 107
44 108
44 113
44 114
44 117
44 119
44 120
44 124
44 125
44 126
44 127
44 128
44 129
44 131
44 133
44 134
44 136
44 138
44 139
44 140
44 143
44 144
44 148
44 156
44 158
44 160
44 165
44 170
44 172
44 173
44 175
44 178
44 179
44 181
44 183
44 186
44 188
44 189
44 196
44 197
45 46
45 47
45 50
45 51
45 52
45 53
45 55
45 57
45 58
45 60
45 62
45 63
45 65
45 66
45 67
45 71
45 72
45 75
45 79
45 81
45 82
45 83
45 84
45 85
45 87
45 93
45 95
45 96
45 99
45 103
45 104
45 106
45 108
45 114
45 117
45 122
45 124
45 126
45 127
45 128
45 136
45 141
45 143
45 149
45 152
45 157
45 165
45 166
45 168
45 169
45 170
45 173
45 174
45 175
45 176
45 178
45 181
45 183
45 184
45 185
45 186
45 187
45 189
45 194
45 195
45 196
45 197
45 198
46 47
46 48
46 50
46 51
46 52
46 53
46 56
46 60
46 63
46 64
46 66
46 67
46 70
46 72
46 73
46 75
46 76
46 87
46 89
46 90
46 93
46 95
46 97
46 98
46 100
46 102
46 104
46 106
46 108
46 111
46 113
46 114
46 116
46 117
46 118
46 120
46 121
46 122
46 123
46 124
46 125
46 128
46 130
46 131
46 133
46 134
46 137
46 142
46 143
46 145
46 147
46 148
46 149
46 152
46 153
46 154
46 156
46 157
46 162
46 164
46 166
46 167
46 168
46 170
46 172
46 174
46 178
46 180
46 181
46 184
46 185
46 186
46 187
46 189
46 196
46 198
47 49
47 50
47 52
47 54
47 55
47 56
47 57
47 58
47 59
47 60
47 61
47 62
47 63
47 65
47 66
47 76
47 77
47 82
47 86
47 90
47 91
47 92
47 94
47 95
47 97
47 98
47 100
47 102
47 104
47 105
47 107
47 108
47 109
47 111
47 112
47 114
47 117
47 120
47 121
47 123
47 125
47 127
47 128
47 129
47 131
47 133
47 134
47 135
47 137
47 139
47 141
47 145
47 146
47 149
47 153
47 154
47 155
47 157
47 158
47 162
47 163
47 164
47 168
47 169
47 170
47 171
47 175
47 176
47 177
47 178
47 183
47 185
47 186
47 187
47 188
47 189
47 191
47 194
47 195
47 196
47 197
47 198
48 50
48 52
48 53
48 54
48 56
48 57
48 58
48 60
48 63
48 65
48 66
48 67
48 69
48 72
48 73
48 77
48 79
48 81
48 83
48 85
48 87
48 88
48 91
48 92
48 94
48 95
48 103
48 104
48 106
48 112
48 113
48 114
48 117
48 118
48 125
48 128
48 130
48 131
48 132
48 135
48 136
48 138
48 140
48 142
48 143
48 145
48 149
48 150
48 151
48 153
48 156
48 157
48 160
48 162
48 163
48 165
48 167
48 168
48 170
48 171
48 172
48 173
48 175
48 176
48 178
48 180
48 182
48 183
48 184
48 190
48 193
48 194
48 195
48 197
48 198
48 199
49 50
49 51
49 54
49 55
49 56
49 57
49 59
49 60
49 63
49 68
49 69
49 70
49 71
49 73
49 74
49 75
49 77
49 79
49 80
49 81
49 82
49 83
49 86
49 87
49 89
49 91
49 95
49 96
49 97
49 101
49 102
49 103
49 105
49 106
49 111
49 113
49 114
49 115
49 118
49 119
49 120
49 121
49 122
49 124
49 126
49 127
49 128
49 129
49 133
49 134
49 135
49 140
49 142
49 144
49 145
49 146
49 147
49 150
49 152
49 153
49 155
49 156
49 157
49 158
49 160
49 161
49 162
49 164
49 167
49 169
49 173
49 174
49 179
49 180
49 181
49 182
49 183
49 184
49 185
49 186
49 187
49 191
49 193
49 194
49 195
49 196
49 198
49 199
50 51
50 54
50 55
50 62
50 65
50 67
50 68
50 72
50 73
50 74
50 75
50 76
50 78
50 79
50 80
50 81
50 82
50 83
50 87
50 91
50 93
50 94
50 95
50 100
50 101
50 103
50 106
50 108
50 110
50 112
50 115
50 116
50 120
50 121
50 123
50 124
50 125
50 127
50 128
50 134
50 138
50 139
50 141
50 142
50 145
50 146
50 151
50 152
50 156
50 157
50 159
50 161
50 162
50 165
50 167
50 168
50 169
50 170
50 174
50 176
50 177
50 181
50 183
50 184
50 185
50 186
50 187
50 188
50 191
50 193
50 195
50 196
50 197
50 199
51 52
51 57
51 58
51 61
51 62
51 65
51 68
51 69
51 72
51 73
51 74
51 76
51 77
51 78
51 79
51 80
51 82
51 87
51 89
51 92
51 94
51 95
51 97
51 100
51 102
51 103
51 106
51 107
51 108
51 111
51 116
51 119
51 121
51 124
51 125
51 128
51 129
51 131
51 136
51 138
51 139
51 141
51 144
51 147
51 152
51 154
51 155
51 158
51 159
51 160
51 162
51 163
51 165
51 166
51 167
51 168
51 169
51 171
51 174
51 181
51 182
51 185
51 191
51 194
51 195
51 196
51 197
52 53
52 59
52 60
52 62
52 63
52 64
52 65
52 66
52 67
52 69
52 70
52 71
52 74
52 76
52 79
52 81
52 83
52 84
52 87
52 88
52 89
52 90
52 91
52 93
52 96
52 97
52 98
52 100
52 102
52 103
52 105
52 106
52 107
52 108
52 109
52 110
52 111
52 112
52 113
52 115
52 120
52 122
52 123
52 126
52 127
52 131
52 133
52 135
52 137
52 138
52 142
52 144
52 145
52 148
52 149
52 150
52 151
52 152
52 153
52 154
52 157
52 158
52 159
52 161
52 162
52 163
52 164
52 165
52 168
52 172
52 173
52 175
52 177
52 180
52 181
52 182
52 183
52 185
52 187
52 188
52 189
52 195
52 197
53 57
53 58
53 59
53 62
53 63
53 65
53 66
53 72
53 73
53 75
53 76
53 79
53 80
53 81
53 82
53 85
53 86
53 87
53 94
53 95
53 97
53 101
53 103
53 104
53 106
53 108
53 109
53 110
53 112
53 114
53 116
53 119
53 120
53 121
53 123
53 124
53 125
53 126
53 127
53 128
53 130
53 131
53 132
53 138
53 140
53 141
53 146
53 147
53 150
53 152
53 153
53 159
53 162
53 163
53 165
53 166
53 168
53 169
53 173
53 174
53 175
53 176
53 180
53 181
53 183
53 187
53 189
53 192
53 195
53 198
53 199
54 55
54 56
54 57
54 58
54 59
54 62
54 65
54 68
54 69
54 70
54 73
54 74
54 76
54 78
54 79
54 82
54 84
54 87
54 90
54 92
54 97
54 102
54 106
54 107
54 109
54 113
54 115
54 116
54 117
54 118
54 119
54 120
54 124
54 128
54 130
54 133
54 134
54 136
54 140
54 141
54 142
54 143
54 144
54 146
54 147
54 148
54 149
54 154
54 155
54 157
54 158
54 160
54 161
54 162
54 164
54 165
54 167
54 170
54 172
54 173
54 176
54 177
54 181
54 184
54 189
54 191
54 195
54 199
55 59
55 60
55 67
55 71
55 72
55 74
55 75
55 77
55 80
55 81
55 83
55 84
55 86
55 87
55 89
55 91
55 92
55 93
55 94
55 95
55 96
55 100
55 101
55 103
55 107
55 108
55 109
55 113
55 115
55 118
55 119
55 122
55 123
55 125
55 127
55 130
55 131
55 132
55 134
55 137
55 138
55 139
55 143
55 147
55 151
55 153
55 154
55 156
55 163
55 165
55 167
55 168
55 169
55 171
55 172
55 173
55 174
55 175
55 176
55 180
55 182
55 184
55 185
55 189
55 190
55 191
55 192
55 195
55 196
55 198
55 199
56 58
56 60
56 61
56 62
56 63
56 64
56 67
56 68
56 72
56 73
56 75
56 76
56 81
56 86
56 87
56 90
56 91
56 92
56 93
56 94
56 95
56 98
56 100
56 103
56 104
56 105
56 106
56 107
56 109
56 110
56 112
56 113
56 117
56 119
56 123
56 126
56 130
56 132
56 134
56 138
56 142
56 143
56 146
56 147
56 148
56 149
56 150
56 151
56 157
56 158
56 159
56 161
56 162
56 163
56 166
56 170
56 173
56 174
56 176
56 178
56 179
56 180
56 181
56 183
56 185
56 187
56 188
56 190
56 193
56 195
56 196
56 197
56 198
56 199
57 60
57 64
57 65
57 67
57 70
57 71
57 77
57 81
57 85
57 86
57 87
57 88
57 91
57 93
57 94
57 95
57 98
57 99
57 100
57 108
57 112
57 113
57 114
57 116
57 118
57 119
57 120
57 124
57 125
57 126
57 127
57 128
57 131
57 133
57 134
57 139
57 140
57 141
57 144
57 145
57 146
57 147
57 148
57 149
57 150
57 152
57 153
57 155
57 157
57 158
57 159
57 161
57 162
57 164
57 165
57 166
57 172
57 173
57 174
57 175
57 178
57 182
57 185
57 186
57 187
57 188
57 191
57 196
57 197
58 60
58 61
58 63
58 64
58 65
58 66
58 67
58 68
58 71
58 72
58 73
58 77
58 78
58 80
58 84
58 86
58 88
58 89
58 90
58 91
58 95
58 99
58 102
58 104
58 106
58 107
58 108
58 110
58 111
58 116
58 117
58 118
58 120
58 124
58 125
58 127
58 128
58 132
58 134
58 135
58 138
58 139
58 141
58 143
58 144
58 146
58 147
58 150
58 151
58 152
58 153
58 155
58 162
58 168
58 170
58 171
58 174
58 176
58 178
58 179
58 181
58 182
58 186
58 188
58 190
58 191
58 192
58 194
58 197
58 198
58 199
59 60
59 64
59 66
59 69
59 72
59 74
59 75
59 76
59 78
59 79
59 80
59 82
59 84
59 85
59 88
59 89
59 90
59 94
59 95
59 97
59 101
59 106
59 109
59 112
59 113
59 114
59 116
59 117
59 118
59 121
59 122
59 124
59 126
59 128
59 129
59 130
59 131
59 133
59 134
59 135
59 137
59 139
59 141
59 142
59 144
59 147
59 148
59 151
59 152
59 154
59 155
59 156
59 157
59 159
59 160
59 161
59 164
59 166
59 168
59 171
59 173
59 174
59 175
59 176
59 179
59 180
59 181
59 182
59 184
59 185
59 186
59 188
59 189
59 190
59 192
59 194
59 196
59 198
59 199
60 62
60 63
60 66
60 69
60 70
60 75
60 77
60 81
60 82
60 83
60 86
60 87
60 90
60 91
60 94
60 95
60 96
60 99
60 100
60 103
60 106
60 107
60 108
60 110
60 111
60 113
60 116
60 117
60 118
60 120
60 124
60 126
60 127
60 132
60 137
60 138
60 139
60 140
60 141
60 145
60 148
60 149
60 154
60 157
60 160
60 162
60 164
60 165
60 168
60 169
60 172
60 173
60 175
60 176
60 179
60 180
60 181
60 182
60 184
60 186
60 189
60 190
60 193
60 196
60 197
60 198
60 199
61 63
61 64
61 65
61 67
61 71
61 73
61 74
61 76
61 77
61 78
61 79
61 83
61 84
61 85
61 86
61 87
61 89
61 90
61 96
61 97
61 99
61 101
61 102
61 103
61 104
61 107
61 109
61 110
61 113
61 114
61 115
61 118
61 121
61 123
61 125
61 129
61 131
61 133
61 134
61 137
61 138
61 139
61 140
61 141
61 143
61 145
61 147
61 148
61 150
61 152
61 156
61 159
61 161
61 163
61 164
61 165
61 166
61 167
61 169
61 170
61 174
61 179
61 180
61 181
61 182
61 183
61 184
61 185
61 186
61 187
61 189
61 190
61 191
61 195
61 196
61 197
61 198
61 199
62 67
62 70
62 76
62 78
62 80
62 81
62 83
62 85
62 87
62 88
62 95
62 96
62 99
62 101
62 106
62 107
62 108
62 110
62 111
62 113
62 116
62 118
62 120
62 123
62 125
62 126
62 127
62 129
62 135
62 136
62 138
62 140
62 143
62 144
62 149
62 150
62 151
62 153
62 157
62 159
62 160
62 162
62 163
62 164
62 165
62 166
62 169
62 171
62 173
62 174
62 175
62 176
62 177
62 178
62 179
62 182
62 183
62 190
62 192
62 193
62 194
62 196
62 197
62 199
63 66
63 68
63 70
63 75
63 77
63 79
63 80
63 94
63 95
63 99
63 100
63 101
63 103
63 104
63 105
63 107
63 108
63 112
63 115
63 121
63 122
63 123
63 125
63 126
63 127
63 129
63 132
63 133
63 134
63 135
63 138
63 139
63 140
63 143
63 144
63 145
63 147
63 150
63 156
63 157
63 162
63 163
63 164
63 165
63 166
63 169
63 170
63 172
63 174
63 175
63 177
63 178
63 179
63 180
63 182
63 184
63 185
63 186
63 188
63 191
63 194
63 195
63 198
63 199
64 65
64 67
64 68
64 69
64 72
64 73
64 75
64 76
64 77
64 80
64 84
64 87
64 88
64 91
64 92
64 93
64 94
64 95
64 96
64 100
64 101
64 102
64 106
64 108
64 113
64 114
64 115
64 119
64 120
64 121
64 122
64 126
64 131
64 134
64 136
64 137
64 138
64 142
64 154
64 155
64 157
64 158
64 159
64 160
64 163
64 165
64 166
64 168
64 169
64 170
64 174
64 175
64 180
64 181
64 182
64 185
64 187
64 188
64 189
64 191
64 193
64 195
64 196
65 68
65 69
65 71
65 73
65 75
65 77
65 79
65 82
65 86
65 87
65 91
65 92
65 94
65 95
65 96
65 97
65 98
65 99
65 100
65 101
65 103
65 104
65 107
65 108
65 111
65 114
65 116
65 118
65 119
65 120
65 122
65 123
65 124
65 126
65 127
65 129
65 130
65 132
65 133
65 135
65 139
65 140
65 143
65 148
65 149
65 151
65 152
65 154
65 157
65 158
65 160
65 162
65 163
65 165
65 166
65 167
65 168
65 169
65 174
65 175
65 176
65 179
65 182
65 185
65 186
65 188
65 190
65 192
65 193
65 196
65 197
65 198
65 199
66 67
66 68
66 71
66 78
66 79
66 82
66 84
66 85
66 87
66 89
66 90
66 92
66 94
66 102
66 103
66 104
66 105
66 107
66 108
66 109
66 110
66 111
66 115
66 117
66 120
66 122
66 123
66 125
66 128
66 129
66 132
66 135
66 138
66 140
66 141
66 143
66 144
66 145
66 146
66 147
66 148
66 153
66 154
66 160
66 161
66 162
66 163
66 166
66 167
66 169
66 171
66 173
66 175
66 177
66 179
66 180
66 182
66 183
66 186
66 189
66 191
66 193
66 195
66 196
66 197
66 198
66 199
67 69
67 71
67 74
67 75
67 76
67 77
67 78
67 79
67 83
67 85
67 86
67 87
67 88
67 89
67 92
67 94
67 95
67 96
67 100
67 102
67 103
67 106
67 109
67 112
67 114
67 117
67 118
67 119
67 121
67 124
67 125
67 127
67 128
67 129
67 130
67 132
67 136
67 137
67 139
67 142
67 143
67 144
67 145
67 149
67 150
67 153
67 156
67 157
67 158
67 159
67 162
67 166
67 168
67 176
67 179
67 181
67 184
67 185
67 186
67 188
67 189
67 192
67 194
67 196
68 71
68 73
68 75
68 76
68 77
68 78
68 82
68 87
68 88
68 93
68 94
68 97
68 99
68 100
68 101
68 102
68 104
68 105
68 106
68 108
68 109
68 110
68 114
68 117
68 120
68 121
68 123
68 124
68 125
68 126
68 127
68 129
68 130
68 131
68 133
68 135
68 136
68 137
68 138
68 139
68 140
68 141
68 143
68 148
68 149
68 155
68 158
68 159
68 162
68 165
68 166
68 168
68 170
68 171
68 173
68 174
68 175
68 176
68 177
68 180
68 181
68 182
68 189
68 192
68 194
68 195
68 198
69 70
69 74
69 78
69 79
69 80
69 81
69 83
69 85
69 90
69 91
69 95
69 96
69 100
69 101
69 105
69 106
69 108
69 109
69 111
69 112
69 114
69 115
69 118
69 122
69 125
69 127
69 128
69 129
69 135
69 136
69 139
69 142
69 143
69 144
69 145
69 146
69 147
69 149
69 151
69 152
69 153
69 155
69 161
69 162
69 164
69 165
69 166
69 167
69 168
69 170
69 171
69 174
69 175
69 176
69 179
69 181
69 183
69 184
69 186
69 187
69 189
69 191
69 193
69 196
69 197
69 198
69 199
70 71
70 75
70 76
70 77
70 78
70 79
70 83
70 85
70 88
70 90
70 91
70 94
70 95
70 103
70 105
70 106
70 108
70 110
70 113
70 115
70 117
70 119
70 123
70 124
70 126
70 129
70 130
70 132
70 133
70 137
70 138
70 140
70 141
70 142
70 143
70 145
70 149
70 150
70 151
70 152
70 154
70 155
70 156
70 157
70 158
70 165
70 166
70 168
70 170
70 173
70 175
70 176
70 177
70 181
70 183
70 184
70 186
70 188
70 189
70 199
71 72
71 74
71 75
71 78
71 80
71 81
71 83
71 85
71 86
71 88
71 89
71 90
71 92
71 93
71 96
71 97
71 98
71 99
71 102
71 103
71 104
71 106
71 107
71 108
71 109
71 110
71 111
71 115
71 118
71 119
71 120
71 121
71 122
71 125
71 126
71 127
71 128
71 129
71 131
71 133
71 135
71 136
71 139
71 142
71 143
71 144
71 145
71 146
71 147
71 148
71 150
71 151
71 152
71 153
71 155
71 157
71 158
71 160
71 163
71 164
71 165
71 166
71 172
71 176
71 177
71 178
71 179
71 180
71 182
71 185
71 186
71 189
71 191
71 192
71 193
71 194
71 199
72 74
72 76
72 85
72 86
72 89
72 90
72 97
72 99
72 100
72 105
72 107
72 108
72 109
72 111
72 112
72 115
72 117
72 118
72 121
72 124
72 125
72 129
72 134
72 136
72 137
72 138
72 139
72 140
72 142
72 143
72 144
72 146
72 147
72 149
72 151
72 152
72 155
72 157
72 160
72 161
72 167
72 168
72 170
72 171
72 172
72 173
72 174
72 175
72 176
72 177
72 181
72 182
72 187
72 188
72 189
72 190
72 191
72 195
72 198
73 74
73 78
73 79
73 80
73 81
73 84
73 88
73 92
73 94
73 97
73 98
73 102
73 105
73 108
73 109
73 113
73 114
73 116
73 118
73 119
73 121
73 124
73 125
73 126
73 127
73 130
73 131
73 132
73 133
73 134
73 136
73 137
73 139
73 140
73 141
73 142
73 143
73 146
73 150
73 151
73 152
73 155
73 156
73 158
73 159
73 160
73 161
73 162
73 168
73 169
73 170
73 171
73 172
73 173
73 175
73 177
73 178
73 183
73 184
73 185
73 187
73 189
73 191
73 192
73 194
73 195
73 196
73 197
73 199
74 75
74 78
74 81
74 82
74 86
74 89
74 90
74 94
74 95
74 96
74 97
74 104
74 105
74 106
74 107
74 108
74 110
74 112
74 113
74 115
74 117
74 118
74 119
74 120
74 122
74 124
74 125
74 127
74 131
74 133
74 139
74 142
74 145
74 146
74 148
74 152
74 153
74 155
74 156
74 161
74 163
74 164
74 165
74 167
74 168
74 170
74 174
74 175
74 176
74 177
74 178
74 180
74 181
74 182
74 185
74 187
74 190
74 191
74 192
74 196
74 197
74 198
74 199
75 80
75 86
75 87
75 88
75 90
75 91
75 95
75 96
75 97
75 98
75 99
75 100
75 102
75 104
75 107
75 108
75 109
75 110
75 111
75 112
75 114
75 115
75 117
75 118
75 120
75 121
75 125
75 127
75 129
75 130
75 131
75 133
75 134
75 135
75 138
75 142
75 143
75 145
75 148
75 149
75 151
75 152
75 153
75 154
75 159
75 163
75 164
75 165
75 166
75 167
75 169
75 170
75 172
75 173
75 178
75 179
75 181
75 182
75 183
75 184
75 185
75 186
75 190
75 191
75 193
75 195
75 197
75 198
75 199
76 77
76 79
76 82
76 83
76 85
76 89
76 91
76 93
76 97
76 98
76 102
76 103
76 107
76 109
76 111
76 112
76 114
76 115
76 117
76 118
76 121
76 122
76 124
76 126
76 127
76 129
76 132
76 133
76 134
76 135
76 136
76 137
76 138
76 139
76 140
76 141
76 143
76 144
76 146
76 148
76 149
76 151
76 152
76 153
76 154
76 155
76 156
76 161
76 163
76 165
76 169
76 174
76 175
76 177
76 180
76 183
76 186
76 187
76 188
76 190
76 191
76 193
76 195
76 196
76 198
77 78
77 79
77 81
77 82
77 83
77 84
77 85
77 86
77 88
77 96
77 97
77 100
77 102
77 103
77 104
77 109
77 111
77 112
77 115
77 116
77 119
77 120
77 122
77 124
77 125
77 126
77 128
77 129
77 130
77 131
77 133
77 134
77 135
77 137
77 138
77 139
77 144
77 146
77 147
77 149
77 151
77 152
77 153
77 154
77 156
77 157
77 161
77 163
77 165
77 167
77 170
77 172
77 175
77 176
77 178
77 180
77 185
77 190
77 191
77 192
77 193
77 195
77 197
78 79
78 80
78 84
78 85
78 87
78 89
78 90
78 91
78 94
78 96
78 97
78 98
78 99
78 100
78 105
78 106
78 109
78 111
78 115
78 116
78 117
78 119
78 120
78 123
78 125
78 126
78 128
78 129
78 131
78 134
78 135
78 137
78 139
78 143
78 144
78 146
78 147
78 150
78 151
78 152
78 154
78 155
78 156
78 158
78 159
78 160
78 162
78 163
78 164
78 165
78 166
78 171
78 172
78 176
78 180
78 182
78 186
78 187
78 188
78 189
78 190
78 192
78 195
78 196
78 198
78 199
79 83
79 84
79 89
79 95
79 96
79 98
79 99
79 103
79 104
79 105
79 106
79 109
79 110
79 111
79 112
79 113
79 114
79 117
79 118
79 119
79 122
79 126
79 128
79 129
79 130
79 131
79 132
79 133
79 134
79 138
79 139
79 140
79 141
79 142
79 145
79 146
79 147
79 148
79 149
79 150
79 151
79 154
79 155
79 157
79 159
79 161
79 165
79 166
79 167
79 168
79 172
79 173
79 174
79 175
79 177
79 178
79 180
79 182
79 184
79 188
79 189
79 191
79 192
79 195
79 199
80 81
80 82
80 84
80 85
80 86
80 89
80 91
80 95
80 96
80 97
80 102
80 104
80 106
80 107
80 108
80 110
80 111
80 117
80 118
80 119
80 120
80 121
80 129
80 134
80 136
80 144
80 149
80 150
80 152
80 153
80 156
80 157
80 158
80 159
80 160
80 162
80 164
80 167
80 168
80 170
80 171
80 174
80 176
80 177
80 178
80 179
80 180
80 183
80 184
80 185
80 186
80 187
80 189
80 193
80 194
80 197
81 83
81 86
81 87
81 88
81 89
81 90
81 92
81 95
81 96
81 97
81 100
81 101
81 102
81 103
81 105
81 106
81 109
81 111
81 113
81 115
81 116
81 119
81 120
81 121
81 122
81 123
81 124
81 125
81 126
81 132
81 134
81 136
81 137
81 138
81 139
81 144
81 145
81 146
81 148
81 153
81 155
81 161
81 163
81 164
81 166
81 167
81 168
81 170
81 175
81 177
81 179
81 180
81 183
81 185
81 186
81 188
81 189
81 192
81 195
81 197
81 199
82 87
82 88
82 90
82 92
82 94
82 95
82 96
82 97
82 99
82 102
82 104
82 105
82 108
82 112
82 115
82 116
82 117
82 120
82 122
82 124
82 128
82 132
82 133
82 134
82 135
82 136
82 137
82 139
82 144
82 145
82 147
82 149
82 151
82 153
82 156
82 157
82 158
82 159
82 161
82 163
82 165
82 168
82 170
82 172
82 173
82 174
82 175
82 176
82 177
82 178
82 179
82 180
82 183
82 185
82 186
82 191
82 193
82 195
82 196
82 197
83 86
83 89
83 91
83 93
83 94
83 98
83 103
83 104
83 105
83 106
83 111
83 112
83 113
83 114
83 115
83 118
83 119
83 120
83 125
83 126
83 133
83 139
83 142
83 148
83 149
83 150
83 159
83 162
83 164
83 166
83 167
83 170
83 171
83 172
83 173
83 174
83 176
83 177
83 180
83 182
83 183
83 185
83 189
83 190
83 191
83 192
83 194
83 198
84 87
84 89
84 90
84 92
84 93
84 94
84 98
84 100
84 101
84 106
84 107
84 109
84 114
84 115
84 116
84 118
84 119
84 120
84 121
84 122
84 123
84 124
84 125
84 126
84 127
84 128
84 132
84 137
84 142
84 143
84 146
84 147
84 149
84 151
84 154
84 155
84 156
84 157
84 158
84 159
84 161
84 162
84 166
84 168
84 170
84 172
84 173
84 174
84 176
84 177
84 181
84 182
84 183
84 185
84 186
84 187
84 189
84 191
84 196
84 199
85 87
85 88
85 90
85 91
85 92
85 93
85 94
85 95
85 98
85 99
85 103
85 104
85 105
85 106
85 109
85 110
85 113
85 114
85 119
85 121
85 122
85 123
85 124
85 125
85 126
85 127
85 129
85 131
85 132
85 133
85 134
85 137
85 139
85 140
85 141
85 142
85 143
85 144
85 146
85 147
85 150
85 151
85 155
85 159
85 165
85 167
85 168
85 169
85 170
85 172
85 173
85 174
85 176
85 178
85 179
85 182
85 185
85 186
85 188
85 190
85 192
85 193
85 195
85 197
86 87
86 88
86 89
86 90
86 93
86 99
86 100
86 105
86 106
86 107
86 110
86 113
86 116
86 118
86 119
86 122
86 123
86 126
86 129
86 131
86 132
86 133
86 134
86 136
86 138
86 139
86 140
86 141
86 144
86 148
86 150
86 152
86 156
86 157
86 162
86 164
86 165
86 166
86 167
86 168
86 171
86 172
86 174
86 177
86 178
86 180
86 182
86 183
86 184
86 185
86 186
86 191
86 193
86 195
86 196
87 88
87 92
87 93
87 95
87 96
87 97
87 98
87 103
87 104
87 108
87 109
87 113
87 114
87 121
87 122
87 124
87 125
87 129
87 130
87 131
87 134
87 135
87 136
87 137
87 139
87 141
87 142
87 143
87 146
87 147
87 148
87 149
87 152
87 154
87 156
87 157
87 160
87 163
87 166
87 167
87 168
87 170
87 171
87 172
87 173
87 174
87 176
87 178
87 179
87 180
87 181
87 186
87 187
87 195
87 198
87 199
88 91
88 93
88 94
88 96
88 98
88 101
88 103
88 108
88 109
88 112
88 116
88 119
88 122
88 123
88 124
88 126
88 128
88 129
88 130
88 132
88 133
88 134
88 135
88 137
88 138
88 139
88 143
88 147
88 148
88 151
88 153
88 154
88 155
88 157
88 168
88 169
88 170
88 171
88 173
88 175
88 176
88 177
88 179
88 181
88 182
88 183
88 184
88 187
88 189
88 190
88 197
88 199
89 91
89 92
89 93
89 99
89 101
89 103
89 106
89 107
89 110
89 112
89 113
89 115
89 117
89 118
89 121
89 124
89 125
89 127
89 128
89 131
89 133
89 134
89 138
89 139
89 141
89 142
89 143
89 144
89 145
89 147
89 150
89 151
89 152
89 153
89 154
89 157
89 161
89 162
89 163
89 165
89 167
89 168
89 170
89 171
89 176
89 177
89 178
89 179
89 181
89 182
89 184
89 188
89 189
89 190
89 191
89 192
89 193
89 194
89 198
90 91
90 92
90 93
90 96
90 102
90 103
90 107
90 110
90 113
90 120
90 124
90 125
90 128
90 129
90 132
90 133
90 134
90 135
90 136
90 138
90 139
90 140
90 143
90 145
90 149
90 150
90 151
90 152
90 153
90 155
90 156
90 157
90 158
90 159
90 160
90 161
90 162
90 164
90 168
90 169
90 172
90 175
90 177
90 181
90 184
90 186
90 189
90 192
90 194
90 195
90 196
90 197
90 198
90 199
91 92
91 94
91 96
91 98
91 100
91 102
91 105
91 110
91 111
91 112
91 113
91 114
91 115
91 117
91 118
91 119
91 120
91 122
91 125
91 126
91 127
91 130
91 131
91 132
91 133
91 135
91 137
91 138
91 141
91 142
91 145
91 146
91 147
91 148
91 150
91 151
91 152
91 153
91 155
91 160
91 161
91 162
91 164
91 166
91 167
91 168
91 169
91 172
91 174
91 177
91 178
91 179
91 180
91 182
91 183
91 187
91 188
91 189
91 190
92 94
92 97
92 98
92 100
92 102
92 103
92 105
92 106
92 109
92 111
92 112
92 113
92 116
92 120
92 121
92 122
92 123
92 124
92 126
92 128
92 133
92 134
92 135
92 136
92 137
92 138
92 139
92 141
92 143
92 144
92 145
92 146
92 147
92 149
92 150
92 152
92 153
92 155
92 156
92 157
92 158
92 159
92 161
92 164
92 167
92 168
92 169
92 172
92 174
92 176
92 177
92 178
92 179
92 180
92 181
92 186
92 189
92 192
92 193
92 194
92 197
93 97
93 98
93 99
93 104
93 105
93 108
93 109
93 110
93 111
93 113
93 115
93 118
93 120
93 122
93 123
93 124
93 125
93 126
93 128
93 130
93 131
93 132
93 133
93 143
93 144
93 146
93 147
93 150
93 151
93 160
93 163
93 164
93 172
93 173
93 175
93 177
93 178
93 179
93 180
93 181
93 184
93 186
93 187
93 190
93 193
93 195
93 196
93 199
94 96
94 98
94 101
94 102
94 103
94 106
94 110
94 112
94 113
94 114
94 115
94 117
94 120
94 128
94 130
94 131
94 132
94 138
94 140
94 142
94 144
94 146
94 152
94 157
94 160
94 164
94 166
94 168
94 169
94 170
94 172
94 181
94 182
94 184
94 187
94 189
94 191
94 192
94 193
94 194
94 196
94 197
94 199
95 96
95 98
95 99
95 100
95 101
95 102
95 104
95 105
95 107
95 109
95 111
95 113
95 114
95 115
95 118
95 121
95 122
95 124
95 125
95 127
95 130
95 133
95 136
95 137
95 138
95 139
95 140
95 143
95 144
95 147
95 148
95 149
95 152
95 153
95 154
95 155
95 158
95 159
95 164
95 166
95 167
95 169
95 171
95 172
95 173
95 174
95 177
95 178
95 180
95 181
95 182
95 185
95 187
95 189
95 193
95 198
96 97
96 98
96 101
96 102
96 104
96 105
96 106
96 107
96 111
96 112
96 115
96 117
96 119
96 121
96 122
96 123
96 125
96 126
96 128
96 129
96 131
96 132
96 133
96 134
96 135
96 136
96 137
96 138
96 139
96 143
96 149
96 152
96 157
96 158
96 162
96 163
96 164
96 167
96 168
96 174
96 175
96 176
96 177
96 178
96 183
96 185
96 186
96 187
96 191
96 192
96 195
96 196
96 197
96 198
96 199
97 98
97 100
97 101
97 103
97 104
97 105
97 107
97 114
97 119
97 121
97 123
97 125
97 128
97 129
97 131
97 133
97 134
97 135
97 140
97 141
97 142
97 145
97 148
97 149
97 152
97 153
97 154
97 155
97 156
97 157
97 159
97 163
97 164
97 165
97 167
97 168
97 169
97 170
97 173
97 174
97 178
97 180
97 187
97 189
97 190
97 191
97 196
97 199
98 102
98 103
98 105
98 106
98 107
98 109
98 111
98 112
98 113
98 114
98 116
98 118
98 119
98 120
98 122
98 123
98 124
98 126
98 127
98 128
98 130
98 133
98 134
98 135
98 136
98 137
98 140
98 141
98 142
98 143
98 144
98 145
98 147
98 150
98 152
98 153
98 154
98 158
98 162
98 163
98 166
98 169
98 172
98 174
98 179
98 180
98 181
98 182
98 183
98 184
98 185
98 192
98 193
98 194
98 199
99 103
99 105
99 106
99 108
99 113
99 114
99 115
99 121
99 122
99 124
99 125
99 126
99 128
99 129
99 131
99 133
99 135
99 136
99 137
99 138
99 139
99 140
99 142
99 144
99 146
99 150
99 151
99 153
99 154
99 155
99 156
99 159
99 160
99 161
99 162
99 163
99 164
99 168
99 171
99 174
99 177
99 179
99 181
99 184
99 185
99 186
99 187
99 188
99 190
99 192
99 193
99 196
99 197
99 198
100 101
100 102
100 103
100 106
100 107
100 109
100 110
100 111
100 113
100 114
100 115
100 116
100 117
100 118
100 120
100 122
100 124
100 126
100 128
100 130
100 131
100 132
100 137
100 138
100 139
100 140
100 142
100 143
100 148
100 150
100 152
100 153
100 156
100 157
100 159
100 161
100 162
100 164
100 165
100 166
100 167
100 173
100 174
100 176
100 177
100 179
100 180
100 184
100 185
100 187
100 188
100 191
100 195
101 102
101 103
101 105
101 106
101 108
101 111
101 116
101 119
101 120
101 123
101 124
101 125
101 126
101 127
101 129
101 130
101 132
101 133
101 134
101 137
101 140
101 141
101 142
101 145
101 148
101 149
101 150
101 151
101 152
101 154
101 156
101 157
101 159
101 160
101 161
101 164
101 166
101 168
101 169
101 170
101 175
101 181
101 182
101 183
101 185
101 186
101 189
101 190
101 191
101 193
101 194
101 196
101 198
101 199
102 103
102 104
102 105
102 107
102 108
102 109
102 113
102 115
102 117
102 118
102 121
102 123
102 125
102 126
102 128
102 129
102 130
102 132
102 134
102 137
102 138
102 140
102 147
102 149
102 150
102 151
102 153
102 158
102 159
102 160
102 164
102 167
102 169
102 171
102 173
102 174
102 176
102 178
102 180
102 181
102 183
102 184
102 186
102 189
102 192
102 193
102 196
102 197
102 199
103 105
103 107
103 109
103 111
103 112
103 115
103 119
103 121
103 122
103 123
103 126
103 127
103 132
103 135
103 138
103 144
103 146
103 147
103 149
103 151
103 153
103 155
103 157
103 158
103 159
103 160
103 164
103 169
103 170
103 172
103 173
103 176
103 177
103 178
103 179
103 180
103 182
103 185
103 186
103 189
103 193
103 194
103 195
103 198
104 105
104 106
104 109
104 111
104 115
104 120
104 124
104 126
104 127
104 129
104 130
104 131
104 132
104 137
104 139
104 141
104 142
104 144
104 145
104 146
104 147
104 148
104 150
104 151
104 152
104 155
104 158
104 159
104 160
104 161
104 163
104 164
104 165
104 166
104 169
104 170
104 173
104 174
104 175
104 176
104 180
104 182
104 183
104 186
104 187
104 188
104 189
104 191
104 192
104 193
104 196
104 197
104 198
104 199
105 106
105 108
105 109
105 111
105 112
105 115
105 121
105 122
105 124
105 126
105 129
105 130
105 132
105 135
105 136
105 138
105 139
105 142
105 143
105 144
105 146
105 148
105 149
105 152
105 153
105 156
105 158
105 160
105 161
105 162
105 163
105 164
105 168
105 170
105 171
105 172
105 176
105 177
105 179
105 181
105 183
105 184
105 187
105 189
105 190
105 191
105 192
105 196
105 197
105 198
105 199
106 107
106 108
106 110
106 112
106 113
106 115
106 116
106 118
106 119
106 121
106 125
106 127
106 128
106 129
106 132
106 133
106 137
106 144
106 145
106 146
106 147
106 150
106 151
106 156
106 158
106 159
106 162
106 165
106 169
106 170
106 174
106 181
106 182
106 185
106 187
106 191
106 193
106 194
106 196
106 197
107 110
107 111
107 112
107 113
107 117
107 118
107 120
107 125
107 127
107 130
107 132
107 133
107 134
107 140
107 142
107 146
107 147
107 149
107 152
107 153
107 154
107 155
107 157
107 158
107 160
107 161
107 163
107 164
107 166
107 168
107 170
107 171
107 172
107 174
107 177
107 179
107 181
107 182
107 183
107 185
107 186
107 190
107 191
107 193
107 194
107 195
107 196
107 197
107 198
107 199
108 109
108 112
108 113
108 114
108 117
108 118
108 122
108 125
108 126
108 127
108 129
108 131
108 133
108 134
108 135
108 136
108 137
108 138
108 139
108 140
108 141
108 144
108 147
108 148
108 149
108 150
108 152
108 154
108 155
108 156
108 157
108 163
108 164
108 166
108 168
108 173
108 174
108 176
108 180
108 181
108 183
108 184
108 186
108 188
108 189
108 192
108 193
108 195
108 197
108 199
109 110
109 111
109 112
109 113
109 115
109 117
109 118
109 120
109 121
109 122
109 124
109 125
109 128
109 130
109 133
109 135
109 136
109 138
109 139
109 141
109 143
109 149
109 150
109 151
109 152
109 156
109 158
109 160
109 164
109 166
109 168
109 169
109 172
109 175
109 177
109 180
109 184
109 185
109 187
109 191
109 193
109 195
109 198
109 199
110 114
110 116
110 120
110 122
110 123
110 126
110 129
110 130
110 131
110 132
110 133
110 134
110 135
110 137
110 139
110 141
110 143
110 149
110 150
110 151
110 152
110 154
110 155
110 156
110 157
110 158
110 159
110 160
110 163
110 164
110 165
110 168
110 170
110 171
110 173
110 176
110 177
110 178
110 179
110 183
110 186
110 187
110 188
110 189
110 194
110 198
111 114
111 115
111 118
111 119
111 121
111 124
111 127
111 128
111 134
111 136
111 137
111 138
111 139
111 140
111 141
111 147
111 148
111 156
111 158
111 160
111 161
111 163
111 165
111 169
111 174
111 175
111 176
111 177
111 178
111 182
111 184
111 185
111 189
111 194
111 195
111 196
111 198
111 199
112 114
112 117
112 118
112 119
112 120
112 121
112 122
112 124
112 125
112 126
112 127
112 130
112 138
112 141
112 142
112 144
112 147
112 148
112 149
112 151
112 157
112 160
112 161
112 163
112 164
112 167
112 168
112 169
112 171
112 172
112 173
112 174
112 175
112 176
112 178
112 179
112 180
112 181
112 182
112 195
112 196
112 197
113 116
113 118
113 119
113 121
113 122
113 123
113 124
113 126
113 127
113 128
113 129
113 132
113 133
113 135
113 137
113 138
113 139
113 140
113 141
113 142
113 143
113 146
113 147
113 148
113 150
113 151
113 152
113 159
113 160
113 163
113 164
113 165
113 167
113 168
113 169
113 172
113 174
113 175
113 181
113 183
113 184
113 185
113 186
113 187
113 188
113 190
113 193
113 194
113 196
113 197
113 198
114 115
114 122
114 123
114 124
114 128
114 129
114 131
114 136
114 137
114 138
114 140
114 141
114 142
114 143
114 144
114 145
114 147
114 150
114 151
114 152
114 154
114 160
114 161
114 162
114 163
114 164
114 166
114 167
114 168
114 170
114 171
114 179
114 182
114 183
114 184
114 187
114 188
114 193
114 196
114 197
114 199
115 116
115 121
115 122
115 125
115 127
115 128
115 130
115 131
115 132
115 136
115 137
115 138
115 140
115 147
115 148
115 151
115 152
115 155
115 157
115 158
115 163
115 167
115 169
115 171
115 172
115 173
115 175
115 176
115 177
115 179
115 185
115 186
115 188
115 190
115 192
115 193
115 196
115 197
115 198
116 117
116 118
116 119
116 120
116 121
116 123
116 124
116 125
116 131
116 134
116 135
116 137
116 139
116 140
116 141
116 142
116 145
116 147
116 148
116 149
116 150
116 152
116 154
116 156
116 160
116 161
116 163
116 165
116 166
116 167
116 171
116 173
116 175
116 176
116 178
116 181
116 182
116 183
116 184
116 185
116 186
116 188
116 189
116 190
116 191
116 194
116 195
117 118
117 121
117 125
117 131
117 138
117 139
117 140
117 142
117 144
117 145
117 147
117 149
117 150
117 152
117 154
117 155
117 156
117 157
117 160
117 162
117 164
117 165
117 167
117 169
117 170
117 171
117 172
117 173
117 175
117 176
117 178
117 180
117 182
117 185
117 187
117 189
117 190
117 191
117 194
117 195
117 196
117 198
117 199
118 119
118 120
118 124
118 126
118 127
118 130
118 133
118 135
118 136
118 137
118 139
118 141
118 144
118 145
118 149
118 156
118 157
118 162
118 168
118 170
118 172
118 176
118 177
118 179
118 182
118 184
118 185
118 186
118 190
118 191
118 192
118 193
118 195
118 198
119 121
119 123
119 125
119 126
119 128
119 130
119 131
119 132
119 135
119 136
119 137
119 142
119 144
119 147
119 150
119 151
119 153
119 155
119 161
119 164
119 166
119 167
119 168
119 169
119 173
119 176
119 178
119 180
119 182
119 188
119 190
119 193
119 194
119 196
119 197
119 199
120 121
120 123
120 124
120 127
120 129
120 133
120 135
120 136
120 137
120 138
120 146
120 148
120 149
120 151
120 154
120 156
120 157
120 159
120 160
120 161
120 162
120 164
120 166
120 167
120 170
120 171
120 172
120 173
120 174
120 178
120 179
120 180
120 184
120 186
120 190
120 191
120 195
120 196
120 199
121 123
121 125
121 126
121 127
121 128
121 130
121 132
121 135
121 136
121 138
121 139
121 141
121 142
121 143
121 146
121 147
121 148
121 150
121 153
121 154
121 155
121 157
121 158
121 159
121 160
121 162
121 168
121 170
121 171
121 173
121 177
121 178
121 179
121 182
121 186
121 187
121 188
121 195
121 196
121 199
122 124
122 129
122 133
122 135
122 136
122 137
122 138
122 139
122 140
122 144
122 146
122 148
122 149
122 150
122 151
122 153
122 157
122 159
122 163
122 164
122 166
122 169
122 173
122 175
122 176
122 177
122 178
122 179
122 181
122 182
122 183
122 185
122 186
122 187
122 188
122 191
122 192
122 195
122 198
122 199
123 124
123 126
123 127
123 128
123 129
123 130
123 135
123 136
123 138
123 139
123 140
123 142
123 147
123 149
123 151
123 157
123 158
123 160
123 161
123 171
123 172
123 173
123 174
123 177
123 180
123 183
123 185
123 186
123 187
123 192
123 195
123 196
123 199
124 127
124 128
124 129
124 130
124 132
124 135
124 136
124 143
124 148
124 149
124 154
124 155
124 156
124 163
124 165
124 166
124 169
124 170
124 171
124 172
124 173
124 177
124 178
124 179
124 182
124 183
124 189
124 193
124 197
124 198
125 126
125 127
125 128
125 132
125 133
125 135
125 136
125 137
125 139
125 140
125 144
125 145
125 147
125 148
125 149
125 151
125 153
125 155
125 157
125 160
125 161
125 162
125 163
125 164
125 165
125 166
125 168
125 169
125 170
125 172
125 174
125 176
125 177
125 178
125 182
125 186
125 192
125 194
125 195
125 196
125 198
125 199
126 127
126 128
126 129
126 130
126 131
126 132
126 138
126 142
126 146
126 148
126 150
126 154
126 155
126 156
126 157
126 160
126 161
126 163
126 166
126 168
126 171
126 173
126 176
126 177
126 179
126 180
126 183
126 184
126 186
126 190
126 191
126 193
126 194
126 197
126 199
127 130
127 131
127 133
127 136
127 138
127 139
127 140
127 142
127 143
127 144
127 145
127 147
127 150
127 151
127 155
127 158
127 161
127 162
127 167
127 168
127 171
127 172
127 173
127 180
127 182
127 186
127 187
127 189
127 190
127 191
127 192
127 195
127 196
127 198
128 129
128 136
128 138
128 139
128 141
128 144
128 145
128 148
128 151
128 155
128 156
128 158
128 162
128 163
128 164
128 167
128 169
128 170
128 176
128 178
128 180
128 181
128 182
128 184
128 185
128 186
128 187
128 189
128 190
128 191
128 192
128 193
128 195
128 197
128 199
129 131
129 132
129 135
129 137
129 141
129 142
129 145
129 147
129 148
129 149
129 150
129 151
129 154
129 156
129 157
129 159
129 162
129 164
129 168
129 170
129 171
129 173
129 176
129 177
129 178
129 179
129 183
129 184
129 186
129 187
129 190
129 193
129 194
129 195
129 196
129 197
130 131
130 135
130 136
130 144
130 147
130 149
130 150
130 151
130 152
130 153
130 154
130 157
130 160
130 163
130 164
130 167
130 168
130 170
130 171
130 173
130 175
130 176
130 178
130 180
130 181
130 182
130 184
130 185
130 187
130 188
130 189
130 192
130 194
130 195
130 196
130 199
131 133
131 134
131 135
131 136
131 138
131 141
131 144
131 147
131 150
131 152
131 153
131 154
131 155
131 158
131 160
131 162
131 163
131 164
131 165
131 167
131 171
131 176
131 179
131 180
131 181
131 182
131 183
131 184
131 187
131 188
131 190
131 191
132 133
132 135
132 136
132 137
132 138
132 139
132 141
132 142
132 143
132 144
132 145
132 148
132 149
132 150
132 151
132 154
132 155
132 156
132 160
132 162
132 163
132 164
132 168
132 170
132 172
132 174
132 175
132 176
132 179
132 181
132 187
132 188
132 189
132 192
132 193
132 197
132 199
133 135
133 137
133 139
133 140
133 142
133 143
133 144
133 146
133 147
133 149
133 156
133 158
133 161
133 165
133 166
133 171
133 173
133 174
133 175
133 176
133 177
133 179
133 180
133 181
133 184
133 189
133 190
133 191
133 194
133 195
133 196
133 197
133 198
134 136
134 143
134 145
134 146
134 148
134 149
134 151
134 152
134 154
134 159
134 162
134 164
134 167
134 168
134 169
134 172
134 173
134 175
134 176
134 177
134 182
134 185
134 191
134 193
134 195
134 196
134 197
134 198
135 138
135 139
135 140
135 141
135 142
135 143
135 146
135 150
135 151
135 153
135 154
135 156
135 157
135 158
135 160
135 161
135 162
135 165
135 167
135 168
135 170
135 171
135 173
135 174
135 176
135 177
135 180
135 187
135 190
135 191
135 193
135 195
135 196
135 197
135 198
135 199
136 137
136 138
136 139
136 143
136 145
136 147
136 148
136 149
136 150
136 152
136 153
136 156
136 160
136 161
136 165
136 166
136 167
136 175
136 177
136 185
136 186
136 187
136 198
137 138
137 140
137 141
137 143
137 148
137 150
137 151
137 153
137 154
137 156
137 158
137 159
137 160
137 165
137 167
137 168
137 169
137 171
137 172
137 175
137 176
137 178
137 191
137 193
137 194
137 199
138 139
138 140
138 141
138 143
138 145
138 147
138 149
138 153
138 154
138 155
138 156
138 158
138 161
138 162
138 165
138 169
138 170
138 173
138 174
138 176
138 177
138 178
138 180
138 182
138 183
138 184
138 187
138 191
138 192
138 194
138 196
138 199
139 144
139 145
139 146
139 147
139 150
139 151
139 152
139 153
139 156
139 158
139 159
139 160
139 166
139 171
139 172
139 173
139 175
139 176
139 178
139 181
139 182
139 184
139 185
139 188
139 191
139 193
139 195
139 197
139 199
140 141
140 142
140 145
140 151
140 152
140 153
140 155
140 156
140 157
140 159
140 162
140 163
140 164
140 165
140 166
140 168
140 169
140 170
140 171
140 172
140 174
140 176
140 177
140 184
140 185
140 186
140 187
140 190
140 191
141 142
141 143
141 145
141 146
141 151
141 155
141 156
141 158
141 159
141 161
141 162
141 163
141 164
141 165
141 166
141 167
141 168
141 169
141 171
141 172
141 173
141 174
141 176
141 177
141 178
141 179
141 180
141 181
141 183
141 185
141 190
141 194
141 196
142 144
142 145
142 147
142 148
142 151
142 152
142 153
142 157
142 161
142 169
142 170
142 172
142 173
142 174
142 175
142 176
142 178
142 179
142 180
142 182
142 184
142 186
142 189
142 190
142 191
142 192
142 193
142 194
142 196
142 197
142 199
143 148
143 149
143 150
143 152
143 154
143 155
143 158
143 159
143 160
143 161
143 162
143 163
143 164
143 166
143 168
143 169
143 170
143 173
143 174
143 176
143 180
143 181
143 185
143 188
143 191
143 193
143 195
143 197
143 199
144 148
144 149
144 150
144 155
144 156
144 157
144 159
144 161
144 162
144 163
144 164
144 167
144 168
144 171
144 172
144 178
144 180
144 183
144 184
144 185
144 188
144 189
144 193
144 198
144 199
145 151
145 155
145 157
145 160
145 161
145 163
145 164
145 165
145 166
145 168
145 169
145 170
145 171
145 175
145 178
145 180
145 181
145 182
145 183
145 184
145 185
145 189
145 192
145 194
145 195
145 198
146 149
146 150
146 151
146 153
146 154
146 159
146 160
146 161
146 162
146 164
146 166
146 171
146 176
146 179
146 180
146 183
146 184
146 186
146 187
146 189
146 190
146 192
146 193
146 194
146 198
147 148
147 151
147 155
147 156
147 157
147 158
147 165
147 168
147 169
147 173
147 174
147 179
147 181
147 183
147 185
147 187
147 188
147 190
147 192
147 195
147 196
147 199
148 149
148 150
148 151
148 154
148 157
148 160
148 166
148 167
148 169
148 173
148 174
148 175
148 176
148 178
148 180
148 181
148 183
148 187
148 190
148 196
149 150
149 152
149 153
149 154
149 155
149 159
149 162
149 163
149 165
149 168
149 171
149 175
149 182
149 183
149 185
149 186
149 187
149 188
149 189
149 193
149 194
149 195
149 199
150 151
150 153
150 155
150 159
150 162
150 163
150 164
150 165
150 166
150 170
150 171
150 172
150 175
150 176
150 179
150 180
150 181
150 182
150 184
150 185
150 186
150 188
150 189
150 190
150 192
150 193
150 194
150 195
150 197
150 198
151 152
151 153
151 154
151 156
151 158
151 159
151 160
151 164
151 165
151 166
151 171
151 175
151 177
151 179
151 180
151 181
151 183
151 184
151 185
151 187
151 189
151 190
151 191
151 193
151 195
151 196
151 197
151 199
152 153
152 154
152 155
152 156
152 158
152 159
152 160
152 161
152 163
152 165
152 167
152 169
152 170
152 173
152 174
152 182
152 186
152 188
152 189
152 192
152 193
152 196
152 197
152 198
153 154
153 155
153 157
153 159
153 160
153 164
153 166
153 167
153 169
153 170
153 171
153 173
153 174
153 177
153 178
153 179
153 182
153 183
153 185
153 186
153 187
153 188
153 196
153 198
154 155
154 156
154 157
154 160
154 161
154 162
154 165
154 166
154 167
154 168
154 170
154 173
154 175
154 176
154 177
154 183
154 184
154 188
154 189
154 190
154 191
154 195
154 196
154 198
154 199
155 156
155 159
155 163
155 164
155 165
155 166
155 167
155 168
155 170
155 173
155 174
155 176
155 178
155 182
155 184
155 185
155 186
155 187
155 191
155 193
155 195
155 198
156 157
156 160
156 161
156 163
156 166
156 168
156 171
156 173
156 175
156 179
156 180
156 182
156 187
156 189
156 196
156 198
156 199
157 158
157 160
157 163
157 168
157 170
157 173
157 176
157 177
157 180
157 181
157 184
157 186
157 187
157 190
157 191
157 199
158 159
158 161
158 162
158 165
158 168
158 170
158 171
158 173
158 174
158 175
158 176
158 177
158 178
158 182
158 183
158 185
158 186
158 189
158 190
158 191
158 192
158 193
158 196
159 160
159 162
159 166
159 167
159 168
159 170
159 171
159 175
159 177
159 183
159 190
159 192
159 194
159 195
159 197
159 198
160 170
160 174
160 179
160 182
160 184
160 186
160 187
160 189
160 190
160 191
160 192
160 193
160 197
160 199
161 168
161 169
161 171
161 173
161 174
161 177
161 179
161 181
161 185
161 187
161 193
161 194
161 195
161 196
161 198
161 199
162 166
162 168
162 170
162 171
162 172
162 176
162 178
162 181
162 182
162 184
162 186
162 187
162 190
162 191
162 192
162 193
162 194
162 196
162 197
162 199
163 164
163 166
163 167
163 169
163 170
163 172
163 173
163 174
163 176
163 181
163 182
163 184
163 185
163 186
163 187
163 192
163 194
163 198
164 166
164 169
164 173
164 175
164 180
164 181
164 182
164 185
164 189
164 192
164 193
164 194
164 196
164 199
165 170
165 172
165 173
165 174
165 176
165 177
165 179
165 180
165 181
165 182
165 183
165 184
165 185
165 186
165 188
165 190
165 192
165 196
165 198
166 168
166 173
166 175
166 176
166 179
166 181
166 184
166 188
166 190
166 192
166 193
166 194
166 198
167 168
167 169
167 171
167 173
167 175
167 176
167 177
167 180
167 181
167 184
167 188
167 189
167 193
167 194
167 195
167 196
167 198
167 199
168 170
168 171
168 173
168 174
168 181
168 186
168 188
168 189
168 191
168 192
168 193
168 195
168 198
169 172
169 173
169 174
169 178
169 179
169 180
169 181
169 183
169 184
169 185
169 186
169 187
169 190
169 192
169 193
169 196
170 171
170 173
170 176
170 178
170 180
170 184
170 186
170 188
170 190
170 192
170 199
171 173
171 174
171 176
171 177
171 181
171 183
171 185
171 186
171 187
171 188
171 189
171 190
171 193
171 195
171 196
171 197
172 173
172 175
172 177
172 179
172 182
172 185
172 188
172 192
172 193
172 195
173 175
173 176
173 183
173 185
173 188
173 193
173 194
173 195
173 196
173 198
174 175
174 176
174 177
174 179
174 180
174 181
174 182
174 186
174 190
174 191
174 193
174 197
174 198
174 199
175 177
175 178
175 179
175 185
175 186
175 188
175 189
175 190
175 191
175 196
175 197
176 181
176 183
176 186
176 188
176 189
176 193
176 194
176 195
176 197
177 178
177 180
177 181
177 182
177 185
177 190
177 191
177 193
177 195
177 199
178 179
178 180
178 184
178 185
178 186
178 188
178 189
178 191
178 192
178 194
178 196
178 197
179 183
179 184
179 186
179 187
179 191
179 192
179 194
179 196
179 197
179 199
180 181
180 182
180 184
180 186
180 190
180 192
180 194
180 198
180 199
181 184
181 186
181 187
181 189
181 191
181 192
181 196
181 197
182 183
182 186
182 187
182 188
182 192
182 193
182 194
182 195
182 197
182 198
183 184
183 186
183 189
183 190
183 191
183 196
183 197
184 185
184 187
184 190
184 191
184 193
184 195
184 196
184 197
185 186
185 187
185 189
185 192
185 193
185 196
185 198
186 189
186 190
186 192
186 195
187 188
187 190
187 192
187 198
187 199
188 189
188 190
188 193
188 197
189 192
189 194
189 196
189 198
190 192
190 193
190 196
190 197
190 199
191 194
191 196
191 197
191 199
192 195
192 196
192 199
193 194
193 195
193 197
193 198
194 195
194 196
194 197
194 198
195 196
196 198
196 199
197 199

0 0 1 1 0 0 0 1 1 1 0 1 1 1 1 1 0 0 0 1 0 1 0 0 1 0 1 1 1 0 1 1 1 1 0 0 1 1 1 1 0 0 0 1 0 1 0 1 0 0 0 0 1 1 0 0 1 1 0 0 1 0 1 1 0 0 0 1 0 1 1 1 0 1 0 1 1 1 0 0 1 1 1 1 1 0 1 0 1 1 1 0 1 0 1 0 1 1 1 0 1 0 0 0 1 0 0 1 0 0 0 1 0 1 1 0 0 1 0 0 0 1 1 0 1 1 0 1 0 1 1 0 1 1 1 0 0 1 1 1 1 0 0 0 0 1 0 1 0 0 0 0 0 1 0 0 1 0 1 1 0 0 1 0 1 1 0 0 0 1 0 1 1 0 1 0 1 1 0 1 0 0 1 0 0 0 0 0 0 0 0 1 0 1 1 1 1 0 0 1