250 280
0 1 2 3 4 5 6 7 8 9 10 11 12 13 14 15 16 17 18 19 20 21 22 23 24 25 26 27 28 29 30 31 32 33 34 35 36 37 38 39 40 41 42 43 44 45 46 47 48 49 50 51 52 53 54 55 56 57 58 59 60 61 62 63 64 65 66 67 68 69 70 71 72 73 74 75 76 77 78 79 80 81 82 83 84 85 86 87 88 89 90 91 92 93 94 95 96 97 98 99 100 101 102 103 104 105 106 107 108 109 110 111 112 113 114 115 116 117 118 119 120 121 122 123 124 125 126 127 128 129 130 131 132 133 134 135 136 137 138 139 140 141 142 143 144 145 146 147 148 149 150 151 152 153 154 155 156 157 158 159 160 161 162 163 164 165 166 167 168 169 170 171 172 173 174 175 176 177 178 179 180 181 182 183 184 185 186 187 188 189 190 191 192 193 194 195 196 197 198 199 200 201 202 203 204 205 206 207 208 209 210 211 212 213 214 215 216 217 218 219 220 221 222 223 224 225 226 227 228 229 230 231 232 233 234 235 236 237 238 239 240 241 242 243 244 245 246 247 248 249
0 8
0 65
0 97
1 92
2 106
2 246
3 75
3 200
4 67
4 192
5 59
5 204
6 88
6 242
7 41
7 184
7 197
7 218
8 82
8 236
9 18
9 90
10 166
11 35
11 138
12 87
12 180
12 182
12 214
12 235
13 237
15 95
15 129
15 236
16 69
16 151
17 23
18 173
18 180
20 87
20 92
20 94
21 160
22 165
23 70
23 154
23 173
24 89
24 115
24 116
24 167
24 182
24 227
25 191
25 229
25 234
26 171
26 183
28 131
29 75
29 96
29 169
30 170
30 213
31 103
32 104
34 76
34 121
35 107
35 139
37 118
37 209
38 106
38 114
38 134
38 188
39 75
39 105
41 109
42 50
42 86
42 213
42 215
43 106
43 143
43 179
43 221
44 175
45 57
45 74
45 185
45 221
47 121
47 144
47 242
48 54
48 217
49 52
49 71
49 118
49 164
50 177
51 60
51 92
52 170
53 86
53 203
53 226
54 57
54 78
54 83
55 90
55 98
55 205
56 190
58 203
58 226
59 235
59 238
61 146
61 155
61 161
61 231
61 248
62 89
63 132
65 115
65 181
65 235
66 241
68 116
68 167
68 178
69 176
69 200
70 110
70 234
70 238
71 83
71 144
72 204
72 230
73 77
73 230
74 155
74 178
75 146
75 156
76 93
76 96
77 230
77 235
78 170
79 138
79 174
81 100
81 135
82 117
82 165
82 188
83 182
85 216
86 193
86 244
87 150
88 238
89 239
90 138
90 227
91 136
91 191
91 203
93 122
93 197
95 135
95 169
95 193
96 174
97 105
98 155
98 157
98 245
99 132
99 182
99 208
100 249
101 123
101 125
103 212
104 165
106 196
107 203
108 139
108 149
108 151
108 177
109 113
111 117
111 190
115 138
115 209
116 178
116 218
117 133
117 175
117 224
118 142
118 153
118 177
118 229
120 163
121 127
121 240
124 210
124 219
125 135
126 183
128 148
128 209
129 169
130 201
131 136
135 146
135 149
136 173
137 147
137 155
137 183
137 209
138 148
138 157
139 165
140 166
141 156
141 249
142 162
143 191
147 167
147 169
147 180
149 218
152 167
152 173
152 217
153 178
153 192
154 167
155 199
156 223
159 191
160 207
164 211
164 229
166 170
166 193
166 231
168 185
168 203
168 239
169 182
172 175
172 212
176 247
177 203
178 198
179 201
184 185
187 213
187 239
188 224
190 225
195 230
196 249
202 229
202 242
218 219
223 225
227 236
233 239
234 245

0 1 1 1 1 1 0 1 1 0 1 1 0 0 1 0 1 1 0 0 1 0 0 1 1 1 0 1 1 0 0 1 1 1 1 0 0 1 1 0 1 1 1 1 0 1 1 1 0 0 0 1 1 0 1 0 0 0 0 0 0 1 1 0 1 1 1 0 1 1 1 0 1 0 0 0 1 1 1 1 1 1 0 0 1 1 1 1 0 1 0 1 1 0 1 0 1 1 0 0 0 1 0 0 0 0 0 0 1 0 1 1 0 1 0 0 0 0 1 1 0 1 1 0 1 1 1 1 1 1 1 0 0 0 0 0 0 0 1 1 0 0 1 1 0 0 1 0 0 1 1 1 1 0 0 0 0 1 1 1 1 0 0 1 1 1 1 1 1 0 0 0 1 0 0 1 0 1 0 0 1 0 0 1 0 1 0 0 1 0 0 0 1 1 0 1 0 1 0 0 0 0 1 1 0 1 1 0 1 0 0 1 0 0 1 1 0 1 1 1 0 1 0 0 1 0 0 0 1 1 0 0 0 1 0 0 0 0 0 0 0 0 0 0 0 1 1 1 0 1