30 95
0 1 2 3 4 5 6 7 8 9 10 11 12 13 14 15 16 17 18 19 20 21 22 23 24 25 26 27 28 29
0 4
0 7
0 9
0 18
0 19
0 20
0 23
0 24
1 5
1 7
1 13
1 24
1 27
2 12
2 17
2 18
2 23
2 25
3 10
3 15
3 28
4 5
4 9
4 13
4 17
4 26
4 29
5 7
5 10
5 12
5 20
5 22
5 25
6 7
6 12
6 21
6 23
6 25
7 17
7 18
7 26
8 11
8 13
8 19
9 10
9 11
9 13
9 16
9 21
9 24
9 28
9 29
10 15
10 21
10 28
11 13
11 14
11 16
11 18
11 23
11 27
12 16
12 18
12 21
13 14
13 20
13 21
13 29
15 23
15 26
15 29
16 23
16 26
17 21
17 26
17 29
18 22
18 24
18 26
18 28
18 29
19 20
19 21
19 24
19 26
19 28
21 22
22 23
22 25
22 26
22 29
23 24
23 27
24 27
24 28

0 0 1 0 0 1 0 1 0 1 1 1 0 1 1 0 0 1 1 0 1 1 1 1 1 0 0 0 0 0