150 118
0 1 2 3 4 5 6 7 8 9 10 11 12 13 14 15 16 17 18 19 20 21 22 23 24 25 26 27 28 29 30 31 32 33 34 35 36 37 38 39 40 41 42 43 44 45 46 47 48 49 50 51 52 53 54 55 56 57 58 59 60 61 62 63 64 65 66 67 68 69 70 71 72 73 74 75 76 77 78 79 80 81 82 83 84 85 86 87 88 89 90 91 92 93 94 95 96 97 98 99 100 101 102 103 104 105 106 107 108 109 110 111 112 113 114 115 116 117 118 119 120 121 122 123 124 125 126 127 128 129 130 131 132 133 134 135 136 137 138 139 140 141 142 143 144 145 146 147 148 149
0 25
0 73
1 3
1 39
1 54
1 83
1 129
2 117
4 88
4 142
5 67
6 23
6 58
6 72
6 130
8 41
9 98
10 23
10 38
10 131
11 94
11 136
12 19
12 120
14 36
14 127
15 67
16 139
17 130
18 22
18 29
19 124
20 35
22 73
23 72
25 71
25 84
26 63
26 144
26 146
27 32
27 60
27 92
27 134
28 97
28 103
29 81
30 47
30 56
30 70
31 132
31 146
33 67
34 86
35 133
35 144
35 146
37 92
37 99
38 75
38 127
38 128
39 106
39 130
41 98
42 117
42 122
44 57
44 65
44 133
45 120
48 50
48 119
48 140
50 94
51 120
52 100
54 68
54 73
54 81
59 76
59 100
60 109
61 110
62 92
62 114
62 119
65 109
70 71
71 128
73 75
73 93
76 144
77 129
77 140
77 149
78 129
78 131
80 90
85 147
88 145
89 104
91 116
93 116
97 119
98 147
102 109
105 110
105 124
106 135
107 123
107 148
109 118
117 144
119 120
120 123
123 138
129 140

1 1 1 1 1 1 1 1 0 0 0 1 0 0 1 1 0 0 1 1 0 0 1 1 1 0 0 0 1 1 0 1 1 1 1 0 0 1 0 0 0 1 0 1 1 0 0 1 1 0 0 0 1 0 1 0 1 0 0 0 0 1 0 1 1 0 0 1 1 0 1 1 1 0 1 1 0 1 0 0 1 1 1 1 0 0 0 1 1 0 1 0 1 1 1 0 1 1 0 0 1 0 0 0 0 1 0 1 0 0 1 1 0 0 0 1 1 1 0 0 0 0 1 0 0 1 0 1 1 0 0 0 1 0 0 1 1 0 1 1 0 0 1 0 0 1 0 1 1 0