200 3865
0 1 2 3 4 5 6 7 8 9 10 11 12 13 14 15 16 17 18 19 20 21 22 23 24 25 26 27 28 29 30 31 32 33 34 35 36 37 38 39 40 41 42 43 44 45 46 47 48 49 50 51 52 53 54 55 56 57 58 59 60 61 62 63 64 65 66 67 68 69 70 71 72 73 74 75 76 77 78 79 80 81 82 83 84 85 86 87 88 89 90 91 92 93 94 95 96 97 98 99 100 101 102 103 104 105 106 107 108 109 110 111 112 113 114 115 116 117 118 119 120 121 122 123 124 125 126 127 128 129 130 131 132 133 134 135 136 137 138 139 140 141 142 143 144 145 146 147 148 149 150 151 152 153 154 155 156 157 158 159 160 161 162 163 164 165 166 167 168 169 170 171 172 173 174 175 176 177 178 179 180 181 182 183 184 185 186 187 188 189 190 191 192 193 194 195 196 197 198 199
0 21
0 23
0 25
0 32
0 33
0 40
0 41
0 59
0 62
0 65
0 67
0 69
0 73
0 77
0 79
0 92
0 93
0 105
0 109
0 111
0 116
0 121
0 133
0 138
0 139
0 142
0 162
0 163
0 167
0 179
0 182
0 189
0 190
0 194
0 197
1 35
1 43
1 44
1 47
1 48
1 53
1 55
1 56
1 64
1 74
1 76
1 79
1 86
1 91
1 94
1 99
1 106
1 115
1 119
1 122
1 133
1 136
1 138
1 148
1 157
1 159
1 160
1 161
1 164
1 165
1 170
1 172
1 193
2 6
2 7
2 9
2 22
2 25
2 31
2 37
2 42
2 45
2 55
2 57
2 59
2 60
2 61
2 64
2 68
2 69
2 71
2 73
2 85
2 88
2 89
2 115
2 119
2 120
2 121
2 125
2 137
2 141
2 146
2 150
2 159
2 160
2 162
2 166
2 170
2 173
2 176
2 179
2 183
2 192
2 197
2 199
3 11
3 17
3 20
3 25
3 28
3 30
3 31
3 35
3 36
3 46
3 47
3 49
3 54
3 59
3 62
3 63
3 66
3 67
3 69
3 71
3 78
3 83
3 84
3 93
3 104
3 106
3 109
3 112
3 117
3 121
3 122
3 124
3 128
3 130
3 131
3 132
3 136
3 140
3 141
3 149
3 151
3 153
3 154
3 156
3 158
3 159
3 161
3 180
3 190
3 192
3 198
4 6
4 9
4 12
4 13
4 26
4 27
4 35
4 37
4 40
4 43
4 44
4 51
4 54
4 60
4 61
4 67
4 79
4 83
4 84
4 90
4 91
4 92
4 97
4 105
4 107
4 125
4 134
4 135
4 137
4 138
4 140
4 141
4 143
4 150
4 157
4 162
4 171
4 172
4 182
4 188
4 190
4 194
4 198
5 7
5 8
5 13
5 17
5 25
5 30
5 32
5 61
5 65
5 72
5 75
5 78
5 81
5 84
5 89
5 92
5 96
5 104
5 117
5 119
5 122
5 133
5 135
5 138
5 141
5 150
5 152
5 154
5 159
5 171
5 173
5 176
5 179
5 183
5 189
5 190
6 8
6 15
6 20
6 23
6 35
6 39
6 41
6 44
6 45
6 53
6 59
6 60
6 66
6 70
6 72
6 78
6 79
6 83
6 84
6 85
6 86
6 87
6 93
6 99
6 103
6 105
6 106
6 108
6 110
6 111
6 120
6 121
6 122
6 133
6 137
6 143
6 152
6 155
6 163
6 174
6 188
6 197
6 198
7 8
7 9
7 18
7 24
7 25
7 28
7 29
7 34
7 47
7 48
7 49
7 54
7 57
7 58
7 69
7 77
7 96
7 99
7 100
7 116
7 128
7 129
7 158
7 162
7 166
7 167
7 168
7 173
7 174
7 177
7 180
7 182
7 190
7 198
8 10
8 19
8 29
8 38
8 41
8 48
8 50
8 51
8 53
8 60
8 61
8 69
8 76
8 79
8 80
8 81
8 83
8 89
8 94
8 99
8 119
8 121
8 126
8 129
8 133
8 134
8 140
8 145
8 148
8 154
8 166
8 167
8 169
8 175
8 177
8 178
8 181
8 182
8 185
8 191
8 193
8 196
9 25
9 35
9 36
9 37
9 42
9 44
9 47
9 54
9 56
9 58
9 62
9 63
9 65
9 71
9 72
9 80
9 88
9 90
9 93
9 94
9 102
9 110
9 117
9 123
9 127
9 128
9 139
9 140
9 154
9 163
9 166
9 167
9 169
9 179
9 180
9 186
9 198
10 11
10 16
10 19
10 26
10 27
10 28
10 29
10 45
10 56
10 63
10 64
10 70
10 83
10 85
10 100
10 106
10 120
10 124
10 126
10 129
10 132
10 134
10 137
10 154
10 164
10 165
10 169
10 175
10 177
10 180
10 181
10 185
10 187
10 193
10 195
10 198
11 12
11 16
11 19
11 22
11 29
11 33
11 40
11 43
11 44
11 46
11 55
11 56
11 60
11 63
11 70
11 71
11 73
11 77
11 84
11 87
11 90
11 95
11 97
11 98
11 99
11 104
11 108
11 109
11 110
11 111
11 117
11 124
11 127
11 128
11 133
11 138
11 141
11 147
11 148
11 151
11 152
11 156
11 157
11 173
11 174
11 178
11 195
12 24
12 28
12 32
12 34
12 37
12 63
12 66
12 67
12 78
12 86
12 87
12 91
12 94
12 97
12 104
12 107
12 109
12 120
12 122
12 123
12 127
12 128
12 139
12 145
12 146
12 151
12 163
12 165
12 166
12 178
12 186
12 194
12 195
12 196
13 22
13 24
13 28
13 32
13 35
13 37
13 38
13 39
13 42
13 57
13 62
13 63
13 69
13 71
13 73
13 74
13 76
13 77
13 81
13 87
13 93
13 94
13 96
13 97
13 104
13 105
13 108
13 121
13 128
13 132
13 136
13 137
13 144
13 166
13 168
13 172
13 176
13 177
13 178
13 181
13 191
13 197
14 28
14 33
14 44
14 49
14 53
14 57
14 69
14 70
14 71
14 79
14 80
14 96
14 99
14 101
14 102
14 103
14 105
14 109
14 121
14 122
14 127
14 130
14 133
14 138
14 142
14 145
14 147
14 148
14 150
14 155
14 157
14 158
14 162
14 167
14 168
14 178
14 197
15 16
15 18
15 20
15 25
15 28
15 30
15 32
15 38
15 43
15 47
15 51
15 52
15 53
15 58
15 60
15 62
15 66
15 81
15 85
15 101
15 109
15 110
15 118
15 120
15 121
15 135
15 137
15 138
15 141
15 142
15 148
15 154
15 166
15 174
15 178
15 182
15 185
15 186
15 190
16 22
16 23
16 25
16 26
16 27
16 32
16 34
16 52
16 60
16 64
16 66
16 67
16 69
16 75
16 77
16 86
16 89
16 92
16 93
16 94
16 98
16 104
16 105
16 112
16 115
16 116
16 119
16 124
16 126
16 130
16 131
16 138
16 141
16 144
16 148
16 158
16 161
16 171
16 181
16 183
16 188
17 20
17 24
17 32
17 35
17 37
17 39
17 42
17 43
17 47
17 49
17 51
17 54
17 62
17 64
17 71
17 72
17 73
17 79
17 84
17 86
17 95
17 97
17 100
17 105
17 106
17 107
17 110
17 111
17 112
17 114
17 123
17 124
17 128
17 136
17 143
17 149
17 152
17 154
17 166
17 173
17 178
17 179
17 181
18 19
18 22
18 30
18 33
18 38
18 45
18 48
18 50
18 57
18 62
18 85
18 90
18 98
18 99
18 102
18 107
18 115
18 118
18 124
18 125
18 131
18 150
18 161
18 162
18 170
18 179
18 192
18 197
19 29
19 37
19 47
19 48
19 51
19 60
19 61
19 72
19 78
19 81
19 84
19 85
19 87
19 97
19 100
19 103
19 109
19 118
19 126
19 129
19 143
19 145
19 146
19 147
19 156
19 164
19 171
19 192
19 193
19 195
19 199
20 22
20 27
20 30
20 34
20 38
20 47
20 48
20 53
20 55
20 56
20 58
20 69
20 73
20 75
20 79
20 86
20 91
20 94
20 98
20 103
20 108
20 114
20 115
20 140
20 142
20 148
20 150
20 153
20 159
20 162
20 163
20 172
20 182
20 184
20 192
21 26
21 38
21 40
21 44
21 46
21 52
21 56
21 58
21 65
21 67
21 74
21 75
21 80
21 84
21 86
21 88
21 91
21 92
21 94
21 100
21 103
21 110
21 115
21 116
21 120
21 128
21 136
21 138
21 140
21 141
21 164
21 172
21 174
21 184
22 23
22 26
22 27
22 32
22 38
22 41
22 49
22 54
22 55
22 59
22 60
22 62
22 75
22 79
22 80
22 81
22 90
22 94
22 99
22 111
22 114
22 123
22 124
22 126
22 130
22 135
22 138
22 141
22 142
22 147
22 153
22 154
22 163
22 166
22 168
22 170
22 174
22 177
22 179
22 183
22 192
22 196
23 24
23 31
23 39
23 41
23 44
23 54
23 57
23 59
23 60
23 69
23 74
23 83
23 96
23 98
23 106
23 109
23 117
23 122
23 130
23 134
23 136
23 143
23 145
23 148
23 150
23 151
23 152
23 153
23 158
23 160
23 162
23 166
23 171
23 175
23 176
23 182
23 184
23 189
23 193
23 194
24 44
24 52
24 54
24 60
24 62
24 64
24 65
24 73
24 85
24 86
24 92
24 103
24 111
24 120
24 134
24 135
24 138
24 146
24 147
24 151
24 161
24 169
24 173
24 187
24 191
24 193
24 198
25 26
25 27
25 29
25 40
25 41
25 42
25 44
25 49
25 50
25 51
25 52
25 54
25 60
25 62
25 66
25 68
25 77
25 78
25 79
25 83
25 85
25 105
25 106
25 108
25 115
25 124
25 134
25 135
25 137
25 143
25 144
25 156
25 157
25 161
25 163
25 165
25 172
25 184
25 194
25 195
25 197
26 28
26 30
26 31
26 41
26 47
26 48
26 50
26 54
26 57
26 64
26 74
26 77
26 79
26 84
26 110
26 118
26 127
26 134
26 142
26 143
26 146
26 152
26 158
26 159
26 165
26 166
26 168
26 173
26 177
26 178
26 188
26 197
26 198
27 36
27 37
27 38
27 43
27 53
27 64
27 67
27 74
27 83
27 89
27 99
27 112
27 116
27 135
27 144
27 145
27 154
27 156
27 158
27 159
27 165
27 168
27 169
27 176
27 179
27 186
27 190
28 30
28 35
28 38
28 39
28 41
28 47
28 49
28 51
28 54
28 58
28 60
28 64
28 71
28 76
28 77
28 84
28 87
28 94
28 96
28 100
28 105
28 107
28 108
28 110
28 112
28 116
28 118
28 122
28 128
28 129
28 131
28 149
28 161
28 166
28 181
28 184
28 192
29 47
29 54
29 55
29 59
29 65
29 73
29 81
29 90
29 95
29 105
29 106
29 122
29 129
29 130
29 134
29 144
29 147
29 162
29 167
29 169
29 172
29 183
29 184
29 189
29 193
29 195
29 196
29 199
30 34
30 39
30 40
30 44
30 46
30 53
30 60
30 61
30 65
30 73
30 75
30 79
30 83
30 84
30 89
30 94
30 101
30 104
30 113
30 125
30 128
30 132
30 137
30 139
30 146
30 151
30 159
30 165
30 168
30 170
30 178
30 180
30 182
30 183
30 191
30 196
30 199
31 34
31 39
31 41
31 42
31 46
31 47
31 52
31 55
31 58
31 73
31 76
31 77
31 82
31 99
31 102
31 108
31 112
31 124
31 125
31 129
31 130
31 137
31 141
31 142
31 147
31 161
31 163
31 172
31 173
31 176
31 187
32 33
32 36
32 45
32 83
32 84
32 93
32 97
32 112
32 113
32 115
32 116
32 118
32 124
32 125
32 129
32 133
32 134
32 148
32 151
32 153
32 157
32 161
32 176
32 177
32 178
32 180
32 192
32 193
33 34
33 46
33 54
33 56
33 61
33 70
33 79
33 87
33 88
33 90
33 97
33 99
33 110
33 120
33 123
33 127
33 130
33 147
33 159
33 161
33 162
33 163
33 176
33 181
33 187
33 190
33 191
33 194
33 196
33 198
34 38
34 39
34 40
34 43
34 57
34 59
34 62
34 68
34 69
34 86
34 90
34 114
34 115
34 120
34 134
34 136
34 138
34 139
34 142
34 145
34 162
34 164
34 166
34 167
34 180
34 194
34 196
34 199
35 36
35 39
35 49
35 62
35 88
35 94
35 107
35 117
35 125
35 126
35 137
35 138
35 143
35 144
35 145
35 148
35 151
35 164
35 171
35 173
35 180
35 189
35 197
36 41
36 42
36 46
36 47
36 50
36 53
36 65
36 66
36 70
36 73
36 75
36 82
36 87
36 88
36 89
36 91
36 101
36 105
36 107
36 112
36 113
36 119
36 123
36 129
36 135
36 142
36 145
36 152
36 157
36 161
36 164
36 167
36 171
36 179
36 187
36 189
36 193
36 196
36 199
37 39
37 69
37 84
37 86
37 91
37 97
37 104
37 111
37 113
37 117
37 122
37 126
37 130
37 131
37 136
37 137
37 148
37 154
37 155
37 160
37 161
37 162
37 171
37 176
37 177
37 189
38 53
38 59
38 61
38 71
38 79
38 81
38 94
38 100
38 104
38 108
38 112
38 120
38 121
38 126
38 152
38 173
38 176
38 178
38 180
38 186
38 188
38 193
38 194
38 199
39 59
39 62
39 69
39 72
39 74
39 77
39 79
39 80
39 82
39 87
39 92
39 93
39 103
39 104
39 110
39 114
39 149
39 154
39 155
39 158
39 161
39 163
39 172
39 175
39 176
39 183
39 185
39 189
39 190
39 192
39 194
39 198
40 41
40 43
40 46
40 47
40 48
40 51
40 52
40 54
40 55
40 56
40 59
40 62
40 72
40 74
40 76
40 91
40 96
40 102
40 104
40 108
40 112
40 114
40 118
40 120
40 130
40 132
40 133
40 144
40 146
40 149
40 158
40 174
40 180
40 181
40 187
40 189
40 190
41 44
41 48
41 57
41 59
41 60
41 66
41 67
41 84
41 90
41 103
41 111
41 113
41 116
41 118
41 122
41 126
41 137
41 138
41 148
41 151
41 167
41 169
41 170
41 182
41 185
41 189
41 190
41 193
41 197
42 43
42 45
42 50
42 52
42 53
42 59
42 64
42 70
42 73
42 76
42 78
42 80
42 85
42 86
42 96
42 99
42 105
42 120
42 121
42 126
42 143
42 146
42 150
42 155
42 160
42 164
42 165
42 167
42 168
42 180
42 188
42 191
42 195
42 196
43 52
43 56
43 68
43 70
43 77
43 79
43 86
43 90
43 100
43 105
43 123
43 124
43 127
43 131
43 143
43 144
43 154
43 155
43 158
43 171
43 172
43 194
43 195
44 47
44 49
44 52
44 54
44 61
44 64
44 69
44 70
44 73
44 77
44 79
44 80
44 86
44 94
44 106
44 108
44 111
44 112
44 113
44 115
44 120
44 124
44 131
44 133
44 138
44 139
44 141
44 142
44 145
44 152
44 158
44 161
44 165
44 173
44 174
44 175
44 177
44 180
44 181
44 184
44 185
44 195
44 198
44 199
45 49
45 56
45 59
45 61
45 62
45 65
45 77
45 86
45 89
45 90
45 91
45 94
45 96
45 110
45 120
45 123
45 135
45 142
45 161
45 166
45 168
45 169
45 181
45 184
45 187
45 188
45 189
45 190
45 192
45 194
45 199
46 48
46 52
46 54
46 59
46 62
46 65
46 68
46 75
46 77
46 82
46 91
46 92
46 96
46 100
46 103
46 104
46 117
46 123
46 128
46 129
46 132
46 135
46 149
46 157
46 173
46 178
46 183
47 60
47 64
47 65
47 68
47 69
47 71
47 74
47 75
47 78
47 79
47 81
47 85
47 90
47 94
47 97
47 101
47 104
47 105
47 108
47 112
47 113
47 117
47 120
47 125
47 133
47 141
47 150
47 156
47 165
47 177
47 195
47 196
48 50
48 51
48 53
48 62
48 63
48 64
48 66
48 69
48 73
48 74
48 87
48 92
48 104
48 110
48 115
48 116
48 119
48 120
48 128
48 129
48 132
48 142
48 143
48 144
48 150
48 153
48 162
48 167
48 169
48 172
48 177
48 182
48 183
48 185
48 188
48 189
48 190
49 50
49 56
49 57
49 58
49 60
49 63
49 64
49 71
49 74
49 76
49 79
49 87
49 94
49 97
49 103
49 112
49 113
49 114
49 130
49 133
49 134
49 140
49 151
49 155
49 163
49 170
49 174
49 177
49 182
49 183
49 193
50 54
50 56
50 59
50 60
50 63
50 67
50 72
50 77
50 85
50 95
50 99
50 102
50 105
50 111
50 115
50 117
50 119
50 122
50 127
50 143
50 145
50 148
50 164
50 168
50 169
50 176
50 177
50 180
50 191
50 192
50 195
51 53
51 55
51 56
51 70
51 83
51 90
51 96
51 100
51 104
51 108
51 109
51 114
51 118
51 122
51 127
51 139
51 146
51 148
51 152
51 165
51 166
51 168
51 169
51 172
51 174
51 176
51 178
51 180
51 185
51 190
51 194
51 196
52 53
52 54
52 55
52 59
52 60
52 62
52 64
52 70
52 77
52 78
52 80
52 81
52 95
52 99
52 106
52 122
52 123
52 125
52 137
52 142
52 145
52 147
52 163
52 164
52 168
52 176
52 178
52 179
52 182
52 193
52 198
53 64
53 66
53 85
53 91
53 97
53 104
53 109
53 113
53 115
53 116
53 120
53 124
53 125
53 126
53 129
53 134
53 135
53 136
53 158
53 165
53 168
53 169
53 173
53 193
54 65
54 70
54 73
54 74
54 75
54 88
54 90
54 95
54 99
54 109
54 113
54 117
54 118
54 120
54 122
54 125
54 129
54 130
54 132
54 135
54 139
54 143
54 147
54 158
54 168
54 171
54 174
54 178
54 180
54 184
54 191
54 194
54 197
55 57
55 60
55 63
55 65
55 71
55 75
55 81
55 83
55 84
55 86
55 87
55 93
55 98
55 103
55 124
55 125
55 127
55 128
55 129
55 132
55 145
55 146
55 148
55 150
55 151
55 154
55 167
55 172
55 178
55 181
55 182
55 190
55 193
56 57
56 71
56 81
56 83
56 90
56 94
56 97
56 100
56 101
56 102
56 104
56 113
56 120
56 127
56 133
56 136
56 140
56 149
56 155
56 156
56 157
56 158
56 185
56 187
56 189
56 194
57 58
57 60
57 66
57 69
57 71
57 77
57 80
57 91
57 96
57 99
57 116
57 117
57 126
57 154
57 155
57 162
57 171
57 172
57 174
57 178
57 180
57 181
57 184
57 199
58 60
58 65
58 66
58 69
58 76
58 84
58 89
58 96
58 100
58 102
58 103
58 106
58 117
58 127
58 130
58 131
58 135
58 142
58 149
58 157
58 161
58 162
58 164
58 169
58 170
58 175
58 180
58 183
58 190
58 191
58 192
58 197
59 60
59 65
59 66
59 69
59 81
59 85
59 88
59 89
59 91
59 93
59 95
59 117
59 121
59 125
59 127
59 129
59 131
59 141
59 143
59 145
59 146
59 148
59 149
59 157
59 159
59 161
59 163
59 170
59 173
59 184
59 186
59 190
59 193
59 199
60 71
60 74
60 75
60 84
60 102
60 106
60 114
60 126
60 131
60 135
60 137
60 139
60 142
60 147
60 154
60 161
60 162
60 167
60 170
60 178
60 181
60 183
60 186
60 195
60 199
61 64
61 66
61 73
61 80
61 98
61 109
61 114
61 124
61 127
61 131
61 135
61 139
61 146
61 158
61 170
61 172
61 173
61 179
61 192
62 63
62 64
62 75
62 80
62 82
62 83
62 89
62 90
62 93
62 96
62 102
62 113
62 128
62 145
62 150
62 154
62 161
62 181
62 185
63 65
63 66
63 68
63 71
63 72
63 89
63 90
63 104
63 117
63 123
63 131
63 136
63 139
63 140
63 141
63 153
63 160
63 170
63 175
63 176
63 183
63 184
63 185
63 186
63 195
64 68
64 70
64 75
64 85
64 91
64 96
64 102
64 103
64 117
64 124
64 126
64 127
64 130
64 133
64 134
64 152
64 153
64 154
64 156
64 158
64 159
64 161
64 164
64 168
64 173
64 180
65 74
65 78
65 79
65 84
65 85
65 88
65 93
65 97
65 105
65 110
65 115
65 116
65 125
65 139
65 140
65 147
65 153
65 160
65 162
65 167
65 169
65 172
65 186
66 68
66 70
66 75
66 90
66 94
66 100
66 104
66 106
66 109
66 112
66 116
66 120
66 124
66 126
66 130
66 140
66 143
66 152
66 157
66 163
66 165
66 173
66 182
66 189
67 69
67 70
67 75
67 83
67 84
67 86
67 100
67 114
67 121
67 123
67 139
67 144
67 146
67 159
67 170
67 172
67 173
67 186
67 190
67 193
67 199
68 74
68 94
68 97
68 107
68 116
68 118
68 122
68 135
68 139
68 148
68 151
68 165
68 168
68 175
68 176
68 197
68 198
69 72
69 88
69 99
69 104
69 105
69 110
69 118
69 142
69 151
69 153
69 160
69 165
69 166
69 169
69 181
69 184
69 185
69 188
69 189
69 198
70 72
70 76
70 79
70 83
70 84
70 94
70 96
70 100
70 110
70 111
70 122
70 127
70 132
70 133
70 137
70 139
70 142
70 143
70 146
70 161
70 164
70 170
70 175
70 185
70 187
70 194
70 198
70 199
71 74
71 76
71 79
71 87
71 93
71 97
71 101
71 115
71 116
71 130
71 136
71 144
71 146
71 156
71 163
71 166
71 169
71 179
71 186
71 187
71 190
71 192
71 194
71 195
72 74
72 78
72 84
72 89
72 99
72 104
72 106
72 116
72 126
72 129
72 134
72 138
72 139
72 140
72 146
72 149
72 157
72 159
72 162
72 165
72 177
72 178
72 180
72 181
72 192
73 75
73 80
73 84
73 85
73 86
73 87
73 91
73 104
73 106
73 110
73 114
73 115
73 123
73 124
73 126
73 129
73 134
73 143
73 148
73 149
73 161
73 162
73 164
73 171
73 174
73 184
73 185
74 87
74 95
74 96
74 97
74 102
74 114
74 127
74 129
74 130
74 135
74 148
74 149
74 150
74 166
74 171
74 184
74 187
74 190
74 196
75 76
75 83
75 87
75 96
75 97
75 99
75 101
75 104
75 108
75 112
75 124
75 148
75 153
75 163
75 164
75 171
75 172
75 178
75 179
75 187
75 190
75 194
76 81
76 82
76 88
76 92
76 93
76 94
76 100
76 104
76 105
76 107
76 112
76 114
76 118
76 119
76 122
76 123
76 131
76 136
76 141
76 151
76 166
76 169
76 175
76 176
76 182
76 191
76 195
77 81
77 90
77 92
77 97
77 105
77 109
77 110
77 113
77 116
77 118
77 119
77 120
77 122
77 123
77 125
77 127
77 133
77 136
77 139
77 140
77 143
77 144
77 168
77 170
77 183
77 187
77 192
78 81
78 84
78 87
78 93
78 100
78 107
78 108
78 116
78 117
78 118
78 121
78 126
78 144
78 145
78 152
78 156
78 158
78 178
78 189
78 192
78 199
79 85
79 86
79 88
79 93
79 96
79 98
79 105
79 108
79 115
79 117
79 123
79 124
79 148
79 149
79 156
79 161
79 177
79 179
79 194
80 81
80 86
80 93
80 94
80 100
80 112
80 116
80 118
80 119
80 123
80 126
80 127
80 131
80 134
80 145
80 156
80 159
80 161
80 166
80 168
80 171
80 181
80 191
80 192
80 193
81 88
81 89
81 92
81 93
81 96
81 101
81 106
81 110
81 122
81 124
81 128
81 129
81 143
81 145
81 150
81 157
81 160
81 161
81 165
81 170
81 174
81 179
81 186
81 191
81 193
81 197
82 83
82 88
82 96
82 97
82 102
82 126
82 127
82 132
82 145
82 152
82 159
82 171
82 176
82 182
82 183
82 186
83 87
83 88
83 92
83 106
83 107
83 108
83 111
83 121
83 123
83 125
83 148
83 153
83 160
83 169
83 178
83 187
83 191
83 198
84 94
84 108
84 115
84 117
84 119
84 129
84 132
84 136
84 137
84 144
84 156
84 157
84 160
84 165
84 172
84 182
85 88
85 104
85 109
85 113
85 118
85 120
85 127
85 129
85 130
85 131
85 140
85 142
85 161
85 163
85 165
85 188
85 194
86 89
86 98
86 107
86 109
86 111
86 112
86 122
86 123
86 124
86 127
86 128
86 137
86 144
86 146
86 164
86 167
86 169
86 170
86 171
86 173
86 177
86 196
86 198
86 199
87 91
87 102
87 104
87 105
87 116
87 127
87 137
87 163
87 171
87 192
87 193
87 195
87 197
88 94
88 110
88 111
88 113
88 114
88 116
88 118
88 124
88 140
88 143
88 144
88 145
88 156
88 158
88 169
88 178
88 179
88 187
88 190
89 94
89 97
89 102
89 110
89 112
89 118
89 128
89 131
89 135
89 146
89 147
89 150
89 152
89 155
89 164
89 166
89 169
89 170
89 173
89 190
89 193
89 197
89 198
90 91
90 98
90 99
90 108
90 109
90 110
90 113
90 116
90 122
90 124
90 137
90 154
90 162
90 165
90 173
90 175
90 183
90 190
90 198
91 101
91 107
91 111
91 121
91 123
91 126
91 129
91 133
91 135
91 142
91 145
91 149
91 162
91 163
91 171
91 174
91 176
91 179
91 184
91 187
91 198
92 94
92 97
92 101
92 110
92 117
92 128
92 134
92 135
92 138
92 140
92 150
92 156
92 157
92 159
92 162
92 170
92 178
92 185
92 190
92 193
93 99
93 101
93 102
93 106
93 108
93 131
93 143
93 147
93 150
93 160
93 162
93 173
93 176
93 178
93 188
93 189
93 198
94 96
94 101
94 103
94 104
94 105
94 106
94 107
94 113
94 121
94 129
94 138
94 139
94 141
94 142
94 147
94 148
94 158
94 161
94 166
94 170
94 175
94 179
94 186
94 187
94 188
94 198
95 99
95 100
95 103
95 110
95 111
95 115
95 116
95 124
95 127
95 131
95 133
95 137
95 140
95 142
95 144
95 147
95 154
95 158
95 160
95 161
95 162
95 164
95 166
95 168
95 172
95 187
95 188
95 189
95 195
95 198
96 97
96 103
96 107
96 116
96 119
96 139
96 141
96 159
96 160
96 163
96 165
96 167
96 178
96 184
96 186
96 190
96 191
96 196
96 199
97 100
97 121
97 127
97 130
97 140
97 145
97 149
97 167
97 170
97 180
97 184
97 187
97 189
97 198
98 112
98 113
98 123
98 124
98 130
98 134
98 135
98 137
98 143
98 147
98 148
98 150
98 151
98 152
98 157
98 160
98 169
98 178
98 180
98 186
98 188
98 191
98 199
99 104
99 110
99 116
99 126
99 131
99 136
99 144
99 147
99 150
99 154
99 156
99 157
99 158
99 165
99 169
99 172
99 176
99 182
99 195
100 103
100 105
100 114
100 118
100 119
100 120
100 137
100 144
100 146
100 147
100 148
100 150
100 151
100 155
100 159
100 165
100 188
100 195
100 196
101 102
101 103
101 113
101 116
101 117
101 122
101 127
101 128
101 129
101 131
101 133
101 135
101 152
101 159
101 161
101 178
101 180
101 187
101 188
101 190
101 195
101 198
102 106
102 107
102 108
102 109
102 118
102 124
102 132
102 151
102 161
102 164
102 169
102 173
102 174
102 176
102 180
102 183
102 184
102 185
102 187
102 190
102 198
103 113
103 116
103 118
103 124
103 125
103 130
103 138
103 142
103 145
103 151
103 152
103 155
103 157
103 158
103 162
103 164
103 165
103 166
103 168
103 177
103 179
103 180
103 183
103 184
103 187
103 191
103 192
103 194
104 110
104 111
104 115
104 120
104 123
104 132
104 133
104 134
104 142
104 145
104 146
104 155
104 157
104 160
104 165
104 166
104 170
104 172
104 198
105 106
105 108
105 111
105 114
105 119
105 120
105 126
105 132
105 140
105 141
105 142
105 145
105 147
105 151
105 155
105 164
105 167
105 169
105 170
105 178
105 181
105 188
105 197
106 110
106 114
106 117
106 119
106 121
106 126
106 130
106 137
106 138
106 142
106 143
106 144
106 147
106 149
106 156
106 159
106 163
106 168
106 171
106 179
106 184
106 188
106 195
106 196
107 110
107 116
107 123
107 126
107 128
107 132
107 133
107 136
107 142
107 145
107 146
107 148
107 157
107 164
107 165
107 173
107 181
107 194
108 111
108 112
108 114
108 128
108 129
108 131
108 132
108 134
108 135
108 146
108 159
108 162
108 173
108 179
108 196
108 197
108 198
109 114
109 115
109 120
109 122
109 123
109 126
109 133
109 135
109 137
109 145
109 151
109 158
109 160
109 161
109 162
109 165
109 178
109 183
109 189
109 195
110 116
110 117
110 119
110 130
110 144
110 146
110 147
110 165
110 166
110 168
110 171
110 172
110 173
110 179
110 184
110 192
110 193
110 196
111 112
111 117
111 126
111 127
111 132
111 138
111 147
111 150
111 166
111 167
111 177
111 178
111 181
111 182
111 186
111 197
112 123
112 127
112 129
112 138
112 148
112 150
112 152
112 159
112 167
112 170
112 174
112 176
112 180
112 186
112 191
112 197
112 199
113 123
113 125
113 126
113 134
113 136
113 142
113 145
113 148
113 149
113 152
113 153
113 162
113 176
113 186
113 189
113 194
114 122
114 123
114 132
114 134
114 135
114 158
114 163
114 164
114 166
114 169
114 171
114 177
114 183
114 186
114 187
114 189
114 191
114 194
114 199
115 119
115 121
115 122
115 124
115 131
115 136
115 143
115 145
115 167
115 171
115 176
115 180
115 187
115 192
116 119
116 120
116 123
116 124
116 134
116 135
116 141
116 143
116 146
116 150
116 151
116 154
116 164
116 165
116 166
116 169
116 175
116 196
117 122
117 123
117 124
117 127
117 130
117 133
117 137
117 140
117 141
117 147
117 155
117 160
117 161
117 163
117 173
117 175
117 176
117 177
117 178
117 184
117 186
117 187
117 194
118 120
118 121
118 125
118 132
118 137
118 151
118 152
118 164
118 167
118 172
118 176
118 179
118 184
118 186
118 187
118 189
118 190
118 193
119 136
119 139
119 143
119 145
119 158
119 161
119 167
119 173
119 180
119 187
119 190
119 196
119 198
120 141
120 143
120 154
120 168
120 171
120 179
120 182
120 183
120 188
121 122
121 127
121 128
121 131
121 136
121 143
121 149
121 152
121 154
121 156
121 166
121 167
121 178
121 179
121 189
121 192
121 196
122 124
122 132
122 134
122 135
122 137
122 148
122 150
122 157
122 158
122 160
122 161
122 162
122 168
122 171
122 172
122 174
122 175
122 177
122 181
122 185
122 189
123 129
123 132
123 136
123 149
123 151
123 152
123 161
123 168
123 171
123 174
123 182
124 125
124 132
124 134
124 139
124 145
124 146
124 149
124 154
124 156
124 157
124 164
124 172
124 175
124 177
124 179
124 180
124 183
124 192
124 194
124 195
125 127
125 128
125 130
125 144
125 161
125 165
125 166
125 181
125 184
125 188
125 189
125 195
125 196
126 127
126 131
126 135
126 138
126 139
126 142
126 143
126 144
126 155
126 165
126 167
126 174
126 176
126 178
126 179
126 182
126 190
126 191
126 194
126 195
127 133
127 146
127 155
127 159
127 161
127 162
127 193
127 199
128 153
128 160
128 163
128 164
128 168
128 169
128 175
128 176
128 184
128 191
128 195
128 199
129 141
129 142
129 154
129 163
129 166
129 167
129 168
129 174
129 180
129 188
129 193
129 197
129 198
130 135
130 139
130 145
130 146
130 159
130 162
130 170
130 173
130 181
130 186
130 190
131 132
131 140
131 151
131 154
131 167
131 171
131 172
131 179
131 184
131 190
131 192
131 194
131 198
132 139
132 153
132 156
132 158
132 160
132 168
132 172
132 174
132 175
132 176
132 184
132 190
133 135
133 142
133 143
133 145
133 157
133 170
133 174
133 177
133 181
133 183
133 184
133 186
133 187
133 191
133 193
133 196
133 197
134 135
134 136
134 141
134 149
134 151
134 156
134 157
134 163
134 168
134 171
134 175
134 183
134 187
134 188
134 191
134 192
135 140
135 143
135 146
135 151
135 156
135 158
135 164
135 169
135 180
135 184
135 190
135 191
135 193
136 137
136 145
136 148
136 161
136 169
136 172
136 173
136 178
136 183
136 186
136 188
136 189
136 192
136 195
136 197
137 145
137 155
137 157
137 160
137 172
137 174
137 184
137 185
137 189
137 190
137 191
137 192
137 193
137 198
137 199
138 141
138 142
138 143
138 146
138 150
138 155
138 160
138 167
138 177
138 179
138 181
138 182
138 184
138 194
138 197
139 163
139 171
139 177
139 185
139 187
139 196
140 147
140 148
140 150
140 154
140 162
140 164
140 166
140 176
140 178
140 190
140 191
140 193
140 199
141 145
141 151
141 160
141 161
141 175
141 179
141 184
141 187
141 188
141 189
141 192
141 196
141 199
142 147
142 157
142 160
142 161
142 162
142 175
142 180
143 146
143 148
143 149
143 153
143 154
143 162
143 165
143 173
143 177
143 182
143 189
143 195
144 148
144 150
144 167
144 171
144 175
144 183
144 199
145 149
145 154
145 163
145 165
145 173
145 175
145 180
145 181
145 190
145 193
146 152
146 164
146 167
146 182
146 183
146 185
146 193
146 198
147 150
147 160
147 162
147 167
147 170
147 171
147 180
148 160
148 164
148 168
148 171
148 178
148 184
148 194
148 195
149 155
149 157
149 165
149 171
149 179
149 182
149 183
149 184
149 188
149 190
149 196
149 199
150 159
150 168
150 175
150 183
150 187
150 188
150 189
150 195
151 180
151 182
152 158
152 160
152 174
152 196
153 156
153 164
153 171
153 178
153 180
153 182
153 184
153 191
153 195
153 198
154 165
154 170
154 175
154 186
154 198
155 159
155 163
155 177
155 186
155 192
155 194
156 167
156 169
156 172
156 173
156 181
156 188
156 189
156 190
156 194
156 195
157 158
157 162
157 163
157 164
157 166
157 179
157 182
157 197
157 199
158 172
158 180
158 182
158 194
158 198
159 169
159 175
159 186
159 189
159 191
159 194
160 161
160 163
160 164
160 172
160 175
160 179
160 187
161 162
161 164
161 184
161 186
161 192
161 198
162 167
162 172
162 182
162 184
162 186
162 193
162 194
163 167
163 173
163 188
163 196
163 198
164 165
164 166
164 171
164 176
164 182
164 183
164 185
164 188
164 198
165 166
165 168
165 172
165 173
165 178
165 181
165 189
165 196
165 197
166 170
166 185
166 186
166 187
166 188
167 184
168 177
168 185
168 188
168 189
168 190
168 191
169 173
169 178
169 183
169 188
169 191
169 195
170 177
170 181
170 183
170 185
170 193
171 173
171 174
171 179
171 190
171 194
171 196
171 197
171 198
172 175
172 185
172 191
172 194
172 198
173 183
173 191
173 192
173 196
174 184
174 187
174 192
174 197
175 186
175 198
175 199
176 177
176 187
176 189
177 181
177 198
178 180
178 187
178 189
178 192
178 196
178 197
179 180
179 188
179 194
179 197
180 190
180 199
181 182
181 186
181 190
181 192
181 198
181 199
182 185
182 188
183 184
183 185
183 187
183 193
183 194
184 188
184 194
185 186
185 194
185 199
186 187
186 188
186 191
186 198
187 191
187 194
188 189
188 199
189 192
190 193
191 195
194 198
196 197

1 0 1 1 0 0 0 1 0 1 0 0 0 1 1 0 0 0 0 1 0 0 1 1 1 1 1 0 0 1 1 0 0 1 0 1 0 0 1 0 1 0 0 0 1 0 1 0 0 0 1 1 1 0 0 1 0 1 1 1 1 0 1 0 1 0 1 1 1 0 0 0 0 1 1 1 0 0 1 1 0 1 0 0 0 1 0 0 0 0 0 1 0 1 0 1 0 1 0 1 0 0 1 1 1 0 1 1 1 0 0 0 1 1 1 1 1 0 1 0 0 1 1 1 1 0 1 1 1 0 1 0 1 1 1 0 0 1 1 1 1 0 0 1 0 1 0 0 0 0 0 0 0 1 1 1 1 0 0 1 1 0 0 0 0 0 0 1 0 1 1 0 1 1 0 1 0 0 0 0 1 0 1 1 1 1 0 0 1 0 1 1 0 1 0 1 1 1 0 1