150 2251
0 1 2 3 4 5 6 7 8 9 10 11 12 13 14 15 16 17 18 19 20 21 22 23 24 25 26 27 28 29 30 31 32 33 34 35 36 37 38 39 40 41 42 43 44 45 46 47 48 49 50 51 52 53 54 55 56 57 58 59 60 61 62 63 64 65 66 67 68 69 70 71 72 73 74 75 76 77 78 79 80 81 82 83 84 85 86 87 88 89 90 91 92 93 94 95 96 97 98 99 100 101 102 103 104 105 106 107 108 109 110 111 112 113 114 115 116 117 118 119 120 121 122 123 124 125 126 127 128 129 130 131 132 133 134 135 136 137 138 139 140 141 142 143 144 145 146 147 148 149
0 3
0 6
0 7
0 19
0 21
0 23
0 24
0 31
0 36
0 38
0 43
0 47
0 48
0 51
0 55
0 60
0 68
0 72
0 76
0 82
0 83
0 87
0 88
0 89
0 95
0 107
0 108
0 115
0 117
0 126
0 134
0 136
0 137
0 139
0 143
0 145
0 148
1 5
1 21
1 29
1 31
1 38
1 39
1 42
1 52
1 57
1 60
1 62
1 64
1 75
1 96
1 98
1 114
1 123
1 135
1 136
1 137
1 140
1 147
1 148
2 6
2 27
2 41
2 46
2 53
2 56
2 57
2 60
2 64
2 66
2 71
2 74
2 76
2 81
2 84
2 96
2 102
2 120
2 128
2 146
3 11
3 21
3 25
3 27
3 30
3 34
3 41
3 49
3 52
3 54
3 59
3 64
3 65
3 73
3 75
3 82
3 86
3 93
3 99
3 110
3 115
3 117
3 118
3 121
3 122
3 128
3 138
4 6
4 14
4 18
4 22
4 23
4 24
4 25
4 30
4 35
4 38
4 43
4 45
4 47
4 50
4 54
4 55
4 56
4 63
4 65
4 71
4 78
4 80
4 85
4 92
4 94
4 105
4 107
4 108
4 112
4 115
4 118
4 124
4 132
4 144
4 148
5 9
5 11
5 18
5 20
5 24
5 39
5 40
5 47
5 48
5 50
5 53
5 55
5 56
5 61
5 75
5 78
5 80
5 81
5 83
5 89
5 90
5 98
5 100
5 102
5 106
5 113
5 120
5 123
5 127
5 129
5 131
5 132
5 134
5 135
5 137
5 142
6 11
6 12
6 13
6 15
6 16
6 22
6 25
6 27
6 29
6 32
6 35
6 37
6 45
6 49
6 53
6 56
6 61
6 62
6 73
6 79
6 84
6 85
6 96
6 101
6 107
6 118
6 120
6 123
6 136
6 137
6 139
7 8
7 15
7 17
7 22
7 33
7 42
7 46
7 63
7 67
7 69
7 70
7 86
7 88
7 94
7 95
7 98
7 99
7 106
7 109
7 117
7 119
7 124
7 127
7 132
7 137
8 11
8 12
8 13
8 17
8 20
8 25
8 29
8 32
8 33
8 37
8 52
8 61
8 66
8 69
8 72
8 79
8 88
8 89
8 90
8 98
8 108
8 110
8 117
8 118
8 126
8 130
8 136
8 138
8 139
8 140
8 148
9 12
9 15
9 16
9 28
9 32
9 38
9 42
9 46
9 47
9 51
9 52
9 55
9 59
9 65
9 74
9 78
9 83
9 88
9 95
9 97
9 100
9 101
9 106
9 109
9 110
9 111
9 113
9 115
9 135
9 139
9 140
10 13
10 22
10 24
10 29
10 37
10 38
10 51
10 52
10 54
10 57
10 60
10 62
10 65
10 76
10 82
10 89
10 93
10 108
10 114
10 115
10 117
10 123
10 125
10 126
10 128
10 137
10 138
11 12
11 15
11 21
11 27
11 30
11 39
11 44
11 47
11 58
11 62
11 63
11 74
11 76
11 77
11 87
11 101
11 109
11 118
11 123
11 128
11 129
11 131
11 144
11 145
11 147
12 17
12 20
12 24
12 25
12 26
12 31
12 33
12 43
12 44
12 52
12 64
12 75
12 78
12 83
12 86
12 88
12 91
12 97
12 111
12 119
12 122
12 125
12 133
12 138
12 139
12 140
13 27
13 37
13 42
13 43
13 48
13 50
13 63
13 66
13 69
13 70
13 72
13 73
13 75
13 78
13 83
13 108
13 109
13 120
13 128
13 130
13 138
13 142
13 144
13 147
14 19
14 23
14 24
14 26
14 29
14 30
14 31
14 32
14 33
14 34
14 35
14 42
14 43
14 45
14 48
14 50
14 52
14 58
14 65
14 66
14 74
14 78
14 82
14 84
14 90
14 91
14 97
14 100
14 104
14 105
14 108
14 122
14 123
14 131
14 137
14 141
14 147
15 16
15 22
15 23
15 24
15 27
15 28
15 29
15 31
15 36
15 37
15 42
15 43
15 44
15 62
15 64
15 69
15 83
15 84
15 93
15 96
15 98
15 101
15 103
15 112
15 121
15 122
15 125
15 127
15 128
15 134
15 137
15 139
16 19
16 22
16 23
16 24
16 34
16 40
16 43
16 48
16 56
16 61
16 66
16 68
16 79
16 82
16 85
16 91
16 92
16 116
16 118
16 127
16 131
16 136
16 137
16 144
17 18
17 20
17 21
17 28
17 37
17 41
17 42
17 44
17 45
17 59
17 67
17 75
17 78
17 80
17 84
17 98
17 99
17 105
17 117
17 118
17 120
17 125
17 129
17 136
17 139
17 140
17 143
17 145
17 146
17 149
18 19
18 25
18 27
18 37
18 38
18 41
18 52
18 56
18 58
18 66
18 76
18 78
18 82
18 90
18 94
18 98
18 99
18 101
18 104
18 106
18 108
18 111
18 117
18 121
18 124
18 128
18 131
18 144
19 20
19 31
19 34
19 41
19 45
19 46
19 48
19 50
19 67
19 71
19 75
19 79
19 86
19 96
19 97
19 99
19 101
19 103
19 115
19 117
19 128
19 129
19 138
20 26
20 27
20 28
20 34
20 39
20 44
20 57
20 59
20 69
20 75
20 77
20 94
20 96
20 103
20 111
20 118
20 134
20 135
20 140
20 144
20 145
20 147
20 149
21 24
21 32
21 38
21 41
21 42
21 48
21 54
21 55
21 56
21 57
21 64
21 65
21 72
21 74
21 75
21 100
21 108
21 110
21 116
21 125
21 131
21 136
21 137
21 138
21 148
22 24
22 27
22 44
22 48
22 56
22 57
22 60
22 64
22 65
22 79
22 80
22 81
22 82
22 85
22 90
22 105
22 107
22 114
22 122
22 128
22 133
22 134
22 135
22 138
22 140
22 142
22 144
22 148
22 149
23 25
23 29
23 31
23 36
23 38
23 49
23 53
23 60
23 61
23 66
23 78
23 79
23 80
23 81
23 82
23 93
23 94
23 99
23 117
23 121
23 140
23 144
23 146
24 30
24 32
24 33
24 34
24 35
24 36
24 38
24 43
24 52
24 67
24 71
24 72
24 75
24 77
24 87
24 91
24 92
24 93
24 96
24 110
24 111
24 113
24 116
24 120
24 123
24 125
24 132
24 142
24 147
25 31
25 49
25 56
25 73
25 78
25 81
25 83
25 88
25 92
25 96
25 101
25 110
25 111
25 115
25 119
25 122
25 134
25 147
26 28
26 36
26 38
26 40
26 42
26 43
26 56
26 59
26 62
26 78
26 105
26 109
26 110
26 113
26 129
26 133
26 140
26 143
27 34
27 38
27 39
27 41
27 42
27 44
27 56
27 57
27 61
27 62
27 68
27 73
27 75
27 79
27 91
27 96
27 108
27 111
27 113
27 119
27 124
27 126
27 128
27 137
27 141
27 145
28 36
28 42
28 44
28 48
28 59
28 60
28 69
28 71
28 74
28 80
28 83
28 87
28 92
28 103
28 105
28 108
28 117
28 131
28 134
28 135
28 139
28 143
28 144
28 146
29 37
29 44
29 50
29 51
29 54
29 55
29 60
29 62
29 70
29 72
29 78
29 79
29 85
29 94
29 100
29 102
29 108
29 114
29 117
29 118
29 121
29 122
29 127
29 128
29 129
29 134
29 144
30 33
30 36
30 44
30 49
30 52
30 66
30 75
30 78
30 86
30 89
30 90
30 96
30 99
30 102
30 103
30 108
30 112
30 121
30 123
30 127
30 131
30 132
30 134
30 147
31 39
31 41
31 50
31 54
31 60
31 61
31 73
31 77
31 80
31 81
31 89
31 95
31 96
31 97
31 114
31 118
31 121
31 123
31 128
31 144
32 38
32 44
32 45
32 46
32 47
32 52
32 57
32 62
32 63
32 66
32 67
32 70
32 72
32 78
32 79
32 85
32 88
32 91
32 95
32 96
32 97
32 98
32 103
32 109
32 116
32 117
32 122
32 127
32 141
32 142
32 144
33 34
33 37
33 44
33 48
33 49
33 55
33 57
33 61
33 77
33 78
33 86
33 93
33 95
33 108
33 113
33 130
33 131
33 146
33 149
34 40
34 42
34 44
34 46
34 56
34 57
34 60
34 62
34 68
34 69
34 74
34 77
34 83
34 84
34 92
34 102
34 116
34 124
34 127
34 132
34 140
34 145
35 36
35 39
35 48
35 49
35 53
35 60
35 64
35 68
35 73
35 75
35 76
35 77
35 78
35 82
35 83
35 90
35 96
35 108
35 113
35 125
35 126
35 132
35 134
35 141
35 144
35 145
35 149
36 39
36 49
36 51
36 54
36 60
36 68
36 71
36 82
36 89
36 90
36 95
36 98
36 106
36 114
36 130
36 131
36 132
36 135
36 141
36 145
36 148
37 47
37 48
37 51
37 54
37 59
37 66
37 67
37 95
37 96
37 101
37 111
37 112
37 113
37 114
37 119
37 120
37 129
37 131
37 144
37 146
38 45
38 47
38 53
38 56
38 57
38 63
38 64
38 65
38 78
38 79
38 80
38 82
38 83
38 84
38 86
38 94
38 99
38 101
38 113
38 115
38 118
38 123
38 125
38 130
38 135
38 141
39 40
39 45
39 49
39 54
39 56
39 61
39 67
39 74
39 78
39 83
39 93
39 95
39 103
39 110
39 125
39 126
39 132
39 135
39 145
40 55
40 58
40 59
40 61
40 62
40 74
40 77
40 79
40 85
40 86
40 94
40 98
40 104
40 109
40 116
40 126
40 132
40 138
41 42
41 52
41 55
41 60
41 65
41 84
41 85
41 89
41 91
41 92
41 99
41 101
41 104
41 106
41 118
41 120
41 122
41 127
41 132
41 136
42 44
42 45
42 47
42 49
42 56
42 57
42 64
42 65
42 70
42 73
42 96
42 102
42 107
42 116
42 123
42 126
42 131
42 148
43 44
43 48
43 57
43 64
43 68
43 72
43 73
43 79
43 83
43 84
43 86
43 87
43 92
43 98
43 115
43 120
43 128
44 48
44 52
44 55
44 58
44 64
44 66
44 75
44 77
44 83
44 93
44 96
44 99
44 108
44 122
44 130
44 139
44 141
44 143
44 149
45 50
45 52
45 54
45 57
45 62
45 66
45 71
45 73
45 74
45 75
45 78
45 84
45 86
45 87
45 92
45 95
45 98
45 99
45 101
45 105
45 107
45 114
45 116
45 125
45 128
45 133
45 134
45 137
45 138
45 140
45 144
45 145
46 50
46 52
46 53
46 56
46 57
46 66
46 73
46 77
46 79
46 81
46 82
46 88
46 93
46 95
46 103
46 108
46 114
46 115
46 130
46 131
46 135
46 138
46 144
46 145
47 60
47 65
47 66
47 68
47 70
47 71
47 72
47 75
47 80
47 85
47 94
47 100
47 108
47 119
47 125
47 126
47 133
47 145
47 146
47 149
48 49
48 53
48 56
48 63
48 67
48 71
48 73
48 78
48 86
48 90
48 92
48 94
48 107
48 108
48 113
48 119
48 125
48 133
48 138
48 147
49 51
49 53
49 54
49 55
49 58
49 59
49 66
49 68
49 69
49 73
49 76
49 77
49 79
49 87
49 89
49 93
49 96
49 99
49 103
49 104
49 109
49 110
49 127
49 129
50 56
50 60
50 66
50 80
50 82
50 83
50 84
50 86
50 102
50 108
50 117
50 138
50 139
50 145
50 146
50 147
50 148
50 149
51 57
51 59
51 61
51 62
51 63
51 77
51 83
51 86
51 95
51 110
51 121
51 125
51 127
51 131
51 135
51 141
51 144
52 59
52 61
52 71
52 72
52 80
52 83
52 91
52 96
52 97
52 106
52 113
52 115
52 118
52 130
52 137
52 139
52 144
53 55
53 57
53 63
53 64
53 67
53 71
53 75
53 83
53 84
53 91
53 94
53 101
53 114
53 117
53 122
53 141
53 145
53 146
54 55
54 58
54 61
54 62
54 70
54 71
54 74
54 76
54 80
54 86
54 98
54 103
54 108
54 110
54 114
54 118
54 129
54 133
55 57
55 59
55 67
55 68
55 75
55 88
55 89
55 92
55 94
55 98
55 99
55 102
55 103
55 106
55 133
55 138
56 60
56 63
56 67
56 70
56 71
56 75
56 77
56 81
56 85
56 94
56 96
56 104
56 113
56 116
56 117
56 120
56 121
56 122
56 132
56 142
56 145
56 146
56 147
57 60
57 64
57 72
57 73
57 80
57 86
57 95
57 110
57 116
57 125
57 128
57 142
58 60
58 62
58 71
58 81
58 85
58 86
58 87
58 88
58 96
58 98
58 101
58 105
58 116
58 118
58 122
58 124
58 126
58 135
58 137
58 145
58 149
59 66
59 67
59 69
59 72
59 74
59 77
59 80
59 85
59 86
59 91
59 93
59 103
59 105
59 109
59 120
59 123
59 131
59 134
59 139
59 143
59 144
59 149
60 63
60 67
60 68
60 72
60 80
60 85
60 95
60 97
60 122
60 126
60 129
60 132
60 139
60 148
60 149
61 64
61 73
61 75
61 76
61 79
61 80
61 84
61 85
61 92
61 96
61 99
61 101
61 103
61 104
61 111
61 116
61 118
61 120
61 123
61 130
61 131
61 133
61 139
61 141
61 147
62 67
62 68
62 75
62 85
62 92
62 102
62 104
62 115
62 123
62 124
62 125
62 126
62 130
62 131
62 135
62 145
63 82
63 83
63 84
63 85
63 111
63 114
63 116
63 123
63 125
63 130
63 138
63 141
63 145
64 77
64 78
64 79
64 88
64 90
64 92
64 96
64 110
64 111
64 113
64 126
64 130
65 72
65 74
65 75
65 85
65 90
65 91
65 96
65 99
65 105
65 109
65 110
65 113
65 117
65 120
65 123
65 125
65 131
65 135
65 136
65 143
65 146
66 68
66 70
66 72
66 79
66 81
66 91
66 95
66 96
66 101
66 128
66 130
66 132
66 139
66 140
66 141
67 73
67 74
67 76
67 81
67 86
67 92
67 98
67 99
67 108
67 112
67 125
67 129
67 140
67 144
67 145
67 146
67 149
68 76
68 78
68 83
68 86
68 89
68 90
68 99
68 102
68 106
68 109
68 118
68 134
68 136
68 137
68 138
68 140
68 141
68 144
68 147
68 149
69 70
69 76
69 81
69 87
69 89
69 93
69 98
69 100
69 104
69 105
69 106
69 110
69 120
69 125
69 126
69 131
69 138
69 147
70 82
70 93
70 94
70 95
70 97
70 99
70 100
70 116
70 122
70 125
70 133
70 134
70 149
71 77
71 78
71 85
71 90
71 97
71 108
71 110
71 112
71 115
71 117
71 120
71 121
71 133
71 135
71 141
71 143
72 75
72 80
72 97
72 100
72 101
72 103
72 110
72 111
72 112
72 115
72 123
72 127
72 128
72 130
72 132
72 138
72 147
73 76
73 79
73 80
73 83
73 85
73 87
73 94
73 104
73 106
73 109
73 110
73 112
73 114
73 117
73 119
73 123
73 127
73 133
74 78
74 79
74 88
74 89
74 90
74 94
74 99
74 108
74 113
74 118
74 119
74 120
74 121
74 124
74 140
74 141
75 79
75 81
75 82
75 87
75 94
75 97
75 99
75 110
75 112
75 122
75 123
75 132
75 136
75 144
76 87
76 89
76 95
76 97
76 99
76 114
76 128
76 131
76 136
76 142
76 147
76 149
77 83
77 87
77 89
77 95
77 97
77 98
77 105
77 106
77 107
77 109
77 126
77 133
77 137
77 149
78 88
78 89
78 98
78 108
78 110
78 113
78 119
78 123
78 125
78 130
78 137
78 138
79 94
79 100
79 103
79 106
79 107
79 109
79 112
79 113
79 115
79 125
79 143
79 148
79 149
80 85
80 87
80 91
80 105
80 112
80 113
80 114
80 116
80 117
80 118
80 120
80 122
80 123
80 137
80 149
81 89
81 92
81 93
81 96
81 100
81 105
81 111
81 122
81 123
81 124
81 129
81 130
81 131
81 149
82 83
82 84
82 86
82 89
82 98
82 102
82 104
82 105
82 106
82 112
82 113
82 115
82 116
82 122
82 126
82 131
82 145
82 147
82 148
83 84
83 89
83 96
83 97
83 98
83 105
83 119
83 121
83 123
83 126
83 136
83 138
83 147
83 149
84 91
84 93
84 96
84 102
84 122
84 123
84 125
84 134
84 135
84 145
85 88
85 91
85 95
85 99
85 103
85 104
85 106
85 112
85 113
85 120
85 126
85 133
85 135
85 143
85 144
85 146
86 95
86 100
86 106
86 121
86 127
86 130
86 133
86 134
87 88
87 90
87 91
87 96
87 102
87 105
87 106
87 108
87 110
87 111
87 118
87 123
87 128
87 134
87 138
87 139
87 144
87 146
87 148
88 90
88 92
88 93
88 94
88 100
88 102
88 105
88 107
88 110
88 119
88 122
88 129
88 133
88 135
88 139
88 144
88 145
88 147
88 148
88 149
89 91
89 99
89 107
89 113
89 115
89 118
89 119
89 128
89 133
89 138
90 92
90 95
90 100
90 101
90 109
90 116
90 117
90 127
90 131
90 137
90 141
91 95
91 101
91 105
91 110
91 111
91 112
91 123
91 129
91 132
91 134
91 136
91 137
91 146
92 95
92 96
92 100
92 109
92 113
92 120
92 122
92 128
92 129
92 140
93 94
93 96
93 98
93 104
93 111
93 124
93 126
93 129
93 132
93 134
93 135
93 138
94 95
94 99
94 101
94 103
94 115
94 124
94 129
94 136
94 140
94 145
95 96
95 97
95 103
95 105
95 107
95 108
95 114
95 118
95 120
95 122
95 126
95 127
95 132
95 136
95 137
95 141
95 144
96 103
96 114
96 115
96 122
96 141
96 142
96 149
97 99
97 103
97 105
97 110
97 120
97 121
97 145
98 99
98 100
98 101
98 104
98 105
98 112
98 116
98 117
98 119
98 120
98 123
98 138
98 140
98 148
98 149
99 103
99 104
99 107
99 109
99 122
99 126
99 130
99 133
99 139
99 144
100 108
100 109
100 113
100 120
100 121
100 125
100 133
100 137
100 149
101 102
101 105
101 107
101 127
101 142
101 146
101 148
102 105
102 108
102 114
102 118
102 122
102 123
102 127
102 128
102 130
102 141
103 119
103 124
103 125
103 137
103 138
103 142
103 145
103 148
104 106
104 117
104 119
104 123
104 135
104 137
104 145
104 147
105 108
105 111
105 117
105 127
105 129
105 130
105 134
105 137
105 138
105 144
106 108
106 109
106 116
106 121
106 130
106 138
106 139
106 149
107 112
107 114
107 122
107 126
107 134
107 139
107 140
107 142
107 143
108 111
108 112
108 114
108 123
108 133
108 140
108 147
109 118
109 122
109 124
109 126
109 128
109 129
109 130
109 131
109 133
109 140
109 147
110 118
110 121
110 124
110 125
110 133
110 136
110 142
110 149
111 112
111 114
111 118
111 119
111 121
111 147
111 148
112 114
112 115
112 121
112 123
112 129
112 131
112 132
112 133
112 139
112 144
113 121
113 126
113 129
113 131
113 137
113 139
113 145
114 120
114 128
114 129
114 132
114 142
114 146
115 116
115 121
115 123
115 129
115 138
115 144
115 145
116 117
116 120
116 126
116 128
116 139
116 140
116 142
116 147
117 119
117 120
117 126
117 129
117 135
117 138
117 144
118 120
118 140
118 142
118 144
118 148
119 120
119 123
119 128
119 130
119 132
119 141
119 143
119 144
119 145
120 124
120 127
120 130
120 131
120 144
121 122
121 124
121 125
121 135
121 140
121 142
122 133
122 137
122 142
123 126
123 129
123 134
123 135
124 134
124 135
124 136
124 142
124 144
124 146
124 147
125 127
125 129
125 130
125 131
125 134
125 135
125 136
125 137
126 127
126 145
126 147
126 148
127 128
127 140
127 146
127 147
128 130
128 132
128 139
128 142
128 148
129 130
129 132
129 133
129 134
129 136
129 139
129 145
129 149
130 144
130 149
131 142
131 144
131 148
133 138
133 147
134 139
134 140
134 143
136 141
136 147
137 140
137 142
137 146
137 149
138 145
139 143
139 148
141 147
141 149
142 143
142 144
145 148
148 149

1 0 1 1 0 0 0 0 1 1 1 0 0 0 0 1 0 0 1 1 0 1 0 1 0 0 1 0 0 1 0 0 1 1 1 1 0 1 1 0 1 0 1 1 1 1 0 0 1 1 1 0 1 0 0 1 0 1 1 1 0 1 1 1 1 1 1 1 0 0 0 0 0 1 0 1 1 1 1 1 0 1 1 0 1 0 1 0 0 1 1 1 1 1 1 1 0 1 0 0 0 0 1 0 0 0 0 1 0 1 0 1 1 0 0 0 1 0 1 1 1 0 1 1 1 0 0 1 0 0 0 0 1 0 0 1 0 0 0 0 1 0 0 0 0 0 1 0 1 0