200 975
0 1 2 3 4 5 6 7 8 9 10 11 12 13 14 15 16 17 18 19 20 21 22 23 24 25 26 27 28 29 30 31 32 33 34 35 36 37 38 39 40 41 42 43 44 45 46 47 48 49 50 51 52 53 54 55 56 57 58 59 60 61 62 63 64 65 66 67 68 69 70 71 72 73 74 75 76 77 78 79 80 81 82 83 84 85 86 87 88 89 90 91 92 93 94 95 96 97 98 99 100 101 102 103 104 105 106 107 108 109 110 111 112 113 114 115 116 117 118 119 120 121 122 123 124 125 126 127 128 129 130 131 132 133 134 135 136 137 138 139 140 141 142 143 144 145 146 147 148 149 150 151 152 153 154 155 156 157 158 159 160 161 162 163 164 165 166 167 168 169 170 171 172 173 174 175 176 177 178 179 180 181 182 183 184 185 186 187 188 189 190 191 192 193 194 195 196 197 198 199
0 2
0 38
0 71
0 121
0 143
0 151
0 171
1 7
1 31
1 35
1 36
1 65
1 77
1 82
1 104
1 105
1 107
1 112
1 145
1 157
1 196
2 25
2 29
2 129
2 136
3 6
3 9
3 30
3 66
3 162
3 168
3 193
4 11
4 14
4 60
4 61
4 89
4 118
4 148
4 157
4 163
4 184
5 74
5 78
5 85
5 99
5 119
5 126
5 130
5 137
5 149
5 193
5 194
6 30
6 55
6 77
6 95
6 100
6 141
6 177
6 185
6 186
7 38
7 43
7 50
7 90
7 94
7 186
8 10
8 18
8 23
8 57
8 63
8 64
8 130
8 139
8 145
8 153
9 28
9 40
9 44
9 143
9 145
10 15
10 63
10 89
10 108
10 153
10 164
10 176
11 13
11 42
11 44
11 60
11 72
11 94
11 111
11 157
11 158
11 164
11 182
12 54
12 76
12 77
12 104
12 120
12 126
12 148
12 188
13 27
13 45
13 77
13 114
13 152
14 28
14 34
14 37
14 69
14 70
14 71
14 83
14 88
14 89
14 102
14 106
14 109
14 113
14 116
14 144
14 148
14 154
15 30
15 35
15 41
15 60
15 93
15 150
15 191
16 18
16 29
16 35
16 48
16 72
16 77
16 90
16 142
16 156
16 159
16 160
17 23
17 55
17 57
17 61
17 116
17 126
17 138
17 150
17 154
17 160
17 171
17 184
18 89
18 116
18 123
18 125
18 138
18 139
18 156
18 162
19 40
19 42
19 47
19 54
19 58
19 79
19 89
19 104
19 117
19 157
19 184
19 194
19 199
20 36
20 45
20 55
20 88
20 89
20 115
20 136
20 143
20 161
20 163
20 172
20 197
21 25
21 49
21 65
21 73
21 147
21 181
22 41
22 65
22 95
22 100
22 196
23 93
23 124
23 138
23 171
23 185
23 188
24 46
24 54
24 80
24 103
24 106
24 119
24 137
24 140
24 152
24 166
24 173
25 69
25 102
25 120
25 127
25 152
25 180
25 185
26 58
26 85
26 90
26 95
26 104
26 115
26 148
26 158
26 164
26 175
26 186
26 196
27 71
27 100
27 141
27 150
27 153
27 179
27 185
27 189
28 49
28 73
28 76
28 111
28 116
28 133
28 182
29 71
29 73
29 84
29 112
29 143
30 62
30 79
30 89
30 92
30 122
30 125
31 63
31 66
31 108
31 124
31 125
31 131
31 138
31 154
32 67
32 109
32 113
32 149
32 165
32 167
33 36
33 54
33 56
33 60
33 69
33 70
33 126
33 148
33 168
33 177
34 49
34 50
34 63
34 148
35 38
35 55
35 98
35 100
35 101
35 102
35 145
35 158
35 196
36 121
36 122
36 173
36 183
36 191
36 198
37 102
37 111
37 160
37 198
38 60
38 98
38 100
38 106
38 109
38 119
38 120
38 123
38 148
38 160
38 179
38 181
38 198
39 69
39 100
39 103
39 105
39 119
39 135
39 185
40 42
40 49
40 79
40 93
40 98
40 124
40 136
40 165
40 168
40 171
40 194
41 65
41 71
41 162
41 170
41 171
42 56
42 70
42 79
42 106
42 107
42 130
42 180
43 47
43 79
43 97
43 100
43 133
43 148
43 190
44 48
44 64
44 115
44 154
44 162
44 167
45 59
45 125
45 142
45 144
45 177
46 47
46 51
46 62
46 101
46 150
46 152
46 164
46 184
46 189
47 66
47 77
47 78
47 115
47 119
47 125
47 132
47 137
47 140
47 161
47 199
48 50
48 72
48 86
48 120
48 123
48 149
48 175
48 193
49 71
49 93
49 99
49 170
49 171
49 179
49 187
50 70
50 90
50 104
50 118
50 123
50 124
50 132
50 156
50 167
51 53
51 62
51 98
51 107
51 113
51 165
51 169
52 98
52 109
52 113
52 154
52 183
53 80
53 91
53 132
53 178
53 184
53 189
53 193
53 195
54 70
54 86
54 110
54 117
54 182
54 184
55 64
55 82
55 125
55 126
55 131
55 132
55 146
56 58
56 63
56 76
56 111
56 120
56 134
56 139
56 171
57 83
57 84
57 95
57 100
57 108
57 110
57 112
57 124
57 125
57 144
57 148
57 152
57 186
58 70
58 76
58 84
58 87
58 111
58 114
58 134
58 143
58 166
58 185
59 88
59 129
59 141
59 156
59 189
59 198
59 199
60 89
60 102
60 128
60 133
60 147
60 155
60 160
60 161
60 183
60 185
60 191
61 71
61 72
61 95
61 105
61 136
61 153
61 168
61 193
62 79
62 89
62 99
62 132
62 140
62 143
62 147
62 174
63 91
63 107
63 121
63 125
63 126
63 127
63 131
63 140
63 152
63 154
63 188
63 193
64 70
64 89
64 90
64 92
64 107
64 111
64 176
64 198
65 72
65 102
65 132
65 178
66 68
66 77
66 83
66 89
66 132
66 134
66 155
66 162
66 177
66 184
67 72
67 93
67 114
67 115
67 116
67 148
67 155
67 165
67 175
67 176
67 181
67 197
67 198
68 79
68 112
68 133
68 147
68 177
68 179
68 190
69 79
69 94
69 99
69 116
69 137
69 170
69 197
70 74
70 90
70 97
70 117
70 132
71 72
71 76
71 85
71 98
71 143
71 152
71 169
71 189
72 78
72 100
72 109
72 114
72 137
72 144
72 148
72 178
72 191
73 77
73 99
73 121
73 177
74 100
74 125
75 76
75 90
75 103
75 131
75 156
75 160
75 174
75 176
75 191
75 194
76 101
76 103
76 106
76 122
76 171
76 174
76 179
76 188
77 80
77 94
77 101
77 130
77 153
77 156
77 157
78 80
78 89
78 114
78 131
78 134
78 173
78 178
79 96
79 107
79 145
79 185
79 193
80 102
80 112
80 130
80 193
81 86
81 118
81 129
81 137
81 185
82 95
82 115
82 119
82 125
82 126
82 133
82 150
82 158
82 179
82 180
82 187
82 194
83 88
83 95
83 118
83 119
83 128
83 144
83 145
83 156
83 184
84 124
84 127
85 91
85 124
85 163
85 189
86 106
86 129
86 166
86 170
86 198
87 94
87 105
87 113
87 178
88 158
88 161
88 173
88 190
88 191
89 102
89 150
89 159
89 164
89 165
90 135
90 143
90 184
91 97
91 121
91 136
91 143
91 152
91 177
91 178
92 111
92 147
92 173
93 104
93 125
93 164
93 176
93 191
94 98
94 106
94 183
94 186
95 109
95 152
96 101
96 151
96 186
97 99
97 155
97 168
97 176
97 187
97 191
98 122
98 148
98 156
98 178
98 193
99 102
99 133
99 141
99 146
99 156
99 170
99 188
100 103
100 130
100 157
100 161
100 176
100 183
101 129
101 154
102 113
102 137
102 150
103 115
103 117
103 147
103 178
104 153
104 162
105 112
105 117
105 122
105 170
105 172
105 175
105 194
106 110
106 116
106 133
106 139
106 153
106 155
107 127
107 134
107 137
107 166
108 173
109 137
110 119
110 125
110 152
110 153
110 166
110 182
111 133
111 163
111 164
111 191
112 115
112 126
112 148
112 153
112 160
112 183
113 138
113 149
113 152
113 176
114 131
114 134
114 144
114 181
115 140
115 152
115 156
115 170
116 128
116 131
116 171
116 178
116 184
117 158
117 164
117 193
118 123
118 151
119 151
119 157
119 195
120 125
120 152
120 171
120 181
120 185
120 196
120 198
121 159
121 180
122 123
122 176
123 124
123 145
123 190
124 125
124 152
124 158
124 163
124 180
125 182
126 129
126 162
126 166
126 172
126 182
126 195
127 145
127 158
127 163
127 185
127 186
127 196
128 147
128 167
128 177
128 189
128 190
128 192
128 193
128 196
129 160
130 171
130 186
130 195
130 196
130 197
131 141
131 156
131 167
131 178
132 162
133 158
133 189
134 158
134 199
135 169
135 190
135 194
135 197
136 172
136 185
136 190
137 138
137 142
137 169
137 171
137 175
137 177
137 179
138 163
138 172
138 195
140 161
140 196
140 198
141 159
141 166
141 167
142 158
143 157
143 164
143 169
143 177
143 189
144 162
144 172
145 164
145 188
145 196
146 167
146 180
146 181
146 183
147 157
149 154
149 157
149 160
149 173
149 196
150 155
150 160
150 172
150 175
151 183
151 188
152 170
152 176
154 163
154 180
154 183
154 192
154 198
155 156
155 169
156 166
156 171
158 176
158 190
159 162
160 168
161 170
161 180
162 183
162 186
163 165
163 182
164 177
165 181
165 183
165 185
166 177
166 182
167 174
167 199
170 189
170 191
175 199
176 180
177 179
177 185
177 186
178 182
179 198
180 184
180 189
181 189
182 193
183 188
183 193
186 199
187 199
190 193
190 196
191 198
194 196

0 1 0 1 0 0 0 0 1 0 1 0 1 1 1 0 0 0 0 0 1 0 0 1 1 1 0 0 0 0 1 0 0 0 0 1 1 0 0 1 1 0 0 0 1 0 1 0 0 0 0 1 0 0 1 0 0 0 0 1 0 1 1 0 0 1 1 0 0 0 0 1 0 1 0 0 1 1 0 0 1 1 1 0 0 1 0 1 1 0 1 1 0 0 0 0 1 0 1 1 0 0 1 1 0 0 1 1 1 0 1 1 1 1 1 1 1 0 1 1 1 0 1 0 1 1 1 1 0 1 0 0 1 1 0 0 0 0 1 1 0 1 0 1 0 1 0 1 1 1 1 0 1 0 1 1 0 1 1 1 1 0 1 1 0 1 1 1 1 0 1 0 1 1 0 0 0 0 0 1 1 1 1 0 0 0 1 0 0 0 0 1 1 0 1 1 0 1 1 1