200 4004
0 1 2 3 4 5 6 7 8 9 10 11 12 13 14 15 16 17 18 19 20 21 22 23 24 25 26 27 28 29 30 31 32 33 34 35 36 37 38 39 40 41 42 43 44 45 46 47 48 49 50 51 52 53 54 55 56 57 58 59 60 61 62 63 64 65 66 67 68 69 70 71 72 73 74 75 76 77 78 79 80 81 82 83 84 85 86 87 88 89 90 91 92 93 94 95 96 97 98 99 100 101 102 103 104 105 106 107 108 109 110 111 112 113 114 115 116 117 118 119 120 121 122 123 124 125 126 127 128 129 130 131 132 133 134 135 136 137 138 139 140 141 142 143 144 145 146 147 148 149 150 151 152 153 154 155 156 157 158 159 160 161 162 163 164 165 166 167 168 169 170 171 172 173 174 175 176 177 178 179 180 181 182 183 184 185 186 187 188 189 190 191 192 193 194 195 196 197 198 199
0 7
0 24
0 29
0 35
0 48
0 53
0 58
0 61
0 65
0 83
0 91
0 95
0 98
0 99
0 102
0 105
0 110
0 113
0 121
0 122
0 129
0 131
0 139
0 140
0 143
0 145
0 147
0 156
0 164
0 168
0 172
0 179
0 180
0 181
0 198
1 2
1 3
1 5
1 14
1 28
1 37
1 40
1 43
1 47
1 53
1 56
1 60
1 61
1 65
1 66
1 75
1 80
1 81
1 96
1 101
1 103
1 109
1 118
1 138
1 146
1 149
1 165
1 167
1 171
1 173
1 175
1 179
1 182
1 185
1 197
2 5
2 8
2 17
2 27
2 31
2 33
2 34
2 40
2 48
2 53
2 57
2 60
2 65
2 76
2 78
2 81
2 82
2 86
2 94
2 96
2 98
2 102
2 108
2 114
2 115
2 124
2 126
2 134
2 135
2 140
2 145
2 149
2 150
2 152
2 157
2 163
2 164
2 172
2 179
2 184
2 186
2 187
2 189
2 193
2 195
2 196
3 9
3 10
3 18
3 24
3 35
3 36
3 37
3 42
3 43
3 48
3 49
3 53
3 56
3 58
3 59
3 63
3 71
3 81
3 83
3 85
3 90
3 98
3 102
3 103
3 106
3 113
3 114
3 118
3 121
3 122
3 127
3 130
3 137
3 143
3 150
3 157
3 164
3 166
3 167
3 178
3 186
3 190
3 191
3 192
3 193
3 196
4 5
4 7
4 10
4 16
4 18
4 25
4 26
4 27
4 31
4 33
4 38
4 39
4 52
4 55
4 57
4 58
4 59
4 63
4 70
4 77
4 78
4 80
4 83
4 84
4 99
4 100
4 102
4 103
4 104
4 106
4 109
4 111
4 113
4 116
4 117
4 119
4 125
4 150
4 163
4 165
4 167
4 171
4 172
4 175
4 186
4 189
4 191
4 195
4 197
5 8
5 17
5 22
5 23
5 26
5 28
5 41
5 45
5 51
5 59
5 61
5 68
5 74
5 76
5 77
5 85
5 89
5 96
5 102
5 106
5 109
5 111
5 115
5 123
5 130
5 137
5 143
5 148
5 150
5 153
5 154
5 155
5 158
5 159
5 163
5 165
5 170
5 173
5 180
5 186
6 12
6 14
6 20
6 25
6 28
6 44
6 46
6 50
6 51
6 54
6 57
6 61
6 63
6 72
6 74
6 75
6 81
6 82
6 87
6 94
6 95
6 102
6 103
6 105
6 107
6 114
6 117
6 129
6 134
6 138
6 139
6 145
6 149
6 165
6 169
6 171
6 177
6 182
6 183
6 197
7 10
7 11
7 23
7 25
7 39
7 41
7 49
7 55
7 58
7 60
7 68
7 69
7 83
7 89
7 91
7 117
7 120
7 129
7 130
7 139
7 140
7 143
7 156
7 162
7 163
7 165
7 167
7 168
7 172
7 177
7 180
7 184
7 187
7 194
8 18
8 34
8 37
8 42
8 59
8 61
8 63
8 65
8 76
8 77
8 83
8 85
8 86
8 90
8 98
8 101
8 102
8 104
8 107
8 112
8 116
8 118
8 130
8 162
8 165
8 168
8 170
8 171
8 172
8 180
8 184
8 185
8 193
8 194
9 12
9 16
9 18
9 23
9 25
9 28
9 30
9 32
9 37
9 41
9 47
9 53
9 56
9 62
9 69
9 73
9 78
9 80
9 83
9 85
9 86
9 89
9 95
9 96
9 101
9 107
9 114
9 128
9 132
9 140
9 142
9 144
9 145
9 147
9 152
9 153
9 158
9 160
9 161
9 166
9 167
9 181
9 191
9 195
10 16
10 18
10 19
10 20
10 23
10 28
10 36
10 37
10 65
10 71
10 76
10 80
10 86
10 87
10 88
10 101
10 104
10 107
10 122
10 124
10 127
10 133
10 134
10 136
10 137
10 142
10 143
10 150
10 151
10 156
10 158
10 162
10 166
10 180
10 184
10 186
10 196
11 15
11 16
11 18
11 29
11 32
11 44
11 47
11 48
11 50
11 56
11 60
11 61
11 69
11 73
11 81
11 84
11 94
11 106
11 107
11 108
11 109
11 127
11 131
11 134
11 141
11 142
11 158
11 162
11 169
11 170
11 177
11 179
11 185
11 190
11 193
11 197
11 198
12 13
12 15
12 18
12 19
12 24
12 26
12 32
12 37
12 39
12 40
12 42
12 44
12 48
12 51
12 58
12 61
12 62
12 66
12 67
12 83
12 86
12 89
12 90
12 92
12 94
12 96
12 100
12 113
12 114
12 116
12 123
12 125
12 127
12 135
12 140
12 146
12 152
12 154
12 158
12 168
12 177
12 178
12 180
12 185
12 186
12 192
12 196
13 17
13 24
13 26
13 37
13 38
13 49
13 57
13 60
13 72
13 84
13 87
13 94
13 95
13 111
13 113
13 119
13 121
13 125
13 126
13 128
13 135
13 136
13 147
13 158
13 164
13 176
13 177
13 180
13 182
13 183
13 194
13 197
13 198
14 15
14 17
14 18
14 28
14 29
14 33
14 37
14 38
14 44
14 48
14 51
14 52
14 61
14 65
14 66
14 70
14 84
14 89
14 91
14 100
14 101
14 103
14 104
14 114
14 118
14 122
14 128
14 141
14 143
14 154
14 156
14 159
14 165
14 167
14 171
14 183
14 197
15 21
15 26
15 27
15 29
15 33
15 37
15 49
15 56
15 57
15 61
15 73
15 76
15 90
15 95
15 96
15 107
15 109
15 111
15 114
15 121
15 122
15 128
15 133
15 134
15 138
15 140
15 144
15 146
15 152
15 160
15 164
15 167
15 169
15 173
15 174
15 181
15 182
15 188
15 194
15 196
15 198
16 20
16 21
16 24
16 29
16 35
16 42
16 45
16 46
16 51
16 53
16 65
16 67
16 73
16 75
16 76
16 79
16 83
16 84
16 86
16 87
16 92
16 97
16 103
16 112
16 113
16 116
16 122
16 130
16 132
16 135
16 138
16 142
16 143
16 151
16 153
16 155
16 156
16 159
16 162
16 168
16 170
16 174
16 175
16 181
16 182
16 184
16 187
16 188
16 189
16 196
16 197
16 199
17 24
17 32
17 37
17 39
17 46
17 48
17 53
17 56
17 71
17 72
17 77
17 79
17 81
17 86
17 88
17 89
17 90
17 91
17 94
17 98
17 100
17 109
17 110
17 114
17 119
17 122
17 128
17 130
17 136
17 149
17 150
17 152
17 162
17 174
17 181
17 184
17 186
17 187
17 189
17 194
17 199
18 19
18 20
18 21
18 25
18 29
18 31
18 32
18 49
18 58
18 59
18 80
18 84
18 90
18 99
18 107
18 117
18 118
18 140
18 145
18 150
18 159
18 165
18 170
18 171
18 174
18 178
18 188
18 195
18 196
18 198
19 21
19 26
19 30
19 31
19 32
19 34
19 41
19 52
19 56
19 58
19 59
19 61
19 64
19 79
19 85
19 89
19 91
19 97
19 101
19 105
19 113
19 117
19 120
19 123
19 127
19 135
19 141
19 164
19 165
19 172
19 174
19 177
19 182
19 185
19 187
19 192
19 195
20 27
20 34
20 37
20 39
20 42
20 52
20 87
20 88
20 90
20 92
20 98
20 108
20 113
20 114
20 129
20 135
20 139
20 142
20 143
20 151
20 159
20 168
20 181
20 188
21 27
21 32
21 34
21 35
21 39
21 42
21 53
21 58
21 60
21 61
21 64
21 67
21 70
21 71
21 79
21 83
21 85
21 87
21 90
21 98
21 100
21 105
21 108
21 110
21 113
21 126
21 127
21 128
21 131
21 132
21 149
21 151
21 155
21 163
21 165
21 166
21 175
21 176
21 182
21 192
22 24
22 26
22 27
22 29
22 35
22 38
22 45
22 47
22 48
22 54
22 56
22 58
22 60
22 64
22 72
22 73
22 76
22 78
22 83
22 85
22 86
22 96
22 104
22 110
22 115
22 121
22 124
22 127
22 132
22 142
22 151
22 155
22 159
22 162
22 163
22 168
22 176
22 177
22 183
22 197
22 199
23 35
23 36
23 43
23 58
23 59
23 64
23 86
23 88
23 89
23 99
23 110
23 111
23 113
23 129
23 131
23 132
23 139
23 143
23 157
23 165
23 167
23 168
23 172
23 179
23 184
23 186
23 188
23 194
23 195
23 199
24 25
24 30
24 36
24 38
24 42
24 60
24 74
24 96
24 100
24 105
24 106
24 108
24 115
24 117
24 123
24 124
24 126
24 132
24 142
24 143
24 144
24 146
24 150
24 162
24 174
24 178
24 181
24 182
24 191
25 26
25 31
25 36
25 49
25 51
25 54
25 62
25 63
25 65
25 69
25 71
25 74
25 85
25 90
25 97
25 113
25 115
25 123
25 124
25 126
25 131
25 141
25 151
25 154
25 156
25 157
25 169
25 177
25 181
25 185
25 188
25 190
26 32
26 36
26 38
26 41
26 45
26 47
26 50
26 53
26 54
26 57
26 70
26 72
26 73
26 75
26 81
26 82
26 92
26 93
26 99
26 100
26 105
26 110
26 112
26 115
26 122
26 125
26 127
26 137
26 142
26 147
26 149
26 157
26 160
26 171
26 177
26 178
26 181
26 191
26 195
26 196
26 199
27 46
27 48
27 49
27 55
27 57
27 59
27 64
27 67
27 75
27 88
27 99
27 100
27 104
27 111
27 119
27 121
27 138
27 139
27 147
27 149
27 154
27 157
27 168
27 175
27 176
27 188
27 195
27 197
28 29
28 35
28 42
28 53
28 57
28 59
28 63
28 72
28 73
28 75
28 90
28 92
28 94
28 96
28 98
28 113
28 114
28 118
28 125
28 130
28 132
28 146
28 163
28 178
28 183
28 187
28 190
28 199
29 35
29 36
29 38
29 61
29 66
29 68
29 74
29 83
29 85
29 90
29 91
29 92
29 93
29 97
29 104
29 108
29 109
29 115
29 117
29 118
29 120
29 122
29 124
29 130
29 131
29 133
29 138
29 145
29 147
29 148
29 154
29 156
29 160
29 169
29 190
29 194
29 198
30 33
30 35
30 41
30 46
30 51
30 53
30 67
30 71
30 76
30 79
30 91
30 95
30 105
30 109
30 110
30 114
30 120
30 124
30 134
30 135
30 170
30 171
30 179
30 183
30 191
30 199
31 45
31 46
31 47
31 49
31 52
31 67
31 70
31 76
31 78
31 83
31 84
31 85
31 92
31 93
31 95
31 98
31 99
31 101
31 104
31 130
31 134
31 137
31 139
31 152
31 158
31 160
31 161
31 170
31 173
31 174
31 176
31 177
31 178
31 182
32 34
32 37
32 38
32 39
32 40
32 43
32 46
32 55
32 58
32 66
32 72
32 76
32 78
32 79
32 80
32 83
32 84
32 97
32 102
32 106
32 118
32 124
32 133
32 135
32 147
32 150
32 151
32 166
32 168
32 179
32 184
33 36
33 43
33 45
33 55
33 60
33 61
33 62
33 63
33 74
33 76
33 77
33 82
33 87
33 89
33 92
33 95
33 107
33 108
33 109
33 113
33 116
33 120
33 122
33 133
33 139
33 144
33 147
33 149
33 150
33 151
33 159
33 170
33 177
33 178
33 194
33 196
34 46
34 47
34 52
34 60
34 64
34 72
34 80
34 81
34 88
34 89
34 93
34 98
34 102
34 106
34 112
34 120
34 121
34 125
34 128
34 136
34 144
34 145
34 151
34 154
34 161
34 163
34 165
34 173
34 177
34 179
34 186
34 188
34 189
35 38
35 41
35 44
35 46
35 49
35 50
35 51
35 52
35 67
35 69
35 72
35 75
35 80
35 84
35 89
35 94
35 95
35 101
35 103
35 109
35 116
35 118
35 121
35 122
35 123
35 124
35 127
35 131
35 136
35 138
35 139
35 143
35 154
35 157
35 158
35 160
35 164
35 176
35 179
35 182
35 197
35 198
36 41
36 46
36 49
36 52
36 54
36 55
36 56
36 57
36 62
36 67
36 79
36 84
36 93
36 104
36 105
36 110
36 115
36 124
36 125
36 129
36 132
36 137
36 148
36 151
36 156
36 160
36 163
36 168
36 170
36 173
36 174
36 175
36 189
36 191
36 193
36 195
36 198
37 39
37 42
37 48
37 53
37 57
37 60
37 62
37 70
37 79
37 84
37 85
37 87
37 89
37 93
37 98
37 110
37 112
37 115
37 116
37 118
37 125
37 128
37 132
37 134
37 135
37 146
37 156
37 160
37 161
37 165
37 166
37 168
37 172
37 174
37 175
37 178
37 194
38 42
38 45
38 49
38 50
38 52
38 57
38 62
38 65
38 71
38 74
38 75
38 81
38 82
38 90
38 95
38 105
38 108
38 113
38 114
38 118
38 121
38 122
38 130
38 166
38 167
38 171
38 176
38 178
38 180
38 183
38 184
38 186
38 196
39 42
39 64
39 65
39 66
39 71
39 76
39 81
39 95
39 102
39 104
39 106
39 109
39 115
39 116
39 119
39 120
39 132
39 137
39 140
39 141
39 154
39 166
39 171
39 193
40 46
40 48
40 52
40 55
40 59
40 61
40 69
40 70
40 73
40 75
40 93
40 97
40 121
40 133
40 136
40 138
40 145
40 150
40 157
40 165
40 170
40 179
40 185
40 186
40 187
40 191
40 192
41 47
41 52
41 73
41 77
41 81
41 92
41 94
41 97
41 98
41 107
41 116
41 126
41 129
41 134
41 139
41 141
41 144
41 151
41 153
41 154
41 157
41 161
41 178
41 181
41 184
41 185
41 194
41 195
41 199
42 46
42 48
42 55
42 62
42 63
42 68
42 79
42 86
42 90
42 92
42 97
42 100
42 104
42 105
42 106
42 107
42 109
42 110
42 112
42 117
42 124
42 127
42 128
42 130
42 133
42 136
42 139
42 144
42 148
42 149
42 152
42 154
42 157
42 163
42 171
42 177
42 179
43 55
43 60
43 61
43 75
43 81
43 87
43 91
43 94
43 98
43 99
43 102
43 107
43 113
43 114
43 115
43 122
43 128
43 132
43 134
43 137
43 147
43 158
43 163
43 173
43 180
43 199
44 45
44 56
44 61
44 62
44 65
44 67
44 70
44 74
44 81
44 85
44 86
44 89
44 101
44 102
44 108
44 118
44 123
44 124
44 128
44 131
44 156
44 158
44 163
44 170
44 183
44 188
44 199
45 48
45 51
45 53
45 56
45 57
45 59
45 87
45 98
45 101
45 109
45 116
45 120
45 140
45 144
45 146
45 147
45 152
45 157
45 161
45 162
45 164
45 175
45 177
45 180
45 186
45 187
45 195
46 50
46 59
46 60
46 64
46 68
46 71
46 76
46 77
46 80
46 105
46 109
46 110
46 128
46 144
46 148
46 157
46 162
46 164
46 167
46 170
46 172
46 174
46 189
46 191
46 192
46 193
46 195
46 198
47 56
47 58
47 73
47 91
47 95
47 102
47 106
47 107
47 108
47 112
47 122
47 132
47 133
47 135
47 136
47 147
47 148
47 177
47 182
47 184
47 191
48 54
48 56
48 57
48 64
48 67
48 78
48 80
48 81
48 82
48 90
48 93
48 95
48 100
48 101
48 103
48 111
48 115
48 117
48 125
48 128
48 133
48 148
48 152
48 156
48 163
48 164
48 168
48 171
48 176
48 177
48 182
48 187
48 189
49 61
49 62
49 63
49 64
49 70
49 73
49 87
49 93
49 99
49 102
49 103
49 109
49 110
49 139
49 141
49 168
49 173
50 52
50 54
50 60
50 73
50 77
50 79
50 82
50 85
50 92
50 93
50 109
50 111
50 116
50 118
50 123
50 145
50 147
50 155
50 160
50 164
50 172
50 174
50 175
50 176
50 184
50 194
50 197
51 55
51 57
51 58
51 63
51 66
51 72
51 76
51 82
51 95
51 102
51 103
51 108
51 116
51 118
51 122
51 133
51 141
51 151
51 165
51 170
51 172
51 176
51 180
51 182
51 188
51 190
52 60
52 63
52 64
52 69
52 81
52 82
52 90
52 91
52 106
52 108
52 116
52 120
52 121
52 130
52 139
52 140
52 141
52 144
52 147
52 154
52 155
52 157
52 162
52 164
52 173
52 177
52 181
52 182
52 184
52 189
52 192
52 198
53 56
53 59
53 60
53 65
53 74
53 80
53 83
53 84
53 85
53 88
53 90
53 91
53 96
53 99
53 104
53 105
53 106
53 108
53 109
53 113
53 125
53 126
53 127
53 128
53 132
53 134
53 146
53 152
53 154
53 155
53 161
53 164
53 169
53 178
53 183
53 189
53 194
53 195
54 55
54 57
54 58
54 77
54 82
54 86
54 90
54 93
54 96
54 99
54 102
54 107
54 116
54 122
54 137
54 138
54 147
54 160
54 166
54 167
54 179
54 181
54 182
54 197
54 199
55 73
55 79
55 90
55 91
55 92
55 96
55 97
55 102
55 109
55 110
55 114
55 130
55 131
55 134
55 135
55 138
55 139
55 146
55 148
55 161
55 175
55 176
55 178
55 187
55 189
55 191
55 196
56 86
56 88
56 90
56 92
56 93
56 100
56 106
56 108
56 110
56 111
56 112
56 118
56 124
56 127
56 132
56 150
56 158
56 159
56 164
56 165
56 168
56 169
56 176
56 178
56 183
56 192
56 195
56 196
57 58
57 60
57 66
57 76
57 83
57 85
57 87
57 93
57 94
57 99
57 102
57 114
57 119
57 121
57 124
57 126
57 127
57 130
57 134
57 141
57 144
57 145
57 147
57 148
57 163
57 169
57 171
57 172
57 177
57 178
57 184
57 188
57 190
57 198
58 60
58 67
58 68
58 74
58 79
58 83
58 85
58 86
58 88
58 94
58 96
58 99
58 116
58 117
58 120
58 130
58 139
58 142
58 145
58 149
58 157
58 161
58 167
58 168
58 171
58 172
58 178
58 181
58 194
59 69
59 71
59 72
59 90
59 94
59 98
59 101
59 108
59 115
59 116
59 119
59 127
59 128
59 161
59 165
59 174
59 177
59 181
59 190
59 191
59 193
60 61
60 68
60 78
60 88
60 89
60 109
60 116
60 117
60 120
60 121
60 123
60 125
60 127
60 128
60 129
60 131
60 140
60 146
60 147
60 152
60 180
60 184
60 187
60 189
60 194
61 67
61 69
61 71
61 72
61 74
61 78
61 80
61 89
61 90
61 97
61 99
61 101
61 103
61 104
61 110
61 113
61 115
61 120
61 121
61 125
61 130
61 136
61 138
61 141
61 150
61 169
61 173
61 177
61 179
61 191
61 196
61 197
61 198
61 199
62 66
62 68
62 71
62 76
62 82
62 94
62 100
62 103
62 104
62 114
62 118
62 120
62 130
62 137
62 144
62 146
62 153
62 155
62 158
62 159
62 161
62 163
62 167
62 169
62 178
62 182
62 185
62 195
63 64
63 74
63 75
63 82
63 84
63 86
63 89
63 93
63 97
63 100
63 106
63 109
63 115
63 119
63 122
63 137
63 155
63 171
63 172
63 174
63 176
63 178
63 182
63 187
63 191
63 193
63 196
63 199
64 73
64 76
64 79
64 80
64 90
64 92
64 106
64 112
64 113
64 114
64 115
64 116
64 117
64 123
64 124
64 125
64 127
64 132
64 144
64 145
64 146
64 148
64 151
64 154
64 170
64 176
64 189
64 193
64 198
65 73
65 77
65 79
65 82
65 85
65 89
65 91
65 93
65 97
65 102
65 120
65 126
65 129
65 131
65 134
65 144
65 146
65 156
65 164
65 175
65 183
65 185
65 195
66 74
66 79
66 84
66 91
66 92
66 99
66 107
66 108
66 109
66 112
66 118
66 119
66 128
66 129
66 136
66 139
66 148
66 160
66 165
66 167
66 171
66 183
66 190
66 193
66 195
66 197
67 75
67 79
67 80
67 89
67 90
67 94
67 98
67 102
67 104
67 111
67 112
67 122
67 123
67 124
67 134
67 144
67 148
67 152
67 162
67 163
67 176
67 179
67 180
67 187
67 191
67 192
67 195
67 199
68 74
68 76
68 79
68 87
68 89
68 90
68 97
68 99
68 100
68 103
68 104
68 114
68 117
68 128
68 135
68 138
68 144
68 151
68 155
68 159
68 169
68 172
68 178
68 184
68 185
68 193
69 75
69 89
69 91
69 98
69 105
69 106
69 118
69 123
69 124
69 125
69 131
69 132
69 136
69 140
69 146
69 153
69 156
69 157
69 166
69 171
69 176
69 180
69 181
69 187
69 189
69 198
70 74
70 92
70 94
70 107
70 112
70 116
70 117
70 121
70 124
70 158
70 164
70 166
70 169
70 170
70 181
70 183
70 190
71 75
71 81
71 82
71 83
71 87
71 96
71 99
71 105
71 106
71 109
71 111
71 126
71 127
71 130
71 138
71 140
71 150
71 152
71 157
71 162
71 168
71 170
71 173
71 179
71 184
71 186
71 188
71 190
71 198
72 74
72 77
72 78
72 85
72 88
72 92
72 95
72 96
72 98
72 100
72 117
72 118
72 121
72 122
72 123
72 124
72 133
72 134
72 135
72 143
72 152
72 157
72 159
72 161
72 162
72 167
72 170
72 172
72 177
72 185
72 193
72 198
73 84
73 88
73 91
73 99
73 102
73 108
73 109
73 115
73 116
73 120
73 125
73 128
73 129
73 132
73 134
73 139
73 140
73 143
73 145
73 149
73 150
73 153
73 157
73 158
73 159
73 175
73 179
73 181
73 189
73 192
73 197
74 78
74 80
74 82
74 83
74 86
74 102
74 103
74 107
74 110
74 111
74 114
74 123
74 124
74 129
74 130
74 131
74 143
74 147
74 148
74 149
74 159
74 181
74 184
74 185
74 190
74 191
75 87
75 88
75 89
75 98
75 124
75 131
75 132
75 134
75 135
75 136
75 139
75 150
75 152
75 156
75 167
75 169
75 172
75 173
75 178
75 182
75 187
75 191
76 77
76 79
76 84
76 91
76 92
76 98
76 101
76 106
76 116
76 133
76 140
76 141
76 143
76 152
76 162
76 166
76 168
76 170
76 184
76 190
76 195
77 89
77 90
77 102
77 105
77 106
77 108
77 112
77 113
77 124
77 125
77 127
77 130
77 133
77 134
77 137
77 138
77 144
77 152
77 154
77 156
77 161
77 163
77 167
77 179
77 194
77 198
78 95
78 101
78 104
78 107
78 120
78 125
78 129
78 136
78 140
78 141
78 145
78 149
78 151
78 152
78 154
78 157
78 169
78 178
78 180
78 186
78 188
78 195
79 80
79 81
79 85
79 89
79 92
79 95
79 99
79 109
79 110
79 118
79 119
79 126
79 136
79 141
79 145
79 154
79 162
79 163
79 164
79 175
79 179
79 184
79 188
79 194
79 195
80 84
80 94
80 96
80 103
80 116
80 118
80 120
80 121
80 123
80 134
80 136
80 141
80 144
80 149
80 153
80 154
80 159
80 171
80 174
80 182
80 183
80 186
80 187
80 193
80 196
80 198
81 82
81 83
81 91
81 94
81 97
81 100
81 101
81 105
81 117
81 124
81 131
81 132
81 133
81 137
81 139
81 142
81 143
81 152
81 162
81 163
81 165
81 166
81 168
81 183
81 185
81 191
81 192
81 194
81 195
82 86
82 97
82 101
82 102
82 116
82 129
82 131
82 134
82 137
82 145
82 149
82 150
82 158
82 159
82 176
82 178
82 184
82 199
83 92
83 96
83 97
83 100
83 104
83 105
83 113
83 115
83 116
83 119
83 120
83 123
83 128
83 135
83 140
83 142
83 156
83 163
83 164
83 165
83 171
83 172
83 175
83 177
83 180
83 181
83 183
83 195
84 87
84 91
84 97
84 99
84 101
84 103
84 121
84 122
84 124
84 145
84 148
84 149
84 153
84 163
84 165
84 185
84 188
84 194
84 195
85 89
85 90
85 97
85 99
85 108
85 115
85 116
85 117
85 119
85 128
85 129
85 132
85 137
85 140
85 142
85 143
85 152
85 160
85 166
85 171
85 174
85 177
85 178
85 181
85 185
85 190
85 193
85 198
86 90
86 93
86 96
86 106
86 111
86 118
86 131
86 132
86 140
86 142
86 150
86 151
86 155
86 156
86 158
86 160
86 161
86 165
86 167
86 172
86 179
86 182
86 189
86 190
86 195
86 197
86 198
87 91
87 95
87 105
87 109
87 111
87 113
87 114
87 116
87 128
87 130
87 134
87 140
87 141
87 144
87 145
87 146
87 148
87 153
87 157
87 161
87 165
87 169
87 175
87 176
87 177
87 182
87 183
87 186
87 191
87 198
88 92
88 100
88 107
88 110
88 118
88 119
88 121
88 127
88 137
88 145
88 148
88 151
88 152
88 158
88 160
88 161
88 162
88 171
88 175
88 177
88 179
88 182
88 187
88 190
88 191
88 196
88 197
88 199
89 91
89 93
89 95
89 97
89 110
89 111
89 120
89 128
89 130
89 131
89 134
89 143
89 145
89 149
89 150
89 151
89 153
89 154
89 159
89 161
89 165
89 170
89 173
89 175
89 177
89 185
89 190
89 195
90 91
90 94
90 97
90 116
90 120
90 132
90 137
90 138
90 142
90 145
90 146
90 153
90 155
90 159
90 162
90 165
90 168
90 170
90 183
91 95
91 102
91 104
91 108
91 126
91 132
91 133
91 140
91 145
91 148
91 156
91 158
91 163
91 176
91 177
91 183
91 187
91 191
91 192
91 193
92 96
92 103
92 105
92 115
92 117
92 125
92 131
92 132
92 148
92 153
92 155
92 156
92 177
92 178
92 180
92 185
92 188
92 189
92 195
92 196
93 94
93 104
93 107
93 113
93 116
93 121
93 123
93 125
93 128
93 129
93 135
93 143
93 146
93 147
93 148
93 154
93 156
93 171
93 174
93 178
93 183
93 184
93 198
94 105
94 110
94 112
94 119
94 129
94 137
94 141
94 144
94 147
94 156
94 162
94 166
94 168
94 169
94 171
94 180
94 184
94 186
94 188
94 192
94 195
95 103
95 105
95 110
95 114
95 116
95 119
95 130
95 131
95 138
95 153
95 159
95 170
95 174
95 178
95 184
95 185
95 193
95 194
95 197
96 97
96 103
96 104
96 109
96 113
96 126
96 127
96 129
96 140
96 141
96 144
96 152
96 154
96 158
96 161
96 164
96 171
96 176
96 182
97 99
97 104
97 105
97 112
97 113
97 119
97 120
97 122
97 124
97 126
97 137
97 142
97 145
97 148
97 149
97 151
97 152
97 159
97 162
97 164
97 165
97 168
97 175
97 184
97 185
97 186
97 189
97 198
98 104
98 110
98 120
98 123
98 126
98 129
98 130
98 133
98 148
98 151
98 157
98 159
98 160
98 167
98 173
98 188
98 192
98 193
98 198
99 100
99 101
99 102
99 104
99 107
99 115
99 116
99 117
99 119
99 127
99 130
99 132
99 133
99 138
99 139
99 142
99 158
99 160
99 162
99 165
99 167
99 173
99 174
99 178
99 187
100 102
100 118
100 120
100 124
100 129
100 133
100 141
100 145
100 148
100 149
100 155
100 161
100 163
100 172
100 176
100 179
100 181
100 184
100 198
101 102
101 103
101 104
101 105
101 112
101 121
101 122
101 137
101 138
101 146
101 148
101 149
101 151
101 152
101 166
101 169
101 183
101 194
101 199
102 105
102 106
102 108
102 112
102 117
102 121
102 129
102 130
102 135
102 137
102 139
102 141
102 152
102 161
102 162
102 163
102 172
102 179
102 180
102 183
102 188
102 190
102 194
103 108
103 114
103 116
103 123
103 130
103 137
103 138
103 143
103 145
103 149
103 154
103 157
103 163
103 165
103 181
103 183
103 185
103 196
104 113
104 123
104 127
104 131
104 135
104 136
104 141
104 142
104 146
104 153
104 154
104 157
104 160
104 161
104 164
104 170
104 171
104 173
104 174
104 180
104 188
104 194
105 120
105 121
105 132
105 137
105 143
105 145
105 161
105 167
105 169
105 171
105 174
105 179
105 184
105 199
106 109
106 121
106 122
106 125
106 133
106 137
106 141
106 156
106 158
106 162
106 163
106 168
106 184
106 190
106 196
106 198
107 110
107 111
107 122
107 123
107 133
107 139
107 145
107 147
107 152
107 153
107 155
107 156
107 168
107 174
107 177
107 178
107 186
107 187
107 189
107 192
108 118
108 136
108 138
108 139
108 150
108 152
108 162
108 163
108 171
108 172
108 179
108 183
108 197
109 110
109 112
109 115
109 117
109 120
109 128
109 136
109 141
109 145
109 146
109 150
109 154
109 156
109 158
109 165
109 167
109 172
109 178
109 180
109 181
109 187
109 193
109 198
110 113
110 122
110 137
110 147
110 149
110 150
110 156
110 159
110 160
110 168
110 169
110 172
110 197
111 122
111 131
111 134
111 137
111 143
111 150
111 159
111 169
111 174
111 179
111 181
111 183
111 194
112 118
112 121
112 122
112 127
112 138
112 146
112 154
112 166
112 172
112 173
112 174
112 175
112 176
112 177
112 186
112 188
112 197
112 198
113 119
113 122
113 129
113 131
113 135
113 137
113 139
113 141
113 157
113 162
113 165
113 170
113 175
113 180
113 192
113 197
113 198
114 116
114 120
114 127
114 133
114 135
114 143
114 144
114 151
114 152
114 155
114 156
114 164
114 171
114 174
114 192
115 117
115 124
115 132
115 139
115 142
115 145
115 152
115 155
115 158
115 162
115 163
115 168
115 169
115 171
115 172
115 179
115 185
115 190
115 195
116 120
116 122
116 126
116 136
116 138
116 142
116 144
116 148
116 157
116 165
116 171
116 173
116 177
116 178
116 181
116 192
116 194
117 120
117 121
117 123
117 124
117 136
117 141
117 144
117 148
117 152
117 171
117 182
117 191
117 197
118 121
118 123
118 124
118 125
118 136
118 143
118 146
118 147
118 150
118 153
118 158
118 165
118 166
118 167
118 170
118 173
118 175
118 182
118 183
118 185
118 187
118 188
118 189
119 132
119 136
119 139
119 147
119 154
119 162
119 165
119 174
119 180
119 181
119 190
120 123
120 126
120 132
120 136
120 139
120 143
120 148
120 152
120 153
120 164
120 170
120 172
120 174
120 177
120 180
120 182
120 190
120 196
120 199
121 123
121 124
121 129
121 130
121 135
121 139
121 148
121 150
121 155
121 159
121 168
121 174
121 175
121 186
121 189
121 193
121 195
121 199
122 134
122 137
122 151
122 154
122 156
122 163
122 175
122 177
122 189
123 126
123 129
123 130
123 138
123 139
123 142
123 145
123 153
123 161
123 165
123 167
123 169
123 173
123 174
123 181
123 182
123 187
124 134
124 141
124 144
124 147
124 161
124 164
124 165
124 170
124 172
124 173
124 174
124 183
124 187
124 188
124 190
124 197
125 126
125 133
125 146
125 148
125 150
125 155
125 160
125 164
125 165
125 168
125 169
125 174
125 176
125 179
125 182
125 183
125 193
125 194
125 196
125 197
125 199
126 128
126 133
126 157
126 159
126 161
126 164
126 167
126 169
126 174
126 177
126 179
126 186
126 192
126 195
126 199
127 134
127 140
127 141
127 148
127 152
127 154
127 155
127 163
127 166
127 173
127 176
127 177
127 179
127 183
127 187
127 191
128 132
128 133
128 135
128 139
128 144
128 157
128 159
128 162
128 172
128 175
128 179
128 181
128 182
128 184
128 185
129 134
129 135
129 138
129 140
129 154
129 156
129 167
129 170
129 171
129 179
129 185
129 198
130 132
130 135
130 136
130 137
130 140
130 142
130 143
130 145
130 174
130 177
130 182
130 193
130 196
130 199
131 132
131 141
131 142
131 151
131 152
131 154
131 155
131 158
131 160
131 165
131 178
131 179
131 184
131 189
131 191
132 135
132 140
132 147
132 154
132 155
132 158
132 164
132 171
132 177
132 179
132 186
132 188
132 190
132 192
132 199
133 146
133 148
133 149
133 152
133 175
133 178
133 183
133 189
133 195
134 143
134 145
134 153
134 156
134 161
134 164
134 165
134 168
134 177
134 183
134 188
134 191
134 192
134 195
134 197
134 199
135 137
135 143
135 145
135 153
135 154
135 163
135 174
135 179
135 184
135 185
135 189
135 194
135 197
136 148
136 150
136 156
136 161
136 163
136 166
136 169
136 180
136 197
137 139
137 140
137 142
137 146
137 150
137 151
137 158
137 166
137 177
137 179
137 181
137 183
137 194
137 196
137 198
138 142
138 143
138 152
138 154
138 156
138 159
138 169
138 171
138 185
138 189
138 194
138 198
138 199
139 140
139 156
139 157
139 158
139 160
139 164
139 167
139 168
139 173
139 191
139 196
140 143
140 144
140 149
140 151
140 155
140 157
140 161
140 166
140 173
140 175
140 188
140 189
140 192
140 193
140 198
141 142
141 160
141 161
141 172
141 186
141 188
141 190
141 191
141 195
141 196
141 199
142 146
142 147
142 148
142 153
142 157
142 158
142 167
142 168
142 169
142 176
142 193
142 195
142 197
143 148
143 149
143 174
143 178
143 190
143 196
144 146
144 155
144 156
144 157
144 176
144 184
144 185
144 186
144 187
144 189
144 190
145 152
145 153
145 156
145 169
145 173
145 177
145 180
145 188
145 194
145 199
146 149
146 165
146 171
146 181
146 186
146 188
146 194
146 195
146 199
147 148
147 157
147 160
147 168
147 170
147 177
147 180
147 183
147 184
147 185
147 186
147 188
147 191
147 199
148 157
148 165
148 175
148 181
148 182
148 189
148 195
149 155
149 167
149 171
149 174
149 182
149 183
149 185
149 186
149 187
149 190
149 194
149 196
149 198
150 170
150 178
150 182
150 183
150 189
150 195
151 152
151 159
151 164
151 166
151 186
151 193
151 194
151 196
151 197
152 156
152 160
152 164
152 165
152 168
152 169
152 173
152 183
152 190
153 171
153 178
153 181
153 185
153 190
153 193
153 195
153 197
154 165
154 167
154 175
154 176
154 182
154 183
154 189
154 198
154 199
155 157
155 181
155 183
155 186
155 191
155 192
155 199
156 161
156 164
156 167
156 168
156 172
156 175
156 179
156 183
156 184
156 189
156 199
157 158
157 161
157 164
157 166
157 169
157 182
157 184
157 185
157 198
158 164
158 166
158 167
158 169
158 174
158 176
158 181
158 182
158 183
158 195
158 197
159 163
159 174
159 188
159 191
159 193
159 198
160 163
160 164
160 166
160 168
160 176
160 185
160 189
161 165
161 184
161 186
161 188
161 189
161 194
161 195
162 167
162 168
162 169
162 172
162 173
162 175
162 179
162 180
162 182
162 197
163 165
163 166
163 167
163 183
163 189
163 195
164 165
164 168
164 186
164 187
165 168
165 178
165 182
165 183
165 188
165 190
165 191
165 193
165 198
166 171
166 179
166 184
166 187
167 172
167 185
167 191
167 195
167 197
168 170
168 172
168 175
168 176
168 178
168 179
168 180
168 181
168 192
168 194
169 170
169 172
169 175
169 177
169 178
169 182
169 186
169 188
169 189
169 190
170 171
170 175
170 183
170 190
170 192
170 194
170 197
170 198
170 199
171 174
171 176
171 177
171 178
171 180
171 184
171 189
171 190
171 192
171 194
172 173
172 187
172 190
173 176
173 187
173 190
173 192
173 198
174 186
174 194
175 178
175 179
175 186
175 187
175 189
175 190
175 195
176 186
176 188
176 189
177 180
177 183
177 185
177 186
177 196
178 179
178 181
178 189
179 191
179 192
179 194
179 198
180 181
180 183
181 189
181 190
181 196
181 197
182 183
182 186
182 193
183 190
183 192
183 198
184 185
184 189
184 194
185 195
185 196
185 199
186 190
186 196
186 199
187 197
187 198
188 190
188 196
188 199
189 199
190 198
190 199
191 192
191 193
191 194
191 196
192 194
192 199
193 198
194 198
195 199

0 1 0 0 1 1 0 0 0 1 1 0 0 0 1 1 1 1 0 1 1 1 0 1 0 1 1 1 0 0 1 0 0 0 0 0 1 0 1 1 1 0 0 0 0 1 0 1 1 1 0 0 1 0 0 0 0 1 0 1 1 0 0 1 0 0 0 0 0 0 0 0 0 0 1 0 0 1 1 1 1 0 0 0 0 1 1 0 1 0 1 1 1 1 0 1 1 1 0 1 0 0 1 0 1 0 0 1 1 1 1 0 1 1 1 0 0 0 1 1 1 1 0 1 1 1 1 0 0 1 0 1 1 0 0 0 1 1 1 1 0 0 1 0 0 0 0 1 0 1 1 1 1 1 0 0 1 1 1 1 0 0 1 1 0 1 0 0 0 0 0 1 1 0 1 0 1 1 1 1 0 0 1 0 0 0 0 1 1 1 1 0 0 1 0 0 1 1 0 1