50 60
0 1 2 3 4 5 6 7 8 9 10 11 12 13 14 15 16 17 18 19 20 21 22 23 24 25 26 27 28 29 30 31 32 33 34 35 36 37 38 39 40 41 42 43 44 45 46 47 48 49
0 9
0 16
0 23
0 38
0 42
0 46
1 9
1 13
1 14
1 15
1 34
2 13
3 34
3 35
4 11
4 12
4 34
5 35
6 12
7 9
7 13
8 19
8 25
8 49
9 33
11 20
11 44
12 39
13 47
13 48
14 29
14 37
14 41
15 44
16 21
16 42
17 37
19 36
19 49
21 26
22 47
25 27
26 46
28 39
29 36
30 38
30 49
31 38
31 44
33 40
34 40
35 42
35 49
37 43
38 40
38 42
39 40
39 46
41 47
45 46

0 1 0 0 1 0 1 1 0 1 1 1 0 1 1 0 1 0 0 0 0 1 1 0 0 1 1 0 1 1 0 0 0 1 0 0 0 1 1 0 0 1 0 1 0 1 1 0 1 1