100 238
0 1 2 3 4 5 6 7 8 9 10 11 12 13 14 15 16 17 18 19 20 21 22 23 24 25 26 27 28 29 30 31 32 33 34 35 36 37 38 39 40 41 42 43 44 45 46 47 48 49 50 51 52 53 54 55 56 57 58 59 60 61 62 63 64 65 66 67 68 69 70 71 72 73 74 75 76 77 78 79 80 81 82 83 84 85 86 87 88 89 90 91 92 93 94 95 96 97 98 99
0 1
0 21
0 30
0 55
0 99
1 8
1 39
1 62
2 3
2 10
2 47
2 51
2 77
3 12
3 25
3 53
3 87
4 8
4 66
4 76
4 85
4 99
5 41
5 93
6 27
6 42
6 66
6 68
6 69
6 70
6 77
6 99
7 24
7 49
8 40
10 17
10 61
11 24
11 43
11 53
11 58
11 91
12 16
12 26
12 38
12 45
12 56
12 64
12 92
13 28
13 39
13 40
13 55
13 57
15 34
15 45
15 54
15 70
15 79
15 84
15 93
16 19
16 47
16 54
16 56
16 91
16 96
17 27
17 35
17 36
17 44
17 74
17 93
18 27
18 31
18 54
18 83
18 84
18 89
19 23
19 34
19 48
19 50
20 36
20 45
20 64
20 87
20 90
21 29
21 47
21 57
21 70
22 40
22 60
22 86
23 25
23 46
23 63
23 96
24 64
24 69
24 73
24 88
25 50
25 83
26 56
26 57
26 59
27 29
27 55
28 42
28 43
28 92
29 51
29 60
29 91
30 46
30 64
30 84
31 38
32 46
32 47
32 82
32 93
32 98
33 77
33 86
34 53
34 78
34 84
34 93
35 39
35 93
36 41
36 96
37 48
37 64
37 81
37 93
38 44
38 55
38 85
39 44
39 64
39 74
39 86
40 51
40 87
41 61
41 66
41 78
41 79
42 50
43 60
43 76
43 96
44 45
44 83
44 96
45 49
47 50
47 69
47 93
47 98
47 99
48 89
48 99
49 74
49 76
49 84
49 88
49 91
49 94
50 79
50 82
50 86
51 56
52 71
52 78
53 61
53 81
53 92
53 96
55 71
55 84
55 88
56 65
56 67
56 82
57 81
57 92
57 96
57 97
59 66
60 75
60 87
61 77
62 68
62 75
62 87
62 96
62 99
63 83
63 84
64 76
64 80
64 91
65 84
66 67
66 70
66 73
67 69
69 94
70 92
71 78
71 83
71 90
71 92
71 99
74 87
74 95
76 81
76 86
77 92
77 93
78 95
82 83
82 93
84 97
84 98
85 95
86 96
86 97
87 91
88 89
91 97
92 93
93 98

0 1 0 1 1 0 0 0 0 1 0 1 1 0 0 0 0 0 1 0 1 0 0 1 0 1 0 0 0 0 0 0 1 0 1 0 1 1 0 0 0 1 0 0 0 1 1 1 1 0 0 1 1 1 1 0 1 1 1 1 1 1 0 0 1 0 1 0 1 1 1 1 1 1 1 1 1 0 0 0 1 0 1 0 1 1 1 0 0 1 0 0 0 1 0 1 1 0 1 0