50 598
0 1 2 3 4 5 6 7 8 9 10 11 12 13 14 15 16 17 18 19 20 21 22 23 24 25 26 27 28 29 30 31 32 33 34 35 36 37 38 39 40 41 42 43 44 45 46 47 48 49
0 1
0 3
0 4
0 6
0 8
0 9
0 12
0 14
0 15
0 17
0 18
0 20
0 21
0 24
0 27
0 28
0 33
0 34
0 35
0 36
0 37
0 39
0 40
0 41
0 44
0 45
0 49
1 2
1 3
1 4
1 5
1 7
1 9
1 10
1 11
1 13
1 15
1 16
1 18
1 19
1 21
1 23
1 24
1 25
1 26
1 30
1 32
1 33
1 35
1 38
1 39
1 46
1 47
1 49
2 4
2 6
2 7
2 8
2 9
2 10
2 12
2 13
2 18
2 19
2 20
2 21
2 24
2 25
2 26
2 28
2 32
2 33
2 35
2 36
2 37
2 38
2 39
2 41
2 42
2 46
2 47
2 49
3 4
3 6
3 8
3 10
3 13
3 16
3 20
3 21
3 22
3 23
3 25
3 27
3 28
3 30
3 37
3 38
3 40
3 41
3 42
3 44
3 45
3 46
3 48
3 49
4 5
4 7
4 9
4 11
4 12
4 14
4 16
4 18
4 19
4 20
4 23
4 25
4 27
4 29
4 30
4 31
4 33
4 36
4 39
4 40
4 46
4 49
5 7
5 8
5 9
5 12
5 16
5 18
5 19
5 21
5 22
5 24
5 25
5 30
5 32
5 35
5 36
5 38
5 39
5 40
5 41
5 42
5 43
5 48
6 8
6 9
6 13
6 15
6 16
6 19
6 20
6 22
6 24
6 25
6 26
6 27
6 28
6 30
6 35
6 40
6 43
6 44
6 47
6 48
7 13
7 15
7 16
7 17
7 18
7 21
7 24
7 25
7 27
7 28
7 29
7 32
7 34
7 37
7 38
7 40
7 44
7 45
7 46
7 48
8 9
8 10
8 11
8 12
8 13
8 17
8 18
8 19
8 20
8 22
8 25
8 26
8 27
8 28
8 29
8 31
8 32
8 34
8 36
8 39
8 41
8 43
8 44
8 45
8 49
9 10
9 11
9 16
9 17
9 18
9 19
9 21
9 22
9 25
9 26
9 29
9 31
9 32
9 35
9 37
9 39
9 40
9 42
9 45
9 47
10 11
10 15
10 18
10 19
10 21
10 22
10 23
10 26
10 27
10 28
10 29
10 32
10 34
10 36
10 37
10 39
10 40
10 41
10 42
10 43
10 44
11 13
11 14
11 15
11 16
11 17
11 20
11 21
11 22
11 23
11 24
11 25
11 28
11 30
11 32
11 34
11 38
11 40
11 44
11 46
11 47
12 15
12 17
12 18
12 19
12 21
12 22
12 24
12 26
12 29
12 30
12 32
12 40
12 43
12 46
12 47
12 49
13 15
13 16
13 18
13 19
13 20
13 21
13 23
13 24
13 29
13 30
13 32
13 35
13 36
13 37
13 38
13 42
13 47
14 15
14 16
14 21
14 23
14 25
14 30
14 32
14 33
14 36
14 37
14 41
14 42
14 44
14 46
14 47
14 48
15 16
15 17
15 19
15 20
15 23
15 24
15 26
15 27
15 28
15 29
15 30
15 31
15 32
15 33
15 34
15 36
15 37
15 38
15 41
15 43
15 47
15 48
15 49
16 17
16 19
16 20
16 24
16 25
16 26
16 28
16 31
16 33
16 36
16 37
16 38
16 40
16 41
16 43
16 45
16 46
16 49
17 19
17 20
17 21
17 23
17 24
17 26
17 27
17 28
17 29
17 30
17 31
17 34
17 36
17 37
17 38
17 39
17 41
17 45
17 48
18 19
18 20
18 31
18 32
18 35
18 37
18 38
18 39
18 40
18 41
18 45
18 47
18 48
18 49
19 21
19 25
19 26
19 27
19 28
19 29
19 30
19 32
19 33
19 34
19 39
19 41
19 47
19 49
20 29
20 32
20 34
20 40
20 45
20 47
20 48
21 26
21 27
21 29
21 30
21 32
21 35
21 38
21 43
21 46
21 47
22 27
22 28
22 29
22 31
22 32
22 34
22 36
22 37
22 40
22 44
22 46
22 47
23 25
23 26
23 33
23 35
23 40
23 45
23 46
23 49
24 25
24 26
24 27
24 28
24 29
24 30
24 31
24 33
24 34
24 35
24 38
24 39
24 41
24 45
24 46
24 47
24 48
24 49
25 26
25 28
25 30
25 33
25 34
25 36
25 37
25 40
25 42
25 47
25 49
26 28
26 32
26 33
26 35
26 41
26 42
26 45
26 48
27 28
27 29
27 37
27 38
27 39
27 40
27 42
27 44
27 45
27 48
28 29
28 31
28 35
28 39
28 40
28 42
28 44
29 34
29 35
29 36
29 40
29 41
29 45
29 46
29 47
29 48
30 31
30 32
30 34
30 37
30 43
30 44
30 45
30 48
31 32
31 33
31 38
31 41
31 42
31 43
31 47
31 48
32 34
32 37
32 38
32 41
32 44
32 48
32 49
33 34
33 36
33 40
33 41
33 42
33 47
33 48
33 49
34 36
34 39
34 40
34 43
34 46
35 37
35 38
35 40
35 44
35 46
35 47
35 48
36 40
36 42
36 44
36 46
36 47
36 48
37 38
37 40
37 41
37 46
37 47
37 49
38 39
38 40
38 41
38 45
38 47
38 48
38 49
39 40
39 41
39 46
40 44
40 48
41 42
41 43
41 44
41 45
41 47
42 44
42 45
42 46
42 49
43 48
44 45
44 49
45 47
45 49
46 47
47 48
47 49
48 49

0 1 1 1 1 0 1 0 0 1 0 0 0 0 0 0 0 0 0 1 0 0 1 1 1 1 0 1 1 0 1 1 1 0 1 1 0 0 1 0 0 1 1 1 0 1 1 0 0 1