150 573
0 1 2 3 4 5 6 7 8 9 10 11 12 13 14 15 16 17 18 19 20 21 22 23 24 25 26 27 28 29 30 31 32 33 34 35 36 37 38 39 40 41 42 43 44 45 46 47 48 49 50 51 52 53 54 55 56 57 58 59 60 61 62 63 64 65 66 67 68 69 70 71 72 73 74 75 76 77 78 79 80 81 82 83 84 85 86 87 88 89 90 91 92 93 94 95 96 97 98 99 100 101 102 103 104 105 106 107 108 109 110 111 112 113 114 115 116 117 118 119 120 121 122 123 124 125 126 127 128 129 130 131 132 133 134 135 136 137 138 139 140 141 142 143 144 145 146 147 148 149
0 55
0 82
0 94
0 102
1 11
1 23
1 32
1 41
1 42
1 66
1 79
1 97
1 125
1 135
1 140
1 142
2 9
2 12
2 25
2 53
2 69
2 75
3 31
3 70
3 83
3 90
3 117
3 120
3 129
3 140
4 32
4 70
4 96
4 101
4 118
4 133
5 20
5 26
5 30
5 31
5 59
5 68
5 73
5 89
5 96
5 100
5 108
5 124
5 141
5 146
6 27
6 64
6 104
6 116
6 125
6 143
7 68
7 97
7 131
8 42
8 95
9 18
9 19
9 28
9 36
9 40
9 61
9 65
9 90
9 108
9 118
9 122
9 138
9 148
10 13
10 27
10 32
10 37
10 59
11 39
11 55
11 82
11 85
11 99
11 140
12 14
12 42
12 64
12 87
12 90
12 101
12 113
12 124
12 137
12 138
12 143
13 44
13 112
13 124
13 130
13 134
14 17
14 65
14 99
14 120
14 145
15 52
15 59
15 74
15 75
15 84
15 102
15 121
15 131
15 132
16 42
16 136
17 19
17 23
17 30
17 38
17 46
17 89
17 102
17 111
17 112
17 136
17 137
18 30
18 37
18 52
18 90
18 100
18 136
19 23
19 26
19 30
19 41
19 107
19 127
19 131
19 132
20 30
20 34
20 38
20 48
20 54
20 60
20 103
20 133
20 140
20 148
21 32
21 61
21 66
21 113
21 139
21 140
21 142
21 148
22 98
22 100
22 103
22 123
22 134
22 142
22 147
23 35
23 61
23 72
23 83
23 108
23 109
23 120
23 136
24 41
24 48
24 54
24 61
24 77
24 93
24 102
24 120
24 125
24 132
25 76
25 93
25 95
25 104
25 109
25 111
25 132
26 35
26 101
26 116
26 119
26 124
27 36
27 48
27 56
27 77
27 109
27 114
27 131
27 132
27 133
28 86
28 110
28 115
28 131
28 134
29 43
29 49
29 60
29 64
29 94
29 106
29 108
29 130
30 40
30 110
31 43
31 52
31 65
31 96
31 128
31 133
31 145
32 37
32 38
32 80
32 89
33 42
33 49
33 59
33 73
33 142
34 35
34 48
34 90
34 92
34 128
35 37
35 38
35 70
35 89
35 111
35 123
36 92
37 40
37 78
37 83
37 104
38 48
38 57
38 66
38 73
38 78
38 79
38 89
38 100
38 102
38 133
39 47
39 69
39 81
39 83
40 51
40 67
40 84
40 141
41 57
41 64
41 75
41 86
41 87
42 54
42 63
42 86
42 98
42 99
42 148
43 45
43 55
43 60
43 69
43 81
43 83
43 123
43 133
44 47
44 50
44 96
44 113
44 115
44 125
44 138
45 64
45 67
45 70
45 72
45 73
45 74
45 81
45 110
45 135
46 55
46 88
46 92
46 107
46 149
47 48
47 50
47 51
47 71
47 105
48 52
48 88
48 92
48 104
48 135
49 86
49 93
49 124
49 145
50 60
50 88
50 102
50 106
50 115
50 118
50 129
50 148
51 111
51 123
52 57
52 71
52 104
52 114
53 64
53 84
54 108
54 147
55 60
55 83
55 89
55 94
55 97
55 100
55 126
56 68
56 75
56 80
56 85
56 124
56 129
56 142
57 59
57 78
57 79
57 102
57 111
57 126
57 148
58 118
58 131
59 61
59 79
59 117
60 72
60 75
60 95
60 100
60 114
60 116
60 119
60 143
60 147
61 77
61 78
61 86
61 96
62 74
62 79
62 119
62 123
63 83
63 100
63 131
63 138
63 144
64 65
64 80
64 103
64 121
65 67
65 74
65 98
65 99
65 100
66 70
66 86
66 115
66 140
67 68
67 74
67 85
67 111
68 88
68 96
68 118
69 117
69 142
69 145
70 91
70 96
70 101
71 79
71 84
71 118
71 119
72 79
72 111
72 112
72 118
72 121
72 125
72 142
72 144
72 146
73 105
73 122
73 142
74 81
75 84
75 90
75 91
75 95
75 125
75 144
76 78
76 97
76 101
76 142
76 145
77 111
77 112
77 122
77 147
78 93
78 101
79 94
79 96
79 121
79 122
80 94
80 120
81 96
81 111
82 97
82 110
82 145
83 104
83 110
84 87
84 99
84 103
84 110
84 112
85 96
85 133
85 148
86 108
86 131
86 139
87 90
87 92
87 94
87 120
87 133
88 96
89 109
89 127
90 92
90 96
90 107
90 126
90 127
90 137
91 101
91 109
91 127
92 116
92 124
92 141
92 147
92 148
93 144
94 109
94 131
95 110
95 121
95 133
96 101
96 109
96 119
96 136
97 119
98 101
99 111
99 139
99 145
99 146
100 104
100 144
101 105
101 112
101 126
102 125
104 128
104 129
104 138
104 144
105 108
106 122
106 138
107 120
107 129
108 125
108 131
109 123
110 111
110 113
110 126
110 145
111 119
111 122
111 126
111 127
112 132
112 141
112 146
113 136
113 147
114 115
114 136
114 147
115 126
115 131
116 123
116 136
117 118
117 128
120 128
120 138
120 146
121 125
124 143
125 146
126 127
126 148
128 138
129 148
130 143
132 149
135 141
136 144
136 149
138 148
140 148
142 145
142 149
144 148

1 0 0 0 1 1 0 1 0 1 1 1 1 0 0 1 0 0 1 0 0 1 1 0 1 1 0 0 1 0 1 0 1 1 1 0 0 1 1 0 1 0 0 0 1 0 1 1 0 0 1 1 1 1 1 0 1 0 0 0 0 1 1 1 1 1 0 0 1 1 1 0 0 1 0 0 1 0 0 1 0 0 0 1 1 0 0 1 1 1 0 1 0 1 0 1 1 1 0 1 1 1 1 0 0 0 0 0 1 0 0 1 1 1 0 0 0 1 0 1 1 1 0 1 1 0 0 0 0 1 0 1 0 1 0 1 0 1 0 0 0 0 0 1 0 0 1 1 0 1