100 2481
0 1 2 3 4 5 6 7 8 9 10 11 12 13 14 15 16 17 18 19 20 21 22 23 24 25 26 27 28 29 30 31 32 33 34 35 36 37 38 39 40 41 42 43 44 45 46 47 48 49 50 51 52 53 54 55 56 57 58 59 60 61 62 63 64 65 66 67 68 69 70 71 72 73 74 75 76 77 78 79 80 81 82 83 84 85 86 87 88 89 90 91 92 93 94 95 96 97 98 99
0 1
0 2
0 9
0 11
0 13
0 16
0 20
0 24
0 25
0 27
0 29
0 30
0 32
0 34
0 39
0 42
0 45
0 51
0 52
0 56
0 59
0 60
0 61
0 63
0 64
0 66
0 67
0 73
0 75
0 77
0 82
0 84
0 85
0 87
0 88
0 89
0 90
0 93
0 94
0 97
0 99
1 2
1 3
1 5
1 6
1 10
1 13
1 16
1 17
1 19
1 20
1 22
1 24
1 27
1 28
1 29
1 30
1 31
1 32
1 35
1 36
1 37
1 38
1 39
1 41
1 42
1 43
1 44
1 45
1 47
1 48
1 51
1 52
1 56
1 57
1 59
1 60
1 61
1 62
1 64
1 66
1 67
1 69
1 70
1 71
1 72
1 77
1 81
1 86
1 91
1 92
1 94
1 97
1 99
2 5
2 8
2 12
2 13
2 14
2 16
2 17
2 18
2 20
2 22
2 24
2 25
2 27
2 29
2 31
2 34
2 35
2 36
2 39
2 40
2 41
2 42
2 44
2 47
2 50
2 51
2 56
2 58
2 61
2 62
2 63
2 65
2 66
2 70
2 73
2 75
2 77
2 80
2 84
2 87
2 89
2 93
2 97
2 99
3 4
3 5
3 6
3 8
3 12
3 13
3 14
3 16
3 17
3 18
3 21
3 22
3 26
3 27
3 31
3 32
3 35
3 36
3 38
3 39
3 40
3 41
3 46
3 48
3 49
3 51
3 55
3 56
3 61
3 62
3 67
3 69
3 70
3 72
3 74
3 75
3 76
3 78
3 81
3 84
3 85
3 88
3 91
3 92
3 94
3 95
3 98
4 5
4 8
4 9
4 10
4 12
4 14
4 15
4 16
4 19
4 20
4 21
4 23
4 28
4 29
4 30
4 34
4 44
4 45
4 46
4 48
4 49
4 51
4 52
4 53
4 55
4 57
4 58
4 59
4 61
4 64
4 66
4 67
4 70
4 75
4 76
4 81
4 82
4 83
4 84
4 86
4 89
4 96
4 97
4 98
4 99
5 7
5 9
5 10
5 11
5 14
5 16
5 17
5 18
5 19
5 21
5 22
5 24
5 29
5 30
5 32
5 33
5 36
5 38
5 40
5 44
5 46
5 47
5 48
5 49
5 50
5 51
5 53
5 54
5 55
5 57
5 58
5 59
5 62
5 63
5 64
5 72
5 73
5 77
5 79
5 80
5 81
5 82
5 85
5 86
5 97
6 7
6 8
6 9
6 14
6 15
6 16
6 17
6 18
6 21
6 23
6 25
6 27
6 29
6 30
6 35
6 39
6 42
6 48
6 49
6 50
6 51
6 52
6 53
6 55
6 58
6 59
6 61
6 62
6 67
6 68
6 71
6 72
6 74
6 75
6 76
6 77
6 78
6 79
6 80
6 82
6 83
6 84
6 86
6 87
6 90
6 91
6 92
6 94
6 96
7 9
7 10
7 11
7 14
7 16
7 17
7 21
7 22
7 23
7 24
7 25
7 26
7 27
7 28
7 32
7 33
7 35
7 36
7 40
7 43
7 44
7 46
7 47
7 48
7 51
7 55
7 57
7 58
7 59
7 60
7 61
7 65
7 66
7 67
7 68
7 69
7 71
7 72
7 73
7 74
7 75
7 76
7 79
7 81
7 83
7 84
7 87
7 88
7 90
7 91
7 92
7 93
7 94
7 95
7 99
8 9
8 12
8 17
8 18
8 19
8 20
8 21
8 22
8 23
8 24
8 26
8 29
8 30
8 32
8 33
8 34
8 35
8 40
8 41
8 42
8 43
8 45
8 46
8 47
8 49
8 52
8 54
8 55
8 57
8 61
8 63
8 64
8 65
8 66
8 68
8 73
8 74
8 75
8 77
8 79
8 80
8 81
8 82
8 84
8 85
8 86
8 87
8 88
8 89
8 96
8 97
8 99
9 10
9 11
9 12
9 13
9 14
9 15
9 17
9 20
9 22
9 23
9 24
9 25
9 28
9 31
9 34
9 37
9 38
9 41
9 44
9 47
9 49
9 50
9 52
9 54
9 59
9 60
9 63
9 64
9 65
9 67
9 69
9 70
9 71
9 72
9 74
9 78
9 79
9 80
9 81
9 82
9 83
9 84
9 85
9 86
9 87
9 88
9 89
9 92
9 93
9 94
9 98
10 12
10 17
10 18
10 19
10 20
10 21
10 24
10 26
10 27
10 28
10 30
10 32
10 33
10 35
10 37
10 38
10 40
10 43
10 44
10 46
10 48
10 51
10 53
10 55
10 57
10 60
10 61
10 62
10 63
10 64
10 72
10 75
10 78
10 79
10 83
10 84
10 88
10 96
10 98
11 12
11 13
11 14
11 15
11 17
11 18
11 19
11 21
11 23
11 26
11 27
11 28
11 30
11 31
11 36
11 38
11 39
11 43
11 44
11 46
11 53
11 54
11 55
11 56
11 58
11 60
11 62
11 63
11 67
11 68
11 69
11 70
11 71
11 72
11 74
11 76
11 77
11 78
11 80
11 81
11 84
11 86
11 87
11 89
11 91
11 93
11 94
11 95
12 16
12 17
12 19
12 21
12 23
12 24
12 25
12 26
12 27
12 28
12 29
12 30
12 32
12 33
12 37
12 40
12 44
12 45
12 47
12 48
12 49
12 51
12 54
12 57
12 61
12 62
12 63
12 66
12 67
12 68
12 71
12 72
12 73
12 74
12 75
12 76
12 78
12 80
12 81
12 87
12 88
12 92
12 94
13 14
13 15
13 16
13 18
13 19
13 23
13 24
13 27
13 29
13 33
13 35
13 37
13 41
13 43
13 44
13 47
13 48
13 49
13 51
13 54
13 57
13 61
13 62
13 64
13 65
13 66
13 67
13 68
13 70
13 72
13 73
13 74
13 75
13 77
13 78
13 79
13 80
13 81
13 83
13 84
13 85
13 86
13 88
13 90
13 91
13 93
13 95
13 96
13 97
13 98
14 15
14 18
14 19
14 20
14 21
14 22
14 24
14 25
14 26
14 29
14 31
14 32
14 33
14 34
14 35
14 37
14 39
14 40
14 44
14 45
14 46
14 51
14 53
14 55
14 56
14 57
14 60
14 61
14 62
14 63
14 66
14 67
14 68
14 70
14 71
14 72
14 74
14 76
14 79
14 80
14 81
14 86
14 88
14 89
14 90
14 91
14 92
14 93
14 94
14 95
14 98
14 99
15 16
15 18
15 19
15 20
15 22
15 29
15 30
15 32
15 34
15 35
15 36
15 37
15 38
15 41
15 44
15 47
15 52
15 53
15 62
15 64
15 65
15 67
15 71
15 72
15 73
15 74
15 77
15 79
15 81
15 87
15 88
15 92
15 93
15 94
15 95
15 96
15 97
15 99
16 17
16 19
16 23
16 25
16 26
16 33
16 35
16 37
16 39
16 41
16 42
16 43
16 45
16 48
16 49
16 52
16 56
16 57
16 58
16 59
16 60
16 62
16 64
16 65
16 66
16 68
16 71
16 72
16 73
16 74
16 75
16 76
16 79
16 81
16 83
16 85
16 86
16 87
16 89
16 90
16 93
17 18
17 23
17 28
17 30
17 33
17 34
17 36
17 37
17 40
17 41
17 42
17 47
17 48
17 54
17 55
17 58
17 59
17 66
17 67
17 68
17 71
17 74
17 76
17 77
17 78
17 79
17 81
17 83
17 88
17 91
17 92
17 93
17 99
18 19
18 21
18 24
18 26
18 27
18 30
18 31
18 33
18 37
18 38
18 40
18 41
18 44
18 45
18 46
18 48
18 49
18 50
18 54
18 57
18 58
18 63
18 66
18 70
18 71
18 76
18 77
18 78
18 82
18 83
18 86
18 88
18 89
18 91
18 92
18 95
18 97
19 22
19 23
19 25
19 26
19 27
19 31
19 33
19 35
19 36
19 38
19 39
19 41
19 42
19 47
19 50
19 51
19 52
19 53
19 55
19 56
19 59
19 62
19 63
19 66
19 74
19 75
19 78
19 83
19 84
19 85
19 88
19 90
19 91
19 92
19 93
19 97
19 99
20 22
20 24
20 25
20 27
20 28
20 29
20 32
20 36
20 37
20 38
20 39
20 42
20 46
20 47
20 49
20 50
20 51
20 52
20 53
20 54
20 55
20 56
20 59
20 61
20 62
20 63
20 64
20 65
20 67
20 70
20 71
20 72
20 76
20 77
20 78
20 80
20 81
20 84
20 88
20 90
20 92
20 94
20 96
21 22
21 23
21 25
21 27
21 31
21 32
21 33
21 36
21 37
21 38
21 39
21 42
21 43
21 44
21 46
21 49
21 50
21 52
21 58
21 63
21 66
21 67
21 68
21 70
21 74
21 76
21 78
21 80
21 81
21 82
21 84
21 85
21 89
21 92
21 94
21 95
21 96
22 24
22 28
22 31
22 33
22 34
22 37
22 38
22 39
22 43
22 44
22 45
22 46
22 47
22 50
22 51
22 52
22 54
22 55
22 57
22 60
22 62
22 64
22 72
22 78
22 79
22 80
22 81
22 85
22 86
22 88
22 89
22 90
22 91
22 92
22 95
22 97
23 24
23 26
23 28
23 34
23 35
23 36
23 40
23 42
23 44
23 45
23 49
23 50
23 51
23 52
23 54
23 56
23 59
23 60
23 63
23 67
23 68
23 69
23 74
23 75
23 77
23 79
23 85
23 86
23 89
23 92
23 94
23 96
23 97
23 98
24 25
24 27
24 28
24 31
24 33
24 36
24 37
24 38
24 41
24 42
24 44
24 50
24 51
24 58
24 62
24 63
24 64
24 65
24 66
24 69
24 70
24 71
24 74
24 75
24 77
24 78
24 79
24 81
24 82
24 83
24 84
24 85
24 86
24 88
24 90
24 91
24 93
24 95
24 96
24 97
24 98
24 99
25 26
25 28
25 30
25 31
25 32
25 34
25 36
25 40
25 43
25 44
25 49
25 50
25 54
25 56
25 57
25 58
25 61
25 66
25 68
25 69
25 71
25 72
25 74
25 76
25 80
25 81
25 82
25 85
25 86
25 87
25 88
25 89
25 94
25 95
25 96
25 97
25 99
26 29
26 33
26 34
26 35
26 38
26 39
26 40
26 47
26 50
26 52
26 53
26 54
26 58
26 59
26 62
26 64
26 67
26 69
26 70
26 72
26 73
26 76
26 77
26 78
26 79
26 83
26 85
26 86
26 87
26 88
26 90
26 92
26 96
26 97
26 98
27 28
27 29
27 32
27 33
27 36
27 38
27 39
27 44
27 45
27 46
27 51
27 52
27 53
27 54
27 57
27 58
27 59
27 63
27 64
27 65
27 66
27 68
27 70
27 72
27 75
27 76
27 78
27 79
27 80
27 81
27 83
27 85
27 87
27 88
27 91
27 93
27 95
27 96
28 29
28 32
28 35
28 37
28 38
28 40
28 43
28 45
28 46
28 47
28 50
28 53
28 55
28 56
28 60
28 63
28 65
28 67
28 69
28 71
28 73
28 78
28 81
28 82
28 84
28 85
28 86
28 87
28 89
28 90
28 91
28 98
29 32
29 33
29 34
29 37
29 38
29 39
29 42
29 43
29 44
29 47
29 49
29 50
29 51
29 54
29 55
29 56
29 57
29 58
29 61
29 62
29 64
29 68
29 71
29 75
29 79
29 82
29 83
29 84
29 87
29 88
29 89
29 93
29 94
29 96
29 97
29 98
30 32
30 33
30 34
30 36
30 37
30 38
30 40
30 41
30 42
30 45
30 47
30 49
30 52
30 55
30 59
30 63
30 64
30 66
30 68
30 73
30 78
30 79
30 80
30 81
30 83
30 84
30 85
30 86
30 91
30 93
30 94
30 95
30 96
31 32
31 34
31 35
31 37
31 39
31 40
31 41
31 42
31 43
31 44
31 47
31 50
31 51
31 54
31 56
31 59
31 60
31 61
31 62
31 64
31 65
31 67
31 69
31 70
31 72
31 74
31 78
31 83
31 84
31 86
31 87
31 88
31 89
31 92
31 93
31 95
31 96
31 97
31 98
32 33
32 35
32 36
32 37
32 38
32 39
32 43
32 46
32 47
32 49
32 50
32 51
32 52
32 53
32 55
32 57
32 59
32 61
32 65
32 67
32 69
32 72
32 73
32 74
32 77
32 78
32 79
32 81
32 83
32 86
32 87
32 89
32 90
32 92
32 98
33 34
33 38
33 39
33 41
33 42
33 44
33 46
33 48
33 49
33 50
33 51
33 52
33 53
33 54
33 55
33 56
33 57
33 58
33 64
33 71
33 72
33 73
33 74
33 75
33 77
33 78
33 79
33 80
33 84
33 88
33 90
33 92
33 93
33 95
33 98
34 37
34 38
34 40
34 44
34 47
34 49
34 51
34 52
34 53
34 55
34 57
34 58
34 60
34 61
34 62
34 64
34 65
34 67
34 68
34 72
34 75
34 76
34 78
34 79
34 81
34 82
34 85
34 86
34 87
34 90
34 92
34 93
34 97
34 99
35 38
35 44
35 47
35 48
35 49
35 52
35 53
35 54
35 56
35 57
35 59
35 61
35 63
35 64
35 65
35 67
35 69
35 70
35 71
35 76
35 79
35 80
35 82
35 83
35 84
35 85
35 87
35 89
35 90
35 92
35 93
35 94
35 97
35 98
35 99
36 38
36 39
36 41
36 46
36 51
36 52
36 53
36 54
36 57
36 58
36 60
36 61
36 62
36 63
36 64
36 68
36 70
36 71
36 74
36 77
36 81
36 82
36 83
36 84
36 89
36 90
36 92
36 93
36 94
36 95
36 97
36 98
37 38
37 40
37 41
37 43
37 47
37 53
37 54
37 58
37 60
37 64
37 69
37 72
37 77
37 79
37 80
37 82
37 83
37 84
37 85
37 86
37 87
37 88
37 91
37 92
37 93
37 96
37 98
37 99
38 39
38 42
38 43
38 47
38 48
38 52
38 53
38 55
38 56
38 58
38 60
38 63
38 64
38 65
38 67
38 68
38 69
38 71
38 72
38 78
38 80
38 83
38 88
38 89
38 91
38 96
38 97
38 99
39 41
39 43
39 44
39 45
39 48
39 52
39 53
39 54
39 56
39 59
39 62
39 64
39 68
39 69
39 73
39 74
39 77
39 78
39 83
39 84
39 85
39 88
39 90
39 91
39 92
40 42
40 43
40 45
40 46
40 47
40 51
40 57
40 63
40 64
40 67
40 68
40 69
40 73
40 74
40 76
40 78
40 79
40 81
40 82
40 83
40 84
40 86
40 88
40 90
40 91
40 92
40 97
40 98
40 99
41 42
41 45
41 46
41 48
41 49
41 51
41 54
41 59
41 60
41 61
41 62
41 63
41 64
41 65
41 66
41 67
41 69
41 70
41 72
41 73
41 75
41 76
41 81
41 85
41 86
41 87
41 88
41 89
41 91
41 92
41 96
41 97
42 43
42 45
42 46
42 48
42 50
42 52
42 53
42 54
42 56
42 59
42 60
42 62
42 65
42 66
42 70
42 76
42 78
42 79
42 80
42 81
42 84
42 88
42 91
42 94
42 97
42 99
43 44
43 48
43 49
43 51
43 53
43 60
43 61
43 63
43 65
43 67
43 68
43 69
43 70
43 71
43 73
43 74
43 76
43 77
43 78
43 81
43 82
43 83
43 85
43 86
43 87
43 89
43 91
43 96
43 99
44 46
44 48
44 52
44 56
44 57
44 58
44 60
44 62
44 63
44 64
44 66
44 67
44 68
44 69
44 71
44 75
44 79
44 81
44 82
44 83
44 84
44 86
44 88
44 91
44 94
44 95
44 98
44 99
45 46
45 47
45 50
45 51
45 52
45 54
45 55
45 57
45 58
45 59
45 61
45 63
45 66
45 69
45 74
45 76
45 77
45 78
45 79
45 82
45 84
45 87
45 88
45 94
45 95
45 97
45 98
46 51
46 52
46 53
46 54
46 56
46 57
46 58
46 60
46 61
46 62
46 63
46 68
46 72
46 74
46 78
46 80
46 81
46 84
46 85
46 88
46 89
46 91
46 93
46 95
46 96
46 98
47 48
47 49
47 51
47 54
47 55
47 59
47 64
47 68
47 69
47 70
47 71
47 73
47 74
47 75
47 76
47 79
47 80
47 83
47 87
47 88
47 89
47 90
47 91
47 95
47 97
47 98
47 99
48 49
48 53
48 56
48 58
48 61
48 63
48 64
48 68
48 70
48 72
48 75
48 76
48 77
48 82
48 83
48 84
48 86
48 88
48 89
48 91
48 93
48 94
48 98
48 99
49 51
49 52
49 55
49 58
49 59
49 60
49 61
49 62
49 64
49 65
49 66
49 67
49 69
49 72
49 74
49 75
49 76
49 79
49 81
49 82
49 84
49 86
49 87
49 88
49 89
49 90
49 91
49 92
49 94
49 95
49 96
49 98
50 51
50 52
50 54
50 55
50 57
50 58
50 60
50 61
50 62
50 66
50 69
50 70
50 72
50 73
50 76
50 78
50 81
50 88
50 90
50 92
50 96
50 98
51 53
51 54
51 55
51 56
51 58
51 59
51 61
51 63
51 64
51 65
51 69
51 73
51 75
51 76
51 77
51 79
51 80
51 85
51 86
51 98
51 99
52 54
52 55
52 56
52 59
52 61
52 63
52 64
52 65
52 67
52 68
52 69
52 70
52 72
52 73
52 75
52 78
52 79
52 81
52 82
52 83
52 85
52 86
52 90
52 94
52 96
53 54
53 56
53 57
53 59
53 61
53 65
53 66
53 68
53 71
53 74
53 77
53 80
53 82
53 83
53 85
53 90
53 92
53 93
53 96
53 97
53 98
54 58
54 62
54 65
54 66
54 67
54 71
54 74
54 75
54 77
54 78
54 79
54 80
54 81
54 82
54 84
54 85
54 88
54 90
54 92
54 93
54 98
54 99
55 57
55 61
55 64
55 69
55 72
55 73
55 74
55 75
55 76
55 83
55 84
55 85
55 87
55 88
55 89
55 92
55 94
55 95
55 96
55 99
56 58
56 61
56 62
56 63
56 65
56 68
56 69
56 74
56 75
56 77
56 78
56 80
56 81
56 82
56 83
56 84
56 87
56 91
56 92
56 93
56 95
56 99
57 59
57 64
57 65
57 66
57 69
57 72
57 73
57 75
57 79
57 80
57 82
57 85
57 86
57 87
57 88
57 89
57 92
57 95
57 99
58 59
58 63
58 64
58 65
58 69
58 71
58 73
58 74
58 75
58 76
58 77
58 81
58 83
58 85
58 86
58 88
58 89
58 92
58 94
58 95
58 98
58 99
59 60
59 61
59 63
59 64
59 65
59 67
59 69
59 71
59 72
59 74
59 78
59 79
59 80
59 81
59 85
59 86
59 93
59 95
59 96
59 97
59 98
60 62
60 63
60 65
60 66
60 75
60 77
60 79
60 81
60 82
60 84
60 88
60 90
60 92
60 94
60 96
60 97
60 99
61 62
61 63
61 64
61 66
61 69
61 72
61 73
61 74
61 75
61 77
61 80
61 81
61 82
61 83
61 86
61 87
61 89
61 90
61 92
61 93
61 98
61 99
62 65
62 68
62 70
62 74
62 76
62 77
62 78
62 79
62 81
62 82
62 84
62 89
62 91
62 93
62 94
62 96
62 98
63 65
63 66
63 67
63 70
63 71
63 77
63 78
63 81
63 82
63 84
63 86
63 91
63 92
63 93
63 97
64 65
64 66
64 67
64 69
64 71
64 72
64 76
64 78
64 79
64 81
64 82
64 85
64 88
64 92
64 94
64 96
64 97
64 99
65 66
65 69
65 70
65 71
65 72
65 73
65 74
65 77
65 81
65 83
65 84
65 85
65 88
65 89
65 90
65 93
65 97
65 98
65 99
66 67
66 68
66 72
66 73
66 79
66 80
66 84
66 86
66 87
66 91
66 92
66 93
66 94
66 95
66 97
66 99
67 70
67 71
67 72
67 73
67 74
67 76
67 78
67 80
67 81
67 82
67 88
67 90
67 93
67 95
67 96
67 97
68 69
68 71
68 72
68 73
68 75
68 77
68 79
68 80
68 85
68 86
68 87
68 88
68 89
68 91
68 95
68 97
68 99
69 70
69 71
69 78
69 79
69 80
69 83
69 84
69 88
69 89
69 90
69 92
69 94
70 72
70 76
70 78
70 79
70 80
70 83
70 84
70 85
70 86
70 87
70 88
70 89
70 92
70 93
70 99
71 73
71 75
71 76
71 77
71 79
71 80
71 82
71 84
71 86
71 87
71 93
71 94
71 95
72 73
72 75
72 78
72 79
72 80
72 81
72 82
72 83
72 88
72 90
72 95
72 96
72 98
73 74
73 77
73 79
73 80
73 82
73 83
73 86
73 87
73 88
73 89
73 90
73 91
73 94
73 95
73 97
73 99
74 77
74 79
74 80
74 81
74 83
74 84
74 87
74 91
74 92
74 98
75 77
75 78
75 79
75 80
75 83
75 85
75 87
75 88
75 91
75 92
75 93
75 96
75 97
75 99
76 80
76 82
76 84
76 85
76 86
76 93
76 95
76 99
77 78
77 81
77 82
77 83
77 84
77 87
77 88
77 90
77 91
77 92
77 95
77 99
78 79
78 83
78 85
78 86
78 87
78 88
78 89
78 90
78 91
78 94
78 95
78 96
78 97
78 98
79 80
79 81
79 82
79 83
79 85
79 86
79 87
79 90
79 94
79 97
79 98
80 82
80 84
80 87
80 93
80 95
80 96
80 97
80 98
80 99
81 82
81 83
81 88
81 89
81 90
81 91
81 97
81 98
82 85
82 91
82 92
83 86
83 89
83 90
83 91
83 93
83 94
83 95
83 97
83 98
84 85
84 86
84 87
84 88
84 89
84 90
84 94
84 97
84 98
84 99
85 88
85 89
85 91
85 94
85 95
85 98
86 87
86 88
86 89
86 90
86 93
86 95
86 96
86 99
87 88
87 91
87 93
87 95
87 97
87 98
87 99
88 89
88 90
88 91
88 93
88 96
88 97
89 90
89 92
89 93
89 94
89 97
89 98
89 99
90 92
90 94
90 96
90 97
90 99
91 94
91 95
91 97
92 93
92 94
92 95
92 96
92 97
92 98
92 99
93 94
93 99
94 96
95 96
95 98
96 97
96 98
97 99
98 99

0 0 0 1 1 1 0 1 1 1 1 1 0 0 0 0 0 0 1 1 1 1 0 1 0 1 0 0 1 0 1 0 1 1 0 0 0 1 0 0 0 0 1 0 1 1 1 0 0 0 0 1 1 0 1 1 1 0 1 0 1 0 1 1 1 1 1 1 0 0 0 1 1 0 0 0 0 0 0 1 0 1 0 0 1 1 0 0 0 0 1 1 1 0 0 1 1 1 1 1