30 82
0 1 2 3 4 5 6 7 8 9 10 11 12 13 14 15 16 17 18 19 20 21 22 23 24 25 26 27 28 29
0 9
0 11
0 12
0 20
0 25
0 26
1 5
1 10
1 18
1 27
2 5
2 11
2 19
2 20
2 25
3 5
3 7
3 20
3 22
3 27
3 29
4 7
4 10
4 11
4 17
4 25
4 28
5 6
5 7
5 16
5 22
5 29
6 11
6 17
6 28
7 15
7 16
7 22
7 24
7 26
7 27
8 15
8 23
8 24
8 27
9 10
9 12
9 20
9 22
10 11
10 13
10 17
10 20
10 21
10 26
11 15
11 17
11 18
11 19
11 20
11 22
11 23
12 26
12 29
13 25
14 17
15 21
15 24
16 17
16 18
16 19
16 25
17 27
18 22
18 23
19 21
19 27
21 25
24 29
26 27
26 28
27 28

1 0 0 0 1 1 0 0 1 1 1 1 1 1 1 0 0 0 0 1 1 0 1 0 0 0 0 0 1 1