150 585
0 1 2 3 4 5 6 7 8 9 10 11 12 13 14 15 16 17 18 19 20 21 22 23 24 25 26 27 28 29 30 31 32 33 34 35 36 37 38 39 40 41 42 43 44 45 46 47 48 49 50 51 52 53 54 55 56 57 58 59 60 61 62 63 64 65 66 67 68 69 70 71 72 73 74 75 76 77 78 79 80 81 82 83 84 85 86 87 88 89 90 91 92 93 94 95 96 97 98 99 100 101 102 103 104 105 106 107 108 109 110 111 112 113 114 115 116 117 118 119 120 121 122 123 124 125 126 127 128 129 130 131 132 133 134 135 136 137 138 139 140 141 142 143 144 145 146 147 148 149
0 4
0 6
0 14
0 27
0 34
0 39
0 42
0 44
0 67
0 79
0 99
0 116
0 119
0 128
1 13
1 17
1 40
1 77
1 90
1 110
1 114
1 118
1 122
1 132
2 6
2 15
2 24
2 34
2 59
2 75
2 76
2 77
2 134
2 141
2 145
3 65
3 76
3 91
3 129
3 142
4 7
4 11
4 23
4 49
4 61
4 86
4 94
4 100
5 11
5 54
5 55
5 66
5 82
5 100
5 107
6 43
6 67
6 75
6 115
6 116
6 117
7 12
7 25
7 40
7 45
7 52
7 76
7 79
8 12
8 17
8 21
8 33
8 44
8 61
8 80
8 115
8 145
9 13
9 25
9 32
9 49
9 56
9 57
9 62
9 82
9 107
9 133
9 138
9 147
10 14
10 28
10 44
10 55
10 93
11 43
11 50
11 51
12 20
12 43
12 47
12 55
12 58
12 90
12 101
12 119
12 128
13 24
13 43
13 44
13 46
13 69
13 72
13 97
13 117
13 123
13 124
14 16
14 48
14 68
14 101
14 112
14 127
14 140
14 147
15 29
15 51
15 97
15 112
16 30
16 40
16 44
16 45
17 18
17 25
17 35
17 95
17 117
17 145
18 50
18 77
18 86
18 114
18 116
18 121
18 130
19 20
19 26
19 88
19 108
19 117
19 121
19 148
19 149
20 31
20 60
20 63
20 98
20 108
20 117
20 125
20 137
21 40
21 43
21 53
21 57
21 61
21 74
21 89
21 103
22 55
22 112
22 131
22 140
23 27
23 29
23 69
23 106
23 107
23 111
23 116
24 26
24 85
25 30
25 49
25 52
25 62
25 63
25 82
25 91
25 107
25 125
25 141
26 92
26 103
26 134
27 33
27 60
27 61
27 117
27 120
27 131
27 140
28 78
28 128
29 37
29 64
29 106
29 147
30 51
30 74
30 120
30 124
30 126
30 147
31 72
31 99
31 135
32 100
32 123
32 125
33 50
33 58
33 61
33 89
33 94
33 136
33 140
33 141
33 143
34 67
34 90
34 93
34 116
34 128
34 132
35 46
35 52
35 72
35 114
36 70
36 73
36 80
36 86
36 96
37 43
37 52
37 68
37 72
37 80
37 101
37 106
37 108
37 132
38 78
38 79
38 83
38 99
38 107
39 49
39 58
39 76
39 78
39 84
39 90
39 114
39 117
39 136
40 42
40 50
40 69
40 73
40 75
40 86
40 93
40 106
40 127
40 145
41 44
41 53
41 73
41 96
41 100
41 102
41 126
41 127
41 132
42 50
42 100
42 114
43 48
43 75
43 113
43 139
44 80
44 84
44 113
45 52
45 73
45 108
45 143
45 147
46 72
46 114
46 124
47 87
47 124
47 130
47 132
47 145
48 91
48 92
48 93
48 135
48 141
48 144
49 79
49 83
49 92
49 126
49 145
50 58
50 62
50 94
50 106
50 110
50 114
51 83
51 92
51 99
51 110
52 112
52 117
52 128
53 62
53 66
53 67
53 101
53 112
53 114
53 132
53 137
54 67
54 103
54 112
54 133
54 140
54 144
55 58
55 107
55 127
55 147
56 57
56 73
56 74
56 96
56 104
56 123
56 138
56 140
56 142
57 74
57 78
57 122
57 132
57 145
58 90
58 135
59 64
59 68
59 72
59 74
59 89
59 130
60 65
60 91
60 97
60 123
60 139
61 90
61 102
61 113
61 117
62 67
62 68
62 83
62 95
63 104
63 123
63 131
63 142
64 102
64 105
65 81
65 95
65 105
65 108
65 111
65 139
65 146
66 79
66 87
66 117
66 145
67 82
67 107
67 126
67 141
68 99
68 100
68 102
68 120
69 140
70 126
70 127
70 128
70 139
71 78
71 100
71 103
71 128
71 132
72 115
72 138
73 100
73 110
73 140
73 141
73 145
74 104
74 109
74 123
74 125
75 95
75 115
75 117
76 91
76 97
76 126
77 136
77 140
78 106
78 119
80 83
80 84
80 106
80 120
80 148
81 89
81 90
81 107
81 119
81 124
81 144
82 90
82 94
82 109
82 133
82 139
83 95
83 122
83 123
83 124
83 143
83 149
84 85
84 103
84 147
85 114
85 130
85 139
85 145
85 146
86 110
86 147
87 105
87 110
87 118
87 134
88 90
88 101
88 111
88 117
88 120
88 123
89 123
89 135
90 132
90 149
92 116
92 117
92 124
92 147
93 94
93 116
94 108
94 118
95 98
95 125
96 116
96 131
96 137
97 115
97 117
97 120
97 138
98 126
98 134
99 108
99 128
99 144
100 113
101 137
101 144
102 106
102 109
102 123
102 146
103 107
103 122
103 125
103 146
104 118
104 127
104 137
104 141
105 106
105 110
106 123
106 145
107 141
107 148
108 112
108 130
108 133
108 141
109 110
109 113
109 127
110 111
111 145
111 146
113 126
113 141
114 116
114 137
115 120
115 130
116 134
116 142
116 149
117 129
117 148
118 130
118 138
119 123
119 125
119 143
119 148
120 124
120 129
122 134
122 137
123 148
124 125
124 132
125 129
125 138
125 139
126 144
126 146
126 149
127 148
131 136
131 147
131 149
132 135
132 146
133 139
134 139
135 137
137 141
138 141
138 144
145 147
147 148

0 1 0 1 1 0 0 0 0 0 1 1 0 1 1 0 1 1 1 0 1 0 1 1 0 0 0 1 0 1 1 1 1 1 1 0 0 0 1 0 1 1 1 1 1 1 1 1 0 1 0 1 0 1 1 0 1 1 1 1 1 1 0 0 0 0 1 0 1 0 0 0 1 1 1 1 1 0 0 1 0 0 1 1 1 1 0 1 1 0 1 0 1 1 1 1 0 0 0 1 0 0 0 0 0 1 1 1 0 1 1 1 0 1 1 0 0 0 0 0 0 0 0 0 0 0 0 0 1 0 0 0 1 0 1 1 1 0 0 0 0 0 0 0 0 0 1 1 1 0