150 2253
0 1 2 3 4 5 6 7 8 9 10 11 12 13 14 15 16 17 18 19 20 21 22 23 24 25 26 27 28 29 30 31 32 33 34 35 36 37 38 39 40 41 42 43 44 45 46 47 48 49 50 51 52 53 54 55 56 57 58 59 60 61 62 63 64 65 66 67 68 69 70 71 72 73 74 75 76 77 78 79 80 81 82 83 84 85 86 87 88 89 90 91 92 93 94 95 96 97 98 99 100 101 102 103 104 105 106 107 108 109 110 111 112 113 114 115 116 117 118 119 120 121 122 123 124 125 126 127 128 129 130 131 132 133 134 135 136 137 138 139 140 141 142 143 144 145 146 147 148 149
0 2
0 3
0 7
0 8
0 13
0 26
0 27
0 32
0 34
0 43
0 48
0 62
0 71
0 76
0 87
0 89
0 90
0 92
0 96
0 101
0 102
0 110
0 113
0 121
0 122
0 124
0 130
0 132
0 134
0 139
1 6
1 10
1 13
1 22
1 25
1 32
1 36
1 37
1 40
1 43
1 50
1 51
1 61
1 69
1 79
1 90
1 92
1 97
1 100
1 101
1 106
1 109
1 120
1 122
1 133
1 135
1 144
1 146
1 149
2 6
2 15
2 16
2 23
2 24
2 27
2 28
2 34
2 37
2 39
2 53
2 57
2 60
2 61
2 66
2 68
2 70
2 79
2 82
2 83
2 84
2 85
2 100
2 101
2 103
2 108
2 110
2 118
2 125
2 130
2 147
3 4
3 10
3 14
3 19
3 30
3 32
3 34
3 48
3 50
3 51
3 54
3 60
3 65
3 66
3 68
3 73
3 79
3 83
3 86
3 91
3 96
3 98
3 99
3 112
3 114
3 115
3 116
3 117
3 121
3 134
3 138
3 149
4 6
4 9
4 12
4 18
4 20
4 22
4 25
4 27
4 28
4 32
4 33
4 34
4 39
4 40
4 53
4 58
4 59
4 60
4 62
4 66
4 69
4 73
4 76
4 83
4 87
4 92
4 93
4 98
4 100
4 106
4 110
4 112
4 114
4 117
4 124
4 125
4 127
4 139
5 16
5 19
5 24
5 28
5 30
5 31
5 33
5 35
5 36
5 41
5 43
5 45
5 48
5 50
5 64
5 80
5 86
5 96
5 109
5 113
5 128
5 129
5 135
5 138
5 139
5 148
6 8
6 9
6 20
6 21
6 27
6 29
6 54
6 65
6 71
6 80
6 82
6 89
6 97
6 99
6 100
6 102
6 104
6 107
6 108
6 112
6 114
6 119
6 120
6 124
6 127
6 134
6 140
6 149
7 8
7 10
7 11
7 13
7 14
7 18
7 25
7 26
7 27
7 28
7 29
7 30
7 37
7 38
7 40
7 43
7 45
7 59
7 85
7 112
7 115
7 117
7 122
7 127
7 133
7 134
7 141
7 147
7 149
8 9
8 10
8 16
8 18
8 20
8 24
8 27
8 34
8 38
8 42
8 51
8 52
8 68
8 69
8 70
8 72
8 77
8 81
8 83
8 89
8 90
8 91
8 108
8 111
8 112
8 113
8 116
8 119
8 124
8 127
8 128
8 130
8 131
8 138
8 142
8 145
9 11
9 14
9 16
9 19
9 20
9 21
9 25
9 26
9 30
9 34
9 37
9 38
9 44
9 48
9 52
9 60
9 77
9 80
9 87
9 91
9 94
9 99
9 103
9 120
9 128
9 130
10 13
10 18
10 24
10 29
10 33
10 39
10 43
10 52
10 54
10 57
10 58
10 62
10 64
10 65
10 67
10 68
10 71
10 77
10 82
10 84
10 86
10 93
10 96
10 99
10 100
10 106
10 109
10 110
10 115
10 116
10 118
10 135
10 137
10 138
10 141
10 147
10 148
11 13
11 36
11 38
11 46
11 47
11 53
11 56
11 58
11 78
11 82
11 83
11 86
11 92
11 99
11 109
11 113
11 118
11 125
11 133
11 140
11 145
11 147
12 14
12 16
12 18
12 24
12 31
12 33
12 36
12 37
12 38
12 39
12 42
12 43
12 44
12 46
12 57
12 58
12 65
12 68
12 69
12 81
12 92
12 94
12 95
12 102
12 115
12 119
12 120
12 131
12 134
12 145
12 147
12 149
13 15
13 22
13 30
13 33
13 35
13 37
13 39
13 44
13 49
13 52
13 54
13 57
13 59
13 65
13 69
13 70
13 71
13 73
13 82
13 83
13 94
13 95
13 99
13 101
13 115
13 117
13 120
13 122
13 126
13 128
14 16
14 21
14 23
14 30
14 31
14 37
14 46
14 62
14 65
14 67
14 74
14 75
14 79
14 81
14 92
14 94
14 95
14 96
14 98
14 104
14 105
14 106
14 111
14 120
14 121
14 122
14 125
14 131
15 26
15 29
15 40
15 47
15 48
15 54
15 67
15 74
15 77
15 80
15 84
15 87
15 93
15 99
15 105
15 106
15 107
15 109
15 110
15 113
15 121
15 130
15 131
15 134
15 141
15 142
15 147
16 23
16 24
16 28
16 50
16 59
16 71
16 72
16 73
16 75
16 77
16 89
16 90
16 93
16 95
16 97
16 98
16 115
16 125
16 129
16 135
16 140
16 142
16 146
17 23
17 30
17 31
17 34
17 38
17 41
17 45
17 49
17 51
17 52
17 55
17 72
17 81
17 82
17 83
17 84
17 85
17 87
17 90
17 92
17 97
17 104
17 119
17 136
17 138
18 19
18 22
18 23
18 25
18 27
18 28
18 41
18 42
18 45
18 48
18 71
18 74
18 77
18 78
18 80
18 91
18 93
18 95
18 96
18 99
18 101
18 107
18 111
18 121
18 123
18 130
18 136
18 137
18 140
18 143
18 147
19 30
19 34
19 38
19 40
19 46
19 51
19 57
19 60
19 62
19 65
19 73
19 78
19 86
19 90
19 92
19 97
19 111
19 116
19 118
19 119
19 122
19 129
19 130
19 131
19 132
19 137
19 145
19 148
19 149
20 24
20 26
20 37
20 39
20 42
20 45
20 50
20 57
20 60
20 66
20 68
20 70
20 76
20 79
20 85
20 87
20 88
20 90
20 99
20 102
20 107
20 113
20 117
20 118
20 119
20 124
20 125
20 127
20 132
20 134
20 149
21 23
21 28
21 30
21 43
21 47
21 56
21 63
21 74
21 76
21 80
21 84
21 86
21 112
21 113
21 114
21 119
21 121
21 123
21 125
21 134
21 148
21 149
22 40
22 43
22 45
22 46
22 49
22 50
22 53
22 63
22 64
22 65
22 70
22 75
22 78
22 81
22 84
22 86
22 87
22 98
22 100
22 105
22 107
22 111
22 115
22 116
22 121
22 125
22 126
22 129
22 132
22 135
22 147
22 148
23 33
23 47
23 51
23 55
23 57
23 61
23 63
23 64
23 66
23 68
23 77
23 81
23 86
23 89
23 102
23 121
23 129
23 142
23 148
24 40
24 44
24 51
24 64
24 66
24 68
24 73
24 79
24 80
24 81
24 85
24 90
24 95
24 106
24 107
24 113
24 114
24 115
24 117
24 118
24 123
24 124
24 128
24 133
24 141
24 143
25 29
25 32
25 34
25 37
25 42
25 43
25 45
25 47
25 54
25 57
25 66
25 67
25 68
25 70
25 72
25 77
25 78
25 86
25 102
25 105
25 107
25 111
25 113
25 116
25 118
25 119
25 121
25 127
25 133
25 135
25 136
25 137
25 145
26 30
26 36
26 37
26 43
26 45
26 49
26 53
26 56
26 57
26 59
26 63
26 64
26 66
26 69
26 73
26 83
26 84
26 92
26 98
26 100
26 107
26 109
26 110
26 111
26 121
26 123
26 129
26 133
26 135
26 137
26 139
26 149
27 36
27 37
27 40
27 42
27 46
27 56
27 59
27 65
27 79
27 81
27 85
27 88
27 101
27 102
27 106
27 108
27 114
27 115
27 119
27 128
27 130
27 139
27 140
27 143
27 148
28 44
28 45
28 48
28 50
28 53
28 56
28 65
28 66
28 72
28 76
28 79
28 80
28 83
28 87
28 91
28 101
28 103
28 120
28 126
28 128
28 135
28 139
28 140
28 144
29 33
29 34
29 35
29 38
29 41
29 45
29 46
29 51
29 58
29 79
29 82
29 91
29 95
29 100
29 103
29 107
29 120
29 121
29 123
29 131
29 136
29 140
30 31
30 41
30 42
30 57
30 60
30 61
30 63
30 66
30 71
30 72
30 75
30 78
30 81
30 88
30 92
30 94
30 95
30 99
30 108
30 112
30 117
30 118
30 125
30 136
30 146
30 147
30 149
31 32
31 33
31 37
31 42
31 45
31 46
31 51
31 61
31 66
31 67
31 71
31 74
31 76
31 87
31 88
31 91
31 94
31 107
31 118
31 133
31 134
31 147
32 33
32 37
32 39
32 43
32 53
32 55
32 56
32 63
32 72
32 76
32 78
32 87
32 88
32 91
32 100
32 103
32 106
32 112
32 113
32 120
32 121
32 123
32 134
32 136
32 138
32 144
32 145
32 147
33 37
33 41
33 42
33 43
33 50
33 51
33 54
33 58
33 72
33 73
33 96
33 103
33 105
33 109
33 111
33 124
33 125
33 126
33 131
34 45
34 54
34 66
34 71
34 74
34 75
34 86
34 89
34 91
34 92
34 101
34 106
34 108
34 112
34 114
34 118
34 130
34 137
34 148
35 44
35 47
35 49
35 55
35 57
35 65
35 68
35 74
35 81
35 85
35 93
35 96
35 105
35 116
35 120
35 124
35 129
35 130
35 135
35 138
35 143
36 42
36 45
36 47
36 48
36 50
36 56
36 62
36 71
36 77
36 80
36 87
36 90
36 93
36 96
36 98
36 101
36 104
36 108
36 111
36 115
36 117
36 120
36 123
36 124
36 127
36 140
36 147
36 148
37 42
37 59
37 62
37 80
37 84
37 91
37 93
37 97
37 98
37 100
37 107
37 117
37 119
37 120
37 121
37 131
37 133
37 137
37 140
37 145
37 147
38 40
38 43
38 50
38 66
38 67
38 73
38 74
38 76
38 77
38 79
38 91
38 107
38 109
38 110
38 111
38 112
38 130
38 132
38 133
38 147
38 149
39 40
39 41
39 45
39 47
39 49
39 50
39 55
39 62
39 64
39 85
39 87
39 92
39 95
39 99
39 103
39 118
39 127
39 134
39 141
39 142
39 147
39 149
40 43
40 46
40 49
40 53
40 57
40 66
40 69
40 70
40 75
40 89
40 90
40 91
40 100
40 107
40 108
40 110
40 118
40 120
40 121
40 125
40 129
40 132
40 134
40 141
40 142
40 149
41 66
41 69
41 75
41 82
41 85
41 90
41 94
41 105
41 109
41 111
41 112
41 134
41 138
41 140
41 142
41 143
41 149
42 46
42 53
42 56
42 58
42 61
42 63
42 67
42 68
42 72
42 75
42 94
42 109
42 110
42 126
42 127
42 134
42 135
42 146
42 147
42 149
43 48
43 61
43 62
43 63
43 69
43 71
43 74
43 84
43 96
43 101
43 116
43 121
43 123
43 125
43 126
43 127
43 133
43 141
44 52
44 54
44 60
44 68
44 72
44 75
44 81
44 82
44 85
44 91
44 92
44 94
44 100
44 101
44 103
44 108
44 110
44 111
44 113
44 115
44 116
44 121
44 128
44 130
44 133
44 136
44 140
44 143
45 54
45 55
45 58
45 62
45 71
45 78
45 89
45 94
45 95
45 96
45 101
45 113
45 115
45 118
45 128
45 133
45 135
45 143
45 145
45 149
46 47
46 57
46 65
46 66
46 67
46 68
46 69
46 77
46 81
46 82
46 118
46 128
46 147
47 48
47 55
47 57
47 64
47 65
47 69
47 74
47 80
47 91
47 92
47 99
47 102
47 110
47 113
47 115
47 131
47 134
47 137
47 143
47 146
48 50
48 53
48 58
48 60
48 63
48 64
48 68
48 69
48 87
48 88
48 98
48 102
48 105
48 107
48 110
48 115
48 118
48 129
48 132
48 134
48 137
48 143
48 144
49 54
49 57
49 65
49 68
49 71
49 76
49 78
49 81
49 88
49 90
49 91
49 99
49 103
49 136
49 137
49 138
49 143
49 147
49 148
50 51
50 52
50 57
50 58
50 61
50 68
50 70
50 74
50 82
50 91
50 106
50 117
50 120
50 121
50 148
51 56
51 62
51 65
51 69
51 72
51 74
51 79
51 81
51 84
51 91
51 99
51 101
51 114
51 125
51 133
51 136
51 146
52 53
52 55
52 57
52 58
52 62
52 68
52 72
52 75
52 85
52 86
52 88
52 92
52 94
52 98
52 99
52 107
52 111
52 115
52 116
52 117
52 118
52 122
52 125
52 128
52 145
53 57
53 61
53 66
53 78
53 81
53 83
53 97
53 98
53 100
53 101
53 109
53 114
53 118
53 134
53 136
53 147
54 63
54 66
54 73
54 78
54 91
54 95
54 102
54 104
54 110
54 111
54 113
54 115
54 116
54 119
54 123
54 128
54 129
54 141
54 143
54 146
54 148
54 149
55 61
55 72
55 75
55 77
55 91
55 113
55 125
55 130
55 131
55 140
55 149
56 58
56 61
56 97
56 108
56 109
56 116
56 121
56 123
56 131
56 134
56 140
56 142
56 144
57 58
57 63
57 76
57 77
57 79
57 80
57 94
57 98
57 101
57 113
57 115
57 119
57 124
57 132
57 137
57 141
57 142
58 60
58 65
58 66
58 67
58 68
58 76
58 80
58 89
58 92
58 93
58 102
58 108
58 109
58 125
58 128
58 131
58 136
58 137
58 149
59 61
59 69
59 75
59 82
59 84
59 89
59 91
59 93
59 100
59 106
59 110
59 111
59 114
59 120
59 122
59 128
59 131
59 148
60 62
60 63
60 65
60 69
60 75
60 82
60 99
60 109
60 112
60 121
60 125
60 127
60 128
60 132
60 134
60 137
60 138
60 143
60 147
60 148
61 69
61 74
61 81
61 98
61 101
61 118
61 121
61 132
61 137
61 140
61 143
62 71
62 72
62 74
62 82
62 84
62 87
62 88
62 94
62 95
62 100
62 103
62 125
62 132
62 137
62 139
62 140
62 141
62 149
63 66
63 71
63 73
63 75
63 83
63 84
63 86
63 87
63 91
63 94
63 98
63 101
63 102
63 127
63 130
63 137
63 139
63 143
63 146
64 78
64 80
64 88
64 91
64 94
64 95
64 96
64 98
64 100
64 118
64 125
64 134
64 135
64 137
64 140
64 145
65 73
65 74
65 78
65 81
65 88
65 95
65 108
65 116
65 123
65 127
65 128
65 135
66 80
66 81
66 85
66 86
66 87
66 90
66 94
66 110
66 116
66 117
66 124
66 127
66 128
66 144
66 146
66 147
67 82
67 96
67 101
67 103
67 109
67 110
67 126
67 130
67 133
67 141
67 142
68 70
68 72
68 78
68 79
68 81
68 94
68 99
68 102
68 103
68 105
68 112
68 115
68 118
68 122
68 124
68 127
68 147
69 74
69 80
69 90
69 98
69 111
69 112
69 121
69 123
69 126
69 127
69 128
69 129
69 143
69 144
69 148
70 76
70 83
70 87
70 95
70 96
70 115
70 128
70 132
70 138
70 141
70 146
70 148
71 74
71 76
71 80
71 83
71 84
71 94
71 95
71 99
71 110
71 111
71 116
71 121
71 130
71 131
71 139
71 147
72 73
72 74
72 77
72 81
72 88
72 93
72 98
72 103
72 106
72 109
72 113
72 115
72 117
72 120
72 128
72 131
72 136
72 138
73 77
73 79
73 81
73 84
73 89
73 100
73 107
73 110
73 113
73 117
73 122
73 127
73 131
73 133
73 136
73 137
73 139
73 145
73 147
74 75
74 77
74 80
74 82
74 90
74 94
74 95
74 103
74 104
74 106
74 110
74 116
74 122
74 137
75 81
75 82
75 83
75 86
75 93
75 95
75 98
75 108
75 110
75 112
75 115
75 116
75 120
75 122
75 128
75 130
75 135
75 139
75 147
76 77
76 79
76 80
76 83
76 87
76 88
76 98
76 106
76 108
76 110
76 112
76 117
76 118
76 122
76 128
76 140
77 86
77 89
77 91
77 94
77 104
77 106
77 113
77 121
77 127
77 128
77 142
77 148
77 149
78 81
78 84
78 88
78 94
78 97
78 99
78 102
78 104
78 106
78 110
78 112
78 122
78 127
78 132
78 141
78 144
78 146
78 149
79 81
79 84
79 96
79 103
79 104
79 107
79 109
79 111
79 120
79 123
79 130
79 131
79 139
79 143
79 149
80 82
80 84
80 88
80 95
80 99
80 104
80 107
80 119
80 124
80 132
80 141
80 147
81 84
81 96
81 99
81 108
81 110
81 114
81 122
81 123
81 137
81 144
81 149
82 84
82 91
82 103
82 109
82 110
82 119
82 120
82 122
82 132
82 143
83 92
83 94
83 108
83 114
83 117
83 123
83 124
83 143
83 145
83 148
84 95
84 103
84 124
84 130
84 137
84 138
84 141
84 148
85 92
85 96
85 101
85 107
85 111
85 112
85 114
85 117
85 119
85 132
85 135
85 145
85 147
86 95
86 96
86 99
86 100
86 101
86 103
86 108
86 111
86 115
86 117
86 126
86 131
86 139
86 141
86 142
87 101
87 102
87 108
87 110
87 111
87 117
87 118
87 128
87 133
87 134
87 136
88 89
88 94
88 95
88 97
88 100
88 104
88 109
88 116
88 134
88 140
89 93
89 97
89 102
89 103
89 115
89 117
89 124
89 125
89 126
89 139
89 141
90 94
90 112
90 119
90 122
90 125
90 126
90 127
90 132
90 143
91 93
91 101
91 104
91 105
91 112
91 120
91 123
91 126
91 129
91 130
91 133
91 134
91 136
91 142
92 95
92 96
92 103
92 107
92 112
92 120
92 122
92 135
92 142
92 144
92 148
93 100
93 106
93 119
93 124
93 125
93 141
94 100
94 107
94 109
94 112
94 114
94 116
94 118
94 119
94 122
94 127
94 132
94 133
94 135
94 137
94 141
95 96
95 98
95 99
95 102
95 128
95 138
95 140
95 141
95 143
95 146
96 102
96 103
96 110
96 117
96 124
96 125
96 133
96 141
96 146
96 147
97 116
97 117
97 119
97 123
97 130
97 131
97 135
97 136
97 139
97 145
97 146
98 99
98 100
98 106
98 110
98 130
98 131
98 135
98 139
98 142
98 145
98 146
98 148
99 105
99 111
99 117
99 120
99 124
99 135
99 138
99 139
99 140
99 141
99 144
99 145
100 102
100 104
100 108
100 109
100 114
100 119
100 130
100 135
100 136
100 147
100 149
101 108
101 109
101 111
101 121
101 127
101 134
101 136
101 139
101 143
101 145
101 148
102 110
102 115
102 119
102 124
102 134
102 140
102 146
103 104
103 105
103 106
103 107
103 109
103 110
103 116
103 124
103 127
103 128
103 130
103 136
103 137
103 139
104 108
104 121
104 127
105 111
105 114
105 117
105 118
105 122
105 124
105 127
105 130
105 134
105 135
105 136
105 138
105 139
105 149
106 110
106 112
106 120
106 126
106 127
106 128
106 129
106 147
106 148
106 149
107 108
107 109
107 111
107 116
107 121
107 123
107 130
107 133
107 137
107 138
108 110
108 111
108 116
108 118
108 119
108 122
108 123
108 124
108 130
108 135
108 142
108 144
108 148
109 115
109 123
109 125
109 126
109 133
109 138
109 141
109 142
110 124
110 128
110 130
110 139
110 142
110 145
110 149
111 112
111 115
111 123
111 125
111 128
111 141
111 145
111 147
111 148
112 120
112 123
112 131
112 139
112 140
113 115
113 121
113 122
113 123
113 128
113 131
113 135
113 136
113 140
113 145
114 115
114 127
114 144
114 146
114 147
115 120
115 126
115 130
115 136
115 143
115 148
116 119
116 123
116 125
116 138
116 149
117 124
117 127
117 129
117 131
117 133
117 138
117 139
117 140
117 145
117 148
117 149
118 120
118 122
118 123
118 127
118 128
118 137
118 143
118 145
119 121
119 131
119 134
119 137
119 140
119 147
120 132
120 136
120 144
121 130
121 131
121 134
121 139
121 143
122 125
122 130
122 131
122 139
122 140
122 143
123 126
123 136
123 141
123 149
124 128
124 129
124 132
124 134
124 146
125 133
125 135
126 129
126 136
126 138
126 141
126 147
127 128
127 136
127 137
127 139
127 140
128 129
128 132
128 136
128 144
128 146
128 149
129 130
129 135
129 137
129 145
129 148
130 131
130 135
130 138
130 143
130 146
131 132
131 135
131 136
131 137
132 136
132 137
132 138
132 147
133 137
133 145
133 149
134 135
134 146
135 144
135 146
136 137
136 142
136 147
137 149
138 140
138 142
138 144
139 143
139 145
139 147
141 148
142 145
142 148
143 145
143 147
145 147
145 149
146 148

1 0 1 1 0 1 0 0 0 1 1 0 0 1 1 0 0 1 1 1 0 0 0 1 1 0 1 1 0 1 1 0 0 1 0 1 1 1 1 0 0 0 1 1 0 1 0 1 1 0 0 0 1 0 0 1 1 1 0 1 1 0 1 0 1 0 0 0 1 1 1 0 0 1 1 0 0 1 1 0 0 1 1 0 1 1 0 0 1 0 0 0 0 1 1 0 1 1 0 0 0 0 0 1 1 1 0 1 1 1 1 1 0 0 1 0 1 0 1 0 1 1 0 1 0 0 0 1 1 0 1 0 0 0 1 0 0 0 1 0 1 0 0 1 1 0 1 0 0 1