200 1928
0 1 2 3 4 5 6 7 8 9 10 11 12 13 14 15 16 17 18 19 20 21 22 23 24 25 26 27 28 29 30 31 32 33 34 35 36 37 38 39 40 41 42 43 44 45 46 47 48 49 50 51 52 53 54 55 56 57 58 59 60 61 62 63 64 65 66 67 68 69 70 71 72 73 74 75 76 77 78 79 80 81 82 83 84 85 86 87 88 89 90 91 92 93 94 95 96 97 98 99 100 101 102 103 104 105 106 107 108 109 110 111 112 113 114 115 116 117 118 119 120 121 122 123 124 125 126 127 128 129 130 131 132 133 134 135 136 137 138 139 140 141 142 143 144 145 146 147 148 149 150 151 152 153 154 155 156 157 158 159 160 161 162 163 164 165 166 167 168 169 170 171 172 173 174 175 176 177 178 179 180 181 182 183 184 185 186 187 188 189 190 191 192 193 194 195 196 197 198 199
0 8
0 12
0 19
0 29
0 42
0 66
0 69
0 98
0 125
0 136
0 143
0 149
0 154
0 174
0 195
1 2
1 3
1 15
1 32
1 35
1 39
1 45
1 64
1 67
1 72
1 75
1 82
1 87
1 99
1 106
1 114
1 115
1 122
1 123
1 129
1 136
1 139
1 146
1 151
1 156
1 178
1 185
2 3
2 31
2 37
2 48
2 53
2 56
2 68
2 72
2 77
2 93
2 95
2 162
2 164
2 187
2 194
3 7
3 9
3 16
3 26
3 52
3 55
3 84
3 94
3 97
3 110
3 143
3 147
3 149
3 150
3 156
3 157
3 174
3 185
3 190
3 191
4 15
4 33
4 51
4 52
4 68
4 69
4 71
4 77
4 126
4 133
4 135
4 141
4 146
4 161
4 167
5 10
5 11
5 56
5 83
5 85
5 104
5 105
5 109
5 112
5 121
5 138
5 156
5 158
5 160
5 192
5 194
5 195
5 196
6 14
6 18
6 25
6 29
6 51
6 62
6 68
6 72
6 74
6 120
6 125
6 130
6 133
6 137
6 143
6 163
6 190
6 196
7 10
7 13
7 19
7 20
7 36
7 47
7 68
7 72
7 77
7 89
7 91
7 95
7 98
7 111
7 118
7 128
7 135
7 139
7 146
7 170
7 173
7 178
7 182
7 183
7 199
8 10
8 25
8 29
8 32
8 45
8 59
8 61
8 87
8 88
8 95
8 102
8 103
8 105
8 132
8 160
8 171
8 174
8 185
8 189
8 190
9 14
9 20
9 27
9 29
9 47
9 70
9 98
9 100
9 108
9 112
9 113
9 116
9 124
9 147
9 149
9 166
9 171
9 174
9 185
9 186
9 187
9 198
10 13
10 14
10 16
10 31
10 36
10 39
10 40
10 50
10 71
10 73
10 85
10 105
10 112
10 120
10 127
10 142
10 175
10 179
10 182
10 188
10 194
11 30
11 58
11 67
11 79
11 91
11 93
11 100
11 105
11 109
11 113
11 126
11 127
11 136
11 148
11 171
11 179
11 184
11 185
11 197
12 21
12 27
12 34
12 61
12 77
12 92
12 94
12 106
12 117
12 123
12 125
12 127
12 141
12 143
12 144
12 148
12 149
12 158
12 168
12 177
12 183
12 188
12 189
12 191
13 16
13 20
13 38
13 41
13 52
13 60
13 78
13 97
13 122
13 131
13 132
13 138
13 147
13 154
13 157
13 159
13 177
13 181
13 197
14 58
14 60
14 73
14 93
14 105
14 106
14 115
14 117
14 120
14 130
14 133
14 134
14 148
14 160
14 161
14 165
14 173
14 189
14 193
14 198
15 21
15 22
15 70
15 72
15 73
15 96
15 106
15 109
15 114
15 124
15 128
15 129
15 142
15 165
15 175
15 189
16 25
16 54
16 66
16 77
16 100
16 121
16 132
16 154
16 171
16 173
16 180
17 37
17 39
17 40
17 45
17 61
17 79
17 95
17 126
17 131
17 155
17 169
17 193
17 197
18 27
18 30
18 31
18 39
18 46
18 47
18 59
18 67
18 78
18 88
18 96
18 112
18 130
18 136
18 137
18 169
18 179
19 42
19 49
19 81
19 113
19 121
19 123
19 152
19 178
19 195
20 40
20 46
20 53
20 64
20 108
20 110
20 113
20 117
20 142
20 146
20 150
20 154
20 179
20 187
20 188
20 199
21 36
21 52
21 60
21 78
21 84
21 107
21 108
21 118
21 120
21 142
21 145
21 147
21 159
21 164
21 173
21 177
21 178
21 180
21 187
21 198
22 26
22 33
22 65
22 76
22 80
22 84
22 86
22 97
22 116
22 125
22 132
22 154
22 160
22 163
23 27
23 31
23 45
23 59
23 62
23 75
23 103
23 105
23 111
23 115
23 128
23 129
23 179
23 187
23 192
24 40
24 42
24 43
24 44
24 54
24 68
24 90
24 101
24 107
24 109
24 134
24 141
24 147
24 156
24 161
24 171
24 176
25 32
25 34
25 40
25 58
25 67
25 75
25 80
25 83
25 86
25 114
25 125
25 145
25 151
25 152
25 154
25 171
25 177
25 180
26 28
26 33
26 35
26 45
26 57
26 60
26 64
26 87
26 89
26 102
26 112
26 113
26 115
26 136
26 145
26 147
26 155
26 170
26 185
26 187
26 199
27 28
27 56
27 64
27 65
27 82
27 108
27 118
27 152
27 189
28 29
28 41
28 69
28 75
28 101
28 110
28 112
28 115
28 118
28 127
28 145
28 149
28 167
28 174
28 177
28 179
28 180
28 189
28 195
29 34
29 48
29 57
29 67
29 85
29 86
29 104
29 105
29 121
29 127
29 129
29 131
29 132
29 167
29 171
29 184
29 187
29 191
30 37
30 38
30 48
30 57
30 78
30 84
30 92
30 96
30 107
30 113
30 117
30 126
30 131
30 138
30 141
30 147
30 153
30 157
30 174
30 182
31 34
31 38
31 58
31 63
31 65
31 97
31 101
31 109
31 114
31 115
31 120
31 123
31 144
31 159
31 171
31 177
31 188
31 196
32 33
32 37
32 39
32 45
32 57
32 61
32 64
32 65
32 83
32 88
32 99
32 103
32 104
32 114
32 118
32 131
32 133
32 136
32 146
32 161
32 187
32 194
33 42
33 50
33 58
33 70
33 87
33 95
33 96
33 100
33 114
33 116
33 119
33 121
33 124
33 139
33 141
33 150
33 176
33 186
33 195
33 199
34 44
34 49
34 55
34 58
34 61
34 88
34 103
34 118
34 140
34 160
34 161
34 169
34 183
34 186
34 188
35 44
35 50
35 87
35 99
35 107
35 109
35 118
35 119
35 125
35 130
35 148
35 172
35 196
35 197
36 37
36 68
36 73
36 76
36 100
36 102
36 148
36 157
36 172
37 44
37 48
37 59
37 62
37 75
37 83
37 94
37 104
37 109
37 120
37 198
38 41
38 47
38 48
38 49
38 56
38 62
38 63
38 66
38 69
38 101
38 106
38 109
38 117
38 121
38 127
38 130
38 149
38 160
38 173
38 181
38 189
38 191
38 196
38 199
39 47
39 55
39 91
39 92
39 124
39 125
39 138
39 145
39 148
39 159
39 162
39 172
39 178
39 184
40 49
40 60
40 80
40 89
40 92
40 93
40 152
40 153
40 155
40 160
40 170
40 187
40 192
40 197
41 49
41 53
41 57
41 89
41 114
41 133
41 184
42 60
42 72
42 82
42 97
42 122
42 125
42 128
42 129
42 146
42 150
42 155
42 163
42 173
42 175
42 181
42 195
43 45
43 49
43 51
43 54
43 55
43 56
43 79
43 82
43 89
43 92
43 101
43 112
43 118
43 128
44 67
44 78
44 83
44 85
44 88
44 102
44 114
44 138
44 141
44 146
44 157
44 161
44 163
44 175
44 185
44 191
44 192
45 48
45 63
45 66
45 77
45 91
45 107
45 110
45 111
45 112
45 133
45 136
45 163
45 179
45 189
45 190
46 59
46 65
46 69
46 78
46 87
46 97
46 107
46 109
46 114
46 120
46 148
46 158
46 160
46 161
46 163
46 179
46 180
46 185
47 69
47 92
47 104
47 120
47 126
47 136
47 153
47 177
47 187
47 196
48 51
48 63
48 64
48 72
48 82
48 92
48 99
48 101
48 104
48 107
48 114
48 127
48 141
48 142
48 170
48 180
49 78
49 80
49 86
49 106
49 109
49 120
49 139
49 143
49 149
49 151
49 157
49 167
49 171
50 81
50 84
50 97
50 124
50 144
50 152
50 157
50 161
50 168
50 170
50 177
50 181
50 189
51 79
51 90
51 107
51 109
51 120
51 122
51 139
51 145
51 169
51 191
52 55
52 75
52 101
52 108
52 110
52 115
52 116
52 118
52 125
52 140
52 152
52 153
52 173
52 178
53 69
53 95
53 99
53 130
53 132
53 142
53 148
53 150
53 154
53 155
53 158
53 173
53 187
54 67
54 88
54 108
54 131
54 133
54 152
54 160
54 161
54 189
54 196
55 58
55 74
55 83
55 86
55 95
55 101
55 122
55 125
55 131
55 133
55 134
55 136
55 159
55 162
55 181
55 188
55 191
55 192
56 63
56 68
56 69
56 70
56 71
56 72
56 108
56 112
56 113
56 122
56 130
56 136
56 159
56 171
56 173
56 175
56 197
57 62
57 87
57 95
57 97
57 101
57 106
57 120
57 154
57 159
57 164
57 175
57 179
58 63
58 71
58 98
58 99
58 103
58 127
58 148
58 187
59 70
59 82
59 125
59 126
59 139
59 145
59 150
59 153
59 163
59 175
59 194
60 62
60 67
60 78
60 79
60 81
60 91
60 95
60 119
60 123
60 124
60 133
60 139
60 160
60 180
60 183
60 196
60 198
61 65
61 81
61 83
61 87
61 91
61 109
61 123
61 125
61 134
61 137
61 169
61 174
61 182
61 185
61 190
62 95
62 102
62 131
62 143
62 149
62 156
62 161
62 177
62 183
62 192
63 70
63 80
63 98
63 100
63 107
63 113
63 129
63 131
63 134
63 141
63 153
63 158
63 159
63 168
63 191
63 192
63 194
64 71
64 72
64 80
64 94
64 110
64 112
64 114
64 117
64 147
64 163
64 167
64 171
64 190
64 197
65 78
65 83
65 92
65 131
65 148
65 163
65 178
65 181
65 196
66 69
66 70
66 84
66 109
66 118
66 124
66 147
66 162
66 176
66 188
67 75
67 80
67 83
67 87
67 88
67 93
67 96
67 128
67 130
67 170
68 79
68 80
68 82
68 88
68 98
68 103
68 115
68 117
68 121
68 165
68 176
68 198
69 90
69 99
69 129
69 169
69 173
69 174
70 92
70 143
70 149
70 156
70 160
70 194
71 88
71 91
71 101
71 118
71 120
71 124
71 130
71 155
71 156
71 162
71 183
71 186
71 191
72 75
72 81
72 92
72 95
72 119
72 142
72 145
72 151
72 171
72 172
72 195
73 78
73 94
73 95
73 103
73 104
73 107
73 115
73 128
73 163
73 167
73 194
74 80
74 90
74 94
74 98
74 105
74 111
74 114
74 120
74 129
74 148
74 161
74 181
74 189
74 193
75 84
75 89
75 91
75 93
75 106
75 141
75 147
75 162
75 166
75 179
75 180
75 185
75 187
75 190
75 192
75 196
76 79
76 85
76 118
76 130
76 133
76 139
76 147
76 152
76 154
76 161
76 172
76 174
76 178
76 180
76 185
76 186
76 191
76 196
77 100
77 106
77 108
77 118
77 120
77 132
77 143
77 151
77 162
77 171
77 198
78 113
78 121
78 140
78 151
78 189
78 199
79 86
79 90
79 91
79 101
79 112
79 120
79 127
79 130
79 139
79 143
79 150
79 155
79 161
79 162
79 179
79 189
80 83
80 101
80 102
80 125
80 132
80 133
80 137
80 152
80 153
80 155
80 166
80 173
80 194
81 92
81 103
81 123
81 141
81 155
81 167
81 169
81 180
81 182
81 185
82 90
82 94
82 103
82 117
82 129
82 131
82 140
82 144
82 148
82 150
82 175
82 178
82 197
83 84
83 85
83 101
83 126
83 136
83 197
84 98
84 105
84 106
84 110
84 115
84 137
84 147
84 152
84 160
84 168
84 180
84 192
85 100
85 108
85 115
85 118
85 123
85 134
85 137
85 138
85 145
85 147
85 150
85 158
85 164
85 170
85 175
85 179
85 181
85 194
85 196
86 87
86 96
86 97
86 98
86 109
86 119
86 151
86 161
86 163
86 169
86 176
86 190
86 192
86 194
87 98
87 105
87 118
87 145
87 146
87 154
87 161
87 167
87 170
87 171
88 90
88 101
88 108
88 131
88 132
88 134
88 146
88 151
88 153
89 95
89 96
89 106
89 130
89 132
89 134
89 160
89 166
89 188
90 91
90 102
90 111
90 124
90 126
90 127
90 130
90 145
90 152
90 155
90 161
90 168
90 170
90 183
90 191
90 196
91 92
91 94
91 106
91 113
91 115
91 116
91 126
91 147
91 161
91 168
91 171
91 183
91 195
92 107
92 116
92 119
92 127
92 130
92 161
92 162
92 168
92 180
92 186
92 190
92 192
93 100
93 101
93 115
93 117
93 130
93 133
93 135
93 138
93 154
93 161
93 162
93 174
93 191
93 193
93 195
94 98
94 106
94 121
94 145
94 152
94 155
94 194
94 195
95 113
95 115
95 130
95 137
95 138
95 147
95 149
95 153
95 157
95 179
95 193
96 100
96 101
96 123
96 147
96 153
96 168
96 174
96 176
96 194
96 197
97 108
97 124
97 125
97 129
97 150
97 156
97 168
97 175
97 179
97 185
97 187
97 189
97 191
97 194
98 104
98 106
98 121
98 145
98 151
98 159
98 163
98 172
98 175
98 183
99 112
99 118
99 129
99 136
99 152
99 155
99 161
99 190
100 102
100 132
100 144
100 161
100 170
100 185
100 190
101 106
101 109
101 151
101 152
101 155
101 169
101 177
101 183
101 187
101 188
102 104
102 137
102 138
102 151
102 157
102 164
102 174
102 175
102 185
102 194
103 112
103 121
103 128
103 131
103 133
103 147
103 154
103 159
103 169
103 173
103 175
103 177
103 184
103 188
103 191
104 114
104 129
104 134
104 139
104 162
104 169
104 186
105 116
105 119
105 124
105 135
105 151
105 158
105 160
105 166
105 169
105 170
105 182
105 186
106 136
106 143
106 153
106 191
107 110
107 147
107 158
107 173
108 117
108 120
108 123
108 133
108 135
108 136
108 140
108 147
108 149
108 154
108 164
108 175
108 183
108 185
108 188
108 194
108 196
108 197
109 113
109 117
109 135
109 142
109 149
109 155
109 163
109 172
110 111
110 114
110 132
110 139
110 143
110 144
110 161
110 163
110 168
110 172
111 133
111 135
111 140
111 151
111 152
111 153
111 160
111 171
111 188
111 189
111 190
112 133
112 151
112 157
112 159
112 170
112 178
112 180
112 194
112 198
113 125
113 136
113 139
113 143
113 155
113 160
113 183
113 187
114 123
114 125
114 162
114 166
114 167
114 169
114 175
114 183
114 184
114 191
114 198
115 117
115 118
115 155
115 180
115 196
115 197
116 124
116 151
116 152
116 155
116 176
117 119
117 125
117 130
117 136
117 141
117 153
117 168
117 170
117 184
117 186
117 199
118 130
118 133
118 139
118 149
118 186
118 190
118 192
118 196
118 197
119 123
119 125
119 133
119 135
119 144
119 148
119 151
119 158
119 168
120 135
120 139
120 154
120 155
120 160
120 163
120 170
120 172
120 175
120 180
120 182
120 190
120 192
121 135
121 143
121 159
121 182
121 184
121 188
122 138
122 141
122 164
122 177
122 182
122 184
123 130
123 134
123 137
123 139
123 144
123 158
123 166
123 177
123 182
123 187
124 137
124 146
124 149
124 155
124 163
124 166
124 168
124 182
124 192
124 196
125 129
125 130
125 132
125 144
125 160
125 162
125 168
125 182
125 185
126 129
126 138
126 151
126 160
126 174
127 130
127 132
127 135
127 152
127 172
127 180
127 198
128 134
128 140
128 142
128 154
128 156
128 157
128 162
128 174
128 178
128 180
129 151
129 183
130 131
130 135
130 150
130 176
131 148
131 179
131 180
131 190
132 133
132 153
132 176
132 181
132 183
132 188
133 136
133 152
133 158
133 168
133 177
133 180
133 186
133 198
134 138
134 154
134 176
134 178
135 136
135 153
135 169
135 182
135 198
136 154
136 170
136 195
137 140
137 141
137 145
137 148
137 156
137 159
137 175
137 179
137 198
138 140
138 149
138 152
138 165
138 166
138 168
138 190
139 153
139 158
139 177
139 187
140 141
140 153
140 163
140 174
140 176
140 178
140 180
140 185
141 156
141 159
141 173
141 177
141 178
141 181
141 185
142 148
142 155
142 173
142 176
142 188
143 148
143 151
143 154
143 155
143 165
143 180
143 190
144 151
144 155
144 165
144 166
144 173
144 197
145 152
145 161
145 186
145 191
145 198
146 158
146 180
146 190
146 191
146 199
147 148
147 151
147 171
147 191
147 194
148 153
148 155
149 151
149 155
149 161
149 186
149 190
150 169
150 188
150 189
151 157
151 180
151 187
151 189
151 197
152 176
152 178
152 192
153 166
153 171
153 173
153 187
153 190
153 194
154 162
154 183
154 195
155 168
155 170
155 176
155 184
155 193
155 194
156 160
156 185
156 194
157 167
157 170
157 175
157 177
157 183
158 165
158 169
159 167
159 171
159 175
159 178
159 185
160 163
160 170
160 173
160 182
160 184
161 175
161 176
161 187
162 165
162 167
162 183
162 192
163 170
163 176
163 186
163 188
164 173
164 190
164 193
164 196
165 167
165 172
165 180
165 182
166 176
166 178
167 173
167 191
168 177
168 185
168 186
169 198
170 178
171 175
171 176
171 177
171 181
171 195
172 175
172 181
172 190
172 196
173 186
173 191
174 175
174 195
175 176
175 179
175 180
175 181
175 192
175 194
178 185
178 189
178 196
179 190
180 183
180 185
180 193
182 183
182 186
182 187
182 194
184 194
186 188
186 189
187 196
188 190
189 199
190 197
191 199
192 195
192 198
192 199
193 195
193 197
194 197
197 198

1 0 1 1 1 1 1 0 1 0 0 1 0 1 1 0 1 0 0 1 1 0 0 0 0 0 0 1 1 1 0 0 0 1 0 1 0 1 0 0 1 0 0 1 0 1 0 1 1 0 1 1 1 0 1 0 0 1 0 1 1 1 1 0 1 1 0 1 0 1 0 1 0 0 1 0 0 0 1 1 0 1 1 1 1 0 0 1 0 0 0 0 0 0 0 0 1 0 0 1 1 0 0 1 0 1 1 1 1 1 1 0 1 1 1 1 0 0 0 1 0 1 0 1 1 1 0 0 1 1 1 0 0 1 1 0 0 0 0 0 0 0 1 0 0 1 1 0 0 1 0 1 1 0 0 1 1 1 0 1 0 1 0 0 1 0 1 0 0 0 1 0 1 1 1 0 0 1 1 1 1 1 1 0 0 0 0 1 0 1 0 1 0 1 0 0 0 1 1 1