200 10030
0 1 2 3 4 5 6 7 8 9 10 11 12 13 14 15 16 17 18 19 20 21 22 23 24 25 26 27 28 29 30 31 32 33 34 35 36 37 38 39 40 41 42 43 44 45 46 47 48 49 50 51 52 53 54 55 56 57 58 59 60 61 62 63 64 65 66 67 68 69 70 71 72 73 74 75 76 77 78 79 80 81 82 83 84 85 86 87 88 89 90 91 92 93 94 95 96 97 98 99 100 101 102 103 104 105 106 107 108 109 110 111 112 113 114 115 116 117 118 119 120 121 122 123 124 125 126 127 128 129 130 131 132 133 134 135 136 137 138 139 140 141 142 143 144 145 146 147 148 149 150 151 152 153 154 155 156 157 158 159 160 161 162 163 164 165 166 167 168 169 170 171 172 173 174 175 176 177 178 179 180 181 182 183 184 185 186 187 188 189 190 191 192 193 194 195 196 197 198 199
0 1
0 4
0 6
0 10
0 12
0 13
0 14
0 17
0 19
0 21
0 22
0 24
0 26
0 30
0 32
0 33
0 35
0 37
0 38
0 41
0 44
0 47
0 48
0 49
0 51
0 55
0 56
0 57
0 58
0 59
0 61
0 66
0 67
0 69
0 70
0 75
0 77
0 79
0 81
0 91
0 93
0 98
0 99
0 101
0 102
0 105
0 109
0 115
0 118
0 121
0 124
0 125
0 126
0 127
0 129
0 130
0 131
0 133
0 135
0 139
0 142
0 143
0 144
0 147
0 148
0 152
0 155
0 156
0 157
0 159
0 161
0 162
0 163
0 165
0 167
0 168
0 169
0 170
0 171
0 172
0 176
0 177
0 180
0 181
0 186
0 189
0 190
0 195
0 196
0 198
0 199
1 2
1 4
1 13
1 16
1 17
1 18
1 19
1 21
1 22
1 23
1 26
1 28
1 29
1 30
1 35
1 36
1 37
1 39
1 43
1 45
1 49
1 54
1 56
1 57
1 58
1 59
1 61
1 63
1 64
1 65
1 69
1 70
1 75
1 76
1 77
1 80
1 82
1 83
1 84
1 86
1 89
1 90
1 92
1 96
1 97
1 98
1 100
1 101
1 102
1 103
1 105
1 106
1 108
1 111
1 113
1 114
1 115
1 118
1 119
1 122
1 126
1 127
1 128
1 130
1 131
1 134
1 136
1 137
1 140
1 141
1 142
1 143
1 144
1 145
1 146
1 147
1 148
1 149
1 151
1 160
1 161
1 163
1 164
1 166
1 167
1 169
1 172
1 173
1 174
1 175
1 180
1 184
1 185
1 186
1 187
1 188
1 190
1 191
1 192
1 194
1 196
1 198
2 5
2 6
2 8
2 9
2 10
2 11
2 15
2 16
2 17
2 18
2 20
2 21
2 23
2 25
2 29
2 30
2 33
2 34
2 35
2 37
2 46
2 48
2 50
2 54
2 55
2 58
2 60
2 62
2 63
2 64
2 65
2 66
2 67
2 68
2 72
2 73
2 75
2 76
2 77
2 79
2 84
2 85
2 87
2 88
2 89
2 90
2 92
2 94
2 95
2 103
2 104
2 105
2 106
2 107
2 108
2 110
2 112
2 113
2 114
2 115
2 116
2 118
2 119
2 120
2 125
2 126
2 127
2 128
2 132
2 134
2 136
2 137
2 138
2 139
2 140
2 141
2 143
2 147
2 152
2 155
2 156
2 158
2 163
2 164
2 165
2 166
2 168
2 169
2 173
2 175
2 176
2 178
2 180
2 181
2 184
2 186
2 187
2 188
2 189
2 190
2 193
2 195
2 196
2 198
3 6
3 10
3 14
3 15
3 17
3 19
3 24
3 25
3 27
3 29
3 30
3 32
3 34
3 36
3 37
3 38
3 39
3 41
3 43
3 44
3 46
3 48
3 49
3 51
3 53
3 54
3 58
3 59
3 61
3 64
3 65
3 66
3 67
3 68
3 69
3 71
3 72
3 73
3 78
3 80
3 81
3 82
3 86
3 92
3 93
3 95
3 96
3 98
3 99
3 100
3 102
3 103
3 106
3 110
3 114
3 116
3 118
3 119
3 121
3 123
3 124
3 125
3 131
3 132
3 134
3 135
3 137
3 138
3 140
3 143
3 144
3 145
3 146
3 147
3 148
3 151
3 160
3 163
3 165
3 166
3 167
3 168
3 172
3 173
3 177
3 181
3 182
3 183
3 184
3 187
3 190
3 191
3 194
3 196
4 5
4 6
4 8
4 9
4 10
4 11
4 14
4 16
4 19
4 21
4 22
4 24
4 27
4 34
4 39
4 40
4 41
4 42
4 44
4 45
4 46
4 47
4 48
4 50
4 51
4 54
4 55
4 56
4 57
4 58
4 61
4 64
4 67
4 68
4 69
4 72
4 74
4 75
4 77
4 78
4 84
4 86
4 90
4 93
4 97
4 99
4 100
4 105
4 107
4 110
4 111
4 112
4 114
4 115
4 119
4 121
4 122
4 124
4 126
4 128
4 131
4 133
4 134
4 135
4 136
4 137
4 138
4 143
4 144
4 149
4 152
4 153
4 154
4 155
4 156
4 157
4 165
4 166
4 168
4 172
4 173
4 174
4 176
4 182
4 185
4 187
4 188
4 190
4 191
4 193
4 195
4 197
4 198
5 6
5 9
5 10
5 11
5 12
5 16
5 17
5 18
5 20
5 21
5 23
5 26
5 33
5 35
5 37
5 39
5 42
5 43
5 45
5 46
5 47
5 48
5 49
5 50
5 52
5 53
5 56
5 57
5 58
5 59
5 60
5 61
5 63
5 66
5 70
5 76
5 79
5 82
5 83
5 85
5 90
5 93
5 96
5 98
5 99
5 102
5 104
5 105
5 106
5 107
5 108
5 112
5 113
5 114
5 117
5 120
5 122
5 123
5 124
5 126
5 127
5 128
5 134
5 137
5 138
5 140
5 141
5 143
5 144
5 145
5 146
5 148
5 149
5 155
5 156
5 157
5 158
5 159
5 161
5 163
5 164
5 166
5 167
5 170
5 171
5 173
5 174
5 177
5 180
5 181
5 182
5 183
5 184
5 185
5 186
5 187
5 188
5 191
5 193
5 194
5 196
5 197
6 11
6 12
6 18
6 20
6 21
6 22
6 23
6 28
6 30
6 33
6 34
6 36
6 39
6 40
6 41
6 42
6 46
6 47
6 48
6 50
6 53
6 55
6 59
6 61
6 62
6 63
6 64
6 68
6 70
6 71
6 74
6 75
6 76
6 78
6 81
6 82
6 84
6 85
6 86
6 87
6 88
6 89
6 92
6 95
6 96
6 97
6 98
6 102
6 105
6 108
6 109
6 111
6 113
6 114
6 117
6 118
6 121
6 123
6 126
6 127
6 130
6 131
6 132
6 134
6 136
6 137
6 138
6 139
6 140
6 141
6 143
6 146
6 147
6 148
6 149
6 150
6 151
6 153
6 156
6 158
6 159
6 160
6 162
6 164
6 165
6 167
6 170
6 171
6 174
6 175
6 176
6 177
6 179
6 180
6 181
6 182
6 184
6 185
6 186
6 191
6 192
6 193
6 194
6 195
6 196
6 198
7 9
7 10
7 13
7 14
7 15
7 16
7 17
7 18
7 19
7 20
7 21
7 22
7 24
7 26
7 27
7 28
7 32
7 34
7 37
7 41
7 44
7 47
7 51
7 53
7 55
7 61
7 62
7 64
7 66
7 68
7 69
7 71
7 72
7 73
7 75
7 78
7 79
7 80
7 83
7 84
7 85
7 86
7 87
7 88
7 89
7 92
7 94
7 96
7 98
7 101
7 102
7 108
7 109
7 111
7 113
7 115
7 116
7 119
7 120
7 124
7 128
7 129
7 130
7 132
7 134
7 136
7 141
7 143
7 144
7 145
7 148
7 149
7 152
7 156
7 161
7 164
7 165
7 166
7 167
7 170
7 171
7 173
7 177
7 178
7 180
7 181
7 182
7 184
7 186
7 188
7 190
7 191
7 192
7 193
7 195
7 197
8 9
8 11
8 12
8 14
8 16
8 17
8 18
8 21
8 24
8 25
8 30
8 33
8 34
8 40
8 43
8 44
8 48
8 49
8 50
8 51
8 53
8 54
8 55
8 56
8 57
8 58
8 59
8 61
8 62
8 63
8 64
8 67
8 68
8 69
8 71
8 72
8 76
8 83
8 86
8 87
8 88
8 89
8 91
8 98
8 99
8 100
8 102
8 107
8 108
8 110
8 112
8 117
8 118
8 119
8 123
8 125
8 127
8 131
8 137
8 138
8 140
8 142
8 143
8 144
8 146
8 147
8 149
8 151
8 152
8 157
8 159
8 160
8 161
8 162
8 163
8 165
8 166
8 167
8 168
8 171
8 172
8 173
8 176
8 177
8 178
8 180
8 181
8 183
8 184
8 185
8 187
8 188
8 189
8 190
8 191
8 192
8 193
8 194
8 195
8 199
9 10
9 11
9 12
9 13
9 14
9 17
9 18
9 19
9 23
9 24
9 25
9 27
9 29
9 30
9 33
9 34
9 35
9 36
9 37
9 40
9 42
9 45
9 50
9 51
9 52
9 53
9 55
9 57
9 59
9 60
9 61
9 62
9 63
9 64
9 66
9 68
9 70
9 71
9 72
9 73
9 75
9 76
9 77
9 80
9 81
9 82
9 86
9 88
9 93
9 94
9 97
9 98
9 100
9 101
9 103
9 104
9 105
9 109
9 111
9 113
9 114
9 115
9 116
9 117
9 118
9 125
9 135
9 138
9 139
9 143
9 147
9 151
9 154
9 155
9 157
9 163
9 164
9 165
9 167
9 169
9 173
9 175
9 177
9 179
9 180
9 181
9 183
9 184
9 186
9 188
9 189
9 191
9 194
9 195
9 197
9 198
10 12
10 13
10 15
10 16
10 17
10 19
10 21
10 24
10 31
10 32
10 33
10 35
10 36
10 37
10 38
10 44
10 47
10 49
10 53
10 54
10 61
10 62
10 64
10 65
10 66
10 68
10 71
10 72
10 73
10 74
10 78
10 84
10 86
10 87
10 88
10 91
10 93
10 95
10 96
10 98
10 100
10 104
10 107
10 109
10 111
10 112
10 115
10 119
10 120
10 121
10 125
10 126
10 127
10 128
10 129
10 130
10 131
10 134
10 139
10 140
10 142
10 143
10 145
10 147
10 149
10 150
10 152
10 153
10 155
10 156
10 157
10 158
10 171
10 172
10 173
10 174
10 176
10 177
10 178
10 182
10 184
10 189
10 191
10 192
10 194
10 195
10 199
11 16
11 17
11 18
11 19
11 24
11 27
11 30
11 31
11 34
11 35
11 38
11 40
11 41
11 43
11 44
11 45
11 46
11 49
11 51
11 52
11 54
11 55
11 58
11 59
11 60
11 62
11 66
11 68
11 71
11 72
11 75
11 76
11 78
11 83
11 84
11 85
11 88
11 89
11 92
11 93
11 94
11 96
11 98
11 101
11 104
11 107
11 110
11 111
11 114
11 115
11 116
11 118
11 120
11 121
11 123
11 124
11 126
11 130
11 131
11 132
11 134
11 136
11 137
11 144
11 147
11 153
11 155
11 156
11 157
11 160
11 161
11 162
11 163
11 164
11 166
11 167
11 169
11 170
11 171
11 172
11 175
11 176
11 177
11 178
11 179
11 181
11 182
11 185
11 186
11 189
11 190
11 191
11 194
11 197
12 13
12 15
12 16
12 21
12 22
12 24
12 25
12 27
12 35
12 38
12 40
12 44
12 45
12 46
12 53
12 57
12 59
12 60
12 61
12 63
12 64
12 66
12 67
12 69
12 72
12 73
12 75
12 77
12 79
12 81
12 82
12 83
12 84
12 86
12 87
12 88
12 92
12 93
12 95
12 99
12 103
12 104
12 107
12 110
12 112
12 117
12 119
12 122
12 123
12 126
12 127
12 131
12 132
12 134
12 135
12 136
12 138
12 139
12 140
12 144
12 148
12 149
12 153
12 155
12 156
12 157
12 158
12 161
12 162
12 163
12 164
12 168
12 169
12 175
12 176
12 177
12 179
12 182
12 187
12 189
12 191
12 192
12 193
12 194
12 196
12 197
12 198
13 18
13 19
13 20
13 24
13 25
13 26
13 28
13 32
13 37
13 38
13 39
13 46
13 47
13 48
13 49
13 50
13 51
13 54
13 56
13 57
13 61
13 63
13 67
13 69
13 70
13 71
13 73
13 74
13 75
13 78
13 81
13 83
13 85
13 87
13 90
13 93
13 97
13 98
13 100
13 101
13 102
13 103
13 104
13 105
13 106
13 108
13 109
13 110
13 111
13 114
13 116
13 117
13 120
13 122
13 125
13 127
13 128
13 132
13 135
13 138
13 141
13 143
13 144
13 146
13 150
13 157
13 161
13 162
13 165
13 168
13 169
13 170
13 171
13 172
13 174
13 175
13 176
13 177
13 178
13 180
13 181
13 182
13 189
13 193
13 198
14 16
14 17
14 19
14 23
14 24
14 28
14 30
14 32
14 33
14 35
14 36
14 40
14 44
14 45
14 54
14 55
14 57
14 60
14 61
14 62
14 65
14 67
14 68
14 69
14 71
14 72
14 73
14 75
14 78
14 81
14 84
14 85
14 88
14 89
14 90
14 91
14 97
14 98
14 99
14 100
14 101
14 103
14 107
14 108
14 114
14 115
14 117
14 120
14 121
14 122
14 125
14 126
14 127
14 131
14 133
14 134
14 135
14 136
14 137
14 140
14 141
14 146
14 147
14 148
14 149
14 150
14 151
14 152
14 153
14 154
14 155
14 162
14 164
14 167
14 168
14 169
14 171
14 173
14 174
14 175
14 176
14 179
14 180
14 182
14 184
14 187
14 189
14 192
14 193
14 194
14 196
14 197
15 16
15 18
15 20
15 22
15 24
15 25
15 26
15 27
15 29
15 31
15 32
15 34
15 35
15 36
15 38
15 39
15 40
15 41
15 43
15 44
15 45
15 49
15 50
15 51
15 55
15 56
15 58
15 64
15 65
15 66
15 67
15 68
15 69
15 71
15 75
15 81
15 83
15 86
15 87
15 88
15 89
15 93
15 95
15 96
15 97
15 103
15 104
15 105
15 106
15 107
15 108
15 114
15 115
15 116
15 118
15 119
15 120
15 123
15 124
15 125
15 126
15 127
15 129
15 132
15 134
15 135
15 138
15 141
15 142
15 143
15 144
15 145
15 146
15 147
15 148
15 150
15 157
15 158
15 160
15 162
15 163
15 165
15 166
15 168
15 169
15 172
15 173
15 174
15 176
15 177
15 179
15 181
15 187
15 188
15 189
15 190
15 192
15 194
15 197
16 18
16 19
16 20
16 27
16 29
16 30
16 31
16 32
16 33
16 34
16 35
16 36
16 37
16 38
16 40
16 44
16 45
16 46
16 48
16 49
16 50
16 51
16 52
16 55
16 56
16 57
16 58
16 60
16 61
16 62
16 65
16 66
16 67
16 69
16 70
16 71
16 74
16 75
16 77
16 80
16 82
16 85
16 86
16 89
16 90
16 92
16 94
16 95
16 96
16 97
16 100
16 103
16 104
16 106
16 115
16 117
16 118
16 119
16 120
16 122
16 123
16 124
16 125
16 127
16 129
16 130
16 132
16 135
16 136
16 138
16 139
16 142
16 147
16 149
16 150
16 154
16 156
16 158
16 161
16 162
16 163
16 164
16 165
16 166
16 168
16 169
16 170
16 172
16 173
16 178
16 179
16 181
16 182
16 183
16 184
16 186
16 188
16 189
16 192
16 193
16 194
16 195
16 197
16 198
16 199
17 20
17 23
17 25
17 31
17 33
17 34
17 37
17 39
17 40
17 41
17 44
17 47
17 49
17 53
17 54
17 57
17 58
17 59
17 60
17 61
17 62
17 63
17 65
17 66
17 71
17 73
17 75
17 76
17 77
17 78
17 79
17 81
17 84
17 86
17 87
17 89
17 90
17 91
17 93
17 94
17 95
17 96
17 98
17 102
17 103
17 104
17 106
17 107
17 108
17 111
17 112
17 113
17 115
17 117
17 118
17 122
17 125
17 126
17 128
17 129
17 132
17 133
17 134
17 138
17 139
17 142
17 145
17 147
17 148
17 152
17 153
17 154
17 156
17 159
17 160
17 162
17 163
17 164
17 166
17 168
17 170
17 172
17 176
17 177
17 179
17 181
17 182
17 186
17 188
17 189
17 190
17 191
17 192
17 195
17 197
17 198
18 21
18 24
18 25
18 32
18 33
18 36
18 38
18 41
18 43
18 46
18 49
18 50
18 53
18 55
18 57
18 58
18 63
18 67
18 69
18 70
18 72
18 73
18 77
18 80
18 81
18 82
18 85
18 88
18 91
18 92
18 93
18 95
18 98
18 103
18 104
18 106
18 109
18 110
18 115
18 117
18 118
18 120
18 122
18 124
18 126
18 128
18 129
18 131
18 133
18 135
18 137
18 140
18 141
18 142
18 145
18 146
18 147
18 148
18 150
18 153
18 154
18 155
18 158
18 163
18 165
18 167
18 169
18 170
18 174
18 175
18 176
18 178
18 179
18 181
18 184
18 185
18 186
18 187
18 189
18 190
18 192
18 195
18 199
19 21
19 23
19 25
19 27
19 31
19 33
19 34
19 35
19 36
19 37
19 38
19 41
19 42
19 47
19 49
19 51
19 52
19 54
19 58
19 59
19 60
19 63
19 64
19 65
19 66
19 68
19 73
19 74
19 77
19 78
19 79
19 80
19 83
19 85
19 87
19 88
19 90
19 91
19 95
19 98
19 99
19 103
19 104
19 105
19 110
19 112
19 116
19 117
19 118
19 119
19 121
19 122
19 126
19 129
19 130
19 132
19 134
19 137
19 139
19 141
19 142
19 146
19 148
19 149
19 152
19 153
19 156
19 158
19 164
19 167
19 168
19 169
19 173
19 174
19 175
19 177
19 178
19 180
19 182
19 183
19 184
19 186
19 191
19 192
19 195
19 197
19 198
20 21
20 22
20 24
20 25
20 29
20 31
20 33
20 34
20 35
20 36
20 37
20 42
20 46
20 52
20 54
20 56
20 58
20 59
20 62
20 63
20 65
20 67
20 68
20 75
20 79
20 80
20 81
20 84
20 85
20 86
20 89
20 90
20 91
20 92
20 96
20 97
20 98
20 102
20 104
20 105
20 106
20 108
20 109
20 111
20 112
20 113
20 114
20 115
20 116
20 117
20 118
20 119
20 124
20 125
20 127
20 128
20 129
20 133
20 134
20 138
20 139
20 143
20 144
20 145
20 146
20 147
20 150
20 154
20 155
20 156
20 157
20 159
20 160
20 161
20 163
20 164
20 171
20 172
20 173
20 174
20 176
20 177
20 179
20 180
20 181
20 182
20 183
20 184
20 186
20 187
20 189
20 191
20 192
20 193
20 194
20 196
20 197
20 198
20 199
21 23
21 25
21 28
21 29
21 30
21 31
21 39
21 40
21 41
21 42
21 43
21 45
21 46
21 51
21 52
21 53
21 56
21 59
21 61
21 65
21 68
21 69
21 71
21 73
21 75
21 76
21 80
21 81
21 83
21 87
21 88
21 93
21 95
21 99
21 100
21 102
21 103
21 104
21 105
21 106
21 110
21 111
21 115
21 117
21 118
21 120
21 122
21 124
21 125
21 126
21 127
21 130
21 132
21 133
21 134
21 135
21 136
21 137
21 140
21 141
21 142
21 144
21 148
21 153
21 158
21 159
21 161
21 162
21 163
21 168
21 169
21 170
21 172
21 173
21 174
21 177
21 178
21 181
21 183
21 184
21 185
21 186
21 187
21 188
21 189
21 192
21 193
21 194
21 195
21 198
21 199
22 30
22 31
22 32
22 37
22 40
22 41
22 43
22 44
22 45
22 49
22 50
22 52
22 53
22 55
22 58
22 60
22 63
22 64
22 65
22 66
22 67
22 69
22 75
22 76
22 77
22 78
22 79
22 81
22 83
22 84
22 85
22 88
22 89
22 90
22 91
22 94
22 95
22 97
22 98
22 99
22 101
22 103
22 104
22 105
22 107
22 108
22 109
22 111
22 113
22 116
22 119
22 120
22 125
22 129
22 130
22 133
22 136
22 137
22 138
22 143
22 148
22 149
22 150
22 153
22 157
22 159
22 161
22 163
22 164
22 165
22 166
22 172
22 174
22 176
22 178
22 180
22 181
22 183
22 186
22 188
22 190
22 191
22 192
22 195
22 196
22 197
23 28
23 31
23 32
23 33
23 35
23 36
23 40
23 41
23 42
23 43
23 50
23 51
23 55
23 58
23 60
23 61
23 63
23 64
23 65
23 66
23 71
23 75
23 76
23 78
23 79
23 80
23 81
23 82
23 83
23 85
23 86
23 88
23 89
23 90
23 91
23 95
23 96
23 97
23 99
23 101
23 102
23 105
23 107
23 108
23 113
23 114
23 115
23 116
23 118
23 119
23 120
23 121
23 124
23 125
23 126
23 132
23 133
23 138
23 142
23 143
23 145
23 147
23 149
23 152
23 155
23 160
23 165
23 169
23 172
23 173
23 174
23 175
23 182
23 183
23 187
23 189
23 190
23 197
23 198
24 25
24 26
24 28
24 29
24 30
24 33
24 34
24 40
24 42
24 43
24 45
24 53
24 54
24 55
24 56
24 58
24 62
24 65
24 66
24 68
24 71
24 73
24 75
24 77
24 83
24 85
24 89
24 90
24 91
24 92
24 93
24 96
24 97
24 98
24 99
24 100
24 101
24 102
24 104
24 105
24 106
24 108
24 111
24 113
24 116
24 117
24 118
24 122
24 123
24 124
24 127
24 128
24 135
24 136
24 141
24 142
24 144
24 145
24 147
24 148
24 149
24 150
24 151
24 153
24 159
24 160
24 162
24 163
24 164
24 166
24 171
24 172
24 174
24 175
24 176
24 178
24 179
24 181
24 184
24 185
24 186
24 189
24 191
24 193
24 194
24 197
25 26
25 27
25 28
25 29
25 30
25 32
25 33
25 34
25 39
25 41
25 48
25 49
25 52
25 53
25 54
25 55
25 57
25 58
25 61
25 68
25 69
25 70
25 74
25 75
25 76
25 78
25 80
25 81
25 82
25 83
25 88
25 89
25 90
25 93
25 94
25 95
25 97
25 101
25 102
25 103
25 107
25 112
25 114
25 115
25 116
25 118
25 120
25 121
25 122
25 123
25 124
25 126
25 127
25 128
25 129
25 130
25 136
25 145
25 146
25 147
25 150
25 151
25 154
25 155
25 159
25 163
25 165
25 167
25 169
25 172
25 173
25 174
25 175
25 176
25 180
25 182
25 184
25 185
25 187
25 188
25 189
25 191
25 192
25 194
25 195
25 199
26 27
26 28
26 32
26 34
26 35
26 36
26 39
26 43
26 46
26 48
26 49
26 50
26 51
26 52
26 54
26 55
26 56
26 58
26 60
26 62
26 65
26 67
26 71
26 73
26 75
26 79
26 80
26 81
26 83
26 85
26 90
26 91
26 92
26 93
26 97
26 99
26 105
26 111
26 113
26 115
26 116
26 117
26 119
26 120
26 121
26 125
26 126
26 130
26 132
26 135
26 136
26 137
26 138
26 141
26 145
26 148
26 149
26 150
26 151
26 152
26 153
26 156
26 157
26 159
26 160
26 167
26 168
26 169
26 170
26 172
26 173
26 174
26 175
26 176
26 177
26 180
26 182
26 184
26 186
26 192
26 197
26 199
27 28
27 29
27 30
27 37
27 39
27 44
27 45
27 47
27 49
27 50
27 56
27 58
27 59
27 64
27 66
27 67
27 69
27 70
27 71
27 72
27 73
27 74
27 75
27 76
27 77
27 78
27 79
27 80
27 81
27 82
27 84
27 86
27 87
27 88
27 90
27 91
27 92
27 94
27 96
27 97
27 98
27 99
27 100
27 101
27 102
27 109
27 110
27 111
27 112
27 113
27 117
27 120
27 125
27 127
27 128
27 129
27 130
27 132
27 134
27 135
27 136
27 138
27 140
27 141
27 142
27 143
27 145
27 147
27 149
27 150
27 152
27 154
27 155
27 157
27 158
27 162
27 164
27 167
27 169
27 171
27 174
27 178
27 181
27 183
27 185
27 186
27 189
27 190
27 194
27 197
28 29
28 31
28 32
28 33
28 36
28 37
28 38
28 39
28 40
28 42
28 43
28 44
28 45
28 46
28 48
28 50
28 51
28 55
28 56
28 58
28 60
28 62
28 65
28 67
28 68
28 70
28 71
28 73
28 75
28 76
28 80
28 82
28 83
28 89
28 92
28 94
28 96
28 99
28 100
28 101
28 106
28 108
28 109
28 112
28 114
28 116
28 119
28 120
28 125
28 126
28 128
28 131
28 132
28 133
28 136
28 138
28 141
28 146
28 148
28 149
28 151
28 152
28 156
28 158
28 159
28 160
28 162
28 163
28 164
28 165
28 167
28 169
28 170
28 171
28 172
28 173
28 174
28 175
28 178
28 179
28 180
28 187
28 188
28 189
28 191
28 195
28 196
28 197
28 198
28 199
29 32
29 33
29 35
29 47
29 48
29 50
29 52
29 53
29 56
29 57
29 59
29 60
29 71
29 73
29 74
29 77
29 78
29 81
29 82
29 83
29 85
29 87
29 90
29 92
29 93
29 94
29 95
29 96
29 101
29 102
29 104
29 105
29 107
29 108
29 109
29 110
29 112
29 114
29 116
29 121
29 122
29 123
29 124
29 125
29 126
29 129
29 130
29 131
29 132
29 135
29 136
29 140
29 141
29 143
29 145
29 148
29 149
29 150
29 151
29 152
29 155
29 157
29 159
29 163
29 168
29 169
29 171
29 173
29 174
29 175
29 176
29 177
29 178
29 179
29 180
29 181
29 183
29 188
29 189
29 190
29 194
29 195
29 198
30 31
30 37
30 38
30 39
30 40
30 42
30 44
30 45
30 46
30 47
30 49
30 51
30 53
30 54
30 56
30 60
30 61
30 63
30 67
30 70
30 71
30 72
30 73
30 74
30 75
30 76
30 77
30 78
30 79
30 82
30 85
30 87
30 88
30 89
30 90
30 92
30 94
30 98
30 99
30 100
30 101
30 102
30 106
30 109
30 110
30 111
30 113
30 115
30 116
30 117
30 118
30 123
30 125
30 126
30 128
30 132
30 133
30 139
30 143
30 144
30 146
30 149
30 153
30 154
30 155
30 157
30 160
30 161
30 162
30 163
30 164
30 165
30 169
30 170
30 171
30 174
30 176
30 178
30 183
30 188
30 189
30 191
30 192
30 194
30 195
30 196
30 198
31 32
31 36
31 37
31 40
31 43
31 49
31 50
31 53
31 57
31 59
31 60
31 62
31 63
31 65
31 66
31 72
31 73
31 74
31 75
31 76
31 77
31 78
31 79
31 80
31 83
31 84
31 86
31 87
31 88
31 94
31 95
31 96
31 97
31 100
31 102
31 104
31 105
31 107
31 112
31 113
31 114
31 118
31 119
31 120
31 124
31 125
31 129
31 131
31 132
31 133
31 135
31 140
31 142
31 144
31 145
31 146
31 148
31 149
31 150
31 152
31 155
31 156
31 163
31 164
31 167
31 168
31 171
31 172
31 174
31 175
31 176
31 179
31 180
31 181
31 183
31 184
31 188
31 189
31 192
31 195
31 196
31 198
31 199
32 33
32 34
32 35
32 37
32 40
32 42
32 43
32 44
32 50
32 52
32 54
32 55
32 56
32 57
32 63
32 64
32 66
32 68
32 71
32 74
32 76
32 78
32 82
32 83
32 86
32 87
32 88
32 89
32 91
32 92
32 94
32 95
32 96
32 97
32 98
32 101
32 102
32 104
32 108
32 115
32 116
32 118
32 119
32 121
32 122
32 125
32 130
32 132
32 133
32 134
32 135
32 137
32 141
32 142
32 143
32 144
32 145
32 147
32 150
32 151
32 152
32 156
32 157
32 159
32 160
32 162
32 163
32 165
32 166
32 167
32 171
32 172
32 175
32 177
32 180
32 181
32 182
32 184
32 186
32 189
32 191
32 194
32 195
32 196
32 197
32 198
33 36
33 37
33 40
33 41
33 42
33 44
33 45
33 46
33 47
33 48
33 49
33 50
33 52
33 55
33 56
33 57
33 58
33 63
33 70
33 71
33 73
33 74
33 76
33 77
33 78
33 79
33 80
33 82
33 83
33 84
33 88
33 89
33 90
33 93
33 96
33 97
33 98
33 99
33 100
33 102
33 105
33 109
33 112
33 114
33 117
33 118
33 119
33 120
33 122
33 125
33 127
33 128
33 129
33 131
33 134
33 135
33 137
33 138
33 139
33 141
33 143
33 144
33 145
33 148
33 152
33 153
33 154
33 160
33 161
33 168
33 170
33 171
33 172
33 179
33 180
33 186
33 188
33 190
33 192
33 195
33 196
33 197
33 198
33 199
34 36
34 37
34 41
34 43
34 44
34 47
34 52
34 53
34 56
34 57
34 60
34 61
34 62
34 63
34 64
34 65
34 68
34 70
34 72
34 75
34 76
34 80
34 81
34 87
34 89
34 90
34 93
34 94
34 95
34 96
34 97
34 99
34 101
34 103
34 104
34 107
34 109
34 110
34 111
34 114
34 115
34 116
34 117
34 118
34 119
34 121
34 124
34 125
34 128
34 129
34 130
34 132
34 136
34 138
34 141
34 142
34 143
34 146
34 148
34 153
34 155
34 157
34 159
34 160
34 161
34 162
34 163
34 164
34 167
34 168
34 169
34 170
34 171
34 173
34 174
34 175
34 176
34 182
34 186
34 187
34 189
34 190
34 199
35 37
35 38
35 40
35 41
35 45
35 47
35 49
35 50
35 53
35 54
35 55
35 57
35 58
35 59
35 66
35 69
35 70
35 71
35 72
35 74
35 77
35 78
35 81
35 83
35 84
35 85
35 87
35 91
35 92
35 93
35 95
35 96
35 97
35 100
35 101
35 104
35 106
35 107
35 110
35 111
35 112
35 114
35 115
35 118
35 119
35 121
35 122
35 123
35 124
35 133
35 135
35 138
35 140
35 141
35 142
35 144
35 145
35 146
35 150
35 152
35 155
35 157
35 159
35 160
35 161
35 163
35 165
35 168
35 169
35 174
35 176
35 177
35 179
35 180
35 182
35 183
35 186
35 187
35 190
35 193
35 196
35 197
35 199
36 38
36 39
36 41
36 42
36 46
36 48
36 49
36 51
36 53
36 55
36 56
36 57
36 59
36 60
36 64
36 66
36 68
36 72
36 74
36 76
36 80
36 82
36 83
36 84
36 85
36 86
36 88
36 92
36 93
36 97
36 99
36 100
36 102
36 103
36 104
36 105
36 108
36 110
36 112
36 115
36 117
36 121
36 124
36 125
36 126
36 127
36 128
36 129
36 130
36 131
36 136
36 138
36 139
36 141
36 145
36 146
36 147
36 149
36 150
36 153
36 156
36 157
36 159
36 161
36 162
36 165
36 166
36 167
36 168
36 173
36 174
36 175
36 176
36 181
36 186
36 187
36 190
36 191
36 193
36 194
36 196
36 197
36 198
36 199
37 39
37 40
37 41
37 43
37 45
37 49
37 52
37 54
37 55
37 57
37 59
37 60
37 64
37 67
37 69
37 70
37 72
37 74
37 76
37 77
37 78
37 79
37 80
37 85
37 86
37 88
37 92
37 93
37 95
37 99
37 100
37 103
37 108
37 110
37 112
37 114
37 119
37 121
37 122
37 123
37 124
37 125
37 127
37 132
37 138
37 143
37 144
37 145
37 146
37 147
37 150
37 151
37 153
37 154
37 156
37 157
37 159
37 163
37 164
37 165
37 168
37 169
37 170
37 172
37 173
37 174
37 180
37 181
37 182
37 183
37 185
37 189
37 192
37 193
37 194
37 195
37 199
38 39
38 40
38 41
38 43
38 45
38 47
38 48
38 51
38 52
38 53
38 56
38 57
38 61
38 62
38 68
38 70
38 72
38 73
38 74
38 77
38 80
38 83
38 84
38 86
38 88
38 89
38 90
38 91
38 92
38 93
38 94
38 95
38 97
38 98
38 99
38 100
38 105
38 109
38 110
38 111
38 115
38 116
38 117
38 118
38 123
38 126
38 129
38 130
38 131
38 139
38 141
38 143
38 144
38 145
38 146
38 147
38 148
38 150
38 154
38 155
38 156
38 159
38 160
38 162
38 163
38 166
38 168
38 175
38 177
38 181
38 182
38 183
38 184
38 186
38 188
38 189
38 190
38 191
38 192
38 194
38 199
39 40
39 41
39 42
39 43
39 45
39 47
39 48
39 49
39 50
39 52
39 53
39 56
39 57
39 58
39 60
39 66
39 67
39 69
39 71
39 72
39 75
39 76
39 77
39 81
39 82
39 87
39 90
39 94
39 96
39 98
39 101
39 102
39 103
39 104
39 107
39 108
39 116
39 117
39 118
39 121
39 122
39 124
39 125
39 127
39 129
39 130
39 134
39 138
39 140
39 142
39 143
39 144
39 145
39 147
39 148
39 149
39 152
39 153
39 154
39 155
39 156
39 157
39 159
39 160
39 162
39 163
39 164
39 165
39 166
39 167
39 169
39 172
39 173
39 175
39 176
39 177
39 179
39 181
39 183
39 185
39 191
39 193
39 195
39 198
40 41
40 42
40 43
40 45
40 46
40 47
40 49
40 51
40 52
40 53
40 57
40 60
40 61
40 64
40 65
40 67
40 68
40 70
40 71
40 75
40 76
40 80
40 81
40 82
40 83
40 85
40 87
40 88
40 89
40 90
40 91
40 93
40 94
40 95
40 96
40 97
40 100
40 101
40 102
40 104
40 106
40 107
40 109
40 111
40 112
40 113
40 116
40 119
40 120
40 122
40 127
40 128
40 129
40 134
40 136
40 137
40 139
40 140
40 142
40 145
40 146
40 148
40 150
40 151
40 152
40 153
40 154
40 155
40 161
40 163
40 164
40 166
40 168
40 169
40 173
40 174
40 176
40 177
40 182
40 185
40 186
40 188
40 191
40 195
40 196
41 45
41 46
41 47
41 48
41 49
41 50
41 52
41 53
41 54
41 55
41 56
41 57
41 58
41 59
41 61
41 62
41 63
41 65
41 68
41 70
41 73
41 74
41 78
41 81
41 83
41 84
41 85
41 86
41 88
41 89
41 90
41 92
41 96
41 97
41 99
41 103
41 109
41 113
41 117
41 118
41 119
41 120
41 121
41 123
41 124
41 125
41 126
41 131
41 134
41 136
41 138
41 140
41 143
41 144
41 147
41 148
41 149
41 153
41 156
41 158
41 160
41 162
41 163
41 164
41 165
41 166
41 170
41 172
41 173
41 174
41 178
41 179
41 181
41 182
41 183
41 185
41 187
41 188
41 192
41 196
41 197
42 43
42 44
42 45
42 47
42 49
42 50
42 53
42 57
42 61
42 62
42 64
42 65
42 67
42 68
42 69
42 70
42 72
42 73
42 75
42 76
42 77
42 81
42 82
42 84
42 85
42 86
42 87
42 88
42 89
42 91
42 92
42 93
42 94
42 97
42 98
42 100
42 101
42 102
42 103
42 104
42 106
42 107
42 108
42 109
42 111
42 116
42 117
42 120
42 122
42 124
42 125
42 128
42 130
42 133
42 134
42 138
42 141
42 143
42 144
42 146
42 151
42 153
42 154
42 156
42 158
42 159
42 160
42 161
42 162
42 164
42 166
42 170
42 172
42 173
42 174
42 177
42 178
42 180
42 183
42 187
42 188
42 190
42 192
42 194
42 196
42 198
43 46
43 48
43 50
43 51
43 52
43 54
43 56
43 58
43 59
43 61
43 62
43 65
43 67
43 68
43 73
43 74
43 75
43 77
43 78
43 79
43 80
43 82
43 84
43 86
43 92
43 93
43 100
43 101
43 102
43 103
43 105
43 106
43 107
43 109
43 112
43 113
43 114
43 116
43 117
43 119
43 120
43 125
43 126
43 127
43 132
43 133
43 134
43 138
43 139
43 141
43 147
43 148
43 151
43 152
43 156
43 157
43 158
43 159
43 160
43 161
43 163
43 165
43 166
43 167
43 169
43 170
43 172
43 177
43 182
43 183
43 185
43 189
43 190
43 193
43 196
43 198
43 199
44 45
44 46
44 47
44 49
44 51
44 52
44 54
44 55
44 56
44 59
44 60
44 61
44 66
44 68
44 71
44 79
44 81
44 82
44 83
44 85
44 87
44 88
44 90
44 95
44 99
44 100
44 103
44 105
44 106
44 107
44 108
44 109
44 111
44 114
44 118
44 119
44 120
44 121
44 122
44 125
44 128
44 130
44 131
44 132
44 134
44 136
44 141
44 144
44 145
44 146
44 147
44 149
44 150
44 152
44 156
44 157
44 158
44 160
44 162
44 163
44 164
44 165
44 166
44 168
44 169
44 175
44 176
44 178
44 179
44 180
44 181
44 187
44 191
44 193
44 194
44 196
44 197
44 199
45 46
45 47
45 48
45 51
45 52
45 55
45 56
45 57
45 61
45 62
45 69
45 71
45 74
45 75
45 79
45 81
45 82
45 83
45 87
45 88
45 90
45 93
45 95
45 96
45 101
45 102
45 103
45 105
45 106
45 107
45 108
45 109
45 113
45 114
45 116
45 118
45 120
45 122
45 124
45 126
45 128
45 130
45 136
45 140
45 143
45 144
45 145
45 147
45 148
45 149
45 150
45 151
45 152
45 154
45 155
45 156
45 160
45 161
45 164
45 169
45 171
45 173
45 174
45 175
45 177
45 179
45 181
45 182
45 184
45 186
45 187
45 188
45 191
45 192
45 194
45 195
45 196
45 198
45 199
46 48
46 49
46 51
46 52
46 53
46 54
46 55
46 57
46 58
46 59
46 60
46 61
46 63
46 65
46 69
46 71
46 72
46 73
46 75
46 78
46 79
46 80
46 81
46 82
46 83
46 86
46 87
46 88
46 90
46 95
46 98
46 99
46 101
46 105
46 106
46 107
46 109
46 110
46 111
46 112
46 113
46 114
46 116
46 121
46 122
46 125
46 126
46 128
46 129
46 130
46 132
46 133
46 135
46 137
46 138
46 139
46 141
46 142
46 144
46 146
46 148
46 150
46 153
46 155
46 157
46 158
46 159
46 163
46 166
46 169
46 170
46 171
46 172
46 173
46 174
46 177
46 178
46 179
46 181
46 184
46 186
46 188
46 196
47 49
47 52
47 54
47 58
47 59
47 60
47 65
47 66
47 67
47 68
47 72
47 74
47 75
47 76
47 79
47 80
47 81
47 82
47 84
47 88
47 90
47 92
47 96
47 97
47 98
47 99
47 100
47 102
47 103
47 104
47 107
47 108
47 109
47 113
47 114
47 115
47 118
47 121
47 124
47 127
47 129
47 130
47 132
47 133
47 136
47 137
47 138
47 139
47 140
47 141
47 142
47 146
47 150
47 152
47 154
47 156
47 159
47 164
47 165
47 168
47 169
47 170
47 171
47 172
47 175
47 177
47 181
47 182
47 183
47 184
47 185
47 186
47 187
47 190
47 191
47 192
47 193
47 194
47 196
48 52
48 54
48 55
48 58
48 60
48 61
48 62
48 67
48 68
48 69
48 70
48 71
48 74
48 76
48 77
48 78
48 81
48 82
48 84
48 85
48 86
48 90
48 91
48 92
48 93
48 96
48 103
48 105
48 107
48 111
48 113
48 114
48 115
48 116
48 118
48 119
48 120
48 121
48 122
48 127
48 132
48 133
48 134
48 135
48 136
48 137
48 139
48 142
48 146
48 147
48 148
48 149
48 153
48 154
48 155
48 157
48 158
48 159
48 160
48 161
48 162
48 166
48 167
48 168
48 171
48 172
48 175
48 176
48 178
48 179
48 183
48 187
48 188
48 189
48 190
48 195
48 196
49 50
49 53
49 54
49 55
49 59
49 60
49 65
49 66
49 68
49 70
49 71
49 72
49 73
49 75
49 77
49 78
49 81
49 84
49 85
49 86
49 87
49 91
49 93
49 95
49 102
49 103
49 107
49 108
49 109
49 110
49 111
49 120
49 121
49 122
49 123
49 127
49 128
49 132
49 134
49 137
49 139
49 142
49 145
49 148
49 149
49 150
49 151
49 152
49 153
49 154
49 155
49 156
49 158
49 159
49 161
49 164
49 166
49 167
49 168
49 169
49 170
49 171
49 173
49 176
49 177
49 180
49 181
49 183
49 185
49 187
49 189
49 190
49 192
49 196
49 197
49 198
50 51
50 52
50 55
50 58
50 59
50 62
50 63
50 65
50 67
50 68
50 71
50 72
50 74
50 75
50 77
50 78
50 79
50 84
50 86
50 88
50 90
50 91
50 92
50 93
50 98
50 100
50 103
50 104
50 106
50 107
50 109
50 114
50 118
50 119
50 122
50 126
50 127
50 129
50 140
50 145
50 147
50 148
50 152
50 153
50 158
50 165
50 168
50 169
50 171
50 172
50 175
50 176
50 177
50 181
50 182
50 183
50 187
50 188
50 190
50 192
50 194
50 196
50 197
50 198
50 199
51 53
51 56
51 57
51 63
51 65
51 67
51 73
51 74
51 76
51 77
51 79
51 80
51 84
51 86
51 88
51 90
51 91
51 94
51 95
51 96
51 97
51 98
51 99
51 100
51 104
51 105
51 108
51 109
51 110
51 111
51 112
51 114
51 115
51 116
51 119
51 123
51 124
51 125
51 127
51 129
51 130
51 132
51 134
51 135
51 138
51 140
51 146
51 147
51 152
51 153
51 154
51 157
51 158
51 160
51 161
51 162
51 164
51 166
51 167
51 168
51 170
51 171
51 172
51 174
51 177
51 181
51 184
51 186
51 191
51 193
51 199
52 54
52 55
52 56
52 59
52 63
52 64
52 65
52 66
52 67
52 68
52 70
52 72
52 74
52 79
52 81
52 82
52 86
52 88
52 89
52 90
52 91
52 92
52 94
52 95
52 96
52 97
52 100
52 101
52 102
52 103
52 107
52 108
52 111
52 116
52 117
52 120
52 121
52 122
52 124
52 125
52 126
52 127
52 128
52 129
52 130
52 132
52 133
52 134
52 140
52 141
52 142
52 143
52 144
52 146
52 147
52 150
52 153
52 155
52 157
52 158
52 159
52 160
52 162
52 163
52 166
52 167
52 168
52 170
52 172
52 175
52 177
52 179
52 182
52 188
52 190
52 191
52 193
52 194
52 197
52 198
53 54
53 56
53 57
53 61
53 62
53 64
53 65
53 66
53 72
53 73
53 75
53 79
53 80
53 81
53 82
53 83
53 84
53 88
53 89
53 90
53 92
53 94
53 97
53 105
53 107
53 109
53 111
53 112
53 116
53 117
53 118
53 119
53 120
53 121
53 122
53 123
53 126
53 128
53 129
53 130
53 131
53 133
53 139
53 144
53 149
53 150
53 151
53 153
53 155
53 156
53 157
53 159
53 163
53 164
53 165
53 171
53 172
53 173
53 175
53 177
53 178
53 181
53 182
53 183
53 184
53 185
53 190
53 191
53 194
53 199
54 55
54 56
54 57
54 59
54 60
54 64
54 65
54 66
54 67
54 71
54 73
54 74
54 75
54 76
54 77
54 78
54 79
54 82
54 85
54 90
54 92
54 94
54 98
54 99
54 101
54 103
54 104
54 106
54 107
54 108
54 113
54 118
54 119
54 120
54 121
54 123
54 125
54 130
54 131
54 133
54 136
54 139
54 142
54 143
54 147
54 150
54 151
54 159
54 162
54 163
54 169
54 170
54 171
54 172
54 173
54 175
54 177
54 179
54 182
54 183
54 187
54 190
54 193
54 194
54 199
55 57
55 58
55 59
55 61
55 62
55 63
55 64
55 65
55 67
55 69
55 70
55 72
55 73
55 74
55 76
55 80
55 82
55 84
55 85
55 87
55 95
55 96
55 97
55 100
55 102
55 103
55 105
55 108
55 109
55 111
55 112
55 114
55 117
55 118
55 119
55 120
55 121
55 124
55 126
55 128
55 130
55 135
55 137
55 139
55 140
55 141
55 142
55 143
55 148
55 149
55 150
55 151
55 152
55 153
55 156
55 157
55 159
55 161
55 162
55 163
55 164
55 168
55 169
55 171
55 173
55 174
55 175
55 176
55 182
55 183
55 189
55 191
55 192
55 193
55 195
55 196
56 58
56 59
56 62
56 65
56 68
56 69
56 72
56 73
56 74
56 76
56 78
56 81
56 82
56 84
56 87
56 88
56 89
56 92
56 93
56 95
56 98
56 101
56 106
56 107
56 114
56 118
56 119
56 120
56 123
56 124
56 127
56 128
56 131
56 133
56 137
56 139
56 140
56 144
56 145
56 146
56 147
56 148
56 149
56 152
56 154
56 155
56 156
56 158
56 161
56 164
56 166
56 167
56 173
56 177
56 178
56 182
56 183
56 184
56 188
56 189
56 193
56 196
56 197
57 58
57 60
57 61
57 64
57 65
57 68
57 70
57 71
57 74
57 75
57 76
57 78
57 79
57 83
57 84
57 85
57 87
57 88
57 91
57 92
57 97
57 98
57 101
57 102
57 104
57 105
57 106
57 107
57 108
57 109
57 110
57 111
57 112
57 113
57 114
57 115
57 116
57 118
57 120
57 122
57 127
57 128
57 130
57 137
57 141
57 144
57 147
57 148
57 150
57 151
57 154
57 155
57 161
57 162
57 163
57 164
57 165
57 166
57 167
57 169
57 171
57 174
57 177
57 178
57 179
57 181
57 182
57 183
57 184
57 185
57 186
57 187
57 189
57 192
57 195
57 196
57 197
57 198
58 59
58 61
58 64
58 65
58 66
58 69
58 71
58 76
58 77
58 81
58 82
58 83
58 84
58 87
58 91
58 94
58 95
58 97
58 100
58 102
58 104
58 108
58 109
58 111
58 113
58 116
58 118
58 119
58 120
58 123
58 125
58 129
58 130
58 131
58 135
58 136
58 139
58 143
58 147
58 149
58 153
58 155
58 156
58 158
58 160
58 161
58 162
58 164
58 166
58 167
58 168
58 170
58 171
58 172
58 174
58 175
58 176
58 177
58 178
58 179
58 180
58 183
58 184
58 185
58 186
58 189
58 192
58 193
58 196
58 197
58 199
59 60
59 61
59 62
59 63
59 64
59 66
59 67
59 71
59 75
59 76
59 77
59 78
59 80
59 81
59 86
59 87
59 91
59 92
59 94
59 95
59 97
59 99
59 100
59 103
59 104
59 105
59 106
59 108
59 110
59 111
59 113
59 115
59 116
59 117
59 118
59 120
59 123
59 124
59 125
59 128
59 134
59 135
59 141
59 147
59 148
59 154
59 155
59 159
59 160
59 164
59 165
59 166
59 167
59 169
59 170
59 171
59 175
59 176
59 177
59 178
59 182
59 183
59 188
59 191
59 195
59 196
59 198
60 61
60 63
60 64
60 68
60 69
60 75
60 78
60 84
60 85
60 86
60 88
60 90
60 91
60 92
60 94
60 95
60 96
60 98
60 99
60 100
60 103
60 104
60 105
60 106
60 107
60 110
60 111
60 112
60 113
60 116
60 121
60 123
60 125
60 126
60 127
60 128
60 130
60 134
60 137
60 139
60 140
60 143
60 144
60 145
60 147
60 148
60 151
60 153
60 157
60 158
60 159
60 160
60 164
60 165
60 166
60 168
60 169
60 171
60 172
60 174
60 176
60 177
60 180
60 181
60 183
60 188
60 191
60 193
60 194
60 199
61 63
61 65
61 66
61 67
61 69
61 70
61 71
61 73
61 74
61 75
61 78
61 83
61 84
61 86
61 87
61 88
61 90
61 91
61 92
61 93
61 94
61 95
61 97
61 99
61 101
61 103
61 104
61 105
61 107
61 109
61 113
61 116
61 117
61 119
61 120
61 126
61 127
61 128
61 129
61 130
61 134
61 137
61 139
61 141
61 144
61 145
61 146
61 147
61 149
61 151
61 152
61 153
61 155
61 158
61 159
61 162
61 163
61 164
61 165
61 169
61 171
61 172
61 174
61 175
61 176
61 178
61 181
61 182
61 183
61 185
61 186
61 187
61 188
61 189
61 190
61 193
61 196
61 198
62 63
62 64
62 66
62 67
62 69
62 70
62 72
62 73
62 75
62 77
62 79
62 80
62 83
62 84
62 85
62 89
62 94
62 95
62 98
62 103
62 104
62 106
62 107
62 108
62 110
62 111
62 112
62 116
62 121
62 125
62 129
62 132
62 133
62 134
62 137
62 138
62 139
62 140
62 141
62 142
62 147
62 150
62 151
62 152
62 154
62 157
62 159
62 160
62 162
62 163
62 164
62 165
62 166
62 168
62 169
62 171
62 173
62 178
62 179
62 180
62 181
62 186
62 188
62 191
62 194
62 197
63 64
63 66
63 68
63 69
63 71
63 72
63 74
63 76
63 78
63 81
63 84
63 85
63 87
63 88
63 90
63 91
63 92
63 93
63 94
63 95
63 96
63 97
63 98
63 99
63 100
63 103
63 104
63 105
63 106
63 107
63 108
63 109
63 110
63 111
63 112
63 113
63 114
63 115
63 118
63 119
63 120
63 121
63 122
63 124
63 125
63 127
63 129
63 130
63 132
63 133
63 136
63 138
63 139
63 140
63 143
63 149
63 150
63 153
63 154
63 155
63 156
63 158
63 164
63 166
63 167
63 168
63 170
63 172
63 176
63 180
63 181
63 184
63 189
63 190
63 191
63 193
63 194
63 197
63 198
63 199
64 66
64 67
64 69
64 70
64 72
64 73
64 75
64 78
64 80
64 81
64 83
64 84
64 85
64 86
64 87
64 89
64 91
64 92
64 96
64 98
64 102
64 104
64 106
64 108
64 110
64 111
64 113
64 115
64 117
64 120
64 122
64 124
64 125
64 128
64 129
64 131
64 132
64 133
64 134
64 135
64 136
64 141
64 146
64 150
64 151
64 152
64 153
64 154
64 156
64 157
64 159
64 163
64 165
64 168
64 175
64 178
64 179
64 181
64 182
64 184
64 185
64 186
64 187
64 188
64 191
64 193
64 194
64 196
64 198
64 199
65 66
65 70
65 71
65 73
65 75
65 76
65 79
65 80
65 82
65 83
65 86
65 89
65 90
65 91
65 92
65 93
65 94
65 95
65 96
65 98
65 99
65 100
65 101
65 102
65 104
65 105
65 108
65 109
65 110
65 112
65 114
65 115
65 117
65 118
65 120
65 123
65 127
65 128
65 129
65 132
65 133
65 138
65 141
65 142
65 143
65 145
65 146
65 147
65 149
65 150
65 154
65 156
65 157
65 159
65 161
65 163
65 164
65 170
65 171
65 172
65 173
65 176
65 179
65 180
65 184
65 185
65 186
65 187
65 188
65 192
65 194
65 197
66 70
66 71
66 73
66 74
66 75
66 76
66 77
66 78
66 83
66 84
66 85
66 86
66 90
66 91
66 93
66 95
66 96
66 102
66 103
66 104
66 105
66 106
66 107
66 109
66 110
66 113
66 118
66 120
66 125
66 128
66 131
66 132
66 137
66 139
66 140
66 141
66 143
66 145
66 147
66 150
66 151
66 152
66 153
66 154
66 157
66 158
66 164
66 166
66 169
66 170
66 172
66 176
66 177
66 178
66 179
66 181
66 182
66 183
66 184
66 185
66 186
66 187
66 189
66 190
66 191
66 192
66 193
66 194
66 195
66 197
66 198
66 199
67 70
67 72
67 74
67 75
67 76
67 77
67 79
67 81
67 84
67 87
67 88
67 90
67 93
67 94
67 97
67 103
67 108
67 109
67 111
67 112
67 113
67 114
67 115
67 116
67 117
67 118
67 120
67 123
67 124
67 128
67 129
67 130
67 131
67 132
67 133
67 135
67 136
67 139
67 141
67 142
67 145
67 146
67 148
67 149
67 150
67 153
67 154
67 156
67 159
67 162
67 163
67 168
67 169
67 171
67 172
67 174
67 175
67 176
67 181
67 182
67 183
67 184
67 186
67 187
67 192
67 193
67 194
67 197
67 198
68 69
68 70
68 71
68 72
68 74
68 76
68 78
68 80
68 82
68 83
68 84
68 85
68 91
68 92
68 94
68 95
68 99
68 102
68 103
68 104
68 106
68 107
68 109
68 110
68 111
68 115
68 116
68 118
68 120
68 121
68 122
68 126
68 131
68 132
68 135
68 138
68 139
68 143
68 145
68 147
68 151
68 154
68 156
68 157
68 159
68 160
68 161
68 162
68 163
68 165
68 168
68 169
68 171
68 172
68 173
68 174
68 175
68 176
68 179
68 182
68 183
68 184
68 186
68 187
68 188
68 189
68 190
68 191
68 195
69 70
69 71
69 73
69 74
69 75
69 77
69 80
69 81
69 82
69 83
69 84
69 85
69 86
69 89
69 95
69 96
69 98
69 102
69 104
69 105
69 106
69 109
69 110
69 111
69 112
69 114
69 115
69 116
69 118
69 122
69 124
69 125
69 126
69 130
69 131
69 132
69 133
69 134
69 135
69 137
69 139
69 142
69 144
69 147
69 148
69 152
69 157
69 163
69 164
69 165
69 166
69 169
69 171
69 175
69 177
69 182
69 183
69 186
69 188
69 190
69 191
69 194
69 195
69 196
69 198
69 199
70 75
70 77
70 78
70 79
70 81
70 82
70 84
70 85
70 90
70 91
70 92
70 93
70 94
70 96
70 97
70 110
70 111
70 112
70 115
70 120
70 121
70 122
70 123
70 125
70 132
70 133
70 135
70 136
70 137
70 138
70 140
70 144
70 147
70 151
70 152
70 154
70 157
70 158
70 160
70 162
70 166
70 170
70 172
70 175
70 176
70 177
70 178
70 181
70 182
70 184
70 185
70 188
70 194
70 195
70 197
70 198
70 199
71 72
71 75
71 78
71 80
71 81
71 85
71 87
71 88
71 92
71 93
71 97
71 99
71 103
71 104
71 107
71 108
71 110
71 111
71 112
71 114
71 115
71 117
71 118
71 119
71 120
71 121
71 122
71 123
71 124
71 126
71 127
71 128
71 131
71 133
71 136
71 138
71 139
71 140
71 141
71 144
71 147
71 150
71 151
71 152
71 153
71 156
71 161
71 162
71 164
71 168
71 171
71 173
71 174
71 175
71 176
71 177
71 178
71 180
71 184
71 189
71 190
71 192
71 196
72 75
72 82
72 83
72 84
72 85
72 89
72 90
72 92
72 93
72 95
72 98
72 100
72 101
72 103
72 104
72 107
72 109
72 110
72 112
72 113
72 114
72 115
72 116
72 117
72 119
72 120
72 121
72 122
72 125
72 126
72 127
72 128
72 130
72 132
72 134
72 135
72 136
72 137
72 140
72 144
72 145
72 147
72 149
72 154
72 156
72 158
72 159
72 160
72 161
72 162
72 166
72 167
72 168
72 172
72 173
72 174
72 175
72 177
72 180
72 182
72 186
72 191
72 194
72 198
72 199
73 74
73 76
73 77
73 79
73 80
73 83
73 85
73 86
73 87
73 89
73 91
73 92
73 93
73 94
73 95
73 96
73 97
73 99
73 101
73 104
73 106
73 107
73 109
73 110
73 112
73 114
73 116
73 117
73 120
73 121
73 123
73 124
73 125
73 126
73 131
73 133
73 136
73 141
73 142
73 143
73 144
73 146
73 147
73 148
73 149
73 150
73 155
73 157
73 158
73 159
73 162
73 163
73 165
73 167
73 171
73 176
73 177
73 179
73 181
73 183
73 184
73 185
73 186
73 187
73 188
73 189
73 190
73 192
73 194
73 198
73 199
74 75
74 78
74 80
74 81
74 83
74 84
74 86
74 87
74 91
74 92
74 94
74 95
74 96
74 97
74 98
74 99
74 100
74 102
74 103
74 106
74 108
74 109
74 112
74 115
74 117
74 118
74 119
74 123
74 124
74 125
74 127
74 130
74 131
74 132
74 135
74 136
74 137
74 139
74 140
74 141
74 143
74 147
74 149
74 150
74 152
74 153
74 156
74 157
74 158
74 159
74 162
74 163
74 164
74 165
74 168
74 169
74 170
74 171
74 174
74 175
74 179
74 180
74 181
74 188
74 192
74 193
74 196
74 198
75 76
75 77
75 78
75 80
75 81
75 84
75 85
75 89
75 90
75 91
75 92
75 95
75 96
75 97
75 98
75 99
75 100
75 103
75 104
75 106
75 107
75 108
75 110
75 111
75 114
75 115
75 118
75 119
75 121
75 122
75 123
75 124
75 126
75 128
75 130
75 132
75 133
75 134
75 136
75 137
75 138
75 139
75 141
75 146
75 147
75 149
75 150
75 151
75 153
75 157
75 158
75 159
75 160
75 162
75 165
75 166
75 167
75 169
75 170
75 172
75 174
75 176
75 177
75 179
75 181
75 182
75 186
75 187
75 189
75 190
75 192
75 195
75 198
76 77
76 79
76 80
76 81
76 82
76 83
76 90
76 91
76 92
76 94
76 95
76 96
76 97
76 99
76 103
76 105
76 107
76 109
76 110
76 112
76 113
76 115
76 116
76 117
76 119
76 121
76 123
76 125
76 126
76 128
76 131
76 132
76 133
76 137
76 138
76 141
76 142
76 146
76 149
76 151
76 153
76 154
76 155
76 156
76 158
76 159
76 160
76 161
76 163
76 166
76 167
76 168
76 169
76 171
76 173
76 175
76 176
76 178
76 180
76 181
76 182
76 183
76 184
76 185
76 186
76 188
76 189
76 198
77 79
77 80
77 82
77 86
77 87
77 88
77 94
77 95
77 96
77 99
77 100
77 102
77 106
77 108
77 109
77 111
77 113
77 114
77 117
77 122
77 123
77 124
77 126
77 127
77 129
77 130
77 136
77 139
77 141
77 142
77 143
77 144
77 145
77 146
77 147
77 148
77 149
77 150
77 151
77 153
77 155
77 158
77 159
77 160
77 161
77 162
77 163
77 164
77 166
77 168
77 169
77 171
77 172
77 173
77 176
77 177
77 178
77 180
77 182
77 183
77 185
77 186
77 187
77 188
77 191
77 192
77 194
77 196
77 197
78 81
78 82
78 84
78 86
78 89
78 90
78 91
78 94
78 99
78 101
78 105
78 106
78 109
78 110
78 111
78 113
78 114
78 117
78 119
78 121
78 122
78 124
78 128
78 129
78 132
78 134
78 136
78 138
78 139
78 141
78 142
78 143
78 145
78 146
78 147
78 148
78 149
78 150
78 151
78 153
78 156
78 157
78 158
78 159
78 161
78 164
78 165
78 167
78 168
78 169
78 171
78 173
78 176
78 179
78 180
78 183
78 186
78 187
78 188
78 189
78 191
78 194
78 195
78 197
78 199
79 80
79 83
79 84
79 87
79 88
79 91
79 93
79 97
79 113
79 114
79 118
79 121
79 122
79 123
79 124
79 125
79 126
79 132
79 136
79 141
79 143
79 144
79 146
79 148
79 150
79 153
79 154
79 156
79 157
79 162
79 163
79 164
79 165
79 167
79 170
79 171
79 173
79 175
79 176
79 177
79 179
79 180
79 182
79 185
79 188
79 191
79 193
79 195
79 196
79 197
79 198
80 83
80 84
80 85
80 86
80 88
80 89
80 90
80 91
80 92
80 94
80 95
80 98
80 99
80 100
80 102
80 103
80 105
80 107
80 108
80 109
80 110
80 111
80 112
80 113
80 114
80 115
80 116
80 119
80 121
80 122
80 124
80 126
80 128
80 129
80 133
80 134
80 136
80 137
80 138
80 142
80 145
80 148
80 149
80 153
80 154
80 155
80 157
80 160
80 161
80 165
80 166
80 168
80 169
80 170
80 171
80 177
80 178
80 180
80 181
80 182
80 184
80 185
80 188
80 192
80 193
80 194
80 195
80 196
80 199
81 85
81 86
81 87
81 89
81 90
81 92
81 93
81 104
81 107
81 108
81 109
81 111
81 112
81 115
81 119
81 120
81 121
81 124
81 125
81 126
81 128
81 129
81 130
81 131
81 132
81 133
81 134
81 136
81 138
81 141
81 142
81 143
81 145
81 146
81 149
81 154
81 155
81 156
81 158
81 159
81 160
81 161
81 162
81 163
81 167
81 168
81 169
81 171
81 175
81 176
81 177
81 183
81 185
81 186
81 190
81 191
81 193
81 196
81 197
81 199
82 84
82 87
82 88
82 89
82 90
82 91
82 92
82 93
82 95
82 96
82 97
82 98
82 99
82 101
82 102
82 104
82 109
82 110
82 111
82 112
82 113
82 114
82 115
82 116
82 117
82 118
82 119
82 120
82 121
82 122
82 123
82 126
82 127
82 130
82 134
82 135
82 136
82 138
82 139
82 142
82 143
82 145
82 146
82 147
82 152
82 153
82 156
82 157
82 160
82 163
82 165
82 172
82 175
82 176
82 178
82 179
82 180
82 182
82 183
82 184
82 185
82 186
82 189
82 190
82 192
82 198
82 199
83 84
83 88
83 90
83 91
83 92
83 93
83 94
83 99
83 100
83 101
83 103
83 104
83 105
83 108
83 109
83 110
83 111
83 115
83 121
83 125
83 126
83 128
83 130
83 131
83 132
83 133
83 135
83 136
83 138
83 140
83 142
83 143
83 144
83 145
83 147
83 148
83 152
83 155
83 158
83 160
83 162
83 167
83 168
83 170
83 173
83 175
83 177
83 178
83 180
83 181
83 183
83 184
83 188
83 191
83 194
83 196
83 197
83 199
84 88
84 89
84 90
84 91
84 93
84 95
84 97
84 98
84 100
84 103
84 105
84 107
84 109
84 110
84 111
84 112
84 115
84 116
84 117
84 118
84 119
84 121
84 123
84 124
84 125
84 126
84 127
84 128
84 129
84 130
84 136
84 137
84 138
84 139
84 140
84 144
84 145
84 146
84 147
84 148
84 155
84 157
84 159
84 164
84 165
84 168
84 177
84 178
84 179
84 181
84 185
84 186
84 188
84 189
84 191
84 199
85 87
85 90
85 96
85 97
85 98
85 101
85 102
85 105
85 106
85 107
85 108
85 109
85 110
85 111
85 112
85 113
85 114
85 116
85 117
85 118
85 120
85 122
85 123
85 127
85 129
85 130
85 131
85 132
85 133
85 135
85 136
85 138
85 140
85 141
85 143
85 144
85 151
85 154
85 155
85 156
85 157
85 158
85 159
85 160
85 162
85 164
85 168
85 169
85 172
85 174
85 176
85 177
85 178
85 182
85 183
85 184
85 189
85 190
85 192
85 193
85 194
85 195
85 197
85 198
86 87
86 88
86 89
86 90
86 91
86 92
86 95
86 96
86 97
86 98
86 99
86 102
86 108
86 111
86 113
86 114
86 116
86 118
86 120
86 121
86 123
86 124
86 128
86 129
86 131
86 132
86 134
86 136
86 137
86 138
86 140
86 141
86 142
86 143
86 144
86 149
86 150
86 151
86 153
86 157
86 158
86 160
86 162
86 163
86 165
86 166
86 167
86 170
86 171
86 172
86 175
86 176
86 177
86 178
86 179
86 180
86 182
86 183
86 184
86 186
86 190
86 191
86 193
86 195
87 89
87 91
87 92
87 93
87 95
87 96
87 97
87 98
87 101
87 103
87 105
87 108
87 111
87 112
87 113
87 114
87 116
87 117
87 118
87 119
87 120
87 122
87 124
87 126
87 127
87 128
87 129
87 130
87 134
87 136
87 140
87 141
87 142
87 145
87 146
87 148
87 149
87 150
87 152
87 153
87 155
87 159
87 160
87 163
87 164
87 165
87 166
87 167
87 171
87 173
87 175
87 179
87 180
87 181
87 191
87 192
87 193
87 194
87 195
88 89
88 90
88 93
88 96
88 97
88 98
88 102
88 103
88 104
88 106
88 107
88 108
88 109
88 110
88 112
88 117
88 118
88 123
88 125
88 128
88 129
88 130
88 138
88 139
88 140
88 141
88 143
88 145
88 146
88 147
88 149
88 150
88 151
88 153
88 154
88 155
88 161
88 162
88 163
88 164
88 171
88 172
88 173
88 177
88 184
88 185
88 186
88 188
88 192
88 193
88 195
88 198
89 91
89 92
89 93
89 94
89 95
89 97
89 100
89 102
89 103
89 104
89 108
89 110
89 111
89 112
89 121
89 122
89 123
89 124
89 126
89 127
89 128
89 129
89 131
89 132
89 137
89 138
89 142
89 146
89 147
89 148
89 150
89 152
89 157
89 158
89 159
89 161
89 163
89 164
89 166
89 172
89 173
89 174
89 175
89 177
89 178
89 179
89 180
89 183
89 184
89 185
89 188
89 190
89 195
90 91
90 94
90 96
90 97
90 100
90 101
90 106
90 107
90 108
90 111
90 112
90 114
90 115
90 117
90 118
90 119
90 124
90 125
90 127
90 128
90 131
90 134
90 139
90 140
90 142
90 143
90 144
90 146
90 147
90 148
90 151
90 152
90 153
90 154
90 158
90 161
90 164
90 165
90 167
90 168
90 169
90 171
90 172
90 173
90 175
90 176
90 177
90 178
90 180
90 181
90 182
90 184
90 185
90 187
90 189
90 190
90 195
90 199
91 92
91 93
91 95
91 96
91 99
91 102
91 103
91 105
91 106
91 110
91 111
91 115
91 117
91 119
91 120
91 121
91 124
91 127
91 128
91 134
91 135
91 136
91 137
91 138
91 139
91 140
91 143
91 145
91 146
91 147
91 149
91 153
91 154
91 155
91 157
91 158
91 161
91 162
91 168
91 169
91 170
91 171
91 172
91 173
91 175
91 176
91 177
91 178
91 181
91 182
91 185
91 186
91 189
91 191
91 193
91 195
91 198
92 96
92 98
92 99
92 100
92 104
92 105
92 108
92 111
92 112
92 115
92 117
92 118
92 121
92 122
92 124
92 125
92 126
92 127
92 129
92 130
92 133
92 135
92 137
92 138
92 140
92 142
92 143
92 144
92 146
92 147
92 149
92 150
92 152
92 154
92 156
92 157
92 160
92 163
92 165
92 167
92 168
92 172
92 173
92 174
92 177
92 178
92 179
92 180
92 184
92 185
92 187
92 189
92 190
92 192
92 193
92 194
92 196
92 197
92 198
92 199
93 94
93 96
93 97
93 98
93 100
93 101
93 106
93 109
93 112
93 113
93 120
93 122
93 125
93 127
93 129
93 131
93 138
93 142
93 143
93 144
93 145
93 146
93 148
93 150
93 151
93 152
93 154
93 160
93 161
93 162
93 163
93 165
93 167
93 171
93 182
93 183
93 187
93 190
93 194
93 196
93 197
93 198
94 95
94 96
94 98
94 104
94 107
94 113
94 115
94 117
94 120
94 122
94 123
94 124
94 126
94 127
94 128
94 131
94 132
94 134
94 137
94 143
94 145
94 146
94 149
94 150
94 151
94 152
94 153
94 154
94 155
94 157
94 161
94 162
94 163
94 164
94 166
94 170
94 172
94 173
94 174
94 175
94 180
94 181
94 185
94 187
94 189
94 195
94 197
94 199
95 97
95 98
95 99
95 101
95 103
95 104
95 105
95 106
95 109
95 110
95 111
95 113
95 114
95 117
95 118
95 119
95 120
95 121
95 122
95 123
95 126
95 130
95 131
95 132
95 134
95 135
95 137
95 138
95 140
95 141
95 144
95 146
95 147
95 151
95 152
95 155
95 158
95 159
95 160
95 162
95 164
95 165
95 166
95 168
95 170
95 171
95 173
95 174
95 178
95 179
95 182
95 188
95 189
95 190
95 192
95 195
95 197
95 198
95 199
96 98
96 99
96 100
96 101
96 102
96 103
96 108
96 109
96 113
96 114
96 115
96 117
96 118
96 120
96 123
96 130
96 131
96 136
96 140
96 143
96 144
96 145
96 146
96 148
96 153
96 155
96 156
96 159
96 160
96 162
96 165
96 168
96 170
96 171
96 172
96 174
96 177
96 179
96 187
96 190
96 191
96 194
96 196
96 198
97 98
97 102
97 104
97 105
97 106
97 107
97 108
97 113
97 117
97 118
97 119
97 120
97 122
97 123
97 130
97 133
97 135
97 136
97 137
97 138
97 141
97 142
97 145
97 146
97 147
97 151
97 152
97 154
97 155
97 157
97 159
97 161
97 162
97 163
97 164
97 165
97 167
97 170
97 173
97 176
97 178
97 179
97 185
97 187
97 190
97 193
97 194
97 195
97 197
98 99
98 102
98 105
98 108
98 109
98 113
98 121
98 123
98 126
98 127
98 129
98 130
98 132
98 135
98 141
98 143
98 145
98 146
98 149
98 150
98 151
98 153
98 155
98 156
98 159
98 160
98 161
98 163
98 166
98 169
98 170
98 171
98 176
98 180
98 181
98 182
98 183
98 185
98 187
98 191
98 193
98 195
98 197
98 199
99 101
99 102
99 103
99 106
99 107
99 109
99 111
99 112
99 113
99 114
99 115
99 116
99 117
99 118
99 119
99 120
99 124
99 126
99 128
99 129
99 132
99 133
99 135
99 137
99 138
99 139
99 142
99 143
99 147
99 148
99 149
99 151
99 152
99 153
99 154
99 155
99 156
99 162
99 165
99 166
99 167
99 168
99 169
99 170
99 171
99 174
99 176
99 177
99 183
99 185
99 189
99 190
99 191
99 195
99 197
99 198
100 101
100 104
100 105
100 106
100 109
100 110
100 112
100 118
100 119
100 121
100 122
100 124
100 125
100 130
100 132
100 136
100 140
100 146
100 147
100 150
100 151
100 153
100 154
100 158
100 160
100 161
100 166
100 173
100 178
100 180
100 182
100 186
100 187
100 193
100 195
100 196
100 199
101 102
101 103
101 104
101 106
101 108
101 109
101 116
101 117
101 119
101 120
101 122
101 124
101 126
101 128
101 131
101 132
101 133
101 135
101 138
101 141
101 145
101 146
101 148
101 149
101 150
101 152
101 153
101 154
101 155
101 156
101 160
101 161
101 164
101 165
101 166
101 167
101 169
101 170
101 171
101 173
101 174
101 175
101 177
101 178
101 181
101 191
101 193
101 195
101 196
101 198
102 105
102 106
102 109
102 111
102 114
102 115
102 116
102 117
102 119
102 120
102 121
102 124
102 125
102 126
102 127
102 128
102 129
102 130
102 132
102 136
102 138
102 139
102 143
102 146
102 148
102 150
102 151
102 152
102 154
102 155
102 158
102 159
102 164
102 165
102 166
102 167
102 168
102 169
102 171
102 172
102 174
102 176
102 178
102 179
102 181
102 182
102 184
102 185
102 186
102 190
102 192
102 193
102 195
102 196
102 198
103 104
103 106
103 108
103 109
103 113
103 114
103 115
103 116
103 117
103 118
103 124
103 127
103 128
103 130
103 131
103 133
103 134
103 136
103 141
103 142
103 143
103 144
103 145
103 146
103 151
103 152
103 153
103 154
103 156
103 158
103 160
103 161
103 162
103 163
103 164
103 165
103 166
103 168
103 170
103 171
103 172
103 175
103 176
103 178
103 184
103 185
103 187
103 189
103 192
103 195
103 196
103 197
103 198
103 199
104 105
104 106
104 110
104 113
104 114
104 116
104 119
104 121
104 122
104 123
104 124
104 126
104 130
104 131
104 132
104 133
104 134
104 136
104 139
104 140
104 144
104 147
104 150
104 151
104 153
104 156
104 157
104 158
104 162
104 167
104 168
104 175
104 177
104 179
104 181
104 185
104 187
104 189
104 191
104 193
104 197
104 198
104 199
105 107
105 109
105 110
105 112
105 113
105 114
105 115
105 118
105 119
105 120
105 122
105 123
105 126
105 128
105 129
105 130
105 133
105 134
105 135
105 136
105 140
105 147
105 148
105 149
105 151
105 153
105 156
105 158
105 159
105 164
105 165
105 166
105 169
105 171
105 173
105 174
105 175
105 177
105 178
105 181
105 182
105 183
105 184
105 189
105 190
105 192
105 193
105 194
106 107
106 108
106 109
106 110
106 111
106 113
106 114
106 117
106 119
106 120
106 122
106 124
106 125
106 126
106 127
106 128
106 129
106 130
106 134
106 136
106 137
106 139
106 140
106 142
106 144
106 145
106 146
106 148
106 149
106 150
106 153
106 154
106 156
106 158
106 162
106 167
106 169
106 171
106 172
106 174
106 177
106 178
106 179
106 180
106 181
106 184
106 186
106 187
106 188
106 190
106 191
106 193
106 196
106 199
107 109
107 111
107 112
107 114
107 115
107 116
107 117
107 118
107 119
107 121
107 122
107 123
107 125
107 126
107 127
107 128
107 129
107 131
107 132
107 133
107 135
107 140
107 142
107 146
107 149
107 150
107 152
107 156
107 157
107 158
107 160
107 161
107 162
107 169
107 170
107 171
107 172
107 173
107 174
107 176
107 178
107 179
107 181
107 182
107 185
107 186
107 190
107 193
107 197
108 109
108 111
108 112
108 113
108 121
108 124
108 128
108 130
108 131
108 132
108 134
108 135
108 138
108 140
108 141
108 142
108 143
108 144
108 148
108 151
108 152
108 153
108 154
108 155
108 156
108 157
108 159
108 160
108 161
108 165
108 166
108 168
108 170
108 174
108 178
108 182
108 184
108 188
108 190
108 191
108 194
108 196
108 197
108 198
109 115
109 116
109 117
109 120
109 121
109 123
109 125
109 126
109 127
109 131
109 136
109 138
109 139
109 144
109 145
109 148
109 150
109 151
109 152
109 153
109 156
109 160
109 163
109 164
109 165
109 168
109 170
109 171
109 172
109 176
109 179
109 182
109 183
109 184
109 188
109 189
109 190
109 192
109 195
109 196
109 197
109 199
110 111
110 113
110 114
110 115
110 116
110 118
110 119
110 121
110 123
110 126
110 127
110 130
110 132
110 135
110 137
110 138
110 140
110 141
110 143
110 146
110 148
110 149
110 154
110 156
110 157
110 158
110 164
110 165
110 166
110 167
110 168
110 169
110 172
110 173
110 174
110 177
110 179
110 180
110 181
110 184
110 186
110 187
110 188
110 189
110 191
110 192
110 193
110 196
110 197
110 198
110 199
111 112
111 113
111 116
111 117
111 120
111 121
111 123
111 125
111 126
111 129
111 130
111 132
111 133
111 134
111 135
111 136
111 137
111 140
111 141
111 142
111 143
111 145
111 146
111 147
111 148
111 150
111 157
111 159
111 160
111 161
111 162
111 163
111 168
111 170
111 171
111 172
111 174
111 175
111 177
111 178
111 179
111 180
111 184
111 187
111 188
111 189
111 191
111 192
111 193
111 194
111 197
112 113
112 114
112 116
112 117
112 119
112 121
112 123
112 127
112 128
112 133
112 136
112 137
112 138
112 139
112 140
112 141
112 142
112 144
112 145
112 146
112 147
112 148
112 149
112 150
112 159
112 161
112 167
112 168
112 170
112 171
112 172
112 173
112 175
112 176
112 177
112 178
112 179
112 182
112 183
112 187
112 189
112 190
112 193
112 196
112 199
113 114
113 116
113 117
113 118
113 119
113 122
113 123
113 128
113 129
113 131
113 132
113 133
113 134
113 138
113 139
113 141
113 142
113 143
113 144
113 146
113 148
113 152
113 153
113 157
113 158
113 159
113 160
113 162
113 164
113 165
113 169
113 170
113 173
113 174
113 175
113 177
113 179
113 185
113 186
113 187
113 188
113 190
113 194
113 196
113 198
113 199
114 115
114 116
114 118
114 119
114 122
114 123
114 125
114 126
114 127
114 128
114 129
114 130
114 134
114 136
114 137
114 138
114 139
114 141
114 143
114 144
114 145
114 146
114 147
114 148
114 149
114 157
114 158
114 159
114 160
114 164
114 167
114 168
114 174
114 181
114 182
114 186
114 188
114 190
114 191
114 192
114 193
114 196
114 197
114 198
114 199
115 117
115 118
115 119
115 125
115 126
115 130
115 131
115 133
115 136
115 140
115 143
115 146
115 149
115 150
115 154
115 156
115 159
115 160
115 161
115 165
115 168
115 169
115 170
115 171
115 172
115 173
115 174
115 175
115 179
115 181
115 182
115 183
115 184
115 185
115 187
115 188
115 189
115 190
115 191
115 192
115 193
115 194
115 198
115 199
116 120
116 124
116 128
116 130
116 134
116 135
116 136
116 138
116 139
116 140
116 141
116 142
116 143
116 144
116 145
116 146
116 147
116 148
116 152
116 153
116 158
116 159
116 160
116 161
116 162
116 163
116 165
116 166
116 167
116 168
116 169
116 170
116 173
116 174
116 175
116 180
116 184
116 186
116 187
116 188
116 191
116 193
116 194
116 196
116 197
116 199
117 120
117 122
117 123
117 124
117 130
117 133
117 134
117 135
117 139
117 140
117 143
117 146
117 150
117 151
117 152
117 154
117 155
117 157
117 159
117 162
117 164
117 165
117 167
117 171
117 174
117 177
117 178
117 182
117 184
117 185
117 186
117 188
117 191
117 192
117 193
117 199
118 119
118 122
118 123
118 124
118 126
118 131
118 133
118 134
118 135
118 137
118 138
118 140
118 143
118 144
118 145
118 146
118 147
118 150
118 151
118 157
118 164
118 165
118 168
118 171
118 172
118 173
118 174
118 175
118 177
118 178
118 181
118 182
118 183
118 186
118 188
118 191
118 192
118 198
119 120
119 121
119 126
119 127
119 129
119 131
119 132
119 135
119 137
119 138
119 139
119 141
119 145
119 146
119 151
119 152
119 154
119 156
119 157
119 159
119 161
119 162
119 167
119 168
119 169
119 174
119 175
119 176
119 180
119 181
119 183
119 184
119 185
119 186
119 188
119 191
119 192
119 193
119 194
119 196
119 198
120 121
120 122
120 123
120 124
120 130
120 135
120 139
120 140
120 141
120 142
120 143
120 145
120 148
120 149
120 152
120 153
120 155
120 156
120 158
120 159
120 161
120 164
120 166
120 167
120 169
120 171
120 176
120 181
120 185
120 186
120 189
120 192
120 193
120 196
120 197
120 198
120 199
121 122
121 123
121 124
121 126
121 128
121 129
121 130
121 137
121 138
121 139
121 143
121 146
121 147
121 155
121 160
121 162
121 163
121 166
121 169
121 171
121 172
121 173
121 174
121 177
121 179
121 180
121 181
121 184
121 186
121 188
121 191
121 192
121 193
121 195
121 198
121 199
122 123
122 126
122 127
122 129
122 131
122 133
122 137
122 138
122 140
122 142
122 143
122 144
122 147
122 148
122 153
122 154
122 156
122 157
122 158
122 162
122 164
122 166
122 167
122 170
122 171
122 173
122 174
122 175
122 176
122 180
122 184
122 185
122 189
122 190
122 192
122 193
122 195
122 196
122 197
122 198
123 126
123 131
123 132
123 133
123 136
123 137
123 139
123 141
123 142
123 143
123 145
123 148
123 149
123 150
123 152
123 153
123 154
123 155
123 157
123 158
123 159
123 162
123 165
123 166
123 168
123 169
123 171
123 172
123 173
123 174
123 178
123 179
123 181
123 182
123 183
123 185
123 187
123 192
123 193
123 198
124 127
124 128
124 129
124 130
124 131
124 133
124 134
124 135
124 136
124 138
124 140
124 142
124 143
124 149
124 150
124 155
124 156
124 157
124 160
124 161
124 164
124 166
124 170
124 171
124 173
124 175
124 176
124 177
124 178
124 180
124 182
124 185
124 188
124 194
124 195
124 197
124 198
125 128
125 129
125 133
125 135
125 136
125 137
125 139
125 140
125 141
125 148
125 149
125 151
125 152
125 153
125 155
125 156
125 157
125 158
125 159
125 162
125 166
125 167
125 168
125 169
125 170
125 172
125 176
125 179
125 181
125 182
125 184
125 186
125 187
125 190
125 193
125 198
126 127
126 129
126 130
126 134
126 136
126 137
126 138
126 141
126 144
126 148
126 149
126 150
126 152
126 153
126 157
126 159
126 160
126 162
126 164
126 165
126 166
126 170
126 171
126 176
126 177
126 179
126 180
126 184
126 185
126 190
126 193
126 196
126 197
126 198
126 199
127 130
127 131
127 132
127 133
127 134
127 139
127 143
127 148
127 149
127 151
127 159
127 160
127 161
127 165
127 167
127 168
127 169
127 172
127 175
127 177
127 178
127 179
127 182
127 185
127 190
127 191
127 193
127 196
127 197
127 198
128 129
128 132
128 133
128 134
128 138
128 139
128 145
128 146
128 148
128 149
128 151
128 152
128 156
128 160
128 161
128 162
128 163
128 165
128 168
128 170
128 171
128 172
128 173
128 176
128 179
128 180
128 183
128 185
128 188
128 191
128 193
128 194
128 195
128 197
129 133
129 135
129 138
129 141
129 142
129 145
129 148
129 150
129 151
129 152
129 153
129 155
129 158
129 159
129 160
129 161
129 162
129 165
129 169
129 173
129 177
129 180
129 183
129 184
129 185
129 186
129 189
129 192
129 193
129 195
129 198
130 132
130 138
130 140
130 142
130 143
130 149
130 151
130 152
130 153
130 154
130 155
130 159
130 162
130 163
130 170
130 171
130 172
130 177
130 179
130 181
130 183
130 185
130 188
130 190
130 194
130 195
130 197
131 132
131 136
131 137
131 139
131 143
131 147
131 152
131 155
131 156
131 157
131 159
131 161
131 162
131 163
131 164
131 165
131 166
131 169
131 173
131 174
131 177
131 178
131 179
131 180
131 181
131 184
131 185
131 186
131 191
131 192
131 194
131 196
132 135
132 136
132 145
132 146
132 147
132 148
132 149
132 154
132 156
132 158
132 159
132 161
132 169
132 173
132 174
132 177
132 178
132 183
132 184
132 186
132 187
132 188
132 189
132 191
132 193
132 195
132 196
132 198
132 199
133 134
133 135
133 136
133 137
133 138
133 139
133 141
133 142
133 145
133 147
133 151
133 153
133 155
133 156
133 161
133 162
133 164
133 165
133 166
133 169
133 171
133 172
133 174
133 175
133 176
133 180
133 181
133 182
133 188
133 189
133 190
133 191
133 192
133 194
133 195
133 197
134 135
134 136
134 140
134 145
134 147
134 148
134 149
134 155
134 157
134 160
134 161
134 162
134 163
134 166
134 168
134 169
134 170
134 171
134 172
134 173
134 175
134 176
134 177
134 178
134 180
134 181
134 182
134 186
134 187
134 192
134 193
134 194
134 197
134 198
135 136
135 137
135 138
135 140
135 141
135 143
135 144
135 146
135 149
135 150
135 151
135 152
135 153
135 154
135 156
135 160
135 164
135 169
135 170
135 172
135 177
135 182
135 183
135 185
135 186
135 187
135 190
135 192
135 193
135 196
135 198
136 138
136 139
136 143
136 144
136 146
136 150
136 153
136 154
136 158
136 160
136 162
136 163
136 164
136 166
136 167
136 171
136 172
136 173
136 177
136 181
136 185
136 186
136 187
136 188
136 189
136 190
136 191
136 193
136 194
136 196
136 198
136 199
137 138
137 139
137 140
137 141
137 142
137 143
137 144
137 145
137 149
137 150
137 152
137 153
137 156
137 157
137 159
137 161
137 169
137 170
137 174
137 175
137 177
137 181
137 183
137 186
137 188
137 189
137 190
137 193
138 139
138 141
138 143
138 144
138 146
138 148
138 149
138 151
138 154
138 156
138 157
138 160
138 164
138 165
138 168
138 172
138 173
138 174
138 175
138 178
138 180
138 183
138 184
138 187
138 188
138 190
138 191
138 192
138 193
138 196
138 197
138 199
139 142
139 144
139 145
139 146
139 149
139 150
139 151
139 152
139 154
139 158
139 159
139 162
139 163
139 164
139 165
139 167
139 168
139 169
139 171
139 174
139 175
139 179
139 181
139 182
139 184
139 185
139 186
139 188
139 193
139 194
139 197
140 142
140 144
140 145
140 147
140 149
140 152
140 154
140 155
140 158
140 159
140 162
140 163
140 165
140 169
140 171
140 172
140 177
140 178
140 179
140 180
140 184
140 185
140 188
140 189
140 195
140 197
141 142
141 143
141 145
141 146
141 147
141 149
141 151
141 155
141 157
141 159
141 160
141 161
141 163
141 164
141 167
141 168
141 171
141 174
141 176
141 177
141 181
141 182
141 187
141 188
141 189
141 191
141 198
141 199
142 143
142 144
142 147
142 150
142 153
142 154
142 155
142 157
142 158
142 160
142 161
142 162
142 163
142 166
142 167
142 170
142 171
142 174
142 176
142 180
142 182
142 183
142 190
142 193
142 194
142 196
142 197
143 147
143 149
143 150
143 151
143 154
143 156
143 158
143 160
143 162
143 165
143 166
143 167
143 168
143 169
143 172
143 175
143 176
143 178
143 179
143 184
143 191
143 195
143 196
143 197
143 199
144 146
144 148
144 150
144 151
144 152
144 153
144 154
144 155
144 157
144 158
144 159
144 160
144 162
144 163
144 164
144 167
144 168
144 169
144 171
144 175
144 176
144 177
144 182
144 187
144 189
144 197
144 199
145 148
145 149
145 150
145 151
145 152
145 153
145 159
145 162
145 164
145 167
145 168
145 170
145 171
145 172
145 174
145 175
145 176
145 178
145 181
145 182
145 183
145 186
145 187
145 188
145 189
145 190
145 191
145 192
145 193
145 196
145 197
145 199
146 149
146 150
146 151
146 152
146 154
146 157
146 158
146 160
146 161
146 163
146 166
146 170
146 177
146 178
146 179
146 185
146 186
146 187
146 191
146 192
146 194
146 195
146 199
147 151
147 153
147 154
147 157
147 158
147 159
147 160
147 164
147 166
147 168
147 169
147 170
147 172
147 173
147 175
147 176
147 178
147 181
147 182
147 183
147 184
147 185
147 186
147 188
147 192
147 193
147 195
147 196
147 197
147 198
148 150
148 154
148 156
148 157
148 158
148 159
148 161
148 162
148 164
148 166
148 167
148 169
148 170
148 171
148 173
148 174
148 177
148 178
148 181
148 182
148 183
148 184
148 185
148 186
148 188
148 189
148 190
148 191
148 192
148 197
148 198
149 155
149 160
149 162
149 166
149 167
149 168
149 169
149 174
149 177
149 178
149 179
149 181
149 182
149 184
149 185
149 186
149 187
149 188
149 190
149 192
149 194
149 195
149 196
149 198
150 151
150 152
150 158
150 159
150 160
150 161
150 162
150 165
150 167
150 168
150 169
150 170
150 172
150 174
150 176
150 179
150 181
150 182
150 184
150 186
150 189
150 190
150 191
150 193
150 194
151 152
151 154
151 155
151 156
151 159
151 161
151 162
151 167
151 169
151 170
151 171
151 172
151 174
151 176
151 177
151 181
151 183
151 184
151 185
151 186
151 188
151 190
151 192
151 193
151 195
151 197
151 198
152 154
152 156
152 157
152 161
152 163
152 164
152 167
152 168
152 169
152 174
152 175
152 177
152 178
152 179
152 181
152 183
152 184
152 186
152 189
152 190
152 192
152 193
152 195
152 196
152 197
152 199
153 154
153 155
153 156
153 157
153 159
153 160
153 162
153 165
153 169
153 170
153 172
153 174
153 176
153 178
153 179
153 180
153 181
153 186
153 188
153 192
153 193
153 194
153 195
153 197
153 199
154 156
154 157
154 160
154 162
154 165
154 166
154 168
154 169
154 172
154 173
154 175
154 177
154 181
154 184
154 185
154 188
154 189
154 190
154 192
154 195
154 196
154 199
155 159
155 160
155 162
155 165
155 168
155 169
155 171
155 172
155 174
155 176
155 177
155 179
155 180
155 181
155 183
155 184
155 187
155 193
155 196
155 198
155 199
156 161
156 162
156 164
156 165
156 166
156 167
156 168
156 172
156 175
156 178
156 180
156 181
156 184
156 185
156 186
156 188
156 189
156 192
156 193
156 194
156 195
156 197
156 199
157 163
157 166
157 169
157 171
157 172
157 174
157 175
157 176
157 177
157 179
157 180
157 182
157 187
157 189
157 191
157 193
157 194
157 198
157 199
158 159
158 160
158 161
158 164
158 165
158 167
158 169
158 170
158 172
158 173
158 176
158 177
158 179
158 180
158 182
158 183
158 184
158 186
158 189
158 190
158 192
158 193
159 160
159 164
159 169
159 175
159 176
159 178
159 179
159 180
159 182
159 183
159 184
159 185
159 187
159 188
159 189
159 191
159 194
159 196
159 197
159 199
160 162
160 163
160 164
160 166
160 167
160 168
160 174
160 175
160 181
160 183
160 184
160 186
160 187
160 188
160 190
160 191
160 195
160 197
160 199
161 165
161 166
161 168
161 169
161 171
161 173
161 178
161 180
161 182
161 186
161 189
161 191
161 192
161 195
161 196
161 197
161 198
162 167
162 169
162 170
162 172
162 174
162 175
162 180
162 183
162 184
162 185
162 186
162 188
162 189
162 190
162 193
162 194
163 164
163 165
163 166
163 167
163 168
163 174
163 175
163 177
163 180
163 181
163 183
163 184
163 191
163 192
163 193
163 195
163 197
163 198
163 199
164 167
164 169
164 170
164 175
164 177
164 184
164 189
164 190
164 197
165 166
165 168
165 169
165 170
165 171
165 172
165 177
165 178
165 180
165 181
165 185
165 186
165 187
165 190
165 191
165 197
165 198
165 199
166 167
166 169
166 170
166 171
166 173
166 174
166 175
166 178
166 182
166 183
166 186
166 187
166 188
166 189
166 191
166 193
166 196
167 168
167 173
167 174
167 175
167 176
167 177
167 183
167 185
167 186
167 187
167 191
167 192
167 194
167 196
168 169
168 172
168 173
168 174
168 176
168 179
168 181
168 185
168 186
168 189
168 190
168 191
168 192
168 194
168 195
168 198
168 199
169 170
169 171
169 172
169 173
169 175
169 177
169 178
169 179
169 180
169 184
169 185
169 186
169 187
169 188
169 189
169 191
169 192
169 194
169 199
170 172
170 173
170 174
170 175
170 176
170 180
170 184
170 186
170 187
170 188
170 189
170 190
170 191
170 192
170 194
170 195
171 172
171 182
171 184
171 185
171 186
171 187
171 189
171 197
171 198
172 175
172 178
172 180
172 183
172 187
172 188
172 189
172 190
172 192
172 193
172 195
172 198
173 174
173 176
173 180
173 182
173 183
173 184
173 185
173 188
173 189
173 190
173 192
173 194
173 195
173 197
174 176
174 177
174 178
174 179
174 182
174 183
174 185
174 187
174 189
174 192
174 193
174 195
174 199
175 177
175 179
175 180
175 183
175 187
175 190
175 193
175 194
175 195
175 198
176 178
176 180
176 182
176 183
176 184
176 186
176 198
177 181
177 182
177 184
177 185
177 186
177 189
177 190
177 191
177 193
177 195
177 196
178 180
178 181
178 182
178 192
178 197
178 198
179 180
179 182
179 185
179 187
179 190
179 191
179 192
179 195
179 196
180 181
180 182
180 184
180 191
180 193
180 196
180 198
181 187
181 189
181 190
181 193
181 195
181 199
182 190
182 192
182 195
182 196
182 199
183 184
183 186
183 187
183 189
183 194
183 195
183 196
183 198
184 185
184 188
184 195
184 198
185 186
185 187
185 188
185 191
185 192
185 198
186 190
186 192
186 193
186 194
186 195
186 196
186 197
186 198
187 189
187 195
187 197
187 198
187 199
188 191
188 192
188 195
188 198
189 192
189 193
189 194
189 196
190 194
190 196
190 199
191 192
191 193
191 194
191 196
192 194
192 195
192 197
193 197
193 198
193 199
194 195
194 196
194 197
194 199
195 198
196 198
196 199

1 0 1 0 1 1 0 0 0 1 0 1 1 1 1 1 0 1 0 0 1 1 1 0 1 0 0 0 1 1 1 0 0 1 1 1 1 1 1 0 0 1 0 0 0 0 0 0 0 0 0 0 0 0 1 1 0 1 0 0 0 1 0 0 1 1 0 1 1 1 1 1 1 1 1 1 0 1 1 0 0 1 0 1 0 0 0 1 1 1 1 1 1 0 0 0 1 1 1 1 1 1 0 1 0 1 1 0 0 0 1 0 1 0 0 1 1 1 0 1 1 0 0 0 0 0 1 0 0 1 0 0 1 1 0 1 0 0 1 0 0 0 1 0 0 0 0 1 1 1 0 0 0 1 0 1 1 1 0 1 0 0 0 1 1 1 1 0 1 0 0 1 0 1 0 1 0 1 0 0 0 1 1 1 1 0 1 1 0 0 0 0 0 1 1 1 1 0 0 0