150 5480
0 1 2 3 4 5 6 7 8 9 10 11 12 13 14 15 16 17 18 19 20 21 22 23 24 25 26 27 28 29 30 31 32 33 34 35 36 37 38 39 40 41 42 43 44 45 46 47 48 49 50 51 52 53 54 55 56 57 58 59 60 61 62 63 64 65 66 67 68 69 70 71 72 73 74 75 76 77 78 79 80 81 82 83 84 85 86 87 88 89 90 91 92 93 94 95 96 97 98 99 100 101 102 103 104 105 106 107 108 109 110 111 112 113 114 115 116 117 118 119 120 121 122 123 124 125 126 127 128 129 130 131 132 133 134 135 136 137 138 139 140 141 142 143 144 145 146 147 148 149
0 2
0 3
0 6
0 8
0 9
0 10
0 13
0 15
0 16
0 17
0 18
0 19
0 21
0 22
0 24
0 27
0 31
0 32
0 33
0 37
0 46
0 47
0 48
0 49
0 52
0 57
0 58
0 60
0 61
0 62
0 67
0 70
0 71
0 72
0 73
0 76
0 79
0 80
0 82
0 85
0 88
0 90
0 97
0 98
0 100
0 104
0 108
0 110
0 111
0 115
0 117
0 118
0 119
0 120
0 121
0 125
0 130
0 137
0 138
0 139
0 140
0 141
0 142
0 143
1 2
1 3
1 4
1 5
1 8
1 9
1 10
1 12
1 13
1 14
1 15
1 17
1 18
1 19
1 22
1 24
1 25
1 26
1 29
1 34
1 39
1 43
1 44
1 45
1 47
1 48
1 50
1 51
1 52
1 54
1 55
1 56
1 58
1 66
1 68
1 70
1 71
1 72
1 74
1 75
1 78
1 84
1 90
1 93
1 95
1 96
1 97
1 99
1 100
1 103
1 104
1 105
1 108
1 109
1 110
1 111
1 112
1 113
1 114
1 116
1 117
1 118
1 121
1 122
1 123
1 125
1 127
1 131
1 132
1 134
1 135
1 138
1 140
1 145
1 146
1 147
1 148
1 149
2 3
2 4
2 10
2 13
2 15
2 18
2 19
2 21
2 25
2 27
2 28
2 29
2 31
2 32
2 34
2 36
2 38
2 40
2 41
2 45
2 46
2 47
2 50
2 52
2 56
2 58
2 59
2 61
2 62
2 63
2 66
2 68
2 69
2 70
2 71
2 72
2 73
2 74
2 76
2 77
2 78
2 79
2 82
2 92
2 97
2 101
2 102
2 104
2 105
2 106
2 108
2 115
2 117
2 118
2 123
2 126
2 127
2 137
2 138
2 139
2 140
2 141
2 142
2 143
2 144
2 146
2 147
2 148
2 149
3 4
3 5
3 6
3 8
3 13
3 16
3 19
3 20
3 23
3 25
3 27
3 28
3 30
3 31
3 32
3 33
3 35
3 38
3 40
3 41
3 44
3 48
3 50
3 51
3 52
3 59
3 61
3 64
3 66
3 67
3 71
3 72
3 74
3 76
3 80
3 81
3 82
3 84
3 86
3 87
3 89
3 90
3 92
3 93
3 94
3 95
3 96
3 98
3 99
3 101
3 104
3 108
3 110
3 111
3 116
3 117
3 119
3 120
3 123
3 128
3 129
3 131
3 132
3 133
3 135
3 137
3 139
3 141
3 143
3 144
3 145
3 149
4 5
4 7
4 8
4 10
4 12
4 14
4 15
4 16
4 21
4 23
4 24
4 26
4 27
4 28
4 31
4 32
4 33
4 35
4 36
4 38
4 42
4 44
4 45
4 48
4 49
4 50
4 53
4 55
4 56
4 57
4 58
4 61
4 62
4 66
4 73
4 75
4 76
4 77
4 78
4 80
4 81
4 86
4 89
4 91
4 92
4 95
4 96
4 100
4 103
4 104
4 105
4 106
4 108
4 110
4 116
4 117
4 122
4 123
4 124
4 126
4 127
4 128
4 130
4 132
4 134
4 135
4 136
4 138
4 142
4 144
4 145
4 147
4 149
5 9
5 10
5 11
5 12
5 15
5 16
5 17
5 18
5 19
5 20
5 22
5 23
5 26
5 27
5 28
5 29
5 33
5 34
5 35
5 39
5 42
5 44
5 45
5 46
5 49
5 51
5 53
5 54
5 55
5 56
5 57
5 58
5 59
5 60
5 62
5 63
5 66
5 69
5 72
5 74
5 83
5 84
5 86
5 87
5 88
5 91
5 92
5 93
5 94
5 97
5 99
5 104
5 106
5 109
5 110
5 112
5 113
5 115
5 119
5 122
5 123
5 124
5 125
5 128
5 134
5 135
5 136
5 137
5 139
5 141
5 142
5 143
5 145
5 149
6 12
6 17
6 18
6 20
6 23
6 27
6 30
6 31
6 33
6 35
6 40
6 41
6 42
6 46
6 49
6 52
6 55
6 61
6 64
6 67
6 69
6 71
6 72
6 73
6 74
6 76
6 79
6 80
6 81
6 82
6 83
6 84
6 85
6 86
6 88
6 90
6 93
6 95
6 96
6 97
6 99
6 102
6 103
6 105
6 110
6 112
6 113
6 116
6 120
6 122
6 126
6 129
6 130
6 131
6 133
6 135
6 140
6 141
6 145
6 146
6 147
7 9
7 10
7 11
7 15
7 16
7 19
7 24
7 27
7 28
7 31
7 33
7 34
7 35
7 36
7 37
7 39
7 40
7 42
7 43
7 44
7 45
7 48
7 50
7 51
7 52
7 53
7 54
7 55
7 58
7 59
7 61
7 62
7 66
7 67
7 69
7 70
7 71
7 73
7 74
7 79
7 82
7 84
7 86
7 92
7 95
7 99
7 100
7 101
7 102
7 104
7 106
7 107
7 109
7 111
7 112
7 113
7 114
7 115
7 120
7 125
7 126
7 129
7 130
7 131
7 132
7 134
7 136
7 137
7 138
7 141
7 142
7 143
7 144
7 147
7 148
8 11
8 13
8 18
8 20
8 23
8 25
8 26
8 28
8 29
8 30
8 34
8 35
8 36
8 37
8 38
8 39
8 40
8 42
8 47
8 48
8 49
8 51
8 55
8 56
8 61
8 63
8 64
8 68
8 70
8 71
8 72
8 74
8 76
8 80
8 84
8 85
8 86
8 88
8 93
8 97
8 98
8 100
8 105
8 106
8 110
8 112
8 117
8 121
8 122
8 123
8 125
8 128
8 131
8 132
8 134
8 136
8 140
8 144
8 145
8 146
8 148
8 149
9 11
9 12
9 13
9 15
9 17
9 19
9 20
9 22
9 27
9 29
9 34
9 35
9 36
9 40
9 41
9 42
9 43
9 44
9 47
9 49
9 55
9 57
9 59
9 60
9 61
9 65
9 73
9 74
9 75
9 76
9 78
9 80
9 83
9 91
9 93
9 94
9 99
9 100
9 101
9 103
9 106
9 108
9 109
9 110
9 113
9 114
9 115
9 116
9 119
9 121
9 123
9 125
9 130
9 131
9 132
9 134
9 135
9 138
9 139
9 140
9 142
9 143
9 148
9 149
10 12
10 13
10 14
10 18
10 22
10 23
10 27
10 30
10 31
10 33
10 35
10 36
10 38
10 39
10 42
10 44
10 45
10 46
10 48
10 50
10 51
10 53
10 54
10 55
10 62
10 63
10 66
10 68
10 70
10 72
10 74
10 77
10 79
10 83
10 91
10 92
10 94
10 95
10 97
10 100
10 102
10 104
10 105
10 106
10 108
10 109
10 110
10 112
10 117
10 120
10 121
10 122
10 124
10 125
10 126
10 127
10 131
10 134
10 136
10 138
10 140
10 141
10 142
10 146
10 147
10 148
10 149
11 12
11 13
11 14
11 15
11 16
11 18
11 23
11 27
11 29
11 30
11 31
11 32
11 35
11 39
11 41
11 42
11 46
11 49
11 51
11 53
11 54
11 57
11 59
11 60
11 65
11 66
11 69
11 71
11 72
11 75
11 76
11 78
11 83
11 88
11 90
11 91
11 96
11 98
11 100
11 104
11 105
11 106
11 112
11 114
11 115
11 117
11 121
11 122
11 123
11 125
11 126
11 129
11 130
11 132
11 135
11 136
11 140
11 142
11 144
11 146
11 147
12 13
12 14
12 16
12 17
12 19
12 21
12 22
12 23
12 25
12 26
12 27
12 28
12 33
12 37
12 38
12 39
12 40
12 41
12 43
12 44
12 46
12 47
12 48
12 53
12 54
12 60
12 64
12 68
12 69
12 70
12 71
12 72
12 73
12 74
12 75
12 76
12 81
12 84
12 88
12 91
12 92
12 94
12 95
12 96
12 97
12 98
12 100
12 102
12 106
12 107
12 108
12 110
12 111
12 112
12 114
12 117
12 119
12 120
12 121
12 124
12 127
12 128
12 129
12 130
12 131
12 132
12 133
12 138
12 139
12 140
12 141
12 144
12 146
12 147
12 148
12 149
13 19
13 20
13 23
13 25
13 30
13 33
13 36
13 37
13 39
13 43
13 44
13 47
13 49
13 54
13 55
13 56
13 57
13 58
13 59
13 60
13 61
13 62
13 63
13 65
13 71
13 72
13 73
13 74
13 75
13 76
13 77
13 78
13 79
13 81
13 83
13 84
13 87
13 88
13 92
13 93
13 95
13 96
13 97
13 99
13 100
13 104
13 105
13 106
13 107
13 109
13 111
13 112
13 114
13 115
13 116
13 118
13 120
13 122
13 125
13 126
13 131
13 132
13 135
13 136
13 140
13 141
13 142
13 143
13 144
13 146
13 147
13 148
14 17
14 19
14 21
14 23
14 24
14 25
14 27
14 29
14 30
14 31
14 32
14 33
14 37
14 38
14 41
14 43
14 45
14 46
14 48
14 49
14 53
14 61
14 65
14 67
14 74
14 75
14 77
14 78
14 80
14 83
14 85
14 86
14 87
14 88
14 89
14 90
14 92
14 94
14 96
14 97
14 98
14 99
14 100
14 101
14 103
14 106
14 110
14 111
14 120
14 121
14 122
14 123
14 124
14 125
14 127
14 131
14 132
14 134
14 135
14 136
14 137
14 139
14 142
14 144
14 147
15 17
15 19
15 20
15 22
15 23
15 27
15 30
15 35
15 36
15 38
15 39
15 41
15 47
15 48
15 50
15 51
15 53
15 56
15 59
15 60
15 65
15 70
15 81
15 82
15 86
15 90
15 91
15 93
15 97
15 98
15 99
15 101
15 103
15 104
15 105
15 109
15 110
15 112
15 113
15 114
15 115
15 117
15 118
15 121
15 122
15 125
15 129
15 131
15 136
15 138
15 139
15 141
15 144
15 146
15 147
16 17
16 18
16 23
16 26
16 30
16 33
16 34
16 35
16 38
16 41
16 43
16 46
16 47
16 50
16 52
16 53
16 57
16 58
16 60
16 62
16 63
16 66
16 69
16 71
16 72
16 73
16 74
16 76
16 79
16 83
16 86
16 89
16 91
16 93
16 96
16 97
16 98
16 101
16 102
16 104
16 105
16 107
16 108
16 111
16 112
16 116
16 117
16 118
16 119
16 121
16 127
16 128
16 129
16 135
16 136
16 139
16 140
16 141
16 143
17 19
17 20
17 21
17 24
17 26
17 28
17 29
17 30
17 33
17 35
17 37
17 39
17 41
17 42
17 43
17 44
17 47
17 50
17 55
17 57
17 58
17 64
17 70
17 73
17 81
17 82
17 84
17 85
17 88
17 90
17 93
17 96
17 100
17 102
17 103
17 106
17 109
17 111
17 112
17 114
17 115
17 116
17 117
17 118
17 121
17 122
17 123
17 125
17 126
17 128
17 129
17 131
17 132
17 133
17 134
17 135
17 136
17 137
17 138
17 139
17 140
17 142
17 143
17 144
17 145
17 149
18 19
18 20
18 21
18 22
18 23
18 29
18 31
18 34
18 35
18 37
18 38
18 41
18 42
18 43
18 44
18 46
18 47
18 48
18 49
18 53
18 56
18 57
18 58
18 60
18 61
18 62
18 71
18 72
18 75
18 76
18 80
18 84
18 85
18 86
18 90
18 94
18 97
18 99
18 100
18 102
18 103
18 104
18 110
18 111
18 112
18 115
18 117
18 118
18 119
18 121
18 123
18 127
18 130
18 131
18 132
18 133
18 135
18 136
18 141
18 142
18 143
18 145
18 147
18 148
18 149
19 21
19 22
19 23
19 27
19 28
19 30
19 33
19 38
19 40
19 41
19 42
19 44
19 47
19 49
19 51
19 56
19 59
19 62
19 64
19 65
19 67
19 68
19 69
19 71
19 73
19 75
19 76
19 77
19 79
19 80
19 81
19 82
19 84
19 86
19 88
19 93
19 96
19 97
19 99
19 103
19 104
19 106
19 107
19 111
19 113
19 114
19 115
19 116
19 120
19 122
19 125
19 126
19 127
19 129
19 130
19 132
19 133
19 136
19 137
19 138
19 140
19 141
19 143
19 144
19 145
19 148
19 149
20 21
20 22
20 23
20 24
20 25
20 26
20 27
20 28
20 30
20 31
20 32
20 33
20 34
20 37
20 38
20 39
20 40
20 45
20 46
20 47
20 52
20 53
20 60
20 62
20 63
20 65
20 70
20 71
20 73
20 74
20 77
20 79
20 80
20 82
20 84
20 85
20 86
20 87
20 90
20 94
20 95
20 97
20 98
20 99
20 104
20 106
20 108
20 109
20 110
20 112
20 113
20 115
20 116
20 118
20 119
20 121
20 124
20 125
20 126
20 127
20 130
20 133
20 135
20 136
20 137
20 138
20 140
20 145
20 147
20 148
21 24
21 26
21 27
21 29
21 30
21 31
21 32
21 34
21 36
21 37
21 38
21 40
21 41
21 42
21 43
21 44
21 46
21 47
21 48
21 51
21 53
21 54
21 58
21 59
21 60
21 61
21 62
21 70
21 78
21 79
21 81
21 84
21 85
21 86
21 90
21 91
21 95
21 96
21 101
21 107
21 112
21 113
21 114
21 115
21 116
21 120
21 121
21 122
21 124
21 128
21 129
21 130
21 136
21 138
21 139
21 143
21 144
21 146
21 147
21 148
21 149
22 25
22 26
22 28
22 31
22 34
22 35
22 36
22 40
22 42
22 44
22 46
22 47
22 49
22 50
22 51
22 52
22 54
22 55
22 56
22 58
22 59
22 60
22 61
22 64
22 72
22 74
22 78
22 79
22 80
22 81
22 82
22 85
22 87
22 90
22 95
22 96
22 97
22 98
22 99
22 104
22 107
22 108
22 109
22 110
22 112
22 114
22 115
22 116
22 119
22 120
22 124
22 128
22 131
22 133
22 135
22 136
22 138
22 139
22 140
22 141
23 25
23 26
23 27
23 28
23 30
23 31
23 34
23 37
23 38
23 39
23 41
23 43
23 44
23 45
23 46
23 47
23 49
23 51
23 53
23 55
23 59
23 60
23 62
23 65
23 67
23 68
23 71
23 76
23 78
23 84
23 85
23 87
23 88
23 91
23 94
23 97
23 98
23 99
23 100
23 102
23 104
23 107
23 108
23 109
23 112
23 113
23 115
23 117
23 119
23 120
23 122
23 125
23 127
23 128
23 132
23 133
23 134
23 136
23 140
23 141
23 143
23 144
23 146
23 149
24 26
24 28
24 31
24 32
24 42
24 45
24 48
24 49
24 51
24 54
24 56
24 58
24 63
24 65
24 66
24 67
24 68
24 70
24 71
24 73
24 74
24 75
24 78
24 79
24 80
24 82
24 83
24 84
24 86
24 91
24 92
24 93
24 96
24 100
24 102
24 103
24 105
24 107
24 108
24 110
24 111
24 117
24 119
24 120
24 122
24 123
24 130
24 135
24 136
24 139
24 141
24 145
24 146
24 148
25 27
25 28
25 29
25 30
25 33
25 34
25 38
25 39
25 40
25 41
25 44
25 48
25 50
25 53
25 59
25 64
25 67
25 69
25 71
25 72
25 75
25 76
25 77
25 78
25 79
25 80
25 81
25 84
25 87
25 93
25 94
25 95
25 97
25 98
25 99
25 100
25 102
25 105
25 107
25 108
25 113
25 115
25 119
25 120
25 121
25 122
25 123
25 129
25 130
25 131
25 132
25 133
25 137
25 139
25 140
25 142
25 146
25 147
25 149
26 27
26 29
26 30
26 32
26 34
26 35
26 36
26 37
26 38
26 40
26 45
26 47
26 49
26 51
26 52
26 54
26 57
26 59
26 60
26 64
26 65
26 66
26 68
26 72
26 74
26 78
26 79
26 81
26 84
26 86
26 89
26 90
26 91
26 92
26 94
26 95
26 96
26 98
26 99
26 100
26 102
26 103
26 106
26 109
26 110
26 111
26 112
26 115
26 116
26 117
26 119
26 120
26 124
26 127
26 128
26 131
26 132
26 133
26 134
26 136
26 137
26 138
26 139
26 141
26 143
26 144
26 145
26 146
26 147
26 149
27 28
27 29
27 30
27 31
27 32
27 35
27 36
27 39
27 41
27 42
27 44
27 45
27 47
27 49
27 50
27 51
27 53
27 54
27 55
27 57
27 58
27 63
27 64
27 65
27 67
27 68
27 69
27 75
27 78
27 80
27 82
27 83
27 86
27 88
27 90
27 91
27 92
27 93
27 96
27 97
27 98
27 99
27 100
27 101
27 102
27 104
27 106
27 108
27 109
27 111
27 115
27 123
27 128
27 129
27 132
27 133
27 136
27 137
27 138
27 139
27 141
27 142
27 146
27 147
27 149
28 30
28 31
28 32
28 36
28 37
28 41
28 42
28 45
28 47
28 48
28 54
28 55
28 59
28 60
28 61
28 62
28 65
28 66
28 67
28 69
28 72
28 73
28 75
28 77
28 79
28 81
28 83
28 84
28 86
28 90
28 92
28 97
28 99
28 100
28 103
28 110
28 114
28 119
28 122
28 125
28 126
28 128
28 131
28 132
28 133
28 136
28 137
28 138
28 139
28 141
28 142
28 146
28 148
29 30
29 32
29 33
29 34
29 35
29 37
29 39
29 40
29 43
29 47
29 50
29 52
29 54
29 61
29 63
29 64
29 65
29 67
29 69
29 70
29 71
29 78
29 80
29 81
29 83
29 85
29 87
29 88
29 89
29 93
29 97
29 99
29 102
29 107
29 108
29 109
29 111
29 112
29 114
29 115
29 117
29 118
29 119
29 121
29 124
29 126
29 127
29 130
29 131
29 132
29 133
29 137
29 138
29 139
29 140
29 143
29 145
29 147
30 32
30 34
30 35
30 36
30 37
30 38
30 41
30 42
30 44
30 45
30 46
30 47
30 48
30 56
30 57
30 60
30 61
30 63
30 65
30 67
30 68
30 69
30 70
30 71
30 72
30 73
30 75
30 78
30 79
30 80
30 82
30 83
30 84
30 85
30 86
30 87
30 89
30 91
30 92
30 93
30 96
30 97
30 99
30 100
30 102
30 105
30 106
30 108
30 109
30 111
30 113
30 115
30 116
30 123
30 126
30 128
30 129
30 130
30 132
30 134
30 135
30 137
30 141
30 144
30 145
30 148
30 149
31 32
31 36
31 39
31 40
31 41
31 43
31 48
31 50
31 51
31 54
31 55
31 56
31 57
31 58
31 61
31 63
31 64
31 67
31 70
31 73
31 77
31 81
31 83
31 86
31 89
31 90
31 92
31 93
31 95
31 97
31 98
31 99
31 101
31 102
31 103
31 104
31 106
31 108
31 109
31 111
31 112
31 117
31 118
31 120
31 122
31 124
31 126
31 129
31 130
31 132
31 134
31 140
31 141
31 143
31 146
31 147
31 148
31 149
32 35
32 37
32 38
32 41
32 45
32 48
32 49
32 50
32 52
32 54
32 56
32 57
32 62
32 63
32 65
32 66
32 67
32 68
32 69
32 77
32 78
32 84
32 86
32 88
32 92
32 93
32 94
32 95
32 97
32 98
32 104
32 105
32 108
32 112
32 113
32 116
32 117
32 118
32 119
32 120
32 121
32 123
32 124
32 127
32 128
32 129
32 132
32 133
32 135
32 136
32 137
32 138
32 139
32 140
32 142
32 143
32 145
32 147
33 40
33 42
33 44
33 49
33 56
33 57
33 58
33 59
33 60
33 62
33 63
33 67
33 68
33 69
33 70
33 72
33 73
33 79
33 82
33 85
33 86
33 89
33 92
33 93
33 96
33 97
33 98
33 102
33 104
33 107
33 108
33 110
33 111
33 112
33 113
33 115
33 119
33 120
33 122
33 124
33 125
33 127
33 134
33 135
33 140
33 141
33 142
33 143
33 148
34 37
34 39
34 40
34 43
34 46
34 47
34 50
34 51
34 55
34 56
34 58
34 59
34 62
34 69
34 70
34 71
34 72
34 73
34 74
34 75
34 78
34 79
34 80
34 81
34 83
34 84
34 86
34 87
34 88
34 93
34 96
34 97
34 98
34 100
34 103
34 104
34 105
34 106
34 109
34 110
34 111
34 112
34 113
34 114
34 118
34 119
34 120
34 125
34 130
34 131
34 132
34 134
34 135
34 137
34 138
34 140
34 145
34 146
34 147
34 148
35 36
35 38
35 42
35 43
35 44
35 45
35 48
35 49
35 53
35 54
35 56
35 60
35 61
35 62
35 65
35 66
35 67
35 68
35 69
35 70
35 72
35 73
35 75
35 79
35 81
35 83
35 84
35 89
35 90
35 93
35 94
35 96
35 98
35 99
35 101
35 102
35 104
35 106
35 107
35 109
35 110
35 111
35 112
35 114
35 115
35 117
35 121
35 122
35 123
35 124
35 125
35 127
35 128
35 130
35 132
35 135
35 136
35 137
35 139
35 140
35 141
35 147
35 149
36 41
36 43
36 46
36 47
36 48
36 49
36 50
36 52
36 54
36 56
36 57
36 58
36 60
36 61
36 62
36 65
36 66
36 68
36 70
36 71
36 72
36 74
36 75
36 77
36 78
36 79
36 82
36 83
36 84
36 86
36 88
36 90
36 91
36 92
36 94
36 95
36 96
36 97
36 98
36 99
36 106
36 110
36 113
36 114
36 116
36 117
36 118
36 119
36 121
36 122
36 126
36 127
36 129
36 131
36 132
36 134
36 135
36 136
36 145
37 38
37 40
37 41
37 42
37 53
37 54
37 57
37 60
37 61
37 62
37 69
37 72
37 75
37 77
37 79
37 80
37 81
37 82
37 84
37 85
37 86
37 87
37 88
37 89
37 92
37 93
37 94
37 96
37 97
37 100
37 101
37 102
37 106
37 108
37 110
37 111
37 114
37 115
37 118
37 120
37 121
37 122
37 123
37 124
37 125
37 126
37 129
37 131
37 132
37 133
37 134
37 137
37 139
37 140
37 143
37 144
37 145
37 147
37 148
37 149
38 39
38 40
38 42
38 43
38 49
38 50
38 51
38 52
38 54
38 55
38 57
38 58
38 61
38 65
38 66
38 71
38 75
38 77
38 82
38 84
38 85
38 89
38 90
38 91
38 92
38 96
38 97
38 105
38 106
38 107
38 113
38 116
38 117
38 119
38 120
38 122
38 124
38 128
38 129
38 130
38 132
38 135
38 137
38 139
38 141
38 142
38 143
38 144
38 146
38 147
38 148
38 149
39 42
39 43
39 45
39 46
39 48
39 49
39 50
39 53
39 57
39 58
39 59
39 60
39 63
39 64
39 66
39 71
39 73
39 74
39 75
39 76
39 77
39 78
39 79
39 80
39 86
39 87
39 88
39 90
39 91
39 97
39 98
39 101
39 102
39 105
39 106
39 107
39 109
39 111
39 114
39 115
39 121
39 123
39 127
39 129
39 132
39 135
39 136
39 137
39 138
39 139
39 142
39 144
39 145
40 42
40 43
40 44
40 45
40 50
40 51
40 52
40 54
40 55
40 58
40 59
40 61
40 64
40 65
40 66
40 72
40 73
40 74
40 77
40 80
40 81
40 82
40 83
40 84
40 90
40 91
40 92
40 93
40 96
40 98
40 99
40 101
40 104
40 105
40 108
40 114
40 115
40 123
40 126
40 133
40 136
40 137
40 139
40 147
40 148
41 42
41 43
41 45
41 51
41 53
41 58
41 61
41 63
41 64
41 65
41 66
41 67
41 69
41 70
41 75
41 78
41 79
41 80
41 81
41 83
41 84
41 86
41 87
41 88
41 89
41 93
41 96
41 100
41 104
41 106
41 107
41 109
41 111
41 119
41 120
41 124
41 127
41 129
41 130
41 131
41 132
41 133
41 134
41 135
41 140
41 141
41 142
41 147
41 148
42 43
42 45
42 46
42 48
42 49
42 52
42 53
42 54
42 56
42 58
42 59
42 60
42 62
42 63
42 64
42 65
42 70
42 72
42 75
42 76
42 77
42 80
42 81
42 92
42 93
42 95
42 96
42 98
42 99
42 100
42 102
42 103
42 104
42 105
42 106
42 107
42 108
42 112
42 115
42 116
42 117
42 121
42 122
42 124
42 128
42 130
42 134
42 136
42 137
42 140
42 144
42 145
42 147
42 148
42 149
43 45
43 49
43 50
43 51
43 52
43 53
43 55
43 59
43 60
43 61
43 62
43 66
43 70
43 71
43 73
43 75
43 77
43 79
43 84
43 87
43 89
43 91
43 92
43 93
43 94
43 95
43 99
43 100
43 104
43 106
43 109
43 110
43 112
43 115
43 119
43 120
43 122
43 123
43 125
43 127
43 128
43 131
43 132
43 135
43 140
43 143
44 48
44 52
44 53
44 54
44 57
44 59
44 61
44 63
44 65
44 71
44 72
44 74
44 75
44 77
44 78
44 82
44 84
44 89
44 90
44 91
44 94
44 95
44 96
44 97
44 98
44 102
44 107
44 108
44 109
44 111
44 113
44 115
44 117
44 119
44 121
44 125
44 126
44 130
44 131
44 132
44 135
44 136
44 137
44 139
44 143
44 144
44 146
45 48
45 50
45 51
45 53
45 54
45 61
45 62
45 64
45 66
45 67
45 71
45 72
45 73
45 74
45 76
45 78
45 81
45 83
45 84
45 88
45 89
45 90
45 91
45 93
45 95
45 97
45 99
45 101
45 102
45 104
45 106
45 107
45 109
45 114
45 115
45 116
45 117
45 119
45 121
45 136
45 139
45 140
45 141
45 143
45 144
45 148
46 47
46 48
46 51
46 52
46 54
46 56
46 58
46 59
46 61
46 64
46 68
46 69
46 71
46 72
46 73
46 75
46 77
46 78
46 79
46 80
46 81
46 85
46 89
46 91
46 92
46 93
46 97
46 99
46 101
46 106
46 108
46 110
46 111
46 113
46 115
46 119
46 122
46 123
46 128
46 134
46 136
46 138
46 140
46 145
46 146
46 148
47 49
47 50
47 52
47 54
47 55
47 57
47 59
47 60
47 61
47 62
47 64
47 65
47 66
47 67
47 70
47 74
47 78
47 79
47 80
47 83
47 85
47 86
47 87
47 90
47 95
47 98
47 99
47 100
47 102
47 103
47 108
47 109
47 111
47 113
47 114
47 119
47 121
47 122
47 123
47 125
47 126
47 131
47 132
47 135
47 139
47 141
47 147
47 148
48 49
48 50
48 55
48 60
48 63
48 67
48 68
48 69
48 70
48 74
48 75
48 76
48 81
48 83
48 84
48 85
48 86
48 88
48 90
48 94
48 95
48 96
48 97
48 100
48 101
48 102
48 105
48 107
48 109
48 114
48 116
48 117
48 120
48 122
48 125
48 126
48 127
48 129
48 130
48 133
48 139
48 146
48 147
48 149
49 51
49 52
49 53
49 55
49 58
49 59
49 65
49 67
49 69
49 71
49 75
49 78
49 79
49 80
49 82
49 84
49 86
49 88
49 89
49 90
49 92
49 93
49 94
49 95
49 98
49 100
49 101
49 105
49 107
49 108
49 109
49 111
49 114
49 119
49 121
49 122
49 124
49 127
49 134
49 135
49 138
49 139
49 146
49 149
50 51
50 52
50 55
50 57
50 58
50 59
50 62
50 63
50 68
50 69
50 71
50 74
50 75
50 76
50 78
50 79
50 81
50 82
50 83
50 84
50 85
50 87
50 88
50 89
50 95
50 97
50 98
50 99
50 102
50 103
50 105
50 110
50 112
50 113
50 115
50 118
50 119
50 121
50 127
50 128
50 129
50 130
50 133
50 134
50 135
50 138
50 143
50 144
50 147
50 149
51 54
51 55
51 60
51 61
51 62
51 66
51 67
51 68
51 71
51 72
51 73
51 75
51 77
51 81
51 82
51 83
51 84
51 85
51 86
51 87
51 89
51 91
51 92
51 95
51 96
51 99
51 101
51 102
51 104
51 105
51 106
51 108
51 109
51 111
51 113
51 115
51 117
51 120
51 123
51 126
51 130
51 134
51 135
51 138
51 144
51 146
51 148
52 55
52 56
52 57
52 59
52 61
52 65
52 66
52 67
52 68
52 69
52 70
52 72
52 75
52 77
52 78
52 79
52 80
52 85
52 86
52 87
52 88
52 90
52 91
52 92
52 93
52 94
52 95
52 98
52 99
52 100
52 102
52 103
52 104
52 108
52 110
52 112
52 114
52 118
52 119
52 120
52 124
52 125
52 126
52 129
52 130
52 133
52 137
52 140
52 143
52 144
52 145
52 146
52 148
52 149
53 54
53 56
53 57
53 59
53 61
53 63
53 66
53 69
53 70
53 71
53 72
53 74
53 75
53 76
53 78
53 79
53 80
53 82
53 83
53 84
53 85
53 87
53 89
53 91
53 92
53 94
53 95
53 96
53 98
53 100
53 101
53 106
53 108
53 110
53 111
53 114
53 115
53 119
53 120
53 122
53 125
53 128
53 129
53 130
53 131
53 132
53 134
53 135
53 139
53 140
53 141
53 142
53 143
53 146
53 147
54 56
54 58
54 66
54 68
54 69
54 73
54 74
54 75
54 76
54 84
54 85
54 86
54 89
54 91
54 93
54 96
54 97
54 101
54 102
54 103
54 104
54 106
54 107
54 108
54 109
54 112
54 113
54 114
54 119
54 121
54 122
54 124
54 125
54 127
54 130
54 132
54 133
54 134
54 138
54 140
54 142
54 145
54 146
54 147
54 148
54 149
55 56
55 61
55 62
55 64
55 67
55 68
55 69
55 70
55 71
55 74
55 75
55 77
55 78
55 79
55 80
55 83
55 85
55 89
55 91
55 92
55 94
55 98
55 99
55 101
55 102
55 104
55 106
55 109
55 111
55 112
55 114
55 116
55 117
55 118
55 119
55 125
55 126
55 127
55 128
55 130
55 131
55 132
55 133
55 134
55 138
55 141
55 143
55 144
55 146
55 147
56 57
56 58
56 59
56 60
56 62
56 64
56 65
56 67
56 69
56 70
56 71
56 74
56 75
56 76
56 78
56 80
56 81
56 84
56 85
56 86
56 87
56 88
56 91
56 92
56 95
56 96
56 99
56 101
56 102
56 103
56 105
56 106
56 107
56 109
56 112
56 113
56 114
56 116
56 118
56 119
56 121
56 122
56 124
56 125
56 128
56 129
56 130
56 131
56 134
56 137
56 138
56 139
56 143
56 145
56 149
57 59
57 61
57 63
57 64
57 65
57 66
57 68
57 69
57 70
57 73
57 75
57 76
57 77
57 80
57 81
57 82
57 84
57 85
57 86
57 88
57 90
57 91
57 93
57 96
57 97
57 98
57 100
57 101
57 102
57 106
57 108
57 109
57 111
57 114
57 115
57 117
57 118
57 121
57 125
57 126
57 137
57 138
57 139
57 141
57 144
57 148
57 149
58 59
58 60
58 61
58 62
58 64
58 65
58 67
58 68
58 71
58 73
58 74
58 77
58 78
58 79
58 80
58 81
58 83
58 85
58 87
58 89
58 90
58 94
58 95
58 96
58 97
58 100
58 101
58 102
58 104
58 107
58 108
58 110
58 111
58 113
58 114
58 116
58 117
58 119
58 121
58 122
58 128
58 129
58 133
58 134
58 135
58 136
58 137
58 142
58 144
58 145
59 63
59 64
59 65
59 66
59 69
59 70
59 72
59 73
59 78
59 79
59 80
59 88
59 91
59 92
59 94
59 97
59 98
59 101
59 103
59 104
59 105
59 106
59 107
59 109
59 112
59 113
59 118
59 122
59 123
59 128
59 130
59 139
59 141
59 142
59 147
60 61
60 64
60 65
60 66
60 69
60 71
60 72
60 75
60 80
60 86
60 89
60 91
60 93
60 95
60 96
60 98
60 99
60 100
60 102
60 105
60 106
60 107
60 108
60 110
60 112
60 113
60 114
60 117
60 123
60 126
60 127
60 129
60 130
60 133
60 136
60 137
60 138
60 139
60 140
60 144
60 146
60 148
61 62
61 63
61 64
61 67
61 69
61 73
61 74
61 75
61 79
61 82
61 83
61 84
61 86
61 89
61 94
61 97
61 99
61 102
61 103
61 104
61 106
61 111
61 112
61 113
61 118
61 119
61 126
61 130
61 131
61 137
61 138
61 139
61 140
61 144
61 145
61 146
62 63
62 64
62 66
62 67
62 68
62 69
62 70
62 71
62 73
62 74
62 78
62 80
62 82
62 86
62 89
62 91
62 93
62 95
62 96
62 97
62 98
62 99
62 100
62 104
62 107
62 108
62 109
62 115
62 116
62 119
62 120
62 121
62 123
62 126
62 127
62 128
62 130
62 133
62 134
62 135
62 139
62 140
62 142
62 144
62 145
62 147
62 149
63 64
63 65
63 66
63 69
63 71
63 72
63 74
63 76
63 77
63 79
63 81
63 82
63 87
63 89
63 90
63 91
63 92
63 93
63 94
63 95
63 97
63 99
63 100
63 104
63 105
63 106
63 107
63 108
63 110
63 112
63 113
63 114
63 115
63 116
63 117
63 119
63 120
63 121
63 124
63 125
63 127
63 129
63 130
63 131
63 133
63 134
63 136
63 138
63 140
63 142
63 143
63 144
63 145
63 148
63 149
64 65
64 66
64 68
64 69
64 71
64 72
64 73
64 74
64 75
64 79
64 80
64 81
64 82
64 84
64 85
64 86
64 87
64 88
64 95
64 97
64 98
64 102
64 105
64 110
64 112
64 113
64 118
64 119
64 120
64 121
64 123
64 127
64 128
64 131
64 132
64 135
64 137
64 139
64 140
64 143
64 147
64 148
64 149
65 67
65 68
65 70
65 71
65 75
65 79
65 80
65 81
65 83
65 85
65 90
65 92
65 93
65 96
65 101
65 106
65 107
65 108
65 110
65 113
65 115
65 118
65 119
65 120
65 123
65 125
65 127
65 129
65 130
65 134
65 137
65 141
65 144
65 147
66 68
66 69
66 70
66 71
66 72
66 74
66 75
66 78
66 80
66 82
66 83
66 89
66 90
66 91
66 92
66 94
66 95
66 97
66 99
66 100
66 101
66 104
66 105
66 107
66 108
66 110
66 112
66 115
66 117
66 118
66 119
66 120
66 122
66 129
66 133
66 134
66 136
66 137
66 139
66 141
66 142
66 144
66 148
66 149
67 69
67 71
67 74
67 78
67 81
67 84
67 88
67 89
67 91
67 92
67 93
67 95
67 96
67 97
67 98
67 100
67 103
67 104
67 105
67 107
67 108
67 110
67 112
67 114
67 115
67 116
67 117
67 118
67 120
67 122
67 123
67 124
67 125
67 126
67 128
67 132
67 134
67 137
67 146
67 148
67 149
68 71
68 72
68 73
68 75
68 76
68 78
68 80
68 81
68 82
68 83
68 86
68 87
68 88
68 89
68 98
68 102
68 104
68 117
68 119
68 120
68 122
68 123
68 124
68 127
68 131
68 132
68 133
68 135
68 136
68 140
68 143
68 144
68 145
68 146
68 147
68 149
69 71
69 72
69 77
69 78
69 79
69 80
69 81
69 83
69 84
69 87
69 89
69 99
69 100
69 105
69 106
69 111
69 112
69 118
69 119
69 121
69 122
69 123
69 128
69 129
69 131
69 132
69 134
69 139
69 140
69 141
69 142
69 143
69 144
69 145
69 148
70 71
70 74
70 75
70 76
70 78
70 79
70 82
70 83
70 84
70 89
70 90
70 95
70 97
70 104
70 105
70 107
70 109
70 110
70 113
70 114
70 116
70 117
70 119
70 122
70 123
70 124
70 128
70 130
70 133
70 136
70 137
70 138
70 139
70 141
70 143
70 144
70 146
70 149
71 72
71 74
71 78
71 79
71 80
71 81
71 83
71 86
71 87
71 88
71 90
71 91
71 92
71 93
71 95
71 97
71 99
71 100
71 101
71 102
71 105
71 107
71 108
71 109
71 110
71 112
71 113
71 114
71 115
71 116
71 119
71 120
71 121
71 125
71 126
71 128
71 130
71 131
71 133
71 135
71 139
71 140
71 141
71 142
71 143
71 144
71 145
71 149
72 75
72 80
72 82
72 84
72 85
72 86
72 92
72 93
72 95
72 97
72 100
72 101
72 103
72 104
72 106
72 108
72 115
72 116
72 119
72 120
72 123
72 126
72 129
72 130
72 132
72 134
72 135
72 136
72 140
72 141
72 145
72 146
73 76
73 77
73 79
73 80
73 82
73 83
73 84
73 86
73 88
73 93
73 98
73 99
73 100
73 101
73 103
73 105
73 106
73 108
73 110
73 111
73 112
73 114
73 116
73 117
73 118
73 119
73 122
73 123
73 127
73 132
73 133
73 134
73 135
73 136
73 138
73 139
73 141
73 143
73 145
73 146
73 147
73 148
73 149
74 75
74 76
74 77
74 79
74 80
74 81
74 82
74 84
74 85
74 87
74 88
74 89
74 92
74 93
74 95
74 96
74 100
74 101
74 102
74 105
74 107
74 108
74 109
74 110
74 111
74 112
74 113
74 114
74 116
74 117
74 118
74 119
74 120
74 123
74 125
74 128
74 129
74 132
74 135
74 136
74 137
74 139
74 142
74 143
74 144
74 145
74 146
74 147
74 149
75 78
75 81
75 82
75 83
75 85
75 89
75 90
75 95
75 96
75 97
75 99
75 101
75 102
75 110
75 112
75 113
75 114
75 116
75 117
75 119
75 124
75 125
75 131
75 134
75 136
75 137
75 138
75 140
75 141
75 143
75 145
75 146
75 147
76 77
76 78
76 79
76 81
76 84
76 86
76 88
76 90
76 95
76 96
76 97
76 98
76 100
76 101
76 103
76 104
76 105
76 108
76 110
76 111
76 112
76 113
76 115
76 116
76 117
76 118
76 120
76 121
76 125
76 127
76 128
76 129
76 130
76 131
76 134
76 138
76 139
76 142
76 143
76 149
77 80
77 84
77 85
77 88
77 89
77 90
77 93
77 97
77 98
77 100
77 102
77 103
77 109
77 111
77 112
77 113
77 114
77 117
77 118
77 121
77 124
77 125
77 128
77 131
77 133
77 134
77 135
77 137
77 138
77 140
77 141
77 147
77 149
78 79
78 81
78 86
78 88
78 89
78 91
78 95
78 97
78 98
78 99
78 102
78 103
78 106
78 107
78 108
78 109
78 110
78 112
78 113
78 121
78 123
78 126
78 127
78 128
78 130
78 136
78 137
78 138
78 145
78 146
78 147
78 149
79 80
79 81
79 86
79 87
79 88
79 89
79 90
79 91
79 93
79 96
79 97
79 98
79 102
79 103
79 105
79 109
79 111
79 114
79 115
79 116
79 119
79 120
79 121
79 122
79 123
79 124
79 125
79 127
79 128
79 129
79 132
79 139
79 141
79 144
79 146
79 147
79 148
80 84
80 86
80 87
80 88
80 89
80 92
80 95
80 96
80 97
80 98
80 99
80 101
80 102
80 103
80 104
80 106
80 107
80 109
80 111
80 115
80 117
80 119
80 120
80 123
80 124
80 125
80 126
80 127
80 128
80 132
80 135
80 137
80 139
80 140
80 144
80 146
80 149
81 84
81 85
81 86
81 88
81 91
81 96
81 98
81 104
81 106
81 107
81 109
81 111
81 115
81 116
81 117
81 122
81 124
81 126
81 128
81 129
81 133
81 134
81 135
81 136
81 137
81 139
81 142
81 143
81 144
81 147
81 148
81 149
82 84
82 85
82 86
82 87
82 88
82 90
82 91
82 94
82 97
82 99
82 100
82 101
82 102
82 103
82 104
82 107
82 108
82 113
82 117
82 119
82 123
82 124
82 127
82 128
82 130
82 131
82 132
82 133
82 134
82 135
82 137
82 139
82 144
82 145
82 147
82 148
82 149
83 84
83 86
83 89
83 90
83 91
83 93
83 96
83 97
83 99
83 100
83 102
83 105
83 107
83 109
83 111
83 112
83 114
83 117
83 123
83 124
83 125
83 126
83 128
83 129
83 136
83 137
83 140
83 143
83 145
83 146
83 149
84 87
84 91
84 95
84 101
84 103
84 105
84 108
84 110
84 112
84 114
84 117
84 120
84 121
84 122
84 123
84 126
84 127
84 128
84 129
84 130
84 132
84 133
84 135
84 136
84 137
84 139
84 141
84 142
84 143
84 144
84 146
84 148
84 149
85 86
85 87
85 88
85 89
85 90
85 92
85 95
85 96
85 98
85 99
85 100
85 101
85 102
85 108
85 109
85 111
85 112
85 113
85 115
85 117
85 118
85 119
85 121
85 122
85 123
85 125
85 130
85 131
85 133
85 134
85 135
85 136
85 137
85 141
85 144
85 147
85 149
86 90
86 91
86 94
86 95
86 99
86 102
86 104
86 106
86 108
86 110
86 111
86 114
86 117
86 119
86 121
86 122
86 125
86 128
86 129
86 131
86 133
86 134
86 137
86 140
86 143
86 146
86 148
87 90
87 91
87 95
87 97
87 102
87 107
87 109
87 110
87 111
87 115
87 116
87 117
87 118
87 123
87 124
87 125
87 127
87 128
87 129
87 130
87 132
87 138
87 140
87 141
87 142
87 143
87 145
87 146
87 147
87 148
87 149
88 89
88 90
88 91
88 93
88 94
88 97
88 101
88 102
88 103
88 104
88 108
88 111
88 114
88 115
88 116
88 119
88 121
88 122
88 123
88 125
88 128
88 129
88 130
88 131
88 134
88 135
88 137
88 138
88 145
88 146
88 148
89 91
89 92
89 98
89 99
89 101
89 102
89 106
89 111
89 112
89 114
89 116
89 118
89 120
89 121
89 123
89 124
89 125
89 130
89 133
89 134
89 135
89 136
89 138
89 140
89 143
89 144
89 147
89 149
90 91
90 97
90 99
90 101
90 102
90 103
90 106
90 108
90 112
90 113
90 116
90 118
90 119
90 123
90 125
90 127
90 129
90 132
90 133
90 135
90 136
90 137
90 140
90 141
90 142
90 143
90 144
90 148
91 92
91 95
91 96
91 99
91 100
91 102
91 103
91 104
91 105
91 108
91 110
91 112
91 113
91 117
91 119
91 122
91 123
91 124
91 125
91 129
91 132
91 133
91 134
91 135
91 136
91 140
91 141
91 142
91 144
91 145
91 149
92 97
92 98
92 100
92 101
92 103
92 105
92 109
92 113
92 114
92 116
92 117
92 125
92 127
92 129
92 130
92 133
92 134
92 138
92 139
92 141
92 142
92 146
92 147
92 149
93 94
93 96
93 97
93 98
93 99
93 101
93 102
93 104
93 109
93 110
93 111
93 113
93 118
93 119
93 120
93 125
93 127
93 131
93 132
93 134
93 135
93 136
93 137
93 138
93 140
93 141
93 143
93 145
93 146
93 149
94 96
94 97
94 98
94 100
94 102
94 106
94 107
94 109
94 110
94 111
94 113
94 116
94 119
94 121
94 122
94 124
94 127
94 129
94 130
94 133
94 137
94 139
94 140
94 142
94 144
94 145
94 146
94 148
94 149
95 97
95 98
95 100
95 101
95 102
95 104
95 105
95 106
95 110
95 111
95 112
95 114
95 116
95 117
95 124
95 127
95 128
95 129
95 130
95 134
95 135
95 137
95 138
95 139
95 141
95 143
95 149
96 97
96 100
96 102
96 104
96 109
96 113
96 114
96 115
96 120
96 122
96 124
96 126
96 131
96 135
96 136
96 137
96 138
96 141
96 142
96 146
96 147
96 148
97 98
97 99
97 100
97 102
97 103
97 106
97 107
97 108
97 112
97 113
97 117
97 119
97 120
97 122
97 123
97 124
97 125
97 126
97 127
97 128
97 129
97 131
97 132
97 133
97 134
97 135
97 136
97 139
97 140
97 141
97 143
97 147
98 100
98 102
98 103
98 104
98 105
98 106
98 107
98 108
98 111
98 112
98 114
98 115
98 117
98 118
98 119
98 121
98 123
98 125
98 126
98 129
98 131
98 133
98 136
98 138
98 139
98 140
98 142
98 147
98 149
99 101
99 104
99 105
99 107
99 108
99 110
99 115
99 116
99 117
99 119
99 122
99 125
99 129
99 130
99 133
99 134
99 137
99 138
99 141
99 142
99 147
99 148
100 102
100 103
100 104
100 107
100 109
100 111
100 113
100 114
100 115
100 118
100 121
100 122
100 124
100 125
100 127
100 129
100 132
100 133
100 134
100 137
100 138
100 146
100 147
100 149
101 103
101 105
101 107
101 110
101 114
101 115
101 123
101 126
101 129
101 130
101 132
101 133
101 135
101 136
101 139
101 141
101 146
101 149
102 103
102 104
102 106
102 107
102 112
102 113
102 117
102 119
102 123
102 124
102 126
102 127
102 128
102 129
102 130
102 133
102 139
102 142
102 143
102 144
102 148
103 104
103 106
103 109
103 117
103 119
103 123
103 126
103 129
103 130
103 131
103 134
103 135
103 141
103 143
103 146
103 149
104 106
104 109
104 110
104 111
104 112
104 113
104 114
104 115
104 116
104 118
104 119
104 120
104 121
104 123
104 127
104 128
104 129
104 131
104 133
104 134
104 140
104 143
104 144
104 146
105 106
105 109
105 111
105 112
105 119
105 120
105 123
105 125
105 126
105 127
105 131
105 132
105 134
105 135
105 138
105 139
105 143
105 144
105 145
105 146
105 147
105 148
106 107
106 115
106 116
106 117
106 119
106 121
106 125
106 126
106 128
106 130
106 131
106 133
106 134
106 135
106 137
106 140
106 141
106 143
106 144
106 146
106 148
107 109
107 113
107 117
107 121
107 122
107 131
107 132
107 133
107 135
107 138
107 139
107 140
107 142
107 143
107 144
108 112
108 114
108 117
108 119
108 121
108 126
108 128
108 130
108 136
108 137
108 139
108 142
108 146
108 147
109 111
109 112
109 116
109 119
109 121
109 122
109 123
109 128
109 129
109 132
109 134
109 136
109 138
109 139
109 142
109 145
109 146
109 147
110 112
110 113
110 116
110 118
110 119
110 120
110 121
110 122
110 123
110 125
110 126
110 127
110 129
110 130
110 132
110 133
110 134
110 136
110 138
110 141
110 143
110 146
110 147
111 113
111 117
111 120
111 121
111 124
111 125
111 127
111 128
111 129
111 133
111 134
111 139
111 140
111 141
111 142
111 143
111 144
111 147
111 148
112 113
112 115
112 116
112 118
112 120
112 121
112 123
112 129
112 131
112 132
112 133
112 134
112 139
112 140
112 141
112 146
112 148
113 114
113 116
113 120
113 121
113 123
113 125
113 126
113 129
113 130
113 131
113 134
113 137
113 138
113 144
113 147
114 116
114 119
114 120
114 122
114 124
114 125
114 128
114 129
114 130
114 131
114 132
114 133
114 136
114 137
114 140
114 144
114 146
114 148
115 116
115 117
115 119
115 120
115 121
115 123
115 124
115 125
115 127
115 129
115 130
115 133
115 134
115 135
115 138
115 140
115 141
115 142
115 143
115 146
115 147
115 148
115 149
116 117
116 120
116 121
116 124
116 125
116 126
116 129
116 131
116 133
116 136
116 137
116 138
116 140
116 141
116 142
116 144
116 145
116 146
117 123
117 124
117 126
117 128
117 129
117 131
117 134
117 137
117 138
117 140
117 144
117 149
118 123
118 126
118 127
118 130
118 131
118 132
118 135
118 136
118 139
118 143
118 144
118 146
119 120
119 123
119 125
119 127
119 129
119 134
119 136
119 138
119 139
119 140
119 142
119 144
119 145
119 148
120 123
120 125
120 126
120 130
120 131
120 133
120 140
120 142
120 143
120 145
120 147
120 148
121 122
121 124
121 128
121 129
121 130
121 131
121 132
121 138
121 143
121 146
121 149
122 124
122 129
122 136
122 137
122 138
122 139
122 144
122 147
123 124
123 125
123 126
123 129
123 130
123 131
123 141
123 142
123 147
123 148
123 149
124 126
124 127
124 128
124 129
124 130
124 131
124 132
124 133
124 134
124 135
124 137
124 138
124 139
124 142
124 143
124 144
124 145
124 146
124 147
124 148
125 126
125 127
125 128
125 129
125 131
125 132
125 133
125 134
125 135
125 142
125 143
125 144
125 145
125 147
125 148
126 127
126 128
126 129
126 130
126 132
126 134
126 135
126 136
126 137
126 138
126 140
126 143
126 144
126 145
126 146
126 147
126 149
127 128
127 131
127 135
127 136
127 139
127 140
127 142
127 144
127 145
127 146
127 149
128 132
128 136
128 137
128 138
128 143
128 145
128 149
129 132
129 135
129 138
129 140
129 142
129 143
129 144
129 145
129 147
130 132
130 134
130 137
130 138
130 141
130 143
130 145
130 146
130 148
131 132
131 133
131 136
131 138
131 139
131 143
131 145
131 146
131 148
131 149
132 133
132 134
132 135
132 142
132 143
132 145
132 146
132 148
133 134
133 136
133 137
133 138
133 139
133 141
133 142
133 146
133 147
133 148
133 149
134 136
134 139
134 141
134 144
134 146
134 147
134 148
134 149
135 139
135 140
135 142
135 143
135 147
135 149
136 137
136 138
136 140
136 141
136 142
136 143
136 144
136 149
137 140
137 141
137 144
137 145
137 146
137 147
138 140
138 141
138 144
138 145
138 147
138 148
138 149
139 140
139 143
139 146
139 147
139 148
139 149
140 141
140 142
140 143
140 146
140 147
140 149
141 143
141 147
141 148
142 144
142 145
142 147
143 148
143 149
144 145
144 146
145 146
145 147
145 149
146 148
147 148
147 149
148 149

0 0 1 1 0 0 0 1 0 0 1 1 0 0 0 1 1 1 1 0 1 0 1 0 1 0 0 1 0 0 0 1 1 1 1 0 0 0 1 0 0 0 0 1 1 0 0 1 1 1 1 1 0 0 1 0 1 1 1 1 1 0 0 1 0 0 1 1 1 0 0 1 1 1 0 0 1 1 1 0 0 1 0 1 0 1 0 0 1 1 0 0 1 0 1 1 0 1 0 0 0 0 1 0 0 0 1 0 0 1 1 1 1 0 0 1 1 1 0 1 1 1 0 0 1 0 0 0 1 0 0 1 0 0 1 1 1 1 1 1 0 0 0 1 0 1 0 0 1 1