200 197
0 1 2 3 4 5 6 7 8 9 10 11 12 13 14 15 16 17 18 19 20 21 22 23 24 25 26 27 28 29 30 31 32 33 34 35 36 37 38 39 40 41 42 43 44 45 46 47 48 49 50 51 52 53 54 55 56 57 58 59 60 61 62 63 64 65 66 67 68 69 70 71 72 73 74 75 76 77 78 79 80 81 82 83 84 85 86 87 88 89 90 91 92 93 94 95 96 97 98 99 100 101 102 103 104 105 106 107 108 109 110 111 112 113 114 115 116 117 118 119 120 121 122 123 124 125 126 127 128 129 130 131 132 133 134 135 136 137 138 139 140 141 142 143 144 145 146 147 148 149 150 151 152 153 154 155 156 157 158 159 160 161 162 163 164 165 166 167 168 169 170 171 172 173 174 175 176 177 178 179 180 181 182 183 184 185 186 187 188 189 190 191 192 193 194 195 196 197 198 199
0 90
0 187
1 172
1 174
1 187
2 66
2 139
2 146
4 29
4 52
5 181
5 190
6 33
6 62
7 142
8 88
9 116
9 142
10 11
10 131
12 52
12 103
13 42
14 23
14 143
15 120
17 28
17 33
17 54
17 84
17 171
18 39
19 114
19 126
19 185
20 31
20 88
20 109
21 180
22 34
23 50
23 99
23 172
24 109
24 116
25 192
25 195
26 73
26 182
27 105
27 151
29 128
29 179
30 83
30 102
32 80
32 181
34 148
34 150
34 167
35 178
36 56
36 175
37 71
38 99
38 123
38 144
39 93
40 76
42 106
42 139
42 158
43 90
43 141
44 110
45 67
46 190
47 72
48 108
48 161
49 107
49 178
51 71
51 87
51 104
53 95
54 136
54 142
55 190
59 94
59 98
59 103
60 100
60 134
61 106
63 104
63 111
63 126
63 163
63 171
64 131
65 149
69 168
70 77
70 168
73 93
73 97
73 101
74 137
75 157
76 97
77 98
79 189
80 122
80 126
81 165
81 197
82 122
83 194
84 90
84 124
84 144
84 148
85 97
85 136
85 143
87 173
89 128
90 132
91 155
91 183
92 188
93 141
93 188
95 116
97 131
98 109
100 170
101 132
102 137
102 175
104 128
105 124
106 143
107 154
107 193
108 114
110 172
112 163
113 177
114 161
114 190
115 136
115 173
116 159
116 178
117 183
118 174
123 155
123 166
125 148
126 155
126 170
129 158
130 195
131 138
131 155
133 148
134 143
135 160
136 182
138 166
139 156
142 172
142 178
142 185
143 176
145 146
146 165
146 199
150 160
151 193
153 185
154 157
155 171
156 176
160 176
161 167
163 170
163 182
166 175
168 175
171 187
176 186
179 195
184 194
196 197

1 1 1 0 0 0 0 0 0 0 1 0 0 1 0 1 1 1 1 1 0 0 1 0 0 1 1 1 1 0 1 0 1 0 1 1 0 1 1 0 1 0 1 1 1 0 0 0 1 1 0 0 1 1 0 1 0 0 0 0 0 1 1 0 0 1 1 1 1 1 0 0 1 0 0 0 0 1 0 1 1 1 0 0 0 1 0 0 0 1 0 0 0 0 1 0 1 1 0 1 0 1 1 1 0 1 1 0 1 1 0 0 0 0 0 0 1 1 1 1 1 1 0 1 1 0 1 1 1 0 1 1 1 0 0 0 1 1 0 0 1 1 0 0 0 0 0 1 1 1 1 1 0 0 1 1 0 0 1 0 0 1 0 1 1 0 1 0 1 1 0 1 0 1 0 1 0 0 1 0 0 0 1 0 1 1 0 1 0 0 0 1 0 1 1 0 1 0 1 0