200 10020
0 1 2 3 4 5 6 7 8 9 10 11 12 13 14 15 16 17 18 19 20 21 22 23 24 25 26 27 28 29 30 31 32 33 34 35 36 37 38 39 40 41 42 43 44 45 46 47 48 49 50 51 52 53 54 55 56 57 58 59 60 61 62 63 64 65 66 67 68 69 70 71 72 73 74 75 76 77 78 79 80 81 82 83 84 85 86 87 88 89 90 91 92 93 94 95 96 97 98 99 100 101 102 103 104 105 106 107 108 109 110 111 112 113 114 115 116 117 118 119 120 121 122 123 124 125 126 127 128 129 130 131 132 133 134 135 136 137 138 139 140 141 142 143 144 145 146 147 148 149 150 151 152 153 154 155 156 157 158 159 160 161 162 163 164 165 166 167 168 169 170 171 172 173 174 175 176 177 178 179 180 181 182 183 184 185 186 187 188 189 190 191 192 193 194 195 196 197 198 199
0 1
0 2
0 3
0 5
0 11
0 13
0 14
0 15
0 16
0 17
0 18
0 19
0 20
0 21
0 23
0 24
0 25
0 26
0 27
0 28
0 30
0 34
0 38
0 39
0 40
0 43
0 49
0 51
0 53
0 55
0 56
0 59
0 61
0 62
0 63
0 66
0 70
0 72
0 76
0 77
0 78
0 82
0 84
0 88
0 89
0 90
0 91
0 92
0 93
0 94
0 97
0 98
0 99
0 103
0 106
0 110
0 111
0 113
0 114
0 116
0 118
0 121
0 122
0 123
0 130
0 132
0 133
0 135
0 136
0 138
0 139
0 143
0 146
0 147
0 149
0 150
0 151
0 152
0 153
0 154
0 155
0 157
0 158
0 162
0 163
0 164
0 167
0 169
0 173
0 175
0 176
0 181
0 182
0 184
0 185
0 187
0 188
0 189
0 195
0 196
0 198
1 2
1 3
1 6
1 7
1 8
1 10
1 17
1 21
1 22
1 23
1 24
1 27
1 28
1 29
1 32
1 33
1 35
1 37
1 38
1 39
1 40
1 43
1 44
1 46
1 49
1 51
1 52
1 55
1 56
1 57
1 58
1 63
1 64
1 65
1 67
1 70
1 73
1 75
1 78
1 81
1 82
1 83
1 84
1 85
1 86
1 88
1 91
1 92
1 93
1 95
1 96
1 97
1 98
1 100
1 103
1 105
1 108
1 109
1 112
1 114
1 115
1 116
1 120
1 122
1 123
1 126
1 129
1 132
1 134
1 135
1 137
1 139
1 140
1 143
1 147
1 148
1 149
1 151
1 152
1 155
1 157
1 160
1 161
1 162
1 164
1 166
1 168
1 169
1 172
1 174
1 175
1 176
1 178
1 180
1 181
1 182
1 183
1 184
1 185
1 186
1 188
1 189
1 192
1 193
1 197
1 199
2 3
2 4
2 6
2 7
2 10
2 11
2 12
2 13
2 15
2 20
2 21
2 27
2 28
2 29
2 37
2 38
2 39
2 41
2 42
2 45
2 46
2 48
2 49
2 50
2 51
2 52
2 53
2 54
2 56
2 58
2 59
2 60
2 62
2 66
2 68
2 69
2 71
2 72
2 76
2 77
2 79
2 80
2 81
2 82
2 84
2 85
2 86
2 87
2 88
2 90
2 93
2 94
2 95
2 96
2 97
2 98
2 99
2 101
2 104
2 106
2 109
2 110
2 111
2 113
2 116
2 120
2 121
2 122
2 123
2 124
2 125
2 126
2 127
2 128
2 130
2 133
2 134
2 140
2 143
2 149
2 150
2 151
2 155
2 156
2 160
2 161
2 163
2 164
2 165
2 167
2 170
2 171
2 174
2 179
2 180
2 181
2 187
2 188
2 191
2 192
2 193
2 194
2 195
2 197
2 199
3 4
3 7
3 8
3 10
3 11
3 15
3 16
3 17
3 18
3 19
3 20
3 22
3 24
3 25
3 27
3 30
3 32
3 33
3 34
3 36
3 39
3 41
3 44
3 45
3 51
3 56
3 57
3 60
3 63
3 65
3 66
3 69
3 70
3 71
3 76
3 77
3 78
3 79
3 81
3 82
3 84
3 87
3 91
3 92
3 93
3 95
3 96
3 97
3 99
3 100
3 101
3 104
3 106
3 107
3 109
3 110
3 112
3 114
3 117
3 118
3 119
3 121
3 122
3 123
3 124
3 127
3 128
3 129
3 130
3 132
3 133
3 139
3 140
3 142
3 144
3 147
3 149
3 151
3 153
3 159
3 160
3 161
3 162
3 163
3 165
3 167
3 168
3 170
3 172
3 176
3 178
3 180
3 182
3 185
3 188
3 191
3 192
3 195
3 196
3 197
3 198
3 199
4 6
4 9
4 10
4 11
4 15
4 18
4 19
4 21
4 24
4 26
4 27
4 33
4 35
4 39
4 41
4 44
4 45
4 47
4 51
4 54
4 57
4 59
4 60
4 61
4 62
4 63
4 64
4 65
4 66
4 67
4 68
4 70
4 71
4 75
4 76
4 77
4 78
4 80
4 83
4 84
4 85
4 86
4 87
4 88
4 89
4 90
4 92
4 93
4 94
4 96
4 100
4 104
4 107
4 108
4 111
4 115
4 119
4 120
4 122
4 123
4 124
4 127
4 128
4 130
4 131
4 132
4 134
4 139
4 142
4 144
4 146
4 149
4 150
4 153
4 154
4 155
4 157
4 158
4 159
4 165
4 167
4 171
4 172
4 174
4 176
4 177
4 179
4 180
4 182
4 183
4 185
4 186
4 188
4 191
4 194
4 196
4 197
5 6
5 7
5 8
5 10
5 11
5 15
5 16
5 19
5 21
5 23
5 24
5 25
5 28
5 30
5 31
5 33
5 34
5 41
5 46
5 47
5 49
5 50
5 54
5 55
5 59
5 61
5 62
5 63
5 64
5 65
5 72
5 73
5 76
5 77
5 79
5 80
5 81
5 84
5 85
5 86
5 87
5 89
5 91
5 92
5 94
5 95
5 96
5 97
5 98
5 99
5 103
5 104
5 108
5 109
5 114
5 115
5 117
5 118
5 121
5 122
5 125
5 126
5 127
5 128
5 129
5 130
5 131
5 132
5 135
5 136
5 138
5 140
5 145
5 146
5 149
5 150
5 152
5 153
5 156
5 157
5 158
5 160
5 161
5 165
5 166
5 168
5 169
5 170
5 171
5 173
5 174
5 177
5 178
5 180
5 182
5 183
5 185
5 186
5 190
5 192
5 193
5 194
5 195
5 196
6 16
6 17
6 18
6 19
6 24
6 25
6 26
6 29
6 30
6 31
6 32
6 34
6 35
6 36
6 37
6 38
6 42
6 43
6 44
6 45
6 46
6 49
6 50
6 52
6 55
6 57
6 58
6 60
6 61
6 66
6 68
6 70
6 73
6 74
6 79
6 80
6 82
6 84
6 86
6 88
6 89
6 90
6 91
6 94
6 95
6 97
6 98
6 99
6 100
6 102
6 103
6 105
6 106
6 108
6 109
6 115
6 118
6 119
6 120
6 121
6 122
6 123
6 126
6 130
6 131
6 134
6 136
6 138
6 143
6 145
6 146
6 150
6 151
6 152
6 153
6 156
6 157
6 160
6 161
6 162
6 165
6 166
6 170
6 171
6 173
6 179
6 181
6 182
6 185
6 187
6 188
6 189
6 191
6 192
7 8
7 9
7 14
7 18
7 21
7 25
7 28
7 29
7 30
7 32
7 33
7 37
7 38
7 42
7 43
7 44
7 50
7 51
7 52
7 54
7 56
7 57
7 60
7 61
7 62
7 65
7 66
7 67
7 69
7 71
7 72
7 74
7 76
7 78
7 79
7 81
7 82
7 83
7 85
7 86
7 87
7 89
7 91
7 95
7 99
7 104
7 106
7 107
7 111
7 113
7 120
7 121
7 128
7 129
7 130
7 131
7 138
7 140
7 142
7 143
7 146
7 148
7 153
7 156
7 157
7 158
7 161
7 162
7 163
7 166
7 168
7 169
7 175
7 176
7 177
7 180
7 186
7 190
7 192
7 194
7 196
7 198
8 9
8 11
8 13
8 18
8 21
8 22
8 23
8 24
8 26
8 27
8 28
8 29
8 31
8 34
8 37
8 38
8 39
8 40
8 45
8 50
8 53
8 54
8 57
8 58
8 59
8 60
8 71
8 72
8 76
8 78
8 79
8 80
8 82
8 83
8 85
8 86
8 94
8 97
8 101
8 104
8 105
8 108
8 110
8 111
8 112
8 114
8 115
8 116
8 117
8 120
8 125
8 128
8 131
8 134
8 137
8 139
8 140
8 141
8 143
8 144
8 148
8 150
8 151
8 152
8 154
8 155
8 157
8 159
8 163
8 164
8 166
8 168
8 169
8 171
8 172
8 175
8 177
8 178
8 179
8 180
8 181
8 184
8 186
8 187
8 188
8 189
8 196
8 197
8 198
9 11
9 12
9 14
9 16
9 17
9 18
9 19
9 21
9 22
9 24
9 25
9 27
9 29
9 30
9 35
9 36
9 38
9 41
9 43
9 44
9 47
9 48
9 49
9 52
9 53
9 55
9 57
9 58
9 61
9 62
9 65
9 66
9 67
9 68
9 69
9 70
9 71
9 73
9 74
9 76
9 77
9 78
9 79
9 81
9 84
9 85
9 86
9 88
9 89
9 91
9 92
9 93
9 95
9 96
9 97
9 99
9 102
9 103
9 105
9 107
9 108
9 110
9 111
9 112
9 115
9 116
9 117
9 118
9 120
9 123
9 125
9 126
9 127
9 128
9 129
9 135
9 136
9 138
9 141
9 143
9 144
9 145
9 146
9 151
9 154
9 155
9 158
9 159
9 160
9 164
9 165
9 166
9 167
9 169
9 170
9 171
9 172
9 178
9 180
9 181
9 182
9 184
9 186
9 187
9 189
9 190
9 191
9 192
9 193
9 194
9 196
9 198
10 11
10 13
10 15
10 18
10 19
10 20
10 22
10 23
10 24
10 26
10 28
10 29
10 34
10 36
10 38
10 39
10 40
10 42
10 43
10 45
10 46
10 50
10 53
10 54
10 55
10 56
10 59
10 60
10 61
10 62
10 64
10 66
10 67
10 69
10 71
10 73
10 74
10 77
10 78
10 79
10 80
10 81
10 86
10 88
10 91
10 92
10 93
10 95
10 96
10 98
10 99
10 100
10 102
10 103
10 105
10 106
10 107
10 108
10 109
10 111
10 113
10 117
10 121
10 122
10 124
10 125
10 126
10 128
10 130
10 131
10 132
10 133
10 136
10 137
10 139
10 143
10 144
10 145
10 151
10 152
10 153
10 156
10 158
10 160
10 161
10 164
10 165
10 166
10 171
10 172
10 173
10 174
10 175
10 176
10 177
10 178
10 179
10 189
10 190
10 191
10 192
10 196
10 199
11 12
11 13
11 14
11 17
11 19
11 21
11 25
11 27
11 28
11 30
11 33
11 34
11 36
11 37
11 40
11 41
11 45
11 46
11 48
11 49
11 51
11 52
11 54
11 57
11 58
11 59
11 60
11 64
11 66
11 67
11 74
11 77
11 78
11 79
11 81
11 84
11 86
11 88
11 89
11 90
11 92
11 93
11 94
11 95
11 96
11 97
11 100
11 102
11 103
11 109
11 110
11 115
11 116
11 117
11 119
11 121
11 122
11 125
11 126
11 130
11 136
11 137
11 138
11 139
11 140
11 142
11 143
11 144
11 145
11 146
11 148
11 150
11 151
11 152
11 153
11 155
11 157
11 159
11 162
11 163
11 164
11 167
11 168
11 169
11 170
11 171
11 172
11 175
11 180
11 183
11 185
11 187
11 188
11 191
11 192
11 193
11 194
11 197
11 199
12 16
12 19
12 21
12 22
12 24
12 30
12 32
12 34
12 38
12 39
12 41
12 42
12 43
12 50
12 51
12 53
12 54
12 59
12 60
12 61
12 65
12 66
12 72
12 75
12 76
12 83
12 84
12 86
12 87
12 88
12 89
12 90
12 91
12 93
12 95
12 97
12 98
12 99
12 104
12 108
12 109
12 110
12 113
12 114
12 119
12 121
12 123
12 124
12 132
12 134
12 135
12 138
12 139
12 141
12 142
12 147
12 148
12 150
12 151
12 152
12 153
12 157
12 159
12 161
12 165
12 168
12 170
12 171
12 172
12 175
12 176
12 179
12 180
12 181
12 182
12 183
12 184
12 185
12 187
12 188
12 193
12 195
12 196
13 15
13 17
13 22
13 23
13 25
13 26
13 27
13 28
13 32
13 34
13 36
13 37
13 43
13 45
13 46
13 48
13 51
13 53
13 54
13 57
13 58
13 60
13 61
13 64
13 65
13 67
13 70
13 72
13 74
13 77
13 79
13 85
13 88
13 90
13 99
13 100
13 101
13 102
13 104
13 105
13 106
13 109
13 111
13 113
13 117
13 118
13 119
13 122
13 123
13 124
13 126
13 127
13 131
13 135
13 136
13 139
13 141
13 144
13 146
13 147
13 148
13 149
13 155
13 156
13 157
13 159
13 160
13 161
13 162
13 166
13 169
13 173
13 174
13 178
13 183
13 184
13 185
13 187
13 188
13 190
13 192
13 195
13 197
13 198
13 199
14 15
14 18
14 20
14 21
14 22
14 24
14 26
14 28
14 29
14 34
14 37
14 38
14 41
14 42
14 43
14 44
14 45
14 46
14 48
14 52
14 54
14 55
14 57
14 58
14 59
14 60
14 61
14 65
14 66
14 71
14 72
14 73
14 74
14 75
14 77
14 78
14 81
14 83
14 84
14 85
14 86
14 87
14 88
14 90
14 91
14 93
14 94
14 95
14 96
14 99
14 103
14 105
14 106
14 107
14 111
14 113
14 114
14 119
14 121
14 122
14 125
14 128
14 129
14 130
14 135
14 136
14 137
14 138
14 142
14 144
14 145
14 146
14 148
14 149
14 151
14 152
14 153
14 154
14 159
14 161
14 162
14 163
14 164
14 165
14 168
14 169
14 170
14 171
14 172
14 173
14 174
14 184
14 185
14 186
14 190
14 191
14 192
14 193
14 195
14 197
15 17
15 18
15 19
15 21
15 23
15 25
15 28
15 29
15 30
15 31
15 32
15 35
15 36
15 37
15 38
15 41
15 43
15 48
15 52
15 57
15 60
15 63
15 64
15 66
15 68
15 70
15 71
15 72
15 80
15 82
15 83
15 84
15 90
15 92
15 93
15 94
15 96
15 97
15 98
15 101
15 103
15 105
15 106
15 110
15 111
15 114
15 116
15 117
15 120
15 121
15 123
15 124
15 126
15 130
15 131
15 132
15 133
15 134
15 135
15 138
15 140
15 142
15 144
15 145
15 146
15 149
15 151
15 154
15 159
15 162
15 163
15 164
15 166
15 168
15 173
15 174
15 175
15 177
15 181
15 182
15 184
15 185
15 187
15 190
15 191
15 192
15 194
15 195
15 197
15 198
16 19
16 20
16 21
16 24
16 25
16 27
16 28
16 30
16 31
16 39
16 40
16 41
16 44
16 45
16 48
16 49
16 50
16 52
16 53
16 54
16 55
16 58
16 60
16 61
16 62
16 63
16 65
16 67
16 68
16 70
16 72
16 73
16 74
16 75
16 78
16 82
16 86
16 87
16 88
16 89
16 90
16 91
16 93
16 95
16 98
16 99
16 100
16 103
16 104
16 105
16 106
16 108
16 111
16 113
16 115
16 117
16 119
16 121
16 122
16 126
16 127
16 132
16 133
16 134
16 137
16 139
16 142
16 144
16 145
16 150
16 151
16 153
16 156
16 157
16 160
16 161
16 162
16 167
16 168
16 169
16 174
16 177
16 178
16 180
16 182
16 184
16 186
16 188
16 190
16 196
17 18
17 19
17 21
17 23
17 25
17 26
17 27
17 28
17 31
17 33
17 36
17 37
17 38
17 39
17 40
17 43
17 45
17 46
17 47
17 48
17 49
17 50
17 54
17 58
17 62
17 63
17 64
17 66
17 68
17 71
17 72
17 73
17 75
17 76
17 79
17 80
17 81
17 82
17 85
17 88
17 89
17 92
17 93
17 94
17 95
17 96
17 102
17 104
17 106
17 107
17 109
17 110
17 113
17 114
17 115
17 117
17 118
17 121
17 122
17 123
17 127
17 129
17 131
17 133
17 135
17 140
17 142
17 145
17 148
17 149
17 150
17 151
17 154
17 156
17 159
17 161
17 162
17 165
17 166
17 171
17 173
17 174
17 175
17 178
17 183
17 185
17 186
17 187
17 188
17 189
17 190
17 192
17 194
17 198
18 19
18 20
18 21
18 22
18 23
18 25
18 26
18 29
18 31
18 33
18 34
18 35
18 36
18 38
18 42
18 43
18 44
18 45
18 47
18 48
18 49
18 51
18 53
18 55
18 59
18 60
18 61
18 62
18 66
18 67
18 68
18 69
18 70
18 71
18 72
18 73
18 75
18 76
18 78
18 79
18 80
18 81
18 84
18 87
18 88
18 90
18 92
18 93
18 95
18 96
18 99
18 101
18 102
18 103
18 109
18 110
18 112
18 113
18 117
18 119
18 124
18 129
18 130
18 131
18 134
18 136
18 137
18 140
18 142
18 146
18 147
18 148
18 149
18 151
18 155
18 158
18 159
18 160
18 161
18 162
18 163
18 164
18 167
18 168
18 171
18 181
18 184
18 185
18 187
18 188
18 190
18 192
18 193
18 195
18 196
18 197
18 199
19 21
19 25
19 27
19 29
19 31
19 32
19 36
19 39
19 42
19 43
19 46
19 47
19 49
19 51
19 53
19 55
19 56
19 58
19 59
19 60
19 71
19 75
19 76
19 78
19 79
19 80
19 81
19 83
19 84
19 86
19 87
19 90
19 91
19 94
19 96
19 97
19 98
19 101
19 102
19 103
19 104
19 106
19 109
19 111
19 113
19 114
19 118
19 121
19 123
19 124
19 126
19 131
19 132
19 133
19 135
19 136
19 138
19 140
19 142
19 143
19 146
19 149
19 150
19 152
19 156
19 157
19 159
19 161
19 165
19 166
19 169
19 170
19 177
19 179
19 181
19 183
19 184
19 185
19 186
19 191
19 192
19 194
19 196
19 197
20 22
20 23
20 25
20 27
20 34
20 36
20 38
20 39
20 42
20 43
20 45
20 46
20 51
20 55
20 59
20 60
20 61
20 62
20 63
20 65
20 70
20 71
20 74
20 79
20 80
20 81
20 82
20 84
20 85
20 88
20 89
20 90
20 93
20 96
20 99
20 102
20 103
20 110
20 112
20 114
20 115
20 116
20 119
20 120
20 126
20 127
20 128
20 130
20 134
20 135
20 138
20 139
20 140
20 141
20 144
20 146
20 147
20 148
20 151
20 152
20 154
20 155
20 157
20 160
20 167
20 171
20 173
20 176
20 180
20 182
20 183
20 185
20 189
20 190
20 192
20 194
20 198
20 199
21 22
21 23
21 25
21 28
21 30
21 31
21 32
21 34
21 36
21 43
21 45
21 46
21 47
21 49
21 51
21 52
21 53
21 57
21 59
21 65
21 66
21 73
21 74
21 75
21 76
21 79
21 82
21 83
21 85
21 86
21 87
21 88
21 90
21 91
21 92
21 93
21 94
21 95
21 96
21 97
21 98
21 104
21 109
21 111
21 113
21 114
21 117
21 118
21 119
21 120
21 121
21 123
21 126
21 127
21 128
21 130
21 134
21 135
21 137
21 138
21 139
21 140
21 141
21 142
21 144
21 145
21 146
21 148
21 149
21 150
21 151
21 152
21 154
21 156
21 158
21 163
21 165
21 166
21 168
21 169
21 171
21 172
21 173
21 176
21 177
21 178
21 179
21 181
21 184
21 186
21 189
21 190
21 193
21 195
21 197
21 198
22 28
22 29
22 32
22 33
22 34
22 36
22 37
22 40
22 44
22 46
22 48
22 50
22 51
22 52
22 53
22 54
22 55
22 56
22 58
22 59
22 62
22 63
22 66
22 67
22 68
22 71
22 72
22 73
22 76
22 77
22 79
22 80
22 86
22 87
22 88
22 90
22 91
22 93
22 94
22 98
22 100
22 101
22 102
22 103
22 104
22 106
22 109
22 110
22 112
22 113
22 114
22 115
22 117
22 118
22 119
22 120
22 124
22 125
22 128
22 133
22 134
22 135
22 139
22 140
22 141
22 142
22 144
22 146
22 148
22 150
22 152
22 154
22 155
22 158
22 161
22 163
22 166
22 167
22 169
22 170
22 171
22 174
22 177
22 178
22 179
22 181
22 186
22 187
22 188
22 189
22 192
22 193
22 194
22 195
22 196
22 197
22 198
23 24
23 26
23 29
23 30
23 33
23 35
23 41
23 42
23 50
23 52
23 54
23 55
23 61
23 62
23 64
23 67
23 68
23 71
23 72
23 76
23 80
23 81
23 83
23 87
23 90
23 91
23 93
23 97
23 103
23 107
23 110
23 111
23 112
23 113
23 114
23 118
23 119
23 123
23 125
23 129
23 131
23 136
23 137
23 140
23 143
23 144
23 145
23 146
23 148
23 149
23 153
23 154
23 158
23 163
23 164
23 165
23 166
23 173
23 176
23 177
23 181
23 183
23 184
23 185
23 186
23 188
23 190
24 26
24 28
24 30
24 32
24 35
24 36
24 37
24 40
24 42
24 43
24 45
24 46
24 47
24 48
24 50
24 52
24 54
24 56
24 57
24 64
24 67
24 68
24 71
24 72
24 73
24 78
24 79
24 81
24 82
24 83
24 85
24 86
24 88
24 89
24 92
24 94
24 99
24 101
24 104
24 105
24 107
24 109
24 111
24 112
24 114
24 116
24 117
24 118
24 119
24 120
24 122
24 124
24 128
24 129
24 131
24 132
24 136
24 139
24 140
24 141
24 142
24 145
24 149
24 150
24 151
24 153
24 156
24 160
24 167
24 169
24 172
24 175
24 177
24 180
24 181
24 183
24 185
24 186
24 187
24 188
24 192
24 197
24 198
24 199
25 26
25 27
25 30
25 31
25 33
25 36
25 37
25 38
25 40
25 41
25 42
25 45
25 46
25 49
25 52
25 53
25 54
25 58
25 60
25 62
25 63
25 65
25 67
25 68
25 69
25 74
25 78
25 82
25 85
25 88
25 89
25 90
25 91
25 94
25 98
25 104
25 105
25 107
25 108
25 110
25 112
25 116
25 124
25 125
25 128
25 134
25 135
25 140
25 142
25 143
25 144
25 146
25 148
25 151
25 152
25 154
25 161
25 162
25 163
25 164
25 165
25 166
25 167
25 172
25 174
25 175
25 176
25 178
25 179
25 182
25 184
25 187
25 192
25 195
25 198
25 199
26 30
26 31
26 33
26 37
26 39
26 40
26 41
26 42
26 45
26 48
26 52
26 53
26 54
26 56
26 58
26 60
26 63
26 64
26 65
26 67
26 69
26 72
26 73
26 74
26 75
26 76
26 78
26 79
26 80
26 81
26 82
26 83
26 84
26 89
26 90
26 92
26 93
26 94
26 96
26 99
26 102
26 103
26 104
26 105
26 109
26 112
26 113
26 114
26 115
26 124
26 131
26 133
26 135
26 139
26 141
26 143
26 145
26 150
26 151
26 153
26 154
26 155
26 157
26 158
26 159
26 165
26 166
26 169
26 170
26 171
26 172
26 174
26 175
26 177
26 179
26 180
26 181
26 182
26 184
26 185
26 188
26 191
26 194
26 196
26 199
27 29
27 30
27 31
27 32
27 33
27 39
27 42
27 44
27 46
27 50
27 51
27 56
27 59
27 64
27 65
27 66
27 67
27 68
27 69
27 72
27 73
27 76
27 78
27 79
27 81
27 82
27 83
27 84
27 85
27 86
27 90
27 91
27 93
27 103
27 105
27 106
27 107
27 109
27 111
27 112
27 113
27 116
27 121
27 123
27 126
27 127
27 129
27 134
27 135
27 138
27 139
27 140
27 146
27 148
27 150
27 151
27 152
27 156
27 157
27 159
27 160
27 163
27 165
27 167
27 169
27 173
27 174
27 175
27 177
27 179
27 180
27 181
27 182
27 184
27 185
27 186
27 187
27 189
27 191
27 192
27 193
27 194
27 195
27 198
27 199
28 29
28 30
28 31
28 33
28 34
28 37
28 38
28 41
28 42
28 43
28 45
28 46
28 47
28 48
28 51
28 52
28 53
28 56
28 65
28 66
28 67
28 69
28 72
28 73
28 77
28 78
28 81
28 82
28 83
28 85
28 87
28 88
28 91
28 92
28 93
28 97
28 98
28 99
28 100
28 107
28 109
28 113
28 117
28 120
28 121
28 126
28 127
28 131
28 133
28 134
28 135
28 141
28 142
28 143
28 149
28 151
28 152
28 156
28 157
28 160
28 162
28 163
28 165
28 167
28 169
28 171
28 172
28 173
28 178
28 179
28 181
28 182
28 186
28 188
28 189
28 190
28 193
28 195
28 196
28 197
28 198
28 199
29 31
29 34
29 35
29 37
29 38
29 39
29 41
29 42
29 45
29 46
29 51
29 52
29 53
29 55
29 56
29 58
29 62
29 64
29 65
29 66
29 67
29 68
29 69
29 71
29 73
29 74
29 75
29 76
29 78
29 81
29 84
29 86
29 90
29 95
29 96
29 98
29 102
29 103
29 105
29 106
29 107
29 109
29 112
29 114
29 115
29 117
29 119
29 120
29 121
29 122
29 123
29 124
29 125
29 127
29 128
29 129
29 132
29 134
29 135
29 136
29 137
29 139
29 140
29 141
29 144
29 146
29 148
29 149
29 152
29 153
29 156
29 163
29 168
29 169
29 170
29 171
29 180
29 181
29 182
29 184
29 185
29 188
29 189
29 192
29 194
29 195
29 197
29 198
30 31
30 32
30 33
30 35
30 36
30 39
30 40
30 41
30 42
30 43
30 45
30 48
30 51
30 52
30 56
30 60
30 62
30 63
30 65
30 66
30 69
30 70
30 71
30 73
30 75
30 76
30 78
30 80
30 81
30 83
30 85
30 89
30 92
30 93
30 94
30 95
30 100
30 106
30 107
30 108
30 111
30 116
30 118
30 119
30 120
30 121
30 122
30 125
30 127
30 131
30 132
30 133
30 135
30 137
30 138
30 142
30 143
30 145
30 148
30 149
30 152
30 153
30 154
30 155
30 156
30 157
30 158
30 160
30 161
30 162
30 163
30 164
30 165
30 167
30 169
30 171
30 173
30 176
30 179
30 180
30 181
30 182
30 183
30 184
30 186
30 187
30 188
30 189
30 190
30 193
30 194
30 197
30 198
31 32
31 33
31 36
31 38
31 39
31 40
31 41
31 43
31 46
31 47
31 50
31 51
31 52
31 54
31 55
31 57
31 58
31 59
31 63
31 64
31 65
31 66
31 69
31 74
31 75
31 76
31 77
31 78
31 79
31 80
31 81
31 83
31 84
31 87
31 88
31 89
31 91
31 95
31 96
31 97
31 99
31 101
31 102
31 105
31 106
31 110
31 111
31 114
31 117
31 121
31 123
31 126
31 127
31 128
31 129
31 130
31 131
31 133
31 134
31 137
31 143
31 145
31 147
31 152
31 153
31 160
31 161
31 163
31 164
31 165
31 167
31 168
31 170
31 172
31 174
31 175
31 176
31 179
31 180
31 181
31 183
31 186
31 192
31 194
31 196
32 33
32 34
32 35
32 37
32 42
32 43
32 47
32 52
32 53
32 55
32 56
32 58
32 63
32 76
32 77
32 81
32 83
32 84
32 87
32 92
32 95
32 96
32 97
32 98
32 99
32 101
32 102
32 106
32 107
32 110
32 111
32 112
32 113
32 114
32 115
32 116
32 117
32 118
32 119
32 122
32 123
32 124
32 128
32 130
32 131
32 132
32 134
32 135
32 137
32 140
32 143
32 144
32 145
32 147
32 148
32 151
32 153
32 154
32 157
32 161
32 163
32 164
32 166
32 168
32 169
32 173
32 176
32 177
32 179
32 181
32 183
32 184
32 185
32 186
32 187
32 189
32 193
32 194
32 195
32 197
32 199
33 34
33 37
33 40
33 42
33 44
33 47
33 48
33 50
33 53
33 56
33 61
33 63
33 64
33 65
33 66
33 67
33 69
33 70
33 71
33 72
33 75
33 76
33 78
33 80
33 81
33 82
33 83
33 84
33 86
33 87
33 88
33 90
33 91
33 94
33 95
33 96
33 98
33 99
33 100
33 101
33 102
33 103
33 105
33 107
33 109
33 111
33 112
33 113
33 114
33 115
33 116
33 120
33 121
33 128
33 130
33 131
33 134
33 138
33 142
33 143
33 145
33 150
33 157
33 158
33 159
33 164
33 168
33 169
33 171
33 172
33 173
33 176
33 179
33 182
33 183
33 184
33 185
33 186
33 187
33 188
33 191
33 192
33 194
33 199
34 38
34 40
34 41
34 45
34 46
34 47
34 48
34 49
34 50
34 51
34 54
34 57
34 58
34 61
34 63
34 65
34 66
34 68
34 71
34 72
34 76
34 79
34 80
34 81
34 85
34 86
34 87
34 89
34 90
34 94
34 95
34 96
34 104
34 110
34 112
34 114
34 117
34 118
34 120
34 122
34 123
34 125
34 128
34 130
34 132
34 134
34 139
34 142
34 143
34 144
34 145
34 153
34 155
34 156
34 157
34 161
34 162
34 163
34 165
34 166
34 167
34 168
34 169
34 170
34 171
34 172
34 173
34 174
34 179
34 180
34 182
34 184
34 191
34 192
34 194
34 197
34 198
35 36
35 37
35 38
35 39
35 43
35 45
35 46
35 50
35 51
35 52
35 54
35 55
35 56
35 57
35 58
35 60
35 62
35 65
35 67
35 69
35 70
35 71
35 76
35 77
35 78
35 81
35 83
35 85
35 89
35 90
35 92
35 94
35 95
35 96
35 97
35 99
35 100
35 103
35 105
35 106
35 107
35 108
35 109
35 110
35 111
35 112
35 113
35 115
35 119
35 120
35 122
35 124
35 126
35 130
35 136
35 137
35 138
35 142
35 143
35 144
35 146
35 147
35 148
35 149
35 151
35 152
35 154
35 155
35 156
35 158
35 161
35 162
35 165
35 166
35 167
35 172
35 173
35 176
35 177
35 178
35 182
35 183
35 186
35 188
35 189
35 192
35 193
35 194
35 198
35 199
36 38
36 41
36 42
36 43
36 46
36 47
36 50
36 53
36 54
36 55
36 58
36 59
36 61
36 65
36 67
36 68
36 70
36 74
36 75
36 78
36 80
36 82
36 83
36 84
36 85
36 86
36 88
36 90
36 91
36 92
36 93
36 95
36 96
36 100
36 103
36 104
36 106
36 107
36 108
36 110
36 115
36 116
36 117
36 119
36 126
36 127
36 131
36 132
36 133
36 134
36 135
36 136
36 138
36 140
36 141
36 143
36 145
36 146
36 148
36 149
36 150
36 156
36 157
36 158
36 161
36 162
36 163
36 166
36 167
36 168
36 172
36 173
36 180
36 182
36 183
36 184
36 185
36 188
36 191
36 195
36 196
36 197
37 39
37 40
37 42
37 44
37 46
37 47
37 49
37 50
37 51
37 55
37 56
37 57
37 60
37 61
37 62
37 63
37 64
37 65
37 68
37 69
37 70
37 71
37 73
37 74
37 76
37 77
37 78
37 79
37 83
37 87
37 88
37 90
37 92
37 94
37 95
37 100
37 101
37 110
37 111
37 112
37 113
37 115
37 116
37 119
37 121
37 122
37 123
37 127
37 130
37 131
37 133
37 136
37 139
37 142
37 144
37 145
37 149
37 150
37 151
37 155
37 156
37 157
37 158
37 160
37 161
37 164
37 165
37 166
37 169
37 170
37 171
37 172
37 173
37 174
37 175
37 176
37 177
37 182
37 185
37 186
37 187
37 188
37 193
37 196
37 199
38 41
38 43
38 45
38 48
38 50
38 52
38 55
38 56
38 57
38 59
38 60
38 62
38 63
38 64
38 65
38 66
38 68
38 71
38 73
38 76
38 78
38 80
38 81
38 82
38 84
38 88
38 89
38 90
38 91
38 94
38 96
38 97
38 98
38 99
38 100
38 101
38 102
38 103
38 105
38 107
38 108
38 110
38 111
38 113
38 115
38 117
38 118
38 120
38 122
38 123
38 124
38 126
38 129
38 131
38 133
38 134
38 137
38 139
38 140
38 141
38 143
38 144
38 145
38 146
38 151
38 154
38 157
38 158
38 162
38 163
38 164
38 167
38 168
38 169
38 172
38 173
38 175
38 176
38 177
38 178
38 179
38 180
38 187
38 190
38 193
38 194
38 196
38 198
38 199
39 40
39 43
39 44
39 45
39 48
39 49
39 52
39 56
39 58
39 59
39 60
39 62
39 63
39 64
39 66
39 67
39 73
39 76
39 77
39 79
39 81
39 82
39 85
39 87
39 92
39 94
39 98
39 99
39 100
39 103
39 104
39 105
39 107
39 108
39 110
39 113
39 114
39 117
39 118
39 119
39 122
39 123
39 124
39 125
39 126
39 128
39 129
39 130
39 132
39 134
39 136
39 139
39 141
39 144
39 145
39 148
39 154
39 155
39 156
39 158
39 161
39 164
39 168
39 172
39 174
39 175
39 176
39 177
39 178
39 180
39 183
39 186
39 189
39 190
39 191
39 192
39 193
39 195
39 196
39 197
39 198
39 199
40 42
40 44
40 45
40 46
40 47
40 49
40 50
40 51
40 56
40 57
40 60
40 61
40 62
40 64
40 65
40 66
40 67
40 69
40 75
40 76
40 77
40 79
40 80
40 81
40 82
40 84
40 85
40 86
40 87
40 89
40 91
40 98
40 100
40 101
40 102
40 103
40 106
40 107
40 109
40 113
40 114
40 115
40 122
40 123
40 124
40 125
40 127
40 128
40 130
40 131
40 132
40 133
40 136
40 140
40 142
40 143
40 144
40 145
40 146
40 154
40 156
40 157
40 158
40 160
40 162
40 163
40 165
40 167
40 171
40 172
40 175
40 176
40 177
40 180
40 181
40 186
40 188
40 191
40 192
40 193
40 194
40 196
40 198
41 42
41 43
41 45
41 51
41 54
41 55
41 56
41 65
41 66
41 68
41 69
41 70
41 74
41 75
41 77
41 79
41 82
41 83
41 85
41 86
41 87
41 88
41 89
41 92
41 94
41 95
41 98
41 99
41 101
41 103
41 105
41 106
41 107
41 108
41 109
41 110
41 111
41 112
41 114
41 115
41 116
41 117
41 119
41 120
41 122
41 123
41 126
41 127
41 129
41 130
41 135
41 136
41 137
41 138
41 139
41 140
41 142
41 144
41 145
41 150
41 151
41 153
41 154
41 156
41 158
41 160
41 161
41 164
41 165
41 167
41 169
41 171
41 172
41 174
41 175
41 176
41 177
41 178
41 179
41 180
41 183
41 184
41 189
41 191
41 192
41 198
42 44
42 45
42 50
42 53
42 54
42 62
42 63
42 66
42 67
42 69
42 70
42 71
42 72
42 74
42 75
42 76
42 78
42 80
42 85
42 87
42 91
42 92
42 93
42 95
42 96
42 97
42 98
42 100
42 102
42 103
42 104
42 105
42 106
42 107
42 109
42 111
42 112
42 113
42 116
42 120
42 121
42 122
42 123
42 125
42 128
42 130
42 131
42 132
42 133
42 134
42 143
42 144
42 145
42 150
42 152
42 153
42 154
42 158
42 160
42 162
42 171
42 173
42 174
42 180
42 182
42 183
42 184
42 189
42 190
42 192
42 194
42 196
42 197
42 198
43 45
43 46
43 47
43 54
43 57
43 58
43 60
43 61
43 62
43 63
43 64
43 66
43 68
43 69
43 70
43 71
43 72
43 73
43 77
43 78
43 79
43 80
43 83
43 84
43 85
43 87
43 88
43 89
43 93
43 99
43 100
43 101
43 102
43 106
43 107
43 108
43 110
43 117
43 118
43 119
43 120
43 124
43 125
43 129
43 132
43 133
43 134
43 135
43 136
43 138
43 139
43 146
43 148
43 150
43 151
43 152
43 156
43 157
43 158
43 160
43 166
43 167
43 171
43 178
43 180
43 181
43 183
43 184
43 186
43 187
43 188
43 189
43 197
43 198
44 47
44 49
44 50
44 51
44 53
44 54
44 56
44 57
44 59
44 60
44 64
44 66
44 67
44 69
44 71
44 73
44 74
44 78
44 79
44 82
44 84
44 85
44 86
44 87
44 89
44 91
44 93
44 94
44 98
44 101
44 102
44 104
44 105
44 106
44 110
44 113
44 114
44 115
44 118
44 119
44 120
44 122
44 123
44 124
44 126
44 128
44 133
44 136
44 139
44 140
44 144
44 145
44 146
44 147
44 148
44 153
44 160
44 162
44 163
44 166
44 167
44 168
44 169
44 172
44 174
44 175
44 177
44 178
44 179
44 180
44 183
44 184
44 185
44 192
44 196
44 199
45 52
45 53
45 55
45 56
45 58
45 63
45 65
45 67
45 68
45 69
45 70
45 71
45 73
45 75
45 76
45 78
45 79
45 82
45 88
45 90
45 93
45 96
45 99
45 100
45 103
45 109
45 110
45 114
45 118
45 120
45 121
45 123
45 124
45 126
45 129
45 133
45 134
45 135
45 137
45 138
45 141
45 142
45 143
45 144
45 145
45 146
45 147
45 151
45 152
45 157
45 158
45 159
45 162
45 163
45 165
45 166
45 169
45 173
45 174
45 180
45 182
45 183
45 185
45 187
45 191
45 193
45 194
45 195
45 197
45 198
45 199
46 47
46 48
46 49
46 50
46 51
46 54
46 57
46 58
46 59
46 62
46 63
46 64
46 65
46 66
46 67
46 69
46 72
46 74
46 75
46 78
46 79
46 81
46 82
46 83
46 90
46 93
46 99
46 102
46 103
46 105
46 107
46 112
46 113
46 115
46 116
46 117
46 118
46 120
46 126
46 128
46 129
46 130
46 132
46 137
46 142
46 144
46 145
46 146
46 147
46 149
46 150
46 155
46 156
46 157
46 158
46 159
46 161
46 162
46 165
46 168
46 169
46 170
46 172
46 174
46 178
46 179
46 181
46 184
46 185
46 187
46 189
46 190
46 191
46 192
46 194
46 196
46 198
46 199
47 48
47 49
47 54
47 55
47 56
47 58
47 59
47 60
47 64
47 65
47 66
47 67
47 70
47 73
47 76
47 77
47 80
47 82
47 84
47 87
47 88
47 90
47 91
47 92
47 93
47 95
47 96
47 98
47 99
47 106
47 107
47 109
47 110
47 111
47 112
47 113
47 116
47 117
47 118
47 119
47 123
47 127
47 132
47 134
47 135
47 137
47 139
47 140
47 143
47 145
47 149
47 150
47 153
47 156
47 157
47 161
47 165
47 166
47 167
47 168
47 169
47 172
47 173
47 177
47 178
47 179
47 180
47 182
47 183
47 184
47 185
47 186
47 192
47 195
47 197
47 198
47 199
48 51
48 54
48 55
48 56
48 58
48 65
48 68
48 69
48 74
48 78
48 81
48 82
48 84
48 85
48 86
48 87
48 88
48 89
48 90
48 92
48 93
48 94
48 98
48 100
48 101
48 103
48 104
48 107
48 108
48 111
48 115
48 117
48 118
48 119
48 122
48 123
48 125
48 127
48 129
48 134
48 135
48 136
48 139
48 140
48 143
48 145
48 146
48 147
48 149
48 154
48 155
48 157
48 158
48 159
48 160
48 163
48 167
48 168
48 170
48 171
48 173
48 174
48 176
48 177
48 181
48 182
48 185
48 190
48 192
48 194
48 198
48 199
49 50
49 51
49 53
49 54
49 56
49 58
49 60
49 62
49 64
49 67
49 71
49 73
49 74
49 78
49 79
49 82
49 84
49 85
49 86
49 88
49 90
49 94
49 95
49 96
49 98
49 99
49 102
49 104
49 105
49 107
49 108
49 109
49 110
49 112
49 113
49 114
49 121
49 123
49 124
49 127
49 128
49 131
49 132
49 134
49 136
49 138
49 140
49 142
49 144
49 147
49 148
49 149
49 151
49 155
49 158
49 159
49 160
49 163
49 165
49 166
49 167
49 170
49 172
49 177
49 179
49 181
49 183
49 186
49 188
49 189
49 190
49 192
49 193
49 194
49 195
49 196
49 197
49 198
49 199
50 54
50 57
50 59
50 60
50 63
50 65
50 66
50 68
50 69
50 70
50 76
50 78
50 80
50 83
50 84
50 86
50 87
50 91
50 94
50 95
50 96
50 101
50 102
50 103
50 104
50 107
50 108
50 110
50 111
50 112
50 114
50 116
50 119
50 123
50 124
50 128
50 130
50 132
50 135
50 137
50 138
50 140
50 143
50 144
50 146
50 147
50 148
50 150
50 151
50 154
50 155
50 156
50 157
50 160
50 163
50 168
50 169
50 173
50 174
50 177
50 178
50 179
50 180
50 181
50 182
50 183
50 185
50 187
50 189
50 195
50 199
51 52
51 53
51 54
51 57
51 59
51 60
51 63
51 70
51 71
51 72
51 74
51 75
51 81
51 82
51 83
51 84
51 86
51 87
51 91
51 95
51 96
51 97
51 103
51 106
51 107
51 108
51 109
51 110
51 112
51 113
51 114
51 115
51 118
51 121
51 123
51 125
51 127
51 128
51 129
51 130
51 131
51 132
51 133
51 134
51 138
51 140
51 142
51 149
51 150
51 152
51 153
51 158
51 160
51 161
51 163
51 166
51 167
51 169
51 170
51 171
51 177
51 178
51 184
51 187
51 188
51 189
51 193
51 194
51 195
51 196
51 199
52 53
52 56
52 57
52 58
52 59
52 62
52 68
52 69
52 72
52 73
52 75
52 76
52 78
52 82
52 84
52 85
52 86
52 90
52 91
52 94
52 95
52 96
52 97
52 100
52 102
52 103
52 104
52 106
52 108
52 110
52 111
52 112
52 115
52 118
52 120
52 121
52 125
52 127
52 128
52 132
52 133
52 134
52 136
52 137
52 139
52 140
52 141
52 143
52 146
52 150
52 152
52 154
52 161
52 163
52 164
52 166
52 168
52 169
52 171
52 172
52 175
52 177
52 180
52 181
52 182
52 184
52 187
52 189
52 191
52 192
52 193
52 195
52 196
52 198
53 54
53 55
53 59
53 63
53 65
53 72
53 81
53 82
53 85
53 89
53 90
53 92
53 94
53 95
53 96
53 97
53 98
53 102
53 103
53 104
53 106
53 107
53 108
53 112
53 113
53 115
53 118
53 119
53 120
53 122
53 123
53 124
53 125
53 126
53 127
53 128
53 129
53 130
53 131
53 133
53 135
53 137
53 138
53 139
53 141
53 142
53 147
53 150
53 153
53 158
53 159
53 160
53 165
53 167
53 170
53 175
53 177
53 178
53 179
53 180
53 181
53 182
53 187
53 188
53 191
53 195
53 199
54 56
54 58
54 61
54 62
54 63
54 65
54 66
54 69
54 72
54 75
54 77
54 81
54 82
54 87
54 88
54 90
54 91
54 93
54 97
54 99
54 103
54 105
54 106
54 108
54 110
54 111
54 113
54 114
54 117
54 121
54 123
54 124
54 127
54 131
54 133
54 135
54 138
54 140
54 141
54 146
54 149
54 150
54 151
54 157
54 158
54 159
54 160
54 163
54 164
54 165
54 166
54 168
54 169
54 171
54 173
54 174
54 175
54 176
54 178
54 179
54 180
54 181
54 184
54 185
54 186
54 187
54 190
54 191
54 192
54 194
54 197
54 198
54 199
55 57
55 59
55 67
55 70
55 75
55 76
55 78
55 80
55 82
55 83
55 84
55 87
55 88
55 89
55 90
55 91
55 93
55 97
55 98
55 100
55 101
55 102
55 103
55 104
55 108
55 109
55 112
55 113
55 114
55 116
55 118
55 119
55 124
55 125
55 127
55 128
55 131
55 134
55 136
55 138
55 139
55 142
55 146
55 147
55 150
55 152
55 154
55 155
55 157
55 159
55 163
55 164
55 167
55 169
55 171
55 172
55 173
55 175
55 179
55 183
55 184
55 186
55 189
55 190
55 191
55 192
55 193
55 195
55 198
55 199
56 58
56 61
56 62
56 63
56 66
56 68
56 73
56 74
56 78
56 79
56 80
56 82
56 83
56 85
56 90
56 91
56 95
56 98
56 99
56 100
56 101
56 103
56 105
56 107
56 108
56 113
56 114
56 116
56 117
56 118
56 124
56 128
56 130
56 131
56 132
56 134
56 135
56 137
56 142
56 143
56 147
56 150
56 152
56 154
56 156
56 158
56 160
56 162
56 163
56 164
56 165
56 166
56 167
56 168
56 169
56 172
56 174
56 175
56 177
56 179
56 181
56 182
56 183
56 184
56 186
56 187
56 194
56 195
56 197
56 198
57 60
57 62
57 63
57 64
57 67
57 70
57 73
57 74
57 75
57 79
57 80
57 83
57 84
57 85
57 87
57 90
57 94
57 95
57 96
57 97
57 98
57 100
57 102
57 103
57 104
57 105
57 107
57 109
57 110
57 111
57 113
57 114
57 115
57 116
57 118
57 120
57 122
57 123
57 125
57 129
57 131
57 132
57 133
57 134
57 137
57 138
57 141
57 143
57 144
57 146
57 153
57 154
57 155
57 156
57 158
57 160
57 161
57 162
57 168
57 171
57 176
57 177
57 178
57 180
57 182
57 183
57 184
57 185
57 186
57 187
57 189
57 190
57 192
57 194
57 195
57 196
57 198
58 60
58 62
58 63
58 64
58 65
58 68
58 69
58 71
58 72
58 74
58 78
58 79
58 82
58 87
58 93
58 96
58 97
58 99
58 101
58 103
58 108
58 109
58 110
58 111
58 113
58 114
58 116
58 117
58 120
58 121
58 122
58 124
58 128
58 129
58 132
58 133
58 134
58 138
58 140
58 141
58 143
58 144
58 146
58 147
58 149
58 153
58 155
58 157
58 158
58 159
58 161
58 166
58 167
58 169
58 173
58 174
58 175
58 176
58 178
58 179
58 181
58 184
58 186
58 188
58 189
58 191
58 193
58 194
58 195
58 197
58 198
59 60
59 61
59 63
59 64
59 66
59 68
59 69
59 72
59 73
59 75
59 76
59 78
59 79
59 80
59 82
59 84
59 86
59 88
59 89
59 90
59 91
59 95
59 98
59 101
59 108
59 110
59 113
59 114
59 115
59 116
59 117
59 120
59 121
59 122
59 128
59 131
59 133
59 134
59 137
59 138
59 139
59 143
59 146
59 147
59 148
59 149
59 156
59 158
59 160
59 161
59 164
59 165
59 166
59 168
59 171
59 173
59 175
59 177
59 178
59 180
59 182
59 183
59 184
59 187
59 188
59 192
59 193
59 197
60 65
60 66
60 67
60 69
60 71
60 72
60 73
60 74
60 77
60 78
60 79
60 80
60 82
60 84
60 85
60 86
60 89
60 90
60 91
60 92
60 96
60 99
60 101
60 102
60 103
60 107
60 114
60 115
60 118
60 119
60 120
60 125
60 126
60 127
60 128
60 131
60 132
60 133
60 136
60 138
60 140
60 141
60 144
60 146
60 147
60 150
60 151
60 152
60 156
60 160
60 161
60 165
60 166
60 167
60 170
60 172
60 173
60 177
60 179
60 181
60 182
60 183
60 185
60 186
60 187
60 189
60 191
60 195
60 196
60 198
61 62
61 65
61 66
61 69
61 71
61 74
61 76
61 79
61 84
61 86
61 87
61 88
61 89
61 90
61 92
61 94
61 95
61 98
61 101
61 102
61 104
61 105
61 108
61 109
61 110
61 111
61 112
61 114
61 115
61 117
61 118
61 125
61 129
61 131
61 132
61 133
61 139
61 140
61 142
61 144
61 148
61 150
61 152
61 153
61 156
61 159
61 161
61 162
61 163
61 164
61 165
61 168
61 171
61 174
61 176
61 177
61 178
61 181
61 188
61 189
61 190
61 193
61 196
62 67
62 69
62 71
62 73
62 75
62 76
62 77
62 80
62 81
62 82
62 84
62 86
62 88
62 89
62 90
62 91
62 93
62 94
62 95
62 96
62 98
62 99
62 101
62 102
62 104
62 105
62 106
62 107
62 108
62 109
62 110
62 111
62 112
62 113
62 115
62 116
62 117
62 119
62 124
62 126
62 128
62 129
62 130
62 131
62 132
62 134
62 136
62 137
62 139
62 140
62 141
62 143
62 144
62 146
62 148
62 150
62 154
62 155
62 156
62 157
62 159
62 160
62 161
62 164
62 165
62 166
62 167
62 168
62 169
62 170
62 171
62 172
62 173
62 174
62 176
62 177
62 179
62 181
62 182
62 186
62 187
62 189
62 190
62 191
62 192
62 194
62 197
63 64
63 67
63 68
63 69
63 70
63 71
63 73
63 74
63 75
63 76
63 77
63 78
63 79
63 80
63 83
63 87
63 88
63 89
63 90
63 91
63 94
63 99
63 101
63 102
63 104
63 105
63 107
63 109
63 111
63 112
63 115
63 117
63 118
63 119
63 120
63 122
63 123
63 124
63 127
63 129
63 130
63 131
63 132
63 137
63 140
63 142
63 144
63 147
63 148
63 150
63 151
63 153
63 155
63 165
63 166
63 167
63 176
63 177
63 178
63 179
63 181
63 184
63 185
63 186
63 188
63 190
63 191
63 192
63 193
63 194
63 195
63 197
63 198
64 66
64 67
64 79
64 82
64 86
64 87
64 88
64 91
64 93
64 96
64 98
64 99
64 100
64 102
64 103
64 104
64 110
64 113
64 114
64 115
64 116
64 118
64 121
64 125
64 129
64 130
64 131
64 132
64 133
64 134
64 135
64 138
64 139
64 142
64 143
64 149
64 150
64 152
64 153
64 159
64 160
64 161
64 162
64 163
64 166
64 167
64 171
64 173
64 175
64 176
64 177
64 179
64 181
64 184
64 187
64 188
64 192
64 194
64 199
65 66
65 69
65 70
65 71
65 72
65 73
65 74
65 77
65 80
65 81
65 82
65 83
65 84
65 87
65 88
65 89
65 90
65 93
65 95
65 97
65 100
65 101
65 102
65 103
65 106
65 108
65 109
65 110
65 111
65 113
65 114
65 116
65 119
65 120
65 121
65 122
65 125
65 126
65 129
65 132
65 133
65 134
65 136
65 137
65 138
65 140
65 141
65 142
65 143
65 144
65 146
65 147
65 148
65 149
65 150
65 153
65 154
65 156
65 157
65 159
65 160
65 165
65 168
65 169
65 171
65 172
65 174
65 176
65 180
65 181
65 186
65 188
65 189
65 192
65 194
65 196
65 197
65 199
66 67
66 68
66 69
66 72
66 74
66 75
66 78
66 86
66 89
66 90
66 91
66 92
66 95
66 97
66 100
66 101
66 104
66 105
66 107
66 111
66 113
66 115
66 118
66 121
66 122
66 124
66 125
66 130
66 133
66 134
66 135
66 137
66 138
66 139
66 141
66 143
66 146
66 148
66 153
66 154
66 155
66 156
66 157
66 159
66 160
66 162
66 165
66 167
66 169
66 176
66 181
66 183
66 184
66 185
66 186
66 187
66 197
66 198
67 68
67 69
67 72
67 73
67 76
67 77
67 83
67 85
67 86
67 88
67 89
67 91
67 95
67 97
67 98
67 100
67 101
67 104
67 105
67 107
67 108
67 109
67 110
67 113
67 115
67 117
67 121
67 124
67 125
67 127
67 128
67 130
67 132
67 133
67 136
67 142
67 144
67 145
67 148
67 150
67 152
67 153
67 154
67 155
67 156
67 160
67 161
67 162
67 163
67 165
67 167
67 169
67 171
67 172
67 174
67 175
67 179
67 181
67 182
67 184
67 188
67 190
67 191
67 192
67 193
67 194
67 197
67 198
67 199
68 70
68 73
68 74
68 76
68 77
68 79
68 82
68 86
68 88
68 91
68 92
68 93
68 95
68 97
68 98
68 99
68 101
68 104
68 107
68 111
68 113
68 117
68 118
68 119
68 120
68 121
68 122
68 127
68 128
68 134
68 137
68 138
68 139
68 141
68 142
68 143
68 145
68 146
68 149
68 152
68 154
68 156
68 158
68 159
68 160
68 161
68 163
68 165
68 167
68 168
68 170
68 172
68 173
68 176
68 178
68 181
68 183
68 184
68 186
68 187
68 192
68 195
68 197
69 71
69 72
69 74
69 77
69 80
69 82
69 83
69 85
69 86
69 87
69 89
69 90
69 94
69 97
69 98
69 100
69 101
69 102
69 105
69 109
69 111
69 113
69 115
69 116
69 118
69 119
69 120
69 121
69 124
69 125
69 127
69 132
69 134
69 136
69 140
69 141
69 145
69 146
69 149
69 151
69 153
69 155
69 156
69 158
69 159
69 161
69 162
69 163
69 164
69 165
69 166
69 168
69 169
69 172
69 174
69 175
69 176
69 180
69 181
69 184
69 187
69 190
69 191
69 194
69 195
69 196
69 197
70 71
70 76
70 78
70 83
70 84
70 89
70 90
70 94
70 95
70 97
70 100
70 101
70 104
70 106
70 109
70 114
70 116
70 117
70 120
70 121
70 127
70 128
70 130
70 131
70 132
70 133
70 134
70 135
70 136
70 137
70 138
70 139
70 141
70 142
70 144
70 147
70 148
70 149
70 150
70 152
70 154
70 158
70 159
70 160
70 163
70 164
70 165
70 166
70 167
70 168
70 170
70 173
70 174
70 176
70 182
70 183
70 184
70 185
70 188
70 190
70 191
70 192
70 193
70 194
70 196
70 197
70 198
70 199
71 72
71 73
71 76
71 77
71 81
71 84
71 85
71 87
71 90
71 91
71 95
71 96
71 97
71 98
71 99
71 103
71 104
71 106
71 108
71 109
71 110
71 111
71 113
71 114
71 115
71 117
71 120
71 121
71 122
71 125
71 128
71 131
71 132
71 134
71 136
71 138
71 141
71 143
71 144
71 145
71 147
71 149
71 150
71 151
71 152
71 155
71 158
71 161
71 163
71 164
71 166
71 168
71 169
71 172
71 174
71 176
71 179
71 182
71 183
71 184
71 185
71 188
71 189
71 192
71 193
71 194
71 195
71 196
71 198
71 199
72 73
72 75
72 76
72 80
72 82
72 83
72 84
72 85
72 90
72 91
72 92
72 93
72 96
72 99
72 100
72 102
72 104
72 105
72 108
72 110
72 114
72 116
72 117
72 122
72 125
72 126
72 131
72 134
72 135
72 136
72 137
72 138
72 139
72 140
72 141
72 142
72 144
72 149
72 150
72 151
72 152
72 154
72 155
72 158
72 159
72 160
72 162
72 166
72 167
72 171
72 172
72 174
72 175
72 176
72 178
72 179
72 180
72 182
72 183
72 186
72 187
72 190
72 191
72 196
73 75
73 83
73 88
73 90
73 91
73 93
73 96
73 97
73 98
73 101
73 103
73 105
73 110
73 111
73 115
73 116
73 117
73 120
73 121
73 126
73 127
73 128
73 131
73 132
73 136
73 138
73 139
73 143
73 144
73 145
73 146
73 150
73 152
73 154
73 155
73 157
73 158
73 165
73 172
73 173
73 174
73 175
73 178
73 180
73 181
73 185
73 186
73 187
73 188
73 190
73 193
73 194
73 195
73 197
73 199
74 76
74 77
74 78
74 80
74 81
74 83
74 84
74 85
74 86
74 90
74 91
74 92
74 93
74 94
74 96
74 97
74 98
74 99
74 100
74 101
74 103
74 105
74 107
74 108
74 110
74 113
74 114
74 116
74 120
74 125
74 126
74 127
74 128
74 130
74 132
74 133
74 134
74 135
74 136
74 138
74 139
74 141
74 142
74 143
74 144
74 145
74 147
74 148
74 153
74 155
74 156
74 158
74 160
74 161
74 162
74 163
74 165
74 168
74 169
74 171
74 172
74 175
74 176
74 179
74 181
74 182
74 187
74 189
74 193
74 195
74 196
75 76
75 79
75 81
75 82
75 84
75 88
75 89
75 91
75 93
75 94
75 95
75 98
75 99
75 100
75 103
75 104
75 107
75 109
75 110
75 115
75 116
75 118
75 119
75 120
75 121
75 123
75 124
75 126
75 129
75 130
75 132
75 133
75 136
75 137
75 138
75 139
75 140
75 143
75 144
75 146
75 148
75 149
75 152
75 153
75 156
75 158
75 159
75 162
75 163
75 165
75 167
75 168
75 171
75 172
75 173
75 174
75 176
75 177
75 178
75 180
75 181
75 182
75 183
75 186
75 187
75 188
75 189
75 196
75 198
75 199
76 80
76 83
76 87
76 89
76 90
76 91
76 92
76 93
76 97
76 98
76 99
76 100
76 103
76 104
76 105
76 106
76 107
76 108
76 109
76 110
76 113
76 114
76 115
76 117
76 118
76 119
76 122
76 124
76 125
76 126
76 129
76 130
76 134
76 136
76 139
76 141
76 143
76 144
76 145
76 147
76 149
76 150
76 153
76 154
76 156
76 157
76 158
76 160
76 161
76 163
76 166
76 168
76 169
76 171
76 172
76 177
76 178
76 180
76 182
76 183
76 185
76 186
76 187
76 192
76 196
76 197
77 78
77 80
77 85
77 86
77 89
77 91
77 92
77 94
77 99
77 100
77 101
77 103
77 106
77 107
77 109
77 110
77 112
77 114
77 115
77 118
77 124
77 134
77 136
77 137
77 140
77 141
77 143
77 144
77 145
77 149
77 152
77 154
77 155
77 156
77 159
77 160
77 166
77 170
77 171
77 173
77 175
77 177
77 179
77 181
77 183
77 184
77 185
77 188
77 189
77 190
77 191
77 192
77 197
77 199
78 80
78 81
78 84
78 86
78 87
78 89
78 92
78 94
78 95
78 96
78 100
78 101
78 103
78 104
78 105
78 107
78 110
78 114
78 115
78 116
78 118
78 119
78 121
78 124
78 125
78 126
78 127
78 130
78 131
78 132
78 134
78 135
78 136
78 139
78 140
78 142
78 146
78 147
78 149
78 150
78 151
78 154
78 155
78 156
78 160
78 161
78 162
78 168
78 169
78 170
78 172
78 173
78 174
78 176
78 178
78 179
78 182
78 183
78 185
78 187
78 189
78 190
78 191
78 192
78 196
78 197
78 199
79 81
79 84
79 85
79 86
79 88
79 89
79 90
79 91
79 92
79 99
79 103
79 104
79 109
79 110
79 112
79 115
79 118
79 121
79 123
79 125
79 126
79 127
79 128
79 129
79 130
79 131
79 134
79 138
79 140
79 143
79 146
79 149
79 150
79 152
79 154
79 160
79 163
79 165
79 166
79 167
79 168
79 170
79 174
79 175
79 176
79 179
79 180
79 181
79 182
79 183
79 184
79 185
79 188
79 189
79 190
79 192
79 194
79 195
79 196
79 198
80 82
80 83
80 84
80 86
80 93
80 94
80 95
80 96
80 99
80 101
80 103
80 105
80 107
80 112
80 113
80 114
80 115
80 116
80 118
80 120
80 121
80 124
80 125
80 126
80 127
80 128
80 129
80 130
80 131
80 134
80 137
80 138
80 139
80 142
80 143
80 144
80 145
80 148
80 150
80 151
80 152
80 154
80 155
80 156
80 161
80 163
80 166
80 167
80 169
80 170
80 172
80 182
80 185
80 189
80 192
80 195
80 196
80 197
81 83
81 85
81 86
81 88
81 89
81 90
81 93
81 97
81 98
81 100
81 104
81 106
81 110
81 111
81 114
81 118
81 119
81 124
81 126
81 130
81 131
81 132
81 133
81 136
81 140
81 141
81 144
81 145
81 146
81 147
81 151
81 154
81 155
81 158
81 159
81 160
81 162
81 163
81 164
81 165
81 166
81 171
81 172
81 173
81 176
81 178
81 182
81 183
81 184
81 188
81 189
81 191
81 192
81 193
81 195
81 196
81 198
82 85
82 87
82 89
82 90
82 91
82 93
82 97
82 98
82 103
82 104
82 105
82 106
82 108
82 109
82 114
82 116
82 118
82 119
82 121
82 123
82 125
82 126
82 127
82 129
82 131
82 132
82 134
82 135
82 140
82 141
82 142
82 145
82 146
82 147
82 148
82 150
82 153
82 154
82 155
82 156
82 157
82 158
82 159
82 160
82 162
82 164
82 165
82 169
82 172
82 174
82 177
82 178
82 180
82 185
82 191
82 197
82 198
83 84
83 86
83 87
83 88
83 93
83 94
83 96
83 97
83 100
83 101
83 102
83 103
83 104
83 105
83 106
83 107
83 111
83 112
83 120
83 121
83 123
83 125
83 127
83 129
83 133
83 134
83 135
83 136
83 140
83 141
83 143
83 144
83 146
83 148
83 150
83 155
83 157
83 158
83 160
83 162
83 165
83 166
83 167
83 169
83 171
83 172
83 175
83 176
83 177
83 178
83 181
83 184
83 185
83 192
83 193
83 194
83 196
83 197
83 199
84 85
84 88
84 90
84 91
84 92
84 93
84 94
84 98
84 101
84 105
84 108
84 109
84 110
84 111
84 112
84 113
84 114
84 115
84 116
84 118
84 119
84 120
84 124
84 125
84 126
84 127
84 128
84 129
84 131
84 132
84 133
84 134
84 136
84 137
84 138
84 139
84 140
84 141
84 143
84 146
84 149
84 150
84 151
84 152
84 156
84 158
84 160
84 161
84 164
84 165
84 166
84 167
84 168
84 170
84 171
84 172
84 174
84 175
84 176
84 178
84 179
84 180
84 182
84 184
84 185
84 186
84 189
84 190
84 191
84 193
84 194
84 197
84 198
84 199
85 87
85 92
85 100
85 101
85 103
85 104
85 105
85 106
85 107
85 108
85 109
85 111
85 112
85 114
85 115
85 116
85 117
85 118
85 122
85 124
85 126
85 130
85 132
85 135
85 137
85 139
85 140
85 142
85 143
85 145
85 146
85 148
85 151
85 152
85 154
85 155
85 156
85 158
85 160
85 161
85 162
85 165
85 167
85 168
85 169
85 174
85 175
85 176
85 179
85 180
85 182
85 183
85 184
85 187
85 189
85 191
85 197
85 198
85 199
86 91
86 93
86 97
86 100
86 101
86 103
86 105
86 106
86 107
86 108
86 112
86 114
86 116
86 117
86 119
86 120
86 123
86 126
86 128
86 133
86 135
86 136
86 140
86 142
86 147
86 148
86 149
86 155
86 156
86 158
86 159
86 160
86 161
86 164
86 166
86 168
86 171
86 177
86 179
86 182
86 183
86 184
86 187
86 188
86 192
86 193
86 194
86 196
86 199
87 89
87 92
87 94
87 96
87 99
87 101
87 102
87 103
87 109
87 110
87 113
87 115
87 117
87 118
87 120
87 122
87 123
87 126
87 127
87 128
87 130
87 132
87 133
87 134
87 135
87 139
87 142
87 143
87 144
87 145
87 148
87 149
87 150
87 151
87 152
87 154
87 155
87 158
87 159
87 161
87 162
87 165
87 170
87 172
87 173
87 175
87 176
87 177
87 178
87 180
87 181
87 183
87 187
87 189
87 195
87 198
87 199
88 89
88 93
88 94
88 97
88 98
88 100
88 101
88 102
88 104
88 105
88 109
88 113
88 118
88 123
88 124
88 127
88 128
88 129
88 131
88 133
88 136
88 137
88 138
88 139
88 141
88 142
88 143
88 144
88 146
88 147
88 153
88 154
88 156
88 157
88 158
88 160
88 162
88 163
88 167
88 168
88 169
88 171
88 172
88 175
88 176
88 179
88 181
88 182
88 184
88 186
88 191
88 192
88 194
88 197
88 199
89 90
89 91
89 92
89 96
89 99
89 100
89 102
89 103
89 106
89 109
89 111
89 112
89 113
89 115
89 120
89 122
89 123
89 125
89 127
89 130
89 131
89 132
89 133
89 135
89 136
89 137
89 138
89 139
89 140
89 142
89 143
89 146
89 147
89 149
89 155
89 156
89 160
89 162
89 165
89 166
89 168
89 171
89 173
89 175
89 176
89 177
89 181
89 183
89 187
89 189
89 191
89 192
89 193
89 195
90 91
90 92
90 94
90 96
90 98
90 105
90 107
90 110
90 111
90 116
90 117
90 118
90 121
90 123
90 124
90 125
90 127
90 128
90 129
90 133
90 134
90 135
90 136
90 139
90 142
90 143
90 144
90 146
90 148
90 151
90 156
90 159
90 160
90 163
90 164
90 165
90 166
90 168
90 169
90 171
90 172
90 176
90 177
90 178
90 179
90 181
90 184
90 185
90 186
90 192
90 194
91 92
91 94
91 96
91 97
91 98
91 100
91 101
91 103
91 105
91 108
91 109
91 112
91 119
91 121
91 122
91 123
91 124
91 125
91 126
91 127
91 128
91 130
91 131
91 132
91 134
91 136
91 138
91 139
91 140
91 142
91 143
91 144
91 145
91 147
91 148
91 150
91 154
91 155
91 156
91 157
91 159
91 160
91 163
91 164
91 167
91 168
91 169
91 171
91 175
91 176
91 179
91 182
91 183
91 184
91 185
91 187
91 191
91 192
91 193
91 196
91 197
92 94
92 96
92 97
92 99
92 100
92 101
92 102
92 103
92 106
92 108
92 109
92 113
92 114
92 115
92 117
92 118
92 119
92 120
92 123
92 125
92 127
92 128
92 129
92 131
92 134
92 135
92 136
92 137
92 138
92 139
92 140
92 141
92 144
92 145
92 147
92 148
92 151
92 152
92 153
92 154
92 155
92 156
92 158
92 162
92 169
92 170
92 172
92 173
92 174
92 175
92 180
92 183
92 184
92 185
92 187
92 189
92 190
92 192
92 194
92 195
92 196
92 197
92 198
92 199
93 94
93 96
93 97
93 98
93 101
93 102
93 104
93 105
93 107
93 108
93 109
93 110
93 111
93 112
93 114
93 115
93 116
93 120
93 121
93 125
93 129
93 132
93 133
93 134
93 136
93 137
93 138
93 139
93 140
93 141
93 142
93 150
93 151
93 153
93 154
93 155
93 156
93 159
93 160
93 161
93 163
93 165
93 167
93 173
93 175
93 180
93 181
93 182
93 183
93 187
93 191
93 192
93 193
93 195
93 196
93 197
93 199
94 95
94 96
94 98
94 100
94 105
94 106
94 111
94 112
94 113
94 115
94 118
94 119
94 120
94 123
94 124
94 125
94 129
94 130
94 135
94 137
94 139
94 145
94 152
94 154
94 156
94 158
94 161
94 163
94 165
94 166
94 170
94 171
94 174
94 183
94 184
94 186
94 187
94 188
94 192
94 194
94 195
94 197
94 198
95 99
95 100
95 101
95 103
95 108
95 112
95 115
95 116
95 119
95 123
95 124
95 126
95 131
95 132
95 133
95 134
95 135
95 138
95 139
95 140
95 141
95 143
95 145
95 146
95 147
95 148
95 149
95 152
95 153
95 159
95 160
95 161
95 164
95 166
95 167
95 170
95 171
95 173
95 174
95 175
95 176
95 177
95 178
95 179
95 180
95 182
95 183
95 185
95 189
95 193
95 194
95 198
95 199
96 102
96 107
96 111
96 112
96 114
96 116
96 120
96 122
96 123
96 127
96 128
96 130
96 141
96 143
96 145
96 149
96 150
96 152
96 154
96 157
96 158
96 161
96 163
96 164
96 168
96 170
96 171
96 172
96 173
96 175
96 176
96 178
96 179
96 183
96 184
96 187
96 190
96 193
96 194
96 196
96 197
96 198
97 101
97 103
97 105
97 106
97 108
97 109
97 111
97 114
97 117
97 118
97 120
97 125
97 129
97 131
97 132
97 133
97 134
97 135
97 144
97 145
97 146
97 151
97 154
97 156
97 158
97 159
97 160
97 165
97 167
97 168
97 169
97 170
97 172
97 173
97 177
97 179
97 181
97 183
97 184
97 185
97 188
97 190
97 191
97 192
97 193
97 195
97 198
98 99
98 102
98 103
98 107
98 109
98 110
98 111
98 115
98 118
98 119
98 122
98 123
98 125
98 127
98 128
98 129
98 134
98 139
98 140
98 141
98 145
98 146
98 148
98 152
98 153
98 156
98 158
98 160
98 161
98 168
98 172
98 174
98 177
98 178
98 184
98 185
98 187
98 196
98 198
98 199
99 100
99 101
99 103
99 106
99 113
99 116
99 117
99 118
99 122
99 123
99 124
99 127
99 128
99 130
99 133
99 134
99 136
99 137
99 138
99 139
99 143
99 144
99 145
99 146
99 148
99 149
99 156
99 157
99 158
99 160
99 161
99 162
99 163
99 169
99 170
99 171
99 175
99 176
99 181
99 182
99 183
99 185
99 187
99 188
99 190
99 192
99 193
99 199
100 101
100 103
100 104
100 105
100 107
100 109
100 112
100 115
100 117
100 118
100 119
100 121
100 124
100 129
100 134
100 136
100 137
100 139
100 140
100 142
100 143
100 145
100 146
100 147
100 154
100 155
100 156
100 158
100 159
100 164
100 166
100 167
100 169
100 173
100 174
100 175
100 179
100 181
100 183
100 186
100 187
100 191
100 195
100 196
100 198
101 102
101 103
101 106
101 107
101 108
101 110
101 111
101 114
101 115
101 117
101 120
101 122
101 125
101 126
101 127
101 128
101 130
101 131
101 132
101 133
101 135
101 139
101 141
101 144
101 147
101 148
101 151
101 153
101 154
101 155
101 156
101 157
101 158
101 161
101 166
101 167
101 168
101 169
101 172
101 174
101 176
101 177
101 179
101 181
101 185
101 186
101 188
101 190
101 191
101 192
101 193
101 195
101 196
101 199
102 103
102 104
102 105
102 106
102 107
102 108
102 110
102 119
102 120
102 121
102 122
102 124
102 126
102 127
102 128
102 129
102 131
102 132
102 133
102 134
102 137
102 138
102 139
102 140
102 141
102 146
102 152
102 153
102 154
102 157
102 158
102 160
102 162
102 164
102 168
102 170
102 171
102 173
102 176
102 179
102 182
102 184
102 186
102 187
102 189
102 190
102 191
102 192
102 193
102 194
102 198
102 199
103 108
103 110
103 111
103 113
103 123
103 124
103 125
103 126
103 128
103 129
103 130
103 132
103 134
103 136
103 137
103 138
103 141
103 143
103 149
103 150
103 151
103 152
103 153
103 154
103 155
103 156
103 158
103 160
103 162
103 163
103 165
103 166
103 167
103 169
103 177
103 178
103 179
103 182
103 183
103 187
103 188
103 189
103 191
103 192
103 194
103 195
103 197
104 109
104 110
104 111
104 115
104 116
104 117
104 119
104 123
104 124
104 126
104 127
104 130
104 131
104 136
104 138
104 139
104 140
104 141
104 142
104 143
104 146
104 148
104 149
104 150
104 151
104 153
104 155
104 158
104 160
104 161
104 163
104 164
104 165
104 166
104 168
104 170
104 171
104 174
104 175
104 178
104 179
104 181
104 183
104 184
104 186
104 188
104 191
104 193
104 198
104 199
105 108
105 109
105 110
105 111
105 112
105 114
105 115
105 117
105 118
105 119
105 121
105 122
105 124
105 129
105 130
105 131
105 136
105 138
105 139
105 140
105 141
105 143
105 146
105 148
105 151
105 152
105 153
105 156
105 159
105 162
105 164
105 169
105 171
105 172
105 174
105 175
105 179
105 183
105 184
105 186
105 190
105 191
105 192
105 194
105 195
105 196
105 197
105 198
106 107
106 108
106 111
106 112
106 114
106 118
106 120
106 124
106 127
106 128
106 129
106 130
106 131
106 132
106 133
106 135
106 136
106 137
106 138
106 139
106 140
106 141
106 143
106 145
106 148
106 150
106 155
106 156
106 161
106 164
106 165
106 166
106 168
106 169
106 173
106 177
106 180
106 181
106 182
106 183
106 190
106 191
106 192
106 193
106 194
106 195
106 197
106 199
107 112
107 114
107 115
107 119
107 121
107 122
107 125
107 127
107 131
107 132
107 133
107 138
107 139
107 140
107 141
107 143
107 144
107 146
107 148
107 149
107 151
107 152
107 155
107 156
107 157
107 158
107 160
107 165
107 167
107 170
107 172
107 173
107 174
107 175
107 176
107 178
107 180
107 181
107 183
107 184
107 187
107 189
107 190
107 196
107 199
108 110
108 112
108 116
108 119
108 120
108 121
108 128
108 130
108 131
108 135
108 136
108 141
108 146
108 149
108 151
108 153
108 154
108 156
108 158
108 159
108 161
108 165
108 166
108 168
108 169
108 170
108 173
108 175
108 177
108 179
108 181
108 182
108 183
108 184
108 185
108 187
108 189
108 192
108 194
108 196
108 197
108 198
108 199
109 112
109 114
109 115
109 117
109 118
109 119
109 121
109 122
109 123
109 124
109 126
109 127
109 128
109 130
109 131
109 132
109 134
109 136
109 138
109 140
109 141
109 142
109 144
109 145
109 147
109 148
109 149
109 151
109 152
109 153
109 157
109 160
109 161
109 163
109 164
109 165
109 166
109 168
109 169
109 170
109 171
109 172
109 173
109 174
109 178
109 179
109 181
109 182
109 183
109 184
109 186
109 187
109 188
109 189
109 190
109 194
109 198
109 199
110 111
110 113
110 114
110 115
110 116
110 118
110 120
110 121
110 123
110 125
110 128
110 129
110 130
110 132
110 135
110 136
110 137
110 146
110 147
110 148
110 149
110 152
110 153
110 156
110 158
110 159
110 164
110 165
110 168
110 169
110 170
110 172
110 173
110 174
110 175
110 182
110 183
110 184
110 187
110 189
110 193
110 194
110 195
110 199
111 113
111 114
111 119
111 122
111 124
111 126
111 127
111 128
111 130
111 131
111 133
111 135
111 136
111 139
111 140
111 142
111 143
111 147
111 151
111 152
111 154
111 155
111 156
111 157
111 158
111 159
111 160
111 161
111 162
111 163
111 165
111 166
111 167
111 168
111 169
111 171
111 172
111 173
111 175
111 177
111 179
111 181
111 182
111 188
111 189
111 190
111 191
111 192
111 193
111 196
111 197
112 114
112 116
112 117
112 120
112 122
112 123
112 124
112 125
112 127
112 128
112 130
112 131
112 132
112 133
112 134
112 137
112 138
112 139
112 140
112 141
112 143
112 144
112 148
112 149
112 153
112 155
112 157
112 158
112 160
112 161
112 162
112 164
112 166
112 167
112 169
112 170
112 173
112 175
112 176
112 177
112 179
112 181
112 182
112 184
112 190
112 191
112 193
112 196
112 197
112 198
112 199
113 114
113 115
113 116
113 117
113 118
113 120
113 122
113 123
113 124
113 125
113 126
113 128
113 129
113 131
113 134
113 136
113 137
113 138
113 139
113 141
113 142
113 143
113 144
113 145
113 146
113 147
113 148
113 150
113 152
113 153
113 154
113 160
113 161
113 163
113 164
113 165
113 167
113 170
113 171
113 172
113 173
113 175
113 176
113 177
113 179
113 183
113 185
113 186
113 188
113 190
113 191
113 198
114 115
114 116
114 118
114 119
114 121
114 126
114 128
114 130
114 131
114 132
114 133
114 135
114 139
114 140
114 142
114 144
114 145
114 148
114 151
114 152
114 155
114 157
114 159
114 160
114 166
114 167
114 168
114 171
114 172
114 175
114 176
114 180
114 181
114 182
114 183
114 185
114 187
114 189
114 193
114 197
115 121
115 123
115 124
115 125
115 126
115 128
115 130
115 132
115 133
115 134
115 137
115 138
115 140
115 143
115 145
115 147
115 148
115 150
115 153
115 154
115 155
115 158
115 161
115 163
115 164
115 165
115 166
115 167
115 170
115 173
115 177
115 178
115 183
115 184
115 187
115 188
115 189
115 190
115 192
115 194
115 197
115 198
116 117
116 118
116 119
116 120
116 123
116 124
116 126
116 129
116 130
116 131
116 133
116 134
116 135
116 141
116 146
116 147
116 150
116 152
116 154
116 157
116 159
116 163
116 166
116 167
116 169
116 173
116 175
116 176
116 178
116 179
116 181
116 184
116 185
116 186
116 188
116 191
116 192
116 194
116 196
116 198
116 199
117 118
117 119
117 121
117 122
117 123
117 125
117 128
117 129
117 130
117 131
117 134
117 136
117 138
117 139
117 141
117 142
117 145
117 147
117 148
117 150
117 151
117 152
117 154
117 158
117 159
117 161
117 162
117 163
117 164
117 166
117 167
117 168
117 169
117 172
117 173
117 175
117 176
117 178
117 179
117 183
117 187
117 188
117 189
117 191
117 192
117 196
117 197
117 198
118 119
118 122
118 123
118 128
118 130
118 132
118 135
118 137
118 139
118 140
118 142
118 143
118 144
118 145
118 147
118 148
118 152
118 154
118 155
118 156
118 157
118 159
118 162
118 163
118 164
118 165
118 166
118 167
118 168
118 169
118 170
118 175
118 179
118 182
118 188
118 189
118 191
118 195
118 197
118 198
118 199
119 121
119 122
119 123
119 124
119 126
119 127
119 128
119 129
119 130
119 134
119 138
119 140
119 146
119 147
119 149
119 150
119 154
119 156
119 157
119 158
119 160
119 161
119 164
119 165
119 167
119 169
119 171
119 172
119 173
119 177
119 179
119 180
119 183
119 184
119 185
119 189
119 192
119 194
119 196
119 197
120 123
120 128
120 129
120 131
120 132
120 134
120 136
120 140
120 141
120 142
120 143
120 144
120 147
120 150
120 151
120 152
120 157
120 161
120 162
120 163
120 165
120 171
120 172
120 174
120 175
120 176
120 179
120 180
120 182
120 184
120 187
120 190
120 191
120 192
120 193
120 195
120 196
120 198
120 199
121 123
121 124
121 127
121 128
121 129
121 133
121 135
121 140
121 141
121 142
121 145
121 146
121 147
121 148
121 149
121 153
121 154
121 155
121 156
121 161
121 163
121 165
121 172
121 173
121 179
121 181
121 184
121 185
121 186
121 191
121 192
121 194
121 195
121 197
122 123
122 124
122 126
122 127
122 129
122 132
122 135
122 137
122 141
122 142
122 143
122 146
122 147
122 148
122 149
122 150
122 153
122 154
122 157
122 158
122 162
122 164
122 167
122 168
122 170
122 171
122 172
122 173
122 179
122 181
122 182
122 185
122 187
122 188
122 189
122 190
122 191
122 192
122 193
122 195
123 127
123 128
123 129
123 130
123 134
123 136
123 137
123 139
123 142
123 148
123 155
123 156
123 158
123 159
123 160
123 161
123 163
123 164
123 166
123 167
123 168
123 172
123 173
123 175
123 176
123 177
123 178
123 179
123 181
123 183
123 185
123 187
123 190
123 191
123 192
123 197
124 125
124 127
124 128
124 129
124 131
124 137
124 138
124 139
124 141
124 143
124 144
124 145
124 146
124 148
124 149
124 150
124 154
124 155
124 156
124 157
124 159
124 161
124 162
124 163
124 167
124 176
124 178
124 181
124 182
124 184
124 185
124 186
124 188
124 189
124 190
124 196
124 199
125 127
125 131
125 132
125 133
125 135
125 137
125 140
125 143
125 145
125 146
125 147
125 148
125 156
125 158
125 161
125 162
125 164
125 167
125 168
125 169
125 172
125 173
125 177
125 178
125 179
125 180
125 181
125 182
125 184
125 185
125 186
125 188
125 189
125 191
125 194
125 197
125 198
125 199
126 127
126 130
126 132
126 133
126 134
126 135
126 139
126 143
126 146
126 147
126 148
126 150
126 152
126 154
126 158
126 161
126 162
126 164
126 167
126 168
126 169
126 172
126 173
126 174
126 175
126 179
126 180
126 184
126 186
126 188
126 189
126 191
126 196
126 198
126 199
127 129
127 131
127 132
127 133
127 136
127 140
127 141
127 142
127 144
127 146
127 147
127 150
127 153
127 154
127 156
127 157
127 159
127 162
127 163
127 165
127 166
127 167
127 168
127 170
127 180
127 181
127 185
127 186
127 187
127 188
127 189
127 194
127 197
127 198
128 130
128 133
128 135
128 136
128 139
128 143
128 145
128 146
128 147
128 148
128 150
128 151
128 153
128 154
128 155
128 157
128 158
128 164
128 166
128 168
128 169
128 170
128 171
128 174
128 175
128 176
128 177
128 180
128 184
128 187
128 188
128 189
128 190
128 196
128 197
128 199
129 130
129 132
129 133
129 135
129 137
129 139
129 142
129 144
129 145
129 146
129 147
129 148
129 149
129 150
129 152
129 154
129 155
129 157
129 158
129 159
129 160
129 161
129 163
129 164
129 168
129 169
129 170
129 171
129 173
129 174
129 176
129 179
129 182
129 184
129 185
129 187
129 188
129 195
129 199
130 132
130 133
130 136
130 137
130 138
130 139
130 140
130 147
130 148
130 149
130 151
130 155
130 157
130 158
130 159
130 163
130 164
130 169
130 170
130 171
130 174
130 176
130 177
130 178
130 180
130 181
130 184
130 186
130 187
130 188
130 190
130 191
130 193
130 195
130 196
131 133
131 135
131 138
131 147
131 150
131 152
131 155
131 158
131 160
131 161
131 162
131 163
131 164
131 165
131 169
131 171
131 172
131 176
131 178
131 179
131 181
131 182
131 183
131 184
131 185
131 188
131 190
131 191
131 193
131 194
131 195
131 196
131 198
132 133
132 135
132 136
132 137
132 139
132 144
132 152
132 156
132 159
132 163
132 165
132 168
132 178
132 185
132 186
132 188
132 189
132 191
132 193
132 195
132 197
133 134
133 135
133 136
133 139
133 141
133 142
133 145
133 149
133 150
133 151
133 152
133 154
133 156
133 157
133 159
133 161
133 164
133 166
133 169
133 170
133 171
133 172
133 179
133 180
133 183
133 185
133 186
133 187
133 188
133 189
133 193
133 194
133 197
133 198
134 136
134 140
134 142
134 143
134 144
134 145
134 147
134 148
134 150
134 151
134 155
134 156
134 158
134 160
134 163
134 166
134 167
134 169
134 171
134 173
134 176
134 177
134 180
134 182
134 185
134 186
134 188
134 189
134 190
134 194
134 195
134 196
134 197
135 136
135 139
135 141
135 147
135 148
135 153
135 154
135 155
135 156
135 157
135 158
135 161
135 162
135 164
135 165
135 166
135 168
135 171
135 173
135 174
135 175
135 179
135 181
135 182
135 184
135 185
135 186
135 188
135 189
135 190
135 192
135 193
135 196
135 197
136 137
136 138
136 139
136 142
136 145
136 148
136 149
136 151
136 152
136 153
136 155
136 159
136 162
136 164
136 168
136 169
136 171
136 173
136 175
136 176
136 180
136 182
136 183
136 184
136 185
136 187
136 191
136 195
136 196
136 197
136 198
136 199
137 138
137 139
137 144
137 146
137 147
137 153
137 154
137 155
137 158
137 161
137 162
137 163
137 165
137 166
137 168
137 176
137 178
137 179
137 180
137 181
137 182
137 185
137 187
137 189
137 190
137 192
137 196
137 198
138 139
138 140
138 142
138 145
138 147
138 149
138 150
138 151
138 156
138 157
138 158
138 161
138 166
138 169
138 171
138 172
138 173
138 176
138 178
138 184
138 185
138 189
138 191
138 193
138 195
138 199
139 140
139 142
139 143
139 144
139 145
139 149
139 151
139 154
139 155
139 157
139 161
139 164
139 169
139 170
139 171
139 173
139 177
139 181
139 182
139 183
139 185
139 186
139 187
139 189
139 190
139 193
139 196
139 198
139 199
140 141
140 144
140 146
140 148
140 149
140 150
140 151
140 155
140 156
140 158
140 160
140 161
140 163
140 165
140 167
140 168
140 174
140 175
140 177
140 178
140 181
140 182
140 183
140 184
140 185
140 186
140 188
140 190
140 194
140 198
141 142
141 143
141 144
141 145
141 150
141 152
141 153
141 157
141 158
141 159
141 160
141 162
141 166
141 167
141 168
141 169
141 170
141 175
141 176
141 177
141 178
141 180
141 181
141 182
141 185
141 187
141 191
141 192
141 194
141 195
142 145
142 146
142 149
142 150
142 152
142 153
142 154
142 155
142 156
142 157
142 159
142 162
142 164
142 165
142 170
142 172
142 174
142 175
142 176
142 177
142 180
142 181
142 184
142 185
142 189
142 192
142 195
142 198
142 199
143 144
143 146
143 147
143 148
143 150
143 151
143 155
143 157
143 158
143 159
143 162
143 166
143 167
143 169
143 170
143 171
143 173
143 174
143 182
143 186
143 187
143 188
143 189
143 190
143 193
143 198
143 199
144 145
144 146
144 147
144 148
144 150
144 151
144 153
144 155
144 157
144 159
144 162
144 163
144 167
144 168
144 169
144 170
144 174
144 175
144 176
144 179
144 181
144 183
144 184
144 185
144 186
144 187
144 189
144 191
144 193
144 195
144 196
144 197
144 198
145 149
145 150
145 153
145 154
145 156
145 157
145 158
145 162
145 163
145 164
145 165
145 167
145 169
145 173
145 175
145 176
145 178
145 185
145 186
145 188
145 190
145 191
145 194
145 195
146 147
146 148
146 151
146 152
146 153
146 154
146 155
146 156
146 158
146 160
146 162
146 163
146 165
146 169
146 172
146 173
146 177
146 178
146 179
146 180
146 183
146 184
146 185
146 187
146 188
146 189
146 191
146 192
146 195
146 196
146 198
146 199
147 150
147 154
147 155
147 156
147 160
147 162
147 164
147 166
147 167
147 169
147 170
147 171
147 173
147 174
147 176
147 177
147 182
147 184
147 186
147 188
147 189
147 191
147 192
147 194
147 196
147 198
147 199
148 150
148 151
148 152
148 154
148 156
148 157
148 158
148 159
148 160
148 162
148 163
148 164
148 165
148 167
148 169
148 173
148 175
148 177
148 178
148 182
148 183
148 185
148 187
148 189
148 191
148 196
148 198
148 199
149 150
149 153
149 155
149 156
149 160
149 161
149 162
149 166
149 170
149 171
149 174
149 175
149 176
149 177
149 184
149 185
149 186
149 192
149 193
149 194
149 196
149 197
149 198
150 152
150 153
150 155
150 157
150 159
150 161
150 165
150 168
150 169
150 170
150 172
150 174
150 177
150 179
150 181
150 184
150 188
150 190
150 191
150 192
150 196
150 198
150 199
151 152
151 154
151 157
151 159
151 162
151 164
151 166
151 167
151 168
151 172
151 175
151 176
151 177
151 178
151 180
151 181
151 182
151 183
151 185
151 186
151 187
151 189
151 191
151 198
151 199
152 153
152 155
152 156
152 157
152 161
152 164
152 165
152 166
152 167
152 170
152 173
152 174
152 175
152 177
152 178
152 180
152 183
152 184
152 189
152 191
152 193
152 194
152 195
152 196
152 198
153 156
153 157
153 160
153 163
153 164
153 166
153 168
153 171
153 172
153 173
153 175
153 177
153 178
153 179
153 180
153 185
153 190
153 191
153 196
153 198
153 199
154 155
154 156
154 157
154 158
154 163
154 164
154 166
154 170
154 171
154 172
154 174
154 175
154 177
154 179
154 182
154 183
154 186
154 188
154 189
154 190
154 194
154 196
154 199
155 156
155 161
155 162
155 163
155 164
155 165
155 167
155 171
155 177
155 178
155 181
155 183
155 184
155 185
155 191
155 192
155 194
155 195
155 199
156 160
156 162
156 164
156 165
156 166
156 167
156 168
156 169
156 170
156 172
156 175
156 179
156 181
156 182
156 185
156 186
156 187
156 189
156 190
156 194
156 195
156 198
156 199
157 158
157 159
157 161
157 166
157 167
157 169
157 171
157 172
157 175
157 176
157 179
157 181
157 186
157 187
157 189
157 190
157 191
157 192
157 193
157 194
157 195
157 196
157 197
157 198
158 159
158 160
158 162
158 163
158 165
158 166
158 167
158 170
158 175
158 177
158 178
158 181
158 184
158 186
158 187
158 188
158 189
158 195
158 197
158 199
159 162
159 163
159 164
159 166
159 168
159 169
159 171
159 176
159 178
159 181
159 183
159 184
159 186
159 188
159 189
159 191
159 192
159 193
159 194
159 196
159 197
159 198
159 199
160 165
160 168
160 169
160 171
160 172
160 176
160 178
160 183
160 184
160 185
160 186
160 187
160 190
160 191
160 195
160 199
161 164
161 169
161 172
161 173
161 176
161 178
161 179
161 181
161 182
161 183
161 189
161 191
161 192
161 194
161 195
161 196
161 197
161 199
162 164
162 166
162 167
162 170
162 171
162 176
162 178
162 179
162 180
162 181
162 182
162 183
162 184
162 185
162 186
162 191
162 192
162 193
162 194
162 195
162 199
163 165
163 166
163 175
163 177
163 180
163 181
163 182
163 183
163 184
163 186
163 187
163 188
163 189
163 193
163 194
163 195
163 196
163 197
164 168
164 169
164 170
164 173
164 174
164 175
164 176
164 177
164 178
164 179
164 181
164 182
164 183
164 186
164 189
164 190
164 195
164 197
165 168
165 169
165 170
165 171
165 176
165 177
165 181
165 182
165 183
165 184
165 185
165 186
165 188
165 189
165 190
165 193
165 194
165 196
165 198
166 167
166 168
166 171
166 172
166 173
166 175
166 177
166 178
166 183
166 186
166 188
166 190
166 192
166 193
166 196
166 197
166 199
167 169
167 171
167 174
167 177
167 179
167 184
167 188
167 189
167 190
167 191
167 192
167 194
167 195
167 196
167 198
168 169
168 171
168 172
168 174
168 177
168 181
168 182
168 184
168 185
168 186
168 188
168 190
168 191
168 192
168 193
168 194
168 195
168 196
168 197
169 170
169 171
169 172
169 175
169 176
169 179
169 180
169 181
169 182
169 183
169 185
169 187
169 190
169 191
169 195
169 198
170 172
170 174
170 175
170 176
170 177
170 180
170 181
170 182
170 183
170 184
170 189
170 192
170 193
170 194
170 196
170 197
170 198
170 199
171 173
171 174
171 175
171 181
171 182
171 183
171 187
171 193
171 196
171 197
171 198
172 173
172 175
172 183
172 185
172 186
172 189
172 192
172 193
172 196
172 198
173 174
173 175
173 177
173 181
173 183
173 184
173 185
173 186
173 188
173 189
173 191
173 195
173 196
174 176
174 177
174 178
174 180
174 181
174 182
174 185
174 190
174 191
174 192
174 196
174 197
174 198
175 176
175 178
175 179
175 181
175 182
175 184
175 186
175 187
175 188
175 190
175 191
175 192
175 193
175 197
175 198
175 199
176 178
176 180
176 183
176 184
176 185
176 186
176 187
176 188
176 189
176 190
176 191
176 196
176 199
177 179
177 183
177 185
177 186
177 190
177 192
177 193
177 194
177 195
177 197
177 198
177 199
178 179
178 180
178 181
178 182
178 184
178 186
178 187
178 189
178 192
178 194
178 195
178 196
178 197
178 199
179 180
179 181
179 185
179 186
179 187
179 189
179 190
179 194
179 196
179 199
180 183
180 186
180 190
180 191
180 193
180 194
180 199
181 187
181 188
181 189
181 190
181 192
181 193
181 194
181 195
181 196
181 198
182 184
182 187
182 188
182 191
182 192
182 193
182 194
182 196
182 197
182 198
183 187
183 189
183 193
183 197
183 199
184 186
184 188
184 189
184 190
184 193
184 197
185 186
185 188
185 191
185 192
185 193
185 195
185 198
185 199
186 194
186 195
186 196
186 197
186 198
186 199
187 192
187 193
187 196
187 197
188 189
188 191
188 192
188 195
188 198
189 193
189 194
189 196
189 198
190 194
190 197
190 198
191 192
191 193
191 194
191 196
191 198
192 195
192 196
193 194
193 195
193 197
193 198
193 199
194 197
194 198
194 199
195 196
195 199
196 197
197 198
197 199
198 199

1 0 0 1 1 1 1 1 1 0 1 0 0 1 0 1 1 0 1 1 1 1 1 1 0 1 1 1 0 1 0 1 1 0 1 1 0 0 0 0 0 1 1 1 1 1 0 1 0 1 0 0 0 0 1 0 1 0 1 0 1 1 0 1 1 0 1 0 0 0 0 1 1 0 1 1 0 0 1 1 0 0 1 1 1 1 1 0 0 1 0 0 1 0 1 0 0 1 0 0 1 0 1 0 0 0 0 0 1 1 0 1 0 0 0 0 0 1 0 1 1 0 1 0 0 0 1 1 1 0 0 0 0 0 1 1 1 0 0 1 1 0 1 1 0 0 1 1 0 1 0 1 1 0 0 0 1 0 0 0 0 1 1 1 1 1 0 1 0 0 1 1 0 0 1 0 0 0 1 1 1 0 0 1 0 1 0 0 0 1 0 1 1 1 0 0 1 1 0 0