50 112
0 1 2 3 4 5 6 7 8 9 10 11 12 13 14 15 16 17 18 19 20 21 22 23 24 25 26 27 28 29 30 31 32 33 34 35 36 37 38 39 40 41 42 43 44 45 46 47 48 49
0 31
0 42
0 47
2 7
2 12
2 27
3 29
3 40
3 43
4 30
4 34
4 47
5 8
5 19
5 31
6 17
6 26
6 29
6 38
6 41
6 42
7 28
7 37
8 21
8 22
8 24
8 38
9 30
9 35
10 18
10 30
10 38
10 39
10 41
11 14
11 34
11 36
12 14
12 19
12 27
12 28
12 34
12 39
13 16
13 17
13 26
13 43
13 48
14 26
14 33
14 39
14 42
15 34
15 35
15 36
15 39
15 40
15 44
16 19
16 27
16 31
16 35
16 45
17 21
17 26
17 35
17 46
17 49
18 28
19 27
19 37
20 21
20 25
20 49
21 33
21 48
22 25
22 44
22 46
23 25
23 37
23 39
24 27
25 27
26 29
27 34
27 43
28 33
28 38
28 45
28 49
29 34
29 38
29 43
30 36
30 43
31 40
32 36
32 40
33 41
34 47
37 42
37 43
38 41
38 42
38 49
39 44
39 49
41 44
41 45
42 49
45 47

0 0 0 0 0 0 1 1 0 0 0 1 1 1 1 1 1 1 0 0 0 1 0 1 1 0 1 1 0 1 1 1 0 0 1 1 0 0 0 1 0 1 0 1 1 0 1 1 0 0