100 987
0 1 2 3 4 5 6 7 8 9 10 11 12 13 14 15 16 17 18 19 20 21 22 23 24 25 26 27 28 29 30 31 32 33 34 35 36 37 38 39 40 41 42 43 44 45 46 47 48 49 50 51 52 53 54 55 56 57 58 59 60 61 62 63 64 65 66 67 68 69 70 71 72 73 74 75 76 77 78 79 80 81 82 83 84 85 86 87 88 89 90 91 92 93 94 95 96 97 98 99
0 3
0 10
0 11
0 16
0 18
0 23
0 33
0 39
0 43
0 44
0 49
0 51
0 57
0 59
0 62
0 63
0 87
0 95
1 10
1 17
1 20
1 22
1 34
1 39
1 40
1 43
1 47
1 69
1 78
1 79
1 80
1 81
1 86
1 93
1 98
2 4
2 7
2 11
2 30
2 31
2 36
2 37
2 45
2 52
2 54
2 64
2 79
2 93
2 94
2 95
2 99
3 5
3 9
3 16
3 18
3 22
3 23
3 38
3 48
3 53
3 58
3 63
3 70
3 77
3 88
3 89
3 90
3 97
4 9
4 12
4 20
4 21
4 24
4 25
4 35
4 57
4 63
4 70
4 71
4 75
4 78
4 91
5 12
5 16
5 18
5 31
5 33
5 39
5 61
5 63
5 66
5 70
5 72
5 79
5 87
5 88
5 95
5 96
6 10
6 21
6 24
6 28
6 32
6 33
6 37
6 45
6 48
6 54
6 55
6 59
6 79
6 80
6 95
6 97
6 99
7 8
7 10
7 12
7 13
7 19
7 20
7 32
7 36
7 39
7 43
7 52
7 55
7 58
7 61
7 65
7 66
7 72
7 82
7 89
7 98
8 11
8 20
8 23
8 24
8 26
8 42
8 44
8 48
8 50
8 53
8 56
8 59
8 61
8 66
8 68
8 80
8 83
8 88
8 89
8 90
9 16
9 22
9 28
9 39
9 45
9 49
9 51
9 59
9 60
9 65
9 66
9 85
9 87
9 88
9 93
9 94
10 12
10 17
10 18
10 23
10 26
10 33
10 41
10 57
10 59
10 64
10 65
10 75
10 76
10 79
10 85
10 87
10 97
10 98
11 13
11 15
11 19
11 23
11 24
11 31
11 34
11 35
11 45
11 49
11 51
11 58
11 60
11 61
11 65
11 69
11 71
11 73
11 77
11 79
11 80
11 86
11 94
11 97
11 98
12 18
12 25
12 30
12 32
12 35
12 46
12 49
12 55
12 59
12 61
12 65
12 74
12 77
12 86
12 93
12 94
13 25
13 26
13 36
13 53
13 62
13 65
13 72
13 74
13 79
13 82
13 88
13 89
13 91
13 96
14 16
14 20
14 24
14 27
14 29
14 31
14 32
14 33
14 38
14 39
14 54
14 55
14 62
14 63
14 66
14 71
14 73
14 81
14 82
14 89
14 92
15 19
15 26
15 33
15 34
15 35
15 37
15 38
15 44
15 46
15 50
15 52
15 57
15 68
15 70
15 71
15 77
15 90
15 99
16 17
16 21
16 31
16 44
16 47
16 48
16 51
16 60
16 89
16 91
16 97
16 98
17 20
17 26
17 37
17 68
17 89
17 92
18 22
18 27
18 29
18 36
18 38
18 40
18 41
18 51
18 52
18 57
18 58
18 62
18 65
18 66
18 77
18 78
18 84
18 87
18 93
18 96
18 97
19 26
19 34
19 39
19 48
19 50
19 57
19 58
19 60
19 63
19 65
19 81
19 84
19 88
20 21
20 24
20 27
20 32
20 39
20 40
20 54
20 55
20 56
20 62
20 69
20 71
20 73
20 76
20 79
20 89
20 96
20 97
21 32
21 35
21 36
21 37
21 38
21 40
21 44
21 48
21 53
21 54
21 56
21 58
21 59
21 62
21 66
21 80
21 81
21 83
21 88
21 89
21 91
21 93
22 23
22 32
22 37
22 40
22 52
22 53
22 60
22 62
22 65
22 70
22 72
22 77
22 82
22 93
22 96
22 97
22 98
22 99
23 38
23 39
23 49
23 50
23 51
23 53
23 56
23 66
23 68
23 71
23 82
23 83
23 84
23 86
23 90
23 92
23 99
24 31
24 34
24 37
24 38
24 39
24 61
24 73
24 79
24 86
24 87
24 95
25 34
25 38
25 42
25 47
25 53
25 54
25 59
25 62
25 64
25 68
25 70
25 71
25 72
25 75
25 91
25 92
26 29
26 32
26 33
26 34
26 38
26 45
26 46
26 52
26 57
26 72
26 75
26 87
26 94
26 96
27 28
27 38
27 39
27 42
27 49
27 61
27 64
27 65
27 66
27 69
27 71
27 74
27 84
27 92
27 94
27 97
28 37
28 44
28 48
28 52
28 55
28 56
28 62
28 67
28 70
28 71
28 72
28 76
28 92
28 93
28 95
28 99
29 32
29 35
29 42
29 43
29 45
29 50
29 54
29 56
29 64
29 75
29 79
29 80
29 82
29 83
29 85
29 98
29 99
30 32
30 42
30 47
30 51
30 61
30 71
30 91
30 92
30 99
31 34
31 37
31 38
31 40
31 41
31 47
31 49
31 50
31 53
31 54
31 56
31 67
31 73
31 76
31 81
31 86
31 88
31 91
31 98
32 33
32 39
32 42
32 47
32 49
32 64
32 66
32 67
32 68
32 71
32 75
32 76
32 77
32 84
32 97
32 99
33 40
33 41
33 49
33 51
33 53
33 54
33 64
33 68
33 69
33 70
33 75
33 78
33 84
33 88
33 89
33 90
33 92
33 96
34 40
34 53
34 58
34 60
34 66
34 69
34 75
34 86
34 94
35 43
35 47
35 50
35 51
35 59
35 60
35 63
35 65
35 71
35 79
35 80
35 88
35 89
35 97
36 42
36 44
36 49
36 53
36 60
36 62
36 64
36 72
36 76
36 80
36 92
36 94
37 39
37 41
37 44
37 47
37 50
37 55
37 58
37 60
37 63
37 64
37 90
38 41
38 44
38 49
38 50
38 52
38 58
38 64
38 66
38 79
38 87
39 41
39 42
39 43
39 46
39 52
39 53
39 62
39 79
39 82
39 85
39 87
39 95
40 43
40 46
40 51
40 55
40 57
40 60
40 70
40 78
40 81
40 83
40 86
40 91
41 45
41 49
41 51
41 53
41 55
41 59
41 61
41 72
41 74
41 77
41 80
41 81
41 91
41 94
42 46
42 56
42 60
42 70
42 72
42 75
42 80
42 81
42 82
42 91
42 92
42 96
43 45
43 47
43 50
43 52
43 61
43 76
43 87
43 91
43 92
43 93
43 94
44 51
44 54
44 57
44 58
44 62
44 65
44 79
44 80
44 82
44 83
44 93
45 49
45 52
45 56
45 61
45 66
45 67
45 69
45 70
45 79
45 80
45 81
45 82
45 83
45 85
45 89
45 97
46 48
46 53
46 57
46 59
46 60
46 62
46 79
46 82
46 90
46 92
46 95
47 49
47 55
47 61
47 63
47 65
47 66
47 69
47 74
47 81
47 87
47 88
47 98
48 50
48 54
48 55
48 60
48 69
48 73
48 77
48 89
48 90
48 92
48 96
49 51
49 55
49 69
49 72
49 83
49 84
49 87
49 90
49 93
49 94
49 99
50 55
50 58
50 65
50 71
50 75
50 77
50 79
50 80
50 84
50 88
50 89
50 94
50 98
50 99
51 56
51 65
51 67
51 70
52 60
52 70
52 77
52 78
52 82
52 85
52 89
52 91
52 94
52 97
53 57
53 59
53 65
53 70
53 72
53 77
53 78
53 96
53 97
54 56
54 57
54 61
54 63
54 68
54 69
54 71
54 74
54 77
54 87
55 58
55 62
55 67
55 68
55 69
55 73
55 77
55 87
55 93
55 98
56 57
56 61
56 71
56 87
56 88
56 90
56 93
57 69
57 72
57 74
57 79
57 80
57 88
58 59
58 68
58 71
58 74
58 77
58 80
58 82
58 84
58 87
58 98
59 64
59 71
59 72
59 83
59 86
59 90
59 95
60 71
60 75
60 90
60 92
61 63
61 65
61 66
61 75
61 77
61 78
61 79
61 97
62 70
62 73
62 85
62 86
62 93
62 95
63 65
63 68
63 70
63 72
63 78
63 95
63 97
64 69
64 79
64 80
64 85
64 88
64 89
64 94
65 66
65 72
65 76
65 83
65 93
65 95
66 67
66 74
66 80
66 87
66 92
66 97
66 98
67 71
67 72
67 85
67 86
67 92
67 94
67 99
68 81
68 83
68 84
68 94
69 71
69 75
69 77
69 89
70 74
70 81
70 93
70 98
71 78
71 82
72 83
72 84
72 86
72 89
72 91
72 97
72 99
73 76
73 82
73 89
73 99
74 75
74 79
74 82
74 85
74 87
74 88
74 97
75 77
75 82
75 84
75 88
75 94
75 99
76 82
76 83
76 86
76 89
77 78
77 88
77 95
78 84
78 88
78 93
78 94
78 96
79 84
80 83
80 84
80 88
80 96
80 98
80 99
81 87
81 92
81 99
82 98
83 85
83 88
83 91
83 98
84 90
84 91
84 98
85 89
85 90
85 93
85 95
85 96
85 98
85 99
86 89
86 91
86 93
86 98
87 89
87 92
87 93
87 95
87 96
88 89
88 90
88 92
88 98
88 99
89 93
90 91
90 92
90 95
90 99
93 98
93 99
96 97

0 1 1 1 0 1 1 0 0 0 0 0 1 1 0 1 0 1 0 1 0 0 1 1 0 0 1 0 0 0 1 0 0 1 1 1 0 1 1 1 1 0 0 0 1 0 1 0 0 1 1 0 0 0 1 1 1 0 0 1 0 1 0 0 0 1 0 1 1 0 0 1 1 1 0 1 1 1 0 1 0 1 1 1 1 0 0 0 0 0 0 1 0 0 1 1 0 1 1 1