250 3039
0 1 2 3 4 5 6 7 8 9 10 11 12 13 14 15 16 17 18 19 20 21 22 23 24 25 26 27 28 29 30 31 32 33 34 35 36 37 38 39 40 41 42 43 44 45 46 47 48 49 50 51 52 53 54 55 56 57 58 59 60 61 62 63 64 65 66 67 68 69 70 71 72 73 74 75 76 77 78 79 80 81 82 83 84 85 86 87 88 89 90 91 92 93 94 95 96 97 98 99 100 101 102 103 104 105 106 107 108 109 110 111 112 113 114 115 116 117 118 119 120 121 122 123 124 125 126 127 128 129 130 131 132 133 134 135 136 137 138 139 140 141 142 143 144 145 146 147 148 149 150 151 152 153 154 155 156 157 158 159 160 161 162 163 164 165 166 167 168 169 170 171 172 173 174 175 176 177 178 179 180 181 182 183 184 185 186 187 188 189 190 191 192 193 194 195 196 197 198 199 200 201 202 203 204 205 206 207 208 209 210 211 212 213 214 215 216 217 218 219 220 221 222 223 224 225 226 227 228 229 230 231 232 233 234 235 236 237 238 239 240 241 242 243 244 245 246 247 248 249
0 3
0 18
0 23
0 28
0 51
0 69
0 72
0 87
0 94
0 96
0 117
0 133
0 140
0 146
0 156
0 165
0 191
0 197
0 203
0 217
0 219
0 226
0 230
0 231
0 249
1 14
1 48
1 58
1 81
1 82
1 85
1 90
1 100
1 103
1 107
1 112
1 115
1 124
1 132
1 133
1 157
1 158
1 159
1 161
1 165
1 190
1 191
1 196
1 220
1 229
1 234
1 244
2 6
2 8
2 29
2 34
2 46
2 56
2 61
2 67
2 93
2 111
2 121
2 124
2 134
2 163
2 199
2 202
2 224
2 228
2 244
2 245
3 21
3 24
3 44
3 61
3 63
3 74
3 93
3 95
3 107
3 111
3 130
3 141
3 151
3 153
3 195
3 213
3 214
3 215
3 235
3 236
3 242
3 243
3 244
4 9
4 12
4 23
4 26
4 32
4 46
4 55
4 56
4 66
4 68
4 70
4 74
4 91
4 93
4 96
4 104
4 109
4 111
4 113
4 123
4 124
4 130
4 152
4 155
4 161
4 163
4 171
4 173
4 209
4 217
4 218
4 235
5 17
5 30
5 32
5 51
5 54
5 67
5 74
5 90
5 144
5 151
5 153
5 169
5 173
5 182
5 188
5 198
5 202
5 210
5 216
5 225
5 227
5 229
5 231
5 240
5 242
5 248
6 22
6 48
6 49
6 51
6 76
6 80
6 82
6 94
6 119
6 125
6 152
6 169
6 182
6 186
6 188
6 192
6 204
6 216
6 223
6 239
6 242
7 26
7 27
7 45
7 48
7 51
7 85
7 96
7 99
7 115
7 135
7 136
7 138
7 165
7 166
7 167
7 174
7 178
7 198
7 208
7 209
7 213
7 216
7 221
7 222
7 224
7 234
7 236
8 9
8 25
8 29
8 33
8 38
8 42
8 98
8 100
8 112
8 117
8 118
8 133
8 134
8 148
8 158
8 170
8 189
8 194
8 205
8 209
8 221
8 229
8 240
8 246
8 247
9 11
9 24
9 51
9 55
9 56
9 58
9 62
9 76
9 77
9 84
9 85
9 90
9 96
9 98
9 110
9 112
9 120
9 129
9 140
9 164
9 195
9 213
9 215
9 225
9 239
9 244
9 247
10 16
10 43
10 85
10 90
10 118
10 122
10 123
10 134
10 148
10 152
10 156
10 158
10 168
10 171
10 184
10 193
10 196
10 204
10 219
10 227
10 229
10 231
10 237
10 248
11 20
11 22
11 32
11 36
11 45
11 51
11 66
11 74
11 89
11 112
11 128
11 131
11 134
11 146
11 156
11 163
11 167
11 182
11 185
11 197
11 207
11 221
11 227
11 229
11 246
12 28
12 32
12 46
12 53
12 78
12 93
12 103
12 105
12 113
12 118
12 161
12 185
12 193
12 209
12 221
12 243
12 244
13 18
13 35
13 46
13 54
13 55
13 76
13 79
13 81
13 83
13 93
13 95
13 96
13 103
13 106
13 120
13 125
13 139
13 156
13 157
13 171
13 180
13 190
13 195
13 203
13 211
13 220
13 221
13 232
13 240
13 241
14 21
14 32
14 34
14 35
14 51
14 55
14 64
14 80
14 81
14 84
14 90
14 99
14 100
14 157
14 170
14 172
14 174
14 176
14 192
14 193
14 216
14 240
14 241
15 18
15 23
15 26
15 31
15 35
15 36
15 42
15 44
15 57
15 71
15 97
15 100
15 103
15 105
15 114
15 120
15 128
15 134
15 160
15 173
15 186
15 200
15 232
15 243
16 17
16 22
16 33
16 41
16 55
16 59
16 60
16 79
16 80
16 86
16 139
16 147
16 150
16 158
16 159
16 164
16 172
16 207
16 214
16 219
16 220
17 32
17 47
17 51
17 55
17 68
17 77
17 83
17 103
17 122
17 123
17 129
17 137
17 155
17 158
17 168
17 172
17 184
17 187
17 191
17 192
17 217
17 219
17 220
17 235
17 237
18 26
18 29
18 31
18 45
18 47
18 69
18 71
18 79
18 84
18 87
18 90
18 112
18 113
18 126
18 136
18 140
18 142
18 159
18 167
18 180
18 181
18 191
18 202
18 231
18 235
19 27
19 43
19 51
19 58
19 64
19 66
19 70
19 73
19 75
19 78
19 79
19 136
19 146
19 152
19 162
19 170
19 205
19 208
19 226
19 248
20 24
20 32
20 47
20 70
20 76
20 88
20 94
20 99
20 100
20 116
20 118
20 124
20 127
20 130
20 143
20 147
20 161
20 164
20 169
20 191
20 213
20 215
20 216
20 237
21 32
21 34
21 39
21 44
21 56
21 60
21 62
21 64
21 100
21 105
21 115
21 156
21 177
21 179
21 184
21 190
21 196
21 202
21 208
21 210
21 221
21 226
22 24
22 25
22 30
22 51
22 81
22 89
22 133
22 137
22 144
22 148
22 173
22 178
22 182
22 184
22 201
22 215
22 240
23 31
23 53
23 65
23 107
23 113
23 129
23 134
23 171
23 176
23 186
23 194
23 196
23 199
23 200
23 206
23 224
23 238
23 244
24 31
24 34
24 39
24 64
24 80
24 85
24 120
24 130
24 145
24 147
24 158
24 161
24 162
24 178
24 191
24 192
24 197
24 202
24 205
24 206
24 207
24 208
24 219
24 237
25 68
25 74
25 94
25 104
25 107
25 145
25 147
25 165
25 166
25 179
25 189
25 202
25 218
25 230
25 243
26 34
26 36
26 41
26 42
26 51
26 56
26 72
26 117
26 138
26 140
26 148
26 153
26 186
26 188
26 190
26 199
26 205
26 222
26 229
26 238
26 244
27 30
27 31
27 39
27 44
27 56
27 61
27 77
27 78
27 80
27 99
27 105
27 124
27 151
27 161
27 162
27 178
27 180
27 184
27 185
27 187
27 188
27 190
27 201
27 203
27 205
27 208
27 211
27 219
27 220
28 53
28 56
28 62
28 90
28 91
28 93
28 98
28 102
28 106
28 107
28 112
28 114
28 126
28 136
28 137
28 138
28 164
28 166
28 176
28 183
28 187
28 192
28 193
28 212
28 213
28 220
28 231
28 234
29 34
29 45
29 57
29 60
29 85
29 88
29 116
29 122
29 146
29 157
29 162
29 163
29 177
29 179
29 193
29 201
29 206
29 227
29 228
30 31
30 33
30 36
30 59
30 68
30 70
30 73
30 86
30 87
30 111
30 121
30 131
30 132
30 133
30 137
30 154
30 157
30 176
30 178
30 202
30 206
30 230
30 232
30 237
30 239
31 39
31 48
31 66
31 68
31 92
31 109
31 113
31 135
31 144
31 160
31 175
31 178
31 190
31 194
31 221
31 222
31 232
32 34
32 39
32 40
32 47
32 53
32 81
32 104
32 110
32 112
32 130
32 137
32 147
32 152
32 172
32 176
32 186
32 192
32 193
32 195
32 196
32 222
32 239
33 36
33 45
33 59
33 80
33 87
33 92
33 120
33 127
33 174
33 176
33 184
33 187
33 206
33 227
33 230
33 234
33 244
33 248
34 37
34 53
34 55
34 60
34 69
34 92
34 93
34 99
34 112
34 117
34 121
34 123
34 130
34 148
34 185
34 196
34 207
34 208
34 218
35 40
35 44
35 56
35 62
35 69
35 73
35 93
35 98
35 124
35 131
35 132
35 133
35 138
35 149
35 158
35 192
35 239
35 240
35 248
36 37
36 48
36 67
36 78
36 92
36 96
36 145
36 146
36 147
36 154
36 156
36 162
36 175
36 182
36 184
36 187
36 189
36 195
36 217
36 226
36 231
37 66
37 70
37 83
37 124
37 129
37 135
37 141
37 154
37 167
37 194
37 195
37 207
37 208
37 210
37 236
37 244
38 41
38 44
38 48
38 54
38 79
38 83
38 93
38 102
38 105
38 107
38 142
38 148
38 154
38 170
38 201
38 220
38 231
38 242
39 49
39 60
39 73
39 76
39 102
39 111
39 114
39 119
39 129
39 131
39 143
39 148
39 151
39 160
39 188
39 193
39 194
39 228
40 53
40 57
40 81
40 84
40 101
40 115
40 116
40 121
40 122
40 136
40 151
40 166
40 183
40 192
40 209
40 222
40 229
40 232
40 238
41 58
41 79
41 89
41 97
41 109
41 149
41 173
41 185
41 190
41 197
41 199
41 207
41 209
41 231
42 45
42 47
42 55
42 68
42 87
42 98
42 101
42 113
42 132
42 151
42 153
42 171
42 180
42 184
42 191
42 209
42 249
43 45
43 69
43 73
43 91
43 92
43 105
43 118
43 129
43 133
43 135
43 138
43 139
43 142
43 145
43 153
43 165
43 177
43 188
43 189
43 209
43 226
44 49
44 50
44 53
44 61
44 63
44 65
44 77
44 81
44 87
44 102
44 103
44 143
44 152
44 154
44 158
44 168
44 184
44 203
44 213
44 216
44 229
44 249
45 46
45 70
45 77
45 82
45 89
45 93
45 106
45 108
45 111
45 115
45 123
45 128
45 145
45 150
45 166
45 168
45 182
45 199
45 209
45 218
45 224
45 230
46 52
46 65
46 73
46 89
46 95
46 104
46 105
46 127
46 138
46 149
46 153
46 158
46 161
46 172
46 176
46 205
46 214
46 215
46 218
46 234
47 50
47 58
47 76
47 128
47 160
47 162
47 174
47 177
47 201
47 243
48 53
48 78
48 88
48 91
48 113
48 191
48 209
48 210
48 237
48 244
48 246
49 54
49 57
49 60
49 65
49 66
49 67
49 70
49 78
49 85
49 93
49 117
49 119
49 128
49 130
49 134
49 148
49 152
49 154
49 161
49 170
49 176
49 189
49 194
49 195
49 211
49 229
49 230
50 65
50 70
50 71
50 75
50 79
50 82
50 85
50 89
50 114
50 137
50 142
50 158
50 181
50 182
50 189
50 190
50 203
50 226
50 244
51 72
51 94
51 102
51 116
51 137
51 139
51 140
51 155
51 168
51 179
51 189
51 190
51 191
51 193
51 203
51 207
51 212
51 213
51 216
51 227
51 228
51 237
51 246
52 73
52 89
52 93
52 94
52 100
52 110
52 111
52 123
52 130
52 131
52 144
52 145
52 173
52 205
52 211
52 221
52 235
52 238
52 240
52 244
53 60
53 74
53 80
53 84
53 85
53 98
53 120
53 137
53 143
53 174
53 176
53 177
53 178
53 189
53 192
53 201
53 213
53 214
53 226
53 232
53 243
53 247
54 63
54 66
54 73
54 80
54 81
54 83
54 91
54 92
54 94
54 103
54 106
54 127
54 141
54 147
54 148
54 172
54 176
54 184
54 187
54 190
54 191
54 214
54 222
54 232
55 56
55 69
55 89
55 100
55 108
55 114
55 123
55 131
55 157
55 180
55 182
55 183
55 186
55 223
55 227
55 237
55 240
55 246
55 247
56 70
56 74
56 75
56 80
56 81
56 101
56 102
56 103
56 114
56 128
56 129
56 146
56 151
56 158
56 165
56 166
56 179
56 183
56 190
56 191
56 192
56 194
56 205
56 211
56 223
57 72
57 85
57 89
57 103
57 112
57 114
57 136
57 145
57 147
57 159
57 162
57 170
57 171
57 203
57 218
57 226
57 231
57 235
57 245
58 72
58 73
58 98
58 100
58 101
58 103
58 106
58 118
58 122
58 130
58 133
58 149
58 168
58 171
58 180
58 182
58 190
58 196
58 199
58 211
58 217
58 227
58 238
59 63
59 65
59 76
59 86
59 102
59 120
59 132
59 134
59 158
59 163
59 171
59 176
59 179
59 180
59 195
59 219
59 220
59 239
60 76
60 77
60 99
60 101
60 109
60 117
60 122
60 123
60 124
60 131
60 164
60 186
60 187
60 191
60 200
60 203
60 226
60 228
60 230
60 233
60 235
60 243
61 67
61 69
61 84
61 95
61 98
61 145
61 148
61 159
61 171
61 190
61 212
61 221
61 234
61 237
62 71
62 72
62 79
62 83
62 93
62 96
62 112
62 119
62 142
62 166
62 185
62 187
62 198
62 222
62 224
62 230
63 67
63 103
63 109
63 115
63 124
63 134
63 138
63 152
63 168
63 169
63 199
63 210
63 212
63 233
63 234
63 237
64 73
64 101
64 104
64 153
64 154
64 165
64 176
64 177
64 183
64 199
64 203
64 208
64 210
64 212
64 229
64 247
65 72
65 82
65 92
65 129
65 134
65 162
65 177
65 180
65 188
65 191
65 202
65 216
65 241
66 71
66 77
66 81
66 91
66 100
66 115
66 118
66 138
66 152
66 182
66 193
66 201
67 68
67 69
67 80
67 101
67 103
67 118
67 123
67 126
67 131
67 132
67 144
67 147
67 149
67 170
67 175
67 206
67 227
67 229
68 77
68 101
68 103
68 109
68 116
68 133
68 154
68 163
68 165
68 171
68 205
68 228
68 246
69 75
69 85
69 92
69 96
69 111
69 113
69 121
69 123
69 125
69 144
69 149
69 157
69 165
69 173
69 175
69 179
69 185
69 186
69 188
69 194
69 197
69 224
69 234
69 235
70 78
70 81
70 87
70 98
70 100
70 102
70 113
70 120
70 124
70 125
70 138
70 155
70 160
70 163
70 169
70 211
70 229
70 234
70 244
70 247
71 87
71 105
71 138
71 139
71 167
71 168
71 174
71 198
71 201
71 208
71 209
71 226
71 227
71 230
71 231
71 241
72 106
72 118
72 124
72 148
72 155
72 168
72 173
72 203
72 204
72 206
72 210
72 220
72 242
72 245
72 247
73 109
73 113
73 131
73 132
73 134
73 140
73 152
73 156
73 158
73 171
73 172
73 184
73 192
73 195
73 196
73 206
73 210
73 214
73 217
73 218
73 226
73 239
73 240
73 248
73 249
74 86
74 118
74 120
74 127
74 133
74 146
74 180
74 183
74 214
74 218
74 231
74 233
75 76
75 85
75 89
75 95
75 98
75 110
75 122
75 123
75 125
75 126
75 148
75 153
75 168
75 191
75 205
75 221
75 231
75 235
75 242
76 77
76 79
76 85
76 105
76 140
76 141
76 154
76 164
76 173
76 175
76 200
76 209
76 213
76 229
76 246
77 81
77 94
77 106
77 122
77 126
77 130
77 144
77 163
77 169
77 171
77 202
77 212
77 221
77 239
77 242
77 243
77 244
77 248
78 105
78 118
78 124
78 137
78 143
78 148
78 170
78 181
78 186
78 197
78 219
78 223
78 226
78 232
78 233
79 82
79 119
79 182
79 185
79 186
79 192
79 206
79 220
79 226
79 230
79 236
80 97
80 102
80 103
80 106
80 107
80 125
80 129
80 142
80 144
80 147
80 159
80 160
80 163
80 170
80 184
80 227
80 245
80 249
81 82
81 90
81 111
81 123
81 124
81 149
81 158
81 161
81 162
81 176
81 189
81 190
81 195
81 211
81 214
81 215
81 217
81 227
81 241
82 118
82 128
82 129
82 130
82 134
82 147
82 158
82 159
82 164
82 168
82 175
82 178
82 183
82 192
82 198
82 205
82 215
82 216
82 219
82 221
82 227
82 247
83 91
83 110
83 112
83 114
83 144
83 167
83 169
83 174
83 186
83 190
83 204
83 210
83 222
84 96
84 110
84 115
84 146
84 163
84 164
84 175
84 200
84 205
84 222
84 224
84 234
84 239
85 99
85 102
85 142
85 149
85 164
85 168
85 175
85 185
85 189
85 191
85 219
85 223
85 226
86 89
86 90
86 111
86 119
86 120
86 145
86 158
86 163
86 183
86 197
86 207
86 215
86 239
86 240
86 242
87 100
87 107
87 111
87 126
87 128
87 153
87 166
87 189
87 193
87 197
87 204
87 212
87 229
87 230
87 232
87 236
87 242
87 247
88 89
88 94
88 103
88 122
88 131
88 148
88 155
88 158
88 170
88 173
88 177
88 178
88 187
88 189
88 192
88 213
88 220
88 236
88 237
88 240
89 97
89 105
89 118
89 120
89 123
89 126
89 128
89 129
89 141
89 142
89 149
89 176
89 180
89 192
89 218
89 236
90 93
90 98
90 101
90 109
90 130
90 139
90 145
90 157
90 159
90 165
90 174
90 190
90 191
90 221
91 96
91 97
91 106
91 110
91 117
91 138
91 158
91 163
91 179
91 190
91 193
91 204
91 211
91 212
91 215
91 217
91 226
91 239
91 243
91 244
92 94
92 100
92 105
92 119
92 147
92 154
92 182
92 184
92 187
92 196
92 197
92 201
92 203
92 215
92 243
92 245
92 247
93 110
93 124
93 143
93 144
93 158
93 167
93 183
93 190
93 194
93 210
93 212
94 95
94 103
94 109
94 128
94 133
94 145
94 168
94 184
94 190
94 193
94 216
94 237
95 130
95 143
95 147
95 155
95 170
95 178
95 182
95 192
95 197
95 221
95 225
95 226
95 237
95 239
96 98
96 121
96 123
96 124
96 131
96 138
96 142
96 153
96 158
96 160
96 164
96 178
96 221
96 223
96 225
96 228
96 234
96 236
96 239
96 247
97 99
97 122
97 137
97 156
97 162
97 194
97 198
97 200
97 207
97 209
97 218
97 234
97 245
98 103
98 160
98 170
98 175
98 176
98 184
98 197
98 199
98 206
98 212
98 229
98 231
98 234
98 240
99 100
99 102
99 109
99 115
99 128
99 133
99 136
99 164
99 174
99 182
99 185
99 189
99 201
99 204
99 218
99 222
99 240
100 107
100 108
100 130
100 132
100 141
100 144
100 146
100 149
100 172
100 177
100 180
100 228
100 246
101 102
101 108
101 115
101 142
101 148
101 150
101 155
101 161
101 172
101 175
101 182
101 189
101 205
101 214
101 228
101 234
101 235
101 236
102 112
102 121
102 180
102 204
102 217
102 224
102 234
102 235
102 240
103 113
103 124
103 147
103 149
103 155
103 159
103 167
103 171
103 188
103 206
103 207
103 211
103 217
103 246
103 249
104 115
104 116
104 139
104 151
104 156
104 164
104 169
104 182
104 197
104 205
104 227
104 239
104 240
104 241
105 108
105 119
105 122
105 135
105 137
105 141
105 142
105 149
105 164
105 175
105 192
105 193
105 202
105 221
105 238
106 142
106 157
106 160
106 163
106 170
106 171
106 186
106 191
106 195
106 208
106 213
106 220
106 233
106 239
106 240
106 245
107 114
107 120
107 122
107 132
107 138
107 147
107 172
107 189
107 193
107 209
107 210
107 228
107 241
108 119
108 124
108 135
108 141
108 151
108 152
108 155
108 161
108 166
108 179
108 190
108 195
108 197
108 207
108 211
108 213
108 214
108 245
109 116
109 119
109 120
109 127
109 133
109 136
109 140
109 154
109 160
109 174
109 208
109 224
109 238
110 134
110 170
110 172
110 179
110 204
110 209
110 216
110 225
110 243
111 115
111 127
111 155
111 162
111 167
111 168
111 169
111 171
111 179
111 200
111 204
111 214
111 217
111 223
111 241
112 141
112 145
112 153
112 158
112 159
112 193
112 200
112 202
112 208
112 222
112 227
112 229
112 249
113 134
113 142
113 147
113 150
113 162
113 166
113 176
113 196
113 203
113 208
113 210
113 248
113 249
114 118
114 131
114 148
114 170
114 206
114 215
114 232
114 237
114 240
115 125
115 190
115 195
115 196
115 202
115 206
115 215
115 218
115 230
115 231
115 241
116 130
116 131
116 147
116 149
116 151
116 176
116 182
116 197
116 206
116 209
116 210
116 213
116 216
116 224
117 145
117 154
117 155
117 162
117 173
117 201
117 207
117 220
117 230
118 125
118 129
118 141
118 143
118 152
118 155
118 159
118 170
118 184
118 185
118 197
118 199
118 201
118 232
118 241
118 242
118 245
118 246
119 121
119 141
119 164
119 183
119 226
119 231
119 244
120 130
120 138
120 157
120 171
120 185
120 189
120 191
120 193
120 212
120 213
120 216
120 223
121 152
121 154
121 168
121 174
121 179
121 181
121 187
121 205
121 206
121 212
121 215
121 224
121 235
121 236
121 248
122 123
122 128
122 134
122 150
122 157
122 161
122 172
122 180
122 207
122 214
122 224
122 241
123 133
123 191
123 197
123 202
123 214
123 216
123 229
124 127
124 139
124 147
124 160
124 168
124 175
124 179
124 194
124 205
124 210
124 215
124 225
124 226
124 229
124 236
125 143
125 150
125 152
125 158
125 160
125 185
125 207
125 208
125 244
126 144
126 146
126 147
126 165
126 166
126 171
126 184
126 188
126 198
126 211
126 222
126 227
126 231
126 234
126 238
127 128
127 131
127 137
127 142
127 195
127 235
127 237
127 240
127 248
128 133
128 138
128 139
128 141
128 185
128 186
128 219
128 224
128 242
128 243
128 249
129 137
129 138
129 157
129 161
129 163
129 166
129 172
129 173
129 179
129 207
129 217
129 232
129 243
130 131
130 159
130 162
130 171
130 180
130 186
130 204
130 205
130 220
130 223
130 224
130 228
131 132
131 154
131 173
131 178
131 190
131 193
131 202
131 206
131 210
131 214
131 225
131 242
132 137
132 139
132 140
132 142
132 143
132 148
132 158
132 169
132 174
132 185
132 186
132 206
132 233
132 240
132 244
133 135
133 173
133 195
133 200
133 212
133 221
133 222
133 228
133 234
133 246
133 248
134 144
134 174
134 200
134 210
134 222
134 233
134 238
134 247
135 139
135 149
135 152
135 164
135 168
135 204
135 213
135 239
135 242
135 245
135 247
136 137
136 144
136 163
136 172
136 177
136 183
136 207
136 221
136 239
137 151
137 153
137 156
137 159
137 171
137 175
137 180
137 186
137 188
137 191
137 217
137 221
137 230
138 147
138 148
138 155
138 165
138 174
138 194
138 213
138 220
138 231
138 234
139 141
139 149
139 155
139 166
139 167
139 172
139 215
139 223
139 229
139 239
140 144
140 148
140 162
140 181
140 198
140 199
140 216
141 146
141 150
141 166
141 181
141 195
141 199
141 203
141 212
141 214
141 219
141 220
141 224
141 239
141 242
141 248
142 143
142 148
142 149
142 174
142 185
142 191
142 193
142 195
142 196
142 206
142 208
142 216
142 222
143 147
143 149
143 160
143 163
143 167
143 170
143 175
143 178
143 194
143 222
143 231
143 232
144 200
144 206
144 216
144 242
145 146
145 152
145 158
145 164
145 187
145 195
145 200
145 225
145 237
146 158
146 165
146 183
146 213
146 214
146 231
146 236
147 148
147 174
147 183
147 213
147 216
147 222
147 226
147 237
147 239
147 244
147 246
148 155
148 165
148 167
148 169
148 176
148 208
148 214
148 218
148 226
148 240
149 151
149 166
149 179
149 183
149 184
149 199
149 204
149 216
149 244
150 164
150 166
150 169
150 176
150 181
150 187
150 204
150 207
151 159
151 161
151 164
151 176
151 199
151 203
151 208
151 237
151 248
151 249
152 158
152 159
152 169
152 192
152 206
152 208
152 218
152 224
153 162
153 171
153 188
153 201
153 212
153 213
153 221
153 232
153 235
154 159
154 163
154 167
154 188
154 197
154 215
154 218
154 229
154 240
155 171
155 186
155 190
155 192
155 194
155 206
155 209
155 216
155 232
155 238
156 161
156 162
156 192
156 199
156 224
156 232
156 234
156 236
156 241
156 243
156 246
156 248
157 158
157 162
157 173
157 185
157 202
157 239
157 243
158 169
158 175
158 179
158 195
158 200
158 212
158 216
158 229
158 241
159 164
159 168
159 172
159 185
159 188
159 189
159 192
159 199
159 229
160 169
160 177
160 183
160 206
160 220
160 225
160 232
160 233
160 241
161 164
161 169
161 187
161 191
161 192
161 207
161 223
161 234
161 236
161 241
161 247
162 206
162 213
162 218
162 220
162 242
163 166
163 173
163 177
163 184
163 189
163 197
163 198
163 213
163 217
163 231
164 172
164 182
164 214
164 217
164 220
164 228
164 241
164 242
164 243
165 168
165 175
165 183
165 202
165 203
165 214
165 218
165 219
165 230
165 232
165 234
165 237
165 249
166 171
166 176
166 183
166 193
166 199
166 213
166 219
166 221
166 231
167 169
167 177
167 199
167 207
167 237
167 245
168 178
168 186
168 190
168 201
168 214
168 240
168 249
169 173
169 178
169 184
169 192
169 199
169 200
169 206
169 233
169 234
170 180
170 187
170 194
170 203
170 229
170 244
171 203
171 209
171 239
171 241
171 245
171 246
172 175
172 219
172 221
172 227
173 182
173 196
173 198
173 200
173 212
173 218
173 237
173 240
174 175
174 177
174 215
174 217
174 237
174 243
175 179
175 185
175 189
175 212
175 225
175 230
175 235
175 239
175 244
175 246
175 247
176 178
176 197
176 202
176 213
176 219
176 231
176 233
177 182
177 192
177 195
177 201
177 210
177 220
177 226
177 233
177 238
177 245
178 197
178 221
178 241
178 243
179 190
179 234
180 205
180 209
180 210
180 215
180 221
180 234
181 182
181 186
181 191
181 192
181 221
181 222
181 225
181 226
181 230
181 237
181 239
182 183
182 186
182 216
182 224
182 239
182 246
183 203
183 208
183 219
183 230
183 235
183 237
183 240
183 244
183 248
184 189
184 193
184 203
184 226
184 231
184 247
185 190
185 198
185 218
185 229
186 202
186 203
186 207
186 217
186 220
186 231
186 233
186 235
186 242
186 245
186 246
187 196
187 199
187 220
187 223
187 229
187 241
187 242
188 191
188 194
188 196
188 205
188 207
188 226
188 227
188 231
188 232
189 213
189 216
189 223
189 225
189 244
189 245
190 197
190 225
190 231
190 240
190 241
190 246
191 209
191 211
191 247
191 249
192 225
192 229
192 235
192 238
192 246
193 204
193 210
193 220
193 241
193 247
193 248
194 215
194 249
195 203
195 204
195 213
195 215
195 231
196 198
196 202
196 205
196 215
196 222
196 235
197 200
197 217
197 226
197 227
197 234
197 236
198 199
198 200
198 207
198 208
198 215
198 217
198 220
198 226
199 201
199 204
199 211
199 216
199 218
199 222
199 223
199 233
199 234
199 238
199 249
200 201
200 212
200 233
200 236
200 242
200 246
200 247
201 214
201 225
201 240
201 245
202 203
202 206
202 217
202 219
203 210
203 214
203 218
203 223
203 228
203 238
203 249
204 220
204 223
204 238
205 211
205 212
205 218
205 227
205 229
205 239
206 207
206 222
206 246
207 210
207 214
207 227
207 228
207 241
207 243
208 216
208 217
208 238
208 242
208 244
208 245
209 217
209 222
209 239
209 246
210 213
210 236
211 231
211 244
211 246
211 248
212 213
212 215
212 217
212 221
212 235
212 237
213 214
213 227
213 233
214 238
214 249
215 231
216 218
216 234
217 220
217 241
217 247
218 226
218 231
218 246
219 230
219 237
219 238
219 244
220 228
220 232
220 233
221 222
221 223
221 229
221 238
222 225
222 236
222 241
223 225
223 229
223 230
223 239
224 225
224 239
225 246
226 228
226 229
226 237
226 241
226 245
227 233
228 237
228 242
229 236
229 238
230 231
230 233
230 246
231 232
231 234
231 235
231 240
232 240
232 246
233 234
234 244
235 244
235 245
236 246
236 249
237 241
237 244
238 241
238 243
238 246
239 244
240 243
240 246
240 248
244 248
245 248

1 1 0 0 1 1 0 0 0 0 1 0 1 1 1 0 1 0 0 1 1 0 1 0 1 1 1 0 1 1 0 1 0 0 1 1 1 0 0 1 0 0 1 1 1 1 0 0 0 1 1 0 0 1 0 0 0 1 0 0 0 1 0 0 1 1 0 0 1 0 0 1 1 0 1 0 0 1 1 0 1 1 0 0 0 0 0 1 1 1 0 1 1 0 0 1 1 1 0 0 0 1 1 1 0 0 1 0 0 1 1 0 1 0 1 0 0 1 0 0 0 1 1 0 1 0 1 1 0 0 1 0 1 1 0 0 1 1 0 1 0 1 1 1 1 1 1 0 0 1 1 0 0 0 1 1 0 0 0 0 0 0 0 1 0 0 0 0 1 1 0 0 0 1 0 1 1 1 1 1 0 0 1 1 1 1 0 1 0 1 1 0 0 0 0 0 0 1 0 0 1 1 1 0 0 1 0 1 0 1 1 1 1 1 1 1 1 1 0 0 1 1 1 1 1 0 0 0 0 1 0 0 0 0 1 1 1 1 1 0 1 0 1 1 0 1 0 0 0 0