150 1037
0 1 2 3 4 5 6 7 8 9 10 11 12 13 14 15 16 17 18 19 20 21 22 23 24 25 26 27 28 29 30 31 32 33 34 35 36 37 38 39 40 41 42 43 44 45 46 47 48 49 50 51 52 53 54 55 56 57 58 59 60 61 62 63 64 65 66 67 68 69 70 71 72 73 74 75 76 77 78 79 80 81 82 83 84 85 86 87 88 89 90 91 92 93 94 95 96 97 98 99 100 101 102 103 104 105 106 107 108 109 110 111 112 113 114 115 116 117 118 119 120 121 122 123 124 125 126 127 128 129 130 131 132 133 134 135 136 137 138 139 140 141 142 143 144 145 146 147 148 149
0 13
0 18
0 29
0 39
0 49
0 52
0 73
0 75
0 83
0 131
0 136
0 145
1 15
1 16
1 44
1 48
1 54
1 64
1 93
1 101
1 109
1 117
1 121
1 127
1 132
1 147
2 3
2 4
2 5
2 13
2 31
2 44
2 52
2 63
2 69
2 94
2 100
2 110
2 113
2 118
2 123
2 129
2 137
3 18
3 25
3 30
3 40
3 46
3 52
3 71
3 73
3 86
3 87
3 101
3 122
3 138
4 22
4 54
4 79
4 92
5 13
5 30
5 34
5 45
5 48
5 57
5 64
5 69
5 70
5 79
5 125
5 143
5 146
6 31
6 39
6 40
6 61
6 68
6 79
6 81
6 89
6 92
6 93
6 102
6 113
6 135
6 144
7 61
7 69
7 79
7 81
7 86
7 98
7 107
7 112
7 125
7 142
7 144
8 17
8 29
8 44
8 70
8 77
8 79
8 89
8 90
8 92
8 103
8 107
8 120
8 137
8 138
8 140
8 144
9 36
9 59
9 63
9 87
9 112
9 120
9 133
10 13
10 29
10 37
10 43
10 56
10 74
10 82
10 85
10 96
10 101
10 109
10 116
10 123
10 134
10 140
10 148
11 17
11 28
11 30
11 32
11 35
11 76
11 84
11 95
11 143
12 28
12 63
12 66
12 68
12 73
12 81
12 91
12 95
12 107
13 16
13 20
13 29
13 40
13 41
13 46
13 69
13 70
13 71
13 72
13 79
13 83
13 84
13 92
13 95
13 111
13 125
13 134
13 136
13 141
13 147
13 149
14 23
14 40
14 46
14 50
14 68
14 72
14 78
14 81
14 86
14 109
14 127
14 144
14 149
15 20
15 34
15 43
15 55
15 72
15 74
15 89
15 90
15 103
15 115
15 121
15 146
16 55
16 57
16 73
16 80
16 84
16 120
16 124
16 148
17 23
17 26
17 77
17 89
17 92
17 105
18 20
18 36
18 47
18 52
18 54
18 56
18 63
18 65
18 68
18 69
18 73
18 107
18 129
18 140
19 20
19 27
19 63
19 66
19 74
19 75
19 95
19 109
19 130
19 141
20 21
20 44
20 45
20 55
20 69
20 89
20 98
20 101
20 105
20 115
20 126
20 129
20 132
20 148
21 23
21 28
21 42
21 46
21 70
21 77
21 92
21 97
21 120
21 133
21 147
21 148
22 25
22 29
22 57
22 69
22 77
22 81
22 92
22 95
22 97
22 104
22 106
22 115
22 121
22 127
22 131
22 144
22 147
23 36
23 49
23 51
23 66
23 67
23 72
23 84
23 122
23 135
24 26
24 29
24 30
24 34
24 63
24 68
24 96
24 104
24 119
24 123
24 124
24 129
25 47
25 57
25 82
25 85
25 112
25 116
25 133
26 30
26 34
26 38
26 46
26 47
26 92
26 132
26 133
26 138
26 145
27 30
27 33
27 37
27 40
27 45
27 49
27 72
27 77
27 80
27 95
27 100
27 108
27 109
27 129
27 136
27 144
27 146
28 41
28 68
28 69
28 74
28 103
28 106
28 117
28 123
28 135
28 140
28 146
29 36
29 38
29 71
29 78
29 96
29 106
29 117
29 128
29 133
29 137
29 148
30 34
30 35
30 36
30 39
30 50
30 84
30 94
30 102
30 113
30 116
30 121
31 38
31 46
31 55
31 59
31 64
31 73
31 106
31 116
31 121
31 122
31 138
31 145
32 37
32 43
32 47
32 55
32 62
32 71
32 87
32 102
32 125
32 134
32 144
33 38
33 51
33 58
33 64
33 81
33 104
33 144
34 43
34 46
34 56
34 71
34 78
34 87
34 89
34 97
34 98
34 107
34 112
34 120
34 140
35 60
35 86
35 91
35 96
35 102
35 109
35 134
35 137
35 147
36 39
36 55
36 58
36 65
36 68
36 69
36 77
36 79
36 88
36 92
36 98
36 109
36 135
36 137
36 139
36 146
37 38
37 41
37 56
37 66
37 68
37 108
37 117
37 138
37 142
38 123
38 126
38 138
38 141
38 148
39 47
39 53
39 58
39 72
39 73
39 80
39 119
39 146
40 47
40 64
40 76
40 84
40 102
40 111
40 118
40 130
40 132
40 140
41 52
41 53
41 57
41 65
41 85
41 105
41 118
41 129
42 44
42 68
42 86
42 91
42 93
42 110
42 116
42 139
42 140
43 45
43 48
43 49
43 54
43 56
43 81
43 110
43 117
43 125
43 145
44 48
44 66
44 67
44 69
44 74
44 76
44 89
44 106
44 113
44 115
44 126
44 129
44 135
44 144
44 148
45 83
45 103
45 105
45 116
45 120
45 132
45 142
46 54
46 70
46 71
46 140
47 53
47 73
47 83
47 102
47 109
47 123
47 126
47 130
47 131
47 136
48 53
48 67
48 69
48 80
48 86
48 132
48 135
49 59
49 105
49 110
49 123
49 126
49 140
50 58
50 60
50 87
50 92
50 109
50 114
50 149
51 60
51 61
51 66
51 74
51 98
51 102
51 116
51 127
51 128
51 132
51 142
52 54
52 94
52 97
52 111
52 112
52 124
52 141
52 146
53 59
53 60
53 61
53 67
53 72
53 73
53 94
53 99
53 114
53 123
53 140
53 142
53 145
53 146
54 56
54 62
54 74
54 89
54 108
54 113
54 122
54 123
54 126
54 127
54 135
54 149
55 60
55 69
55 88
55 90
55 97
55 108
55 114
55 129
56 84
56 113
56 123
56 128
56 139
56 142
57 67
57 86
57 88
57 111
57 112
57 123
57 127
57 134
57 144
58 84
58 88
58 91
58 99
58 107
58 122
58 126
58 147
59 81
59 96
59 119
60 64
60 68
60 75
60 82
60 89
60 93
60 125
60 135
60 137
60 139
61 63
61 77
61 78
61 81
61 95
61 124
62 65
62 74
62 82
62 98
62 99
62 109
62 111
62 115
62 130
62 134
62 140
63 91
63 92
63 100
63 102
63 115
63 117
63 126
63 129
63 130
63 140
63 143
64 85
64 90
64 92
64 103
64 126
64 136
64 137
64 148
65 70
65 74
65 79
65 98
65 106
65 107
65 114
65 115
65 117
65 136
65 139
66 69
66 75
66 104
66 109
66 114
66 116
66 143
67 77
67 86
67 118
67 126
67 130
67 131
67 141
68 78
68 88
68 127
68 129
69 100
69 105
69 117
69 119
70 71
70 82
70 108
70 109
70 129
70 139
70 147
71 82
71 103
71 109
71 131
71 148
72 85
72 88
72 91
72 102
72 109
72 113
72 119
72 123
72 131
72 136
72 141
72 146
73 77
73 83
73 90
73 92
73 110
73 111
73 114
73 115
73 119
73 130
73 136
73 139
73 144
73 145
73 148
73 149
74 79
74 83
74 91
74 106
74 112
74 129
74 135
74 137
74 147
75 91
75 107
75 119
75 129
75 136
75 139
75 148
75 149
76 77
76 78
76 88
76 96
76 111
76 147
76 149
77 82
77 92
77 101
77 102
77 106
77 115
77 131
77 136
78 82
78 93
78 102
78 112
78 115
78 116
78 126
78 137
79 83
79 91
79 102
79 113
79 118
79 124
79 132
79 140
80 89
80 94
80 98
80 100
80 103
80 129
80 131
80 148
81 86
81 90
81 98
81 107
81 110
81 112
81 118
81 119
81 120
81 126
81 138
82 83
82 102
82 106
82 115
82 117
82 119
82 124
82 132
82 140
82 147
82 149
83 89
83 101
83 106
83 112
83 114
83 120
83 143
83 144
84 87
84 91
84 93
84 104
84 126
85 123
85 124
85 144
85 149
86 88
86 98
86 114
86 126
87 89
87 96
87 143
87 147
87 149
88 105
88 108
88 115
88 117
89 92
89 112
89 133
89 145
89 146
90 138
91 96
91 98
91 99
91 104
91 125
91 132
91 135
92 100
92 148
93 99
93 110
93 112
93 115
93 118
93 124
93 134
93 143
94 118
94 120
94 125
94 126
94 130
94 132
94 142
95 103
95 118
95 133
95 134
95 139
95 146
96 99
96 105
96 111
96 132
96 139
96 145
97 104
97 113
97 142
98 102
98 105
98 107
98 108
98 113
98 115
98 117
98 121
98 130
98 143
98 144
99 102
99 110
99 114
99 121
99 136
99 138
99 143
100 104
100 120
100 126
100 129
100 141
100 142
100 146
101 103
101 110
101 111
101 120
101 122
101 148
102 122
103 104
104 119
104 135
104 137
104 149
105 121
105 136
106 113
106 134
106 137
107 116
107 121
107 122
107 149
108 140
108 143
108 144
109 134
109 149
110 112
110 116
111 113
111 115
111 124
111 125
111 140
111 146
112 121
112 146
113 120
113 133
114 136
114 147
114 148
115 119
115 121
115 126
115 130
115 141
115 148
116 119
116 144
117 120
117 123
117 128
117 130
118 119
118 124
118 127
118 129
118 145
118 148
119 123
119 124
119 125
119 127
119 140
119 143
119 149
120 144
121 136
121 142
121 144
122 127
122 149
123 126
123 128
123 145
123 147
123 149
124 125
124 128
124 134
125 140
126 130
126 140
127 130
127 138
128 136
128 140
129 143
130 140
131 133
131 135
131 138
132 133
132 144
133 134
134 141
135 139
135 145
137 143
137 144
137 145
140 146
142 147
144 146
144 149
145 147
146 149

1 0 0 1 0 1 1 0 0 0 0 0 0 0 0 0 1 1 0 1 1 1 0 1 1 0 0 1 0 1 1 1 1 1 1 1 1 0 0 0 0 1 1 1 0 1 1 1 1 0 1 0 0 0 1 0 1 1 1 0 1 0 1 0 0 0 1 0 0 0 0 0 0 1 0 0 0 1 1 0 0 1 0 0 0 1 1 1 1 0 0 1 1 0 0 1 1 0 1 0 0 1 0 1 0 1 1 0 1 1 1 1 1 1 0 0 1 0 1 1 1 1 1 0 0 1 0 1 0 1 1 1 1 1 0 0 1 0 1 0 0 0 1 0 1 0 0 0 0 0