250 1466
0 1 2 3 4 5 6 7 8 9 10 11 12 13 14 15 16 17 18 19 20 21 22 23 24 25 26 27 28 29 30 31 32 33 34 35 36 37 38 39 40 41 42 43 44 45 46 47 48 49 50 51 52 53 54 55 56 57 58 59 60 61 62 63 64 65 66 67 68 69 70 71 72 73 74 75 76 77 78 79 80 81 82 83 84 85 86 87 88 89 90 91 92 93 94 95 96 97 98 99 100 101 102 103 104 105 106 107 108 109 110 111 112 113 114 115 116 117 118 119 120 121 122 123 124 125 126 127 128 129 130 131 132 133 134 135 136 137 138 139 140 141 142 143 144 145 146 147 148 149 150 151 152 153 154 155 156 157 158 159 160 161 162 163 164 165 166 167 168 169 170 171 172 173 174 175 176 177 178 179 180 181 182 183 184 185 186 187 188 189 190 191 192 193 194 195 196 197 198 199 200 201 202 203 204 205 206 207 208 209 210 211 212 213 214 215 216 217 218 219 220 221 222 223 224 225 226 227 228 229 230 231 232 233 234 235 236 237 238 239 240 241 242 243 244 245 246 247 248 249
0 2
0 8
0 62
0 68
0 93
0 137
0 143
0 147
0 150
0 172
0 178
0 223
0 235
0 239
1 32
1 43
1 52
1 55
1 88
1 121
1 123
1 179
2 4
2 20
2 27
2 98
2 125
2 154
2 228
2 239
2 249
3 16
3 36
3 45
3 50
3 51
3 55
3 60
3 103
3 186
3 192
3 193
3 203
4 5
4 6
4 88
4 106
4 150
4 156
4 176
4 179
4 191
4 192
4 208
4 221
4 228
4 248
5 44
5 55
5 64
5 86
5 102
5 136
5 141
5 204
5 213
5 219
6 43
6 82
6 104
6 108
6 183
7 79
7 85
7 106
7 117
7 123
7 124
7 134
7 139
7 141
7 155
7 176
7 190
7 191
7 193
7 209
7 224
7 242
8 11
8 23
8 28
8 34
8 79
8 103
8 136
8 139
8 142
8 146
8 150
8 152
8 164
8 180
8 189
8 196
8 200
8 218
8 231
8 234
9 42
9 52
9 84
9 85
9 146
9 159
9 168
9 184
9 202
9 206
9 230
9 236
10 14
10 29
10 46
10 52
10 84
10 106
10 128
10 150
10 160
10 200
10 215
10 219
10 237
11 13
11 16
11 33
11 45
11 68
11 79
11 134
11 148
11 158
11 173
11 190
11 197
11 231
12 30
12 34
12 38
12 54
12 60
12 72
12 87
12 95
12 118
12 139
12 144
12 165
12 180
12 193
12 215
12 222
12 231
12 234
13 26
13 30
13 55
13 62
13 77
13 122
13 142
13 154
13 161
13 170
13 172
13 177
14 17
14 34
14 60
14 67
14 77
14 83
14 115
14 159
14 160
14 168
14 192
14 193
14 215
15 28
15 41
15 54
15 96
15 108
15 141
15 156
15 176
15 204
15 221
15 223
15 236
16 24
16 34
16 60
16 66
16 74
16 88
16 106
16 113
16 120
16 144
16 166
16 169
16 172
16 177
16 184
16 185
16 206
17 23
17 43
17 47
17 62
17 101
17 124
17 134
17 142
17 172
17 199
17 202
17 230
17 240
18 29
18 39
18 80
18 90
18 93
18 115
18 159
18 187
18 219
18 224
18 226
18 230
18 236
19 68
19 76
19 125
19 143
19 218
19 220
19 228
19 234
20 37
20 71
20 91
20 102
20 191
20 200
20 225
20 240
21 31
21 71
21 75
21 85
21 141
21 152
21 182
21 207
21 229
21 236
22 34
22 108
22 136
22 199
22 221
22 231
22 245
23 54
23 81
23 116
23 139
23 170
23 189
23 197
23 199
23 232
23 238
24 77
24 87
24 114
24 118
24 139
24 145
24 154
24 178
24 182
24 235
24 239
25 31
25 106
25 154
25 219
26 35
26 68
26 79
26 136
26 139
26 156
26 204
26 206
26 238
27 49
27 56
27 71
27 99
27 106
27 130
27 152
27 162
27 164
27 201
27 212
27 243
28 97
28 125
28 128
28 154
28 159
28 171
28 190
28 201
28 232
29 38
29 40
29 44
29 55
29 67
29 87
29 88
29 135
29 165
29 176
29 215
29 241
30 57
30 73
30 80
30 97
30 99
30 117
31 84
31 93
31 153
31 162
31 226
31 247
32 69
32 80
32 91
32 125
32 148
32 152
32 178
32 193
32 213
32 236
32 245
33 51
33 54
33 69
33 90
33 97
33 116
33 130
33 148
33 195
33 208
33 229
33 243
34 98
34 103
34 116
34 129
34 141
34 159
34 161
34 186
34 194
34 206
34 220
34 222
34 234
34 244
35 75
35 109
35 114
35 138
35 200
35 220
35 228
35 235
36 46
36 51
36 55
36 77
36 91
36 104
36 125
36 220
36 222
36 228
36 229
36 241
37 74
37 106
37 130
37 154
37 156
37 163
37 205
38 51
38 58
38 95
38 96
38 108
38 114
38 133
38 152
38 174
38 176
38 184
38 187
38 188
39 50
39 70
39 84
39 97
39 176
39 213
39 236
40 72
40 88
40 114
40 115
40 155
40 165
40 175
40 243
41 43
41 52
41 88
41 109
41 115
41 136
41 141
41 167
41 169
41 188
41 208
41 229
41 243
42 53
42 82
42 88
42 89
42 149
42 153
42 168
42 200
42 202
42 232
43 54
43 60
43 65
43 114
43 155
43 162
43 201
43 210
43 223
44 76
44 100
44 125
44 191
44 210
44 220
44 237
44 239
44 240
45 65
45 81
45 94
45 120
45 130
45 166
45 167
45 192
45 203
45 205
45 208
45 227
45 236
46 52
46 81
46 107
46 121
46 142
46 144
46 193
46 208
46 214
47 62
47 102
47 122
47 190
47 229
48 58
48 94
48 125
48 127
48 147
48 189
48 220
48 223
48 227
48 228
49 54
49 61
49 70
49 131
49 150
49 199
49 202
49 239
50 54
50 106
50 109
50 113
50 152
50 167
50 179
50 226
50 242
51 121
51 143
51 146
51 150
51 161
51 179
51 180
51 191
51 194
51 235
52 58
52 101
52 117
52 121
52 147
52 161
52 188
52 191
52 202
52 227
52 248
53 54
53 74
53 87
53 96
53 109
53 152
53 155
53 185
53 198
53 205
53 223
54 73
54 94
54 108
54 150
54 151
54 197
54 200
54 239
55 72
55 152
55 210
55 222
55 223
56 110
56 114
56 147
56 175
56 189
56 223
56 238
57 108
57 123
57 137
57 166
57 194
57 213
57 227
57 235
57 245
58 64
58 110
58 122
58 148
58 197
58 206
58 212
58 215
58 223
59 91
59 111
59 120
59 122
59 173
59 175
59 187
59 212
60 102
60 153
60 175
60 180
60 182
60 208
60 218
60 227
60 239
61 69
61 108
61 113
61 121
61 164
61 203
61 216
61 243
62 64
62 68
62 88
62 94
62 131
62 168
62 169
62 177
62 181
62 199
62 216
62 237
62 246
63 74
63 98
63 111
63 116
63 124
63 125
63 126
63 131
63 137
63 162
63 176
63 212
63 219
63 220
63 233
64 68
64 131
64 133
64 159
64 177
64 199
65 77
65 81
65 107
65 126
65 127
65 206
65 213
66 95
66 127
66 134
66 148
66 174
66 185
66 200
66 203
66 214
66 241
67 73
67 80
67 107
67 119
67 129
67 130
67 152
67 245
68 83
68 99
68 125
68 164
68 195
68 197
68 201
68 209
68 236
69 83
69 111
69 115
69 128
69 142
69 168
69 201
70 76
70 80
70 103
70 114
70 120
70 141
70 148
70 152
70 178
70 191
70 201
70 212
70 237
70 246
71 85
71 90
71 99
71 127
71 136
71 137
71 160
71 185
71 192
71 217
71 221
71 224
71 235
72 122
72 125
72 166
72 170
72 187
72 196
73 83
73 90
73 125
73 130
73 147
73 159
73 170
73 200
73 202
73 222
73 242
73 248
74 96
74 110
74 120
74 145
74 159
74 188
74 221
74 227
74 229
75 80
75 89
75 115
75 157
75 162
75 174
75 249
76 104
76 130
76 140
76 163
76 165
76 192
76 202
76 210
76 231
76 240
77 121
77 143
77 148
77 156
77 172
77 180
77 208
77 213
77 219
78 106
78 109
78 131
78 170
78 212
79 86
79 96
79 103
79 132
79 153
79 184
79 199
79 217
79 226
79 228
80 99
80 108
80 124
80 157
80 175
80 185
80 191
80 197
80 240
81 96
81 110
81 122
81 132
81 140
81 152
81 161
81 186
81 211
81 223
82 88
82 100
82 114
82 144
82 152
82 178
82 205
82 227
82 229
83 90
83 99
83 121
83 145
83 156
83 159
83 180
83 187
83 199
83 202
83 213
83 215
84 109
84 111
84 123
84 124
84 176
84 198
84 218
85 127
85 132
85 152
85 188
85 222
85 229
86 129
86 137
86 186
86 196
86 231
86 246
87 105
87 113
87 122
87 125
87 166
88 101
88 114
88 130
88 137
88 138
88 155
88 168
88 185
88 192
88 205
88 211
88 248
89 119
89 146
89 154
89 159
89 165
89 173
89 187
89 192
89 211
89 244
90 106
90 124
90 151
90 162
90 194
90 206
90 248
91 103
91 106
91 128
91 131
91 150
91 165
91 185
91 186
91 210
91 236
92 140
92 150
92 218
92 221
92 248
93 173
93 196
93 208
93 218
93 246
94 121
94 129
94 131
94 160
94 166
94 186
94 234
94 244
95 104
95 115
95 184
95 188
95 194
96 123
96 151
96 191
96 209
96 244
97 143
97 144
97 156
97 160
97 175
97 202
98 117
98 127
98 132
98 155
98 172
98 215
98 219
98 228
98 242
99 112
99 140
99 217
99 226
100 122
100 154
100 158
100 160
100 163
100 166
100 167
100 209
100 230
101 104
101 119
101 120
101 241
102 181
102 184
102 207
103 113
103 141
103 144
103 173
103 178
103 218
103 239
104 121
104 148
104 159
104 161
104 172
104 183
104 186
104 197
104 216
104 239
105 158
105 184
105 190
106 124
106 129
106 141
106 182
106 192
106 195
106 217
106 237
107 128
107 131
107 146
107 204
107 215
108 111
108 120
108 140
108 146
108 148
108 161
108 162
108 197
108 202
108 226
108 230
108 247
109 114
109 124
109 154
109 170
109 220
109 225
109 233
109 240
110 141
110 156
110 192
110 195
110 196
110 204
110 242
111 142
111 183
111 214
111 235
111 242
111 248
112 126
112 139
112 143
112 159
112 217
112 223
112 225
112 238
112 241
113 124
113 126
113 165
113 181
113 232
114 130
114 135
114 153
114 160
114 186
114 208
114 211
114 217
114 241
115 130
115 177
115 195
115 218
116 121
116 132
116 142
116 172
116 176
116 188
116 206
116 207
116 218
116 232
117 135
117 146
117 156
117 169
117 182
118 171
118 244
119 142
119 152
119 162
119 178
119 179
119 198
119 227
120 130
120 144
120 163
120 185
120 202
121 130
121 154
121 199
121 205
121 241
122 161
122 171
122 178
122 189
122 232
123 124
123 166
123 174
123 192
123 245
124 162
124 166
124 237
125 137
125 164
125 220
125 227
126 133
126 144
126 159
126 213
126 233
127 143
127 144
127 148
127 168
127 206
127 240
127 248
128 155
128 191
128 207
129 139
129 149
129 213
129 214
130 132
130 165
130 166
131 168
131 173
131 247
132 172
132 177
132 188
132 193
132 209
132 229
132 242
132 246
133 139
133 151
133 157
133 181
133 238
134 152
134 196
134 198
134 212
134 229
134 246
135 151
135 152
135 203
135 207
135 214
135 219
135 230
135 238
135 245
136 137
136 139
136 155
136 159
136 161
136 177
136 179
136 197
136 232
136 236
136 245
137 140
137 146
137 161
137 241
138 183
138 193
138 204
138 215
139 141
139 155
139 192
139 241
139 248
140 147
140 165
140 204
140 212
141 171
141 186
141 197
141 210
141 211
141 214
141 227
141 245
142 185
142 198
142 200
142 213
143 144
143 181
143 205
143 226
144 164
144 165
145 216
145 234
146 147
146 161
146 215
146 223
146 234
146 236
146 237
146 243
147 218
147 238
147 247
148 161
148 173
148 177
148 179
148 189
148 203
148 226
149 170
149 179
149 181
149 203
149 213
149 217
149 229
149 230
149 248
150 154
150 161
150 186
151 163
151 214
152 161
152 181
152 190
152 199
152 221
152 228
152 230
153 162
153 164
153 206
153 214
154 196
154 214
154 220
154 229
155 184
155 189
155 195
155 210
156 157
156 158
156 166
156 171
156 226
157 171
157 187
157 198
157 204
157 248
158 164
158 169
158 183
158 203
158 205
158 215
158 232
159 163
159 173
159 189
159 206
160 162
160 181
160 199
160 200
160 202
160 205
160 233
160 235
160 240
160 244
161 162
161 172
161 212
162 208
162 209
162 215
162 224
163 182
163 183
163 194
163 236
164 166
164 186
164 243
165 179
165 202
165 213
165 217
165 220
165 236
166 181
166 213
166 215
166 227
166 238
167 216
168 174
168 213
169 187
169 193
169 214
169 220
169 222
169 225
169 228
171 199
171 217
171 222
172 174
172 210
173 183
173 194
173 212
173 214
173 219
174 195
174 242
175 188
176 191
176 197
176 210
176 245
176 248
177 204
177 240
178 196
178 238
179 216
179 232
180 182
180 184
180 209
180 217
180 239
181 204
181 211
181 224
181 231
181 233
182 207
183 204
183 223
184 188
185 196
185 197
186 204
187 193
187 219
187 225
188 195
188 217
188 221
188 223
188 224
190 242
191 205
191 209
191 228
192 201
192 247
193 198
193 205
193 221
193 247
194 195
194 199
194 237
195 212
195 220
195 246
196 240
197 227
197 239
198 223
198 231
198 235
199 231
200 247
202 212
202 241
203 215
203 216
203 223
203 225
204 248
206 207
206 226
206 235
206 246
207 236
208 211
208 216
209 237
210 213
212 232
212 239
213 215
213 227
213 239
214 240
215 222
216 227
216 239
218 220
218 229
218 238
220 228
220 242
220 247
221 244
222 229
222 244
223 233
223 235
223 249
225 227
227 229
227 244
228 231
228 241
228 242
229 231
229 239
230 236
232 239
232 248
236 248
237 239
237 242
238 244
239 248
240 247
246 249
247 248

1 1 1 0 1 1 0 0 0 1 1 0 1 1 0 0 0 1 1 1 0 0 0 0 0 1 0 0 0 1 1 1 1 1 1 0 1 1 1 1 0 0 1 0 0 0 1 0 1 0 0 1 0 1 1 1 0 1 1 0 0 1 0 1 0 1 0 1 0 0 0 1 1 1 0 0 1 1 1 0 0 0 0 0 0 1 0 0 1 0 1 1 0 0 1 0 1 0 0 0 0 0 1 0 1 1 1 0 0 1 1 1 1 0 0 0 0 1 0 0 1 1 1 0 1 1 1 0 0 1 1 1 1 0 1 1 0 0 1 0 1 0 0 1 0 0 0 1 1 0 0 1 1 1 0 1 1 1 1 0 0 1 1 1 0 1 0 0 1 0 0 1 0 1 0 0 0 0 1 0 0 1 1 1 0 1 0 0 1 0 0 1 1 0 0 1 1 0 1 1 1 1 0 0 1 0 0 0 0 1 0 1 1 0 1 0 0 1 1 0 0 1 0 0 0 1 1 1 1 1 1 1 0 1 0 1 0 0 0 0 1 0 1 1 0 1 0 1 0 1