30 237
0 1 2 3 4 5 6 7 8 9 10 11 12 13 14 15 16 17 18 19 20 21 22 23 24 25 26 27 28 29
0 1
0 2
0 3
0 5
0 8
0 10
0 14
0 15
0 17
0 18
0 21
0 22
0 23
0 26
0 28
1 4
1 5
1 6
1 8
1 9
1 10
1 11
1 12
1 13
1 18
1 19
1 20
1 21
1 24
2 10
2 16
2 17
2 22
2 25
2 26
2 27
2 28
2 29
3 9
3 11
3 14
3 15
3 21
3 24
3 25
3 27
3 28
3 29
4 5
4 6
4 7
4 8
4 9
4 10
4 11
4 12
4 14
4 16
4 18
4 19
4 22
4 25
4 26
4 27
4 28
4 29
5 9
5 10
5 11
5 12
5 15
5 16
5 20
5 22
5 25
5 26
5 29
6 7
6 9
6 10
6 12
6 13
6 14
6 15
6 18
6 19
6 20
6 21
6 22
6 25
6 26
6 27
6 28
6 29
7 9
7 10
7 12
7 13
7 14
7 17
7 18
7 22
7 23
8 11
8 13
8 14
8 17
8 20
8 21
8 24
8 25
8 26
8 27
8 28
8 29
9 10
9 11
9 14
9 15
9 16
9 17
9 18
9 20
9 21
9 22
9 25
9 29
10 11
10 12
10 14
10 17
10 19
10 20
10 22
10 23
10 25
10 27
10 29
11 12
11 14
11 15
11 16
11 18
11 19
11 20
11 21
11 26
11 27
11 28
11 29
12 13
12 14
12 17
12 21
12 22
12 23
12 25
12 28
13 14
13 15
13 18
13 20
13 21
13 22
13 24
13 26
13 27
13 28
13 29
14 15
14 16
14 18
14 19
14 20
14 22
14 23
14 25
14 26
14 28
14 29
15 16
15 17
15 19
15 21
15 22
15 23
15 28
15 29
16 17
16 18
16 24
16 26
16 27
16 29
17 18
17 19
17 21
17 24
17 26
18 22
18 23
18 24
18 25
18 28
19 20
19 22
19 23
19 24
19 25
19 26
19 29
20 22
20 23
20 25
20 27
20 28
20 29
21 22
21 24
21 28
22 23
22 26
22 27
23 24
23 26
23 28
24 25
24 27
24 28
25 26
25 27
25 28
26 27
26 29
27 28
27 29
28 29

1 1 0 0 0 0 0 1 0 1 1 1 1 0 1 1 0 1 0 0 1 0 1 1 1 0 0 1 0 0