250 3049
0 1 2 3 4 5 6 7 8 9 10 11 12 13 14 15 16 17 18 19 20 21 22 23 24 25 26 27 28 29 30 31 32 33 34 35 36 37 38 39 40 41 42 43 44 45 46 47 48 49 50 51 52 53 54 55 56 57 58 59 60 61 62 63 64 65 66 67 68 69 70 71 72 73 74 75 76 77 78 79 80 81 82 83 84 85 86 87 88 89 90 91 92 93 94 95 96 97 98 99 100 101 102 103 104 105 106 107 108 109 110 111 112 113 114 115 116 117 118 119 120 121 122 123 124 125 126 127 128 129 130 131 132 133 134 135 136 137 138 139 140 141 142 143 144 145 146 147 148 149 150 151 152 153 154 155 156 157 158 159 160 161 162 163 164 165 166 167 168 169 170 171 172 173 174 175 176 177 178 179 180 181 182 183 184 185 186 187 188 189 190 191 192 193 194 195 196 197 198 199 200 201 202 203 204 205 206 207 208 209 210 211 212 213 214 215 216 217 218 219 220 221 222 223 224 225 226 227 228 229 230 231 232 233 234 235 236 237 238 239 240 241 242 243 244 245 246 247 248 249
0 5
0 6
0 28
0 43
0 44
0 56
0 62
0 67
0 73
0 96
0 111
0 118
0 122
0 133
0 141
0 146
0 147
0 158
0 159
0 179
0 201
0 211
0 217
0 225
0 232
0 235
0 239
0 243
1 25
1 53
1 82
1 83
1 96
1 106
1 110
1 111
1 124
1 146
1 158
1 168
1 180
1 193
1 200
1 222
1 229
2 5
2 8
2 33
2 36
2 55
2 93
2 104
2 121
2 127
2 137
2 138
2 146
2 168
2 205
2 216
2 221
3 17
3 23
3 24
3 26
3 39
3 55
3 72
3 87
3 91
3 92
3 107
3 111
3 134
3 146
3 164
3 167
3 193
3 195
3 221
3 223
3 243
3 245
4 13
4 30
4 32
4 37
4 39
4 40
4 41
4 46
4 47
4 65
4 85
4 103
4 113
4 128
4 130
4 131
4 132
4 139
4 160
4 170
4 177
4 191
4 195
4 205
4 206
4 212
4 233
4 237
4 243
4 246
5 19
5 23
5 26
5 34
5 45
5 49
5 74
5 79
5 82
5 98
5 103
5 117
5 125
5 135
5 136
5 154
5 194
5 195
5 198
5 211
5 222
5 235
5 242
6 8
6 10
6 24
6 26
6 70
6 76
6 86
6 94
6 95
6 97
6 101
6 103
6 104
6 105
6 119
6 123
6 133
6 156
6 161
6 168
6 169
6 186
6 200
6 203
6 225
6 234
6 246
7 9
7 11
7 22
7 23
7 88
7 98
7 120
7 138
7 149
7 158
7 162
7 185
7 207
7 209
7 213
8 25
8 31
8 37
8 48
8 64
8 65
8 79
8 89
8 128
8 129
8 147
8 151
8 153
8 171
8 175
8 179
8 184
8 197
8 205
8 206
8 213
8 246
9 19
9 29
9 36
9 38
9 43
9 49
9 52
9 54
9 73
9 93
9 94
9 96
9 98
9 99
9 117
9 123
9 133
9 143
9 146
9 150
9 159
9 171
9 174
9 177
9 186
9 240
9 244
9 248
10 17
10 31
10 45
10 66
10 70
10 79
10 84
10 87
10 125
10 142
10 158
10 169
10 171
10 187
10 195
10 204
10 206
10 207
10 217
10 227
11 25
11 40
11 60
11 107
11 111
11 116
11 122
11 132
11 140
11 148
11 166
11 167
11 169
11 173
11 180
11 181
11 188
11 200
11 201
11 212
11 229
11 240
11 248
12 32
12 34
12 41
12 51
12 61
12 62
12 68
12 75
12 77
12 96
12 97
12 110
12 114
12 115
12 121
12 133
12 134
12 146
12 163
12 168
12 186
12 194
12 198
12 199
12 209
12 221
12 241
12 249
13 29
13 39
13 45
13 50
13 68
13 73
13 75
13 87
13 109
13 115
13 126
13 129
13 143
13 170
13 172
13 175
13 177
13 180
13 190
13 200
13 201
13 220
13 228
13 236
14 18
14 19
14 22
14 28
14 39
14 49
14 52
14 55
14 88
14 94
14 102
14 128
14 138
14 146
14 147
14 151
14 155
14 173
14 187
14 207
14 209
14 217
14 237
15 25
15 30
15 34
15 48
15 58
15 89
15 91
15 98
15 101
15 129
15 152
15 167
15 178
15 191
15 217
15 219
15 221
15 224
15 229
15 241
16 25
16 54
16 55
16 60
16 63
16 71
16 114
16 121
16 134
16 148
16 151
16 160
16 161
16 163
16 193
16 210
16 240
17 20
17 35
17 49
17 56
17 59
17 65
17 68
17 73
17 91
17 135
17 149
17 150
17 168
17 169
17 171
17 222
17 227
17 228
17 246
18 19
18 23
18 60
18 66
18 75
18 76
18 88
18 91
18 110
18 113
18 150
18 152
18 160
18 172
18 181
18 183
18 184
18 190
18 191
18 221
18 246
19 30
19 37
19 39
19 41
19 56
19 79
19 83
19 91
19 115
19 120
19 143
19 150
19 151
19 158
19 164
19 167
19 177
19 182
19 183
19 192
19 211
19 219
19 226
19 243
19 244
19 246
20 29
20 34
20 44
20 46
20 62
20 66
20 73
20 89
20 128
20 143
20 146
20 164
20 186
20 188
20 198
20 199
20 206
20 209
20 226
20 227
20 228
20 232
20 238
20 242
21 46
21 52
21 58
21 64
21 84
21 87
21 90
21 91
21 95
21 97
21 101
21 102
21 112
21 122
21 123
21 135
21 143
21 148
21 158
21 175
21 180
21 199
21 200
21 201
21 216
21 226
21 231
21 234
21 237
22 23
22 35
22 74
22 75
22 80
22 95
22 137
22 142
22 177
22 192
22 195
22 199
22 206
22 220
22 230
23 28
23 30
23 36
23 51
23 60
23 78
23 82
23 87
23 100
23 123
23 126
23 128
23 151
23 178
23 182
23 202
23 203
23 229
23 236
23 245
24 40
24 49
24 65
24 72
24 83
24 87
24 88
24 96
24 98
24 102
24 119
24 120
24 125
24 128
24 132
24 140
24 146
24 176
24 198
24 222
24 241
25 35
25 37
25 44
25 45
25 51
25 52
25 61
25 75
25 80
25 95
25 107
25 110
25 130
25 147
25 156
25 158
25 159
25 175
25 182
25 192
25 199
25 207
25 210
25 226
25 237
25 243
25 246
26 53
26 61
26 64
26 72
26 111
26 117
26 150
26 156
26 160
26 166
26 173
26 176
26 181
26 196
26 219
26 226
27 45
27 48
27 70
27 78
27 82
27 86
27 92
27 102
27 117
27 119
27 120
27 124
27 129
27 148
27 149
27 170
27 208
27 209
27 215
27 216
27 228
27 234
27 245
28 41
28 50
28 69
28 80
28 82
28 109
28 137
28 155
28 174
28 186
28 192
28 204
28 211
28 217
28 226
28 234
28 239
28 243
28 245
29 73
29 92
29 98
29 99
29 145
29 178
29 189
29 193
29 194
29 216
29 220
29 231
29 232
29 233
29 234
29 245
30 32
30 36
30 44
30 52
30 72
30 89
30 95
30 116
30 130
30 164
30 173
30 176
30 179
30 182
30 194
30 207
30 216
30 230
30 232
31 36
31 54
31 63
31 74
31 88
31 92
31 95
31 104
31 109
31 115
31 135
31 147
31 149
31 151
31 159
31 168
31 175
31 178
31 193
31 203
31 205
31 220
31 221
31 223
31 227
31 235
31 247
32 39
32 67
32 103
32 133
32 139
32 142
32 143
32 154
32 155
32 158
32 159
32 181
32 185
32 190
32 193
32 198
32 199
32 208
32 238
32 239
32 240
33 36
33 46
33 48
33 61
33 73
33 87
33 91
33 102
33 107
33 115
33 133
33 143
33 149
33 167
33 180
33 185
33 187
33 198
33 204
33 214
33 228
33 230
33 245
33 246
34 41
34 43
34 66
34 69
34 74
34 75
34 81
34 90
34 101
34 102
34 112
34 122
34 135
34 139
34 161
34 175
34 201
34 214
34 218
34 222
34 227
34 231
34 235
34 238
34 239
35 60
35 68
35 76
35 83
35 87
35 93
35 130
35 135
35 152
35 156
35 170
35 182
35 187
35 203
35 205
35 213
35 229
35 246
36 46
36 63
36 94
36 97
36 113
36 119
36 130
36 144
36 153
36 158
36 160
36 165
36 169
36 170
36 176
36 180
36 181
36 195
36 196
36 198
36 212
36 224
36 241
36 249
37 49
37 55
37 65
37 70
37 98
37 99
37 102
37 112
37 143
37 145
37 161
37 174
37 184
37 192
37 194
37 196
37 224
37 228
37 230
37 248
38 41
38 57
38 66
38 68
38 71
38 73
38 82
38 99
38 105
38 149
38 170
38 178
38 190
38 196
38 209
38 215
38 223
38 230
38 235
38 248
39 43
39 55
39 57
39 73
39 96
39 98
39 115
39 118
39 121
39 146
39 170
39 181
39 185
39 193
39 207
39 211
39 232
40 58
40 65
40 73
40 81
40 83
40 94
40 95
40 96
40 112
40 128
40 141
40 144
40 149
40 163
40 166
40 190
40 204
40 217
40 226
40 247
41 81
41 85
41 95
41 105
41 112
41 113
41 123
41 128
41 130
41 138
41 142
41 143
41 146
41 152
41 165
41 176
41 198
41 212
41 231
41 232
42 46
42 47
42 48
42 50
42 58
42 76
42 77
42 79
42 113
42 133
42 150
42 155
42 157
42 181
42 183
42 187
42 199
42 207
42 212
42 245
43 59
43 71
43 78
43 84
43 93
43 102
43 106
43 119
43 128
43 144
43 175
43 184
43 194
43 208
43 212
43 213
43 226
43 248
44 46
44 47
44 57
44 59
44 60
44 63
44 65
44 78
44 86
44 109
44 127
44 129
44 147
44 153
44 156
44 164
44 182
44 195
44 209
44 221
44 222
44 229
44 248
45 46
45 47
45 50
45 53
45 84
45 98
45 114
45 128
45 141
45 143
45 164
45 186
45 199
45 201
45 210
45 213
45 225
45 226
46 47
46 63
46 73
46 81
46 101
46 102
46 106
46 119
46 122
46 146
46 150
46 171
46 172
46 173
46 176
46 180
46 183
46 186
46 190
46 201
46 205
46 228
46 245
47 50
47 61
47 77
47 82
47 86
47 91
47 100
47 106
47 132
47 133
47 138
47 148
47 162
47 172
47 184
47 189
47 191
47 194
47 195
47 208
47 220
47 227
47 232
47 234
47 245
47 247
48 51
48 64
48 70
48 71
48 100
48 102
48 105
48 113
48 119
48 143
48 152
48 161
48 162
48 167
48 179
48 196
48 210
48 213
48 214
48 215
48 240
49 61
49 62
49 68
49 71
49 72
49 109
49 110
49 113
49 121
49 122
49 132
49 133
49 135
49 153
49 171
49 173
49 198
49 200
49 225
49 242
49 249
50 54
50 56
50 57
50 62
50 69
50 94
50 111
50 121
50 141
50 148
50 149
50 190
50 221
50 225
50 227
50 228
50 231
50 235
50 236
50 239
51 60
51 62
51 63
51 70
51 78
51 87
51 91
51 99
51 101
51 104
51 109
51 110
51 114
51 116
51 127
51 139
51 149
51 165
51 187
51 199
51 211
51 224
51 237
52 53
52 79
52 90
52 95
52 103
52 107
52 109
52 125
52 128
52 133
52 137
52 138
52 139
52 150
52 165
52 169
52 171
52 173
52 175
52 181
52 188
52 190
52 191
52 197
52 213
52 218
53 68
53 84
53 85
53 87
53 102
53 120
53 122
53 138
53 146
53 158
53 163
53 165
53 183
53 191
53 198
53 202
53 205
53 212
53 214
53 215
53 220
53 236
53 238
53 248
54 64
54 80
54 81
54 90
54 96
54 98
54 105
54 106
54 121
54 142
54 153
54 177
54 197
54 213
54 235
54 241
54 244
54 247
55 56
55 66
55 68
55 89
55 91
55 108
55 109
55 135
55 140
55 147
55 156
55 167
55 177
55 195
55 205
55 217
55 236
55 239
56 85
56 92
56 105
56 106
56 114
56 117
56 130
56 136
56 137
56 144
56 146
56 162
56 164
56 172
56 194
56 200
56 208
56 222
56 223
56 226
56 237
56 240
56 242
56 245
57 66
57 71
57 73
57 81
57 97
57 104
57 130
57 146
57 161
57 172
57 177
57 182
57 217
57 222
57 224
57 229
58 63
58 76
58 79
58 81
58 83
58 93
58 95
58 103
58 139
58 151
58 160
58 183
58 187
58 189
58 197
58 226
58 234
58 240
58 242
58 248
58 249
59 64
59 65
59 73
59 94
59 98
59 102
59 131
59 139
59 140
59 146
59 149
59 184
59 198
59 201
59 206
59 210
59 223
59 224
59 231
59 235
59 244
60 77
60 101
60 111
60 118
60 120
60 122
60 152
60 161
60 168
60 172
60 178
60 188
60 197
60 243
60 247
61 62
61 63
61 77
61 96
61 104
61 109
61 152
61 153
61 160
61 162
61 168
61 169
61 181
61 186
61 223
61 224
61 230
61 233
61 240
61 241
61 248
62 66
62 77
62 81
62 85
62 94
62 97
62 104
62 118
62 151
62 170
62 171
62 177
62 191
62 203
62 221
62 236
62 248
63 71
63 72
63 81
63 84
63 100
63 116
63 121
63 124
63 134
63 135
63 166
63 179
63 183
63 229
63 240
64 67
64 71
64 75
64 83
64 84
64 87
64 118
64 119
64 126
64 136
64 150
64 158
64 159
64 167
64 172
64 176
64 181
64 190
64 206
64 210
64 219
64 232
64 237
64 238
64 241
65 68
65 73
65 79
65 92
65 95
65 96
65 112
65 120
65 124
65 127
65 145
65 176
65 202
65 209
65 219
65 232
65 249
66 73
66 93
66 105
66 117
66 154
66 162
66 170
66 181
66 194
66 202
66 221
66 234
66 240
67 70
67 72
67 75
67 86
67 89
67 93
67 129
67 139
67 160
67 161
67 162
67 170
67 174
67 200
67 204
67 205
67 221
67 222
67 235
67 241
67 248
68 83
68 84
68 95
68 96
68 102
68 110
68 146
68 149
68 174
68 191
68 194
68 208
68 212
68 219
68 220
68 229
68 231
68 235
69 77
69 95
69 100
69 102
69 110
69 114
69 119
69 133
69 156
69 160
69 164
69 175
69 177
69 181
69 200
69 224
70 79
70 103
70 117
70 130
70 140
70 150
70 151
70 162
70 163
70 165
70 166
70 169
70 171
70 218
70 236
70 244
71 74
71 76
71 81
71 89
71 103
71 109
71 131
71 137
71 141
71 146
71 154
71 158
71 168
71 171
71 176
71 180
71 183
71 194
71 200
71 207
71 208
71 220
71 227
71 237
71 246
72 76
72 97
72 104
72 114
72 115
72 123
72 136
72 141
72 155
72 162
72 164
72 166
72 178
72 180
72 194
72 207
72 215
72 244
72 248
73 83
73 108
73 126
73 140
73 147
73 157
73 166
73 168
73 172
73 186
73 188
73 192
73 206
73 208
73 220
73 223
73 228
73 233
74 84
74 85
74 97
74 120
74 151
74 153
74 161
74 172
74 182
74 195
74 222
74 225
74 231
74 245
74 246
75 81
75 109
75 119
75 136
75 157
75 166
75 169
75 186
75 196
75 199
75 211
75 234
75 247
76 87
76 95
76 104
76 107
76 110
76 126
76 132
76 141
76 159
76 172
76 180
76 181
76 191
76 196
76 228
76 231
76 242
76 244
77 82
77 84
77 95
77 104
77 124
77 134
77 151
77 154
77 158
77 186
77 196
77 208
77 228
77 236
77 240
77 248
78 93
78 100
78 104
78 119
78 128
78 135
78 144
78 153
78 162
78 176
78 179
78 182
78 191
78 204
78 225
78 231
79 80
79 84
79 104
79 105
79 138
79 143
79 163
79 180
79 187
79 194
79 204
79 216
79 221
80 111
80 116
80 119
80 131
80 148
80 153
80 161
80 177
80 179
80 186
80 202
80 220
80 222
80 225
80 229
80 243
80 245
81 90
81 113
81 128
81 130
81 134
81 146
81 161
81 162
81 172
81 178
81 182
81 186
81 190
81 191
81 201
81 223
81 227
81 229
81 236
81 249
82 90
82 106
82 117
82 127
82 133
82 137
82 140
82 148
82 155
82 162
82 166
82 179
82 190
82 193
82 201
82 209
82 217
82 227
82 240
82 247
82 249
83 99
83 119
83 120
83 125
83 129
83 136
83 141
83 169
83 194
83 197
83 211
83 212
83 217
83 225
83 229
83 242
83 246
84 116
84 126
84 143
84 165
84 179
84 186
84 197
84 219
84 224
84 228
84 239
84 248
85 87
85 98
85 101
85 109
85 111
85 115
85 118
85 119
85 150
85 155
85 167
85 171
85 175
85 186
85 195
85 197
85 198
85 210
85 219
85 226
85 246
86 100
86 107
86 117
86 123
86 129
86 137
86 156
86 176
86 182
86 184
86 190
86 216
87 88
87 122
87 125
87 130
87 135
87 139
87 142
87 153
87 156
87 198
87 204
87 211
87 219
87 221
87 244
87 249
88 98
88 107
88 149
88 177
88 181
88 192
88 199
88 206
88 207
88 210
88 213
88 217
88 223
88 230
88 234
88 236
89 115
89 118
89 122
89 126
89 136
89 147
89 148
89 149
89 154
89 161
89 168
89 171
89 174
89 176
89 191
89 196
89 215
89 221
89 240
89 249
90 100
90 106
90 110
90 124
90 132
90 138
90 155
90 195
90 227
90 228
90 233
90 249
91 102
91 105
91 107
91 135
91 150
91 167
91 179
91 205
92 103
92 116
92 148
92 150
92 151
92 156
92 169
92 170
92 185
92 186
92 189
92 195
92 196
92 207
92 221
92 227
92 232
92 236
93 110
93 111
93 132
93 151
93 160
93 170
93 172
93 174
93 183
93 185
93 190
93 196
93 214
93 225
94 131
94 133
94 135
94 138
94 153
94 154
94 168
94 172
94 179
94 192
94 206
94 219
94 224
94 248
95 103
95 110
95 125
95 129
95 132
95 138
95 140
95 150
95 155
95 160
95 177
95 188
95 194
95 209
95 225
95 237
95 246
96 100
96 137
96 139
96 150
96 152
96 159
96 165
96 178
96 180
96 183
96 185
96 189
96 193
96 218
96 224
96 234
96 244
97 103
97 121
97 125
97 129
97 140
97 196
97 210
97 213
97 214
97 217
97 221
97 222
97 235
98 108
98 120
98 128
98 138
98 158
98 163
98 182
98 200
98 213
98 223
98 224
98 225
98 241
98 248
98 249
99 113
99 114
99 126
99 127
99 161
99 163
99 165
99 170
99 181
99 183
99 188
99 199
99 216
99 218
99 235
99 244
99 249
100 112
100 116
100 121
100 137
100 140
100 142
100 159
100 160
100 163
100 167
100 177
100 181
100 182
100 200
100 209
100 211
100 249
101 121
101 135
101 168
101 191
101 203
101 206
101 210
101 238
101 243
101 248
102 117
102 119
102 125
102 129
102 144
102 147
102 155
102 171
102 174
102 181
102 183
102 194
102 203
102 205
102 233
102 235
102 240
102 243
102 244
103 104
103 106
103 107
103 116
103 126
103 130
103 131
103 134
103 164
103 168
103 183
103 198
103 211
103 223
103 238
103 239
103 249
104 105
104 117
104 118
104 124
104 135
104 140
104 153
104 169
104 173
104 178
104 184
104 195
104 202
104 204
104 210
104 222
104 236
104 239
104 247
104 248
105 107
105 115
105 116
105 117
105 129
105 142
105 147
105 150
105 167
105 172
105 179
105 194
105 200
105 204
105 207
105 247
106 117
106 124
106 137
106 142
106 143
106 156
106 172
106 209
106 211
106 215
106 224
106 233
106 239
106 245
106 248
107 124
107 141
107 156
107 159
107 165
107 169
107 186
107 194
107 199
107 200
107 207
107 219
107 230
108 109
108 114
108 135
108 146
108 147
108 148
108 184
108 189
108 191
108 193
108 198
108 202
108 211
108 239
109 110
109 113
109 114
109 130
109 163
109 166
109 186
109 201
109 217
109 222
109 234
109 235
109 245
109 248
110 116
110 122
110 124
110 138
110 166
110 167
110 168
110 177
110 180
110 182
110 189
110 198
110 214
110 222
110 234
110 246
111 140
111 150
111 151
111 160
111 166
111 178
111 189
111 194
111 196
111 200
111 204
111 211
112 133
112 151
112 155
112 168
112 170
112 182
112 190
112 195
112 198
112 208
112 236
113 115
113 116
113 119
113 127
113 133
113 138
113 147
113 151
113 153
113 154
113 188
113 196
113 201
113 207
113 210
113 225
113 230
114 123
114 131
114 132
114 133
114 137
114 140
114 151
114 153
114 156
114 199
114 200
114 212
115 134
115 160
115 205
115 231
116 130
116 131
116 145
116 153
116 159
116 164
116 174
116 180
116 190
116 237
117 136
117 162
117 165
117 169
117 171
117 180
117 193
117 198
117 208
117 214
117 220
117 243
117 244
117 248
118 121
118 122
118 146
118 165
118 169
118 179
118 194
118 195
118 212
118 215
118 226
118 245
119 124
119 128
119 131
119 163
119 214
119 218
119 229
119 235
119 238
119 239
120 125
120 127
120 136
120 153
120 159
120 180
120 196
120 201
120 215
120 225
121 134
121 136
121 139
121 143
121 152
121 154
121 167
121 174
121 181
121 183
121 206
121 213
121 229
121 234
121 240
122 138
122 145
122 153
122 155
122 176
122 184
122 193
122 194
122 232
122 234
122 240
122 245
123 152
123 174
123 179
123 193
123 198
123 201
123 203
123 217
123 218
123 231
123 243
124 148
124 151
124 155
124 158
124 160
124 166
124 249
125 126
125 160
125 167
125 185
125 189
125 191
125 194
125 201
125 205
125 213
125 227
125 229
125 234
125 246
126 172
126 178
126 181
126 187
126 191
126 193
126 198
126 234
126 237
127 134
127 138
127 153
127 161
127 162
127 163
127 178
127 194
127 203
127 217
127 218
127 239
128 129
128 143
128 154
128 158
128 162
128 164
128 166
128 173
128 186
128 191
128 193
128 200
128 206
128 209
128 219
128 236
128 238
128 239
128 240
129 149
129 161
129 175
129 180
129 181
129 184
129 194
129 202
129 204
129 241
130 137
130 149
130 181
130 182
130 192
130 193
130 197
130 200
130 206
130 219
130 229
131 154
131 163
131 165
131 169
131 171
131 196
131 198
131 213
131 227
131 233
131 243
131 246
132 150
132 161
132 163
132 167
132 174
132 183
132 189
132 195
132 206
132 212
132 216
132 217
132 228
132 240
133 145
133 149
133 170
133 175
133 187
133 200
133 210
133 212
133 230
133 241
134 147
134 172
134 174
134 182
134 193
134 213
134 214
134 217
134 218
134 224
134 225
134 229
134 248
135 136
135 137
135 166
135 170
135 185
135 187
135 192
135 193
135 206
135 210
135 218
135 219
135 228
136 147
136 150
136 156
136 158
136 171
136 172
136 180
136 183
136 194
136 203
136 227
136 237
136 238
137 143
137 148
137 174
137 191
137 197
137 198
137 218
137 222
137 240
138 150
138 154
138 157
138 159
138 161
138 171
138 197
138 203
138 219
138 226
138 243
138 244
138 248
139 141
139 145
139 157
139 160
139 171
139 191
139 192
139 200
139 211
139 216
139 224
139 234
139 239
140 164
140 166
140 174
140 175
140 186
140 192
140 196
140 200
140 209
140 246
141 158
141 163
141 168
141 171
141 173
141 175
141 180
141 185
141 200
141 205
141 210
141 228
141 243
142 150
142 152
142 169
142 170
142 183
142 188
142 192
142 207
142 219
142 242
142 243
143 179
143 186
143 200
143 216
144 158
144 166
144 170
144 176
144 177
144 184
144 197
144 224
144 235
144 236
144 243
144 244
145 146
145 149
145 156
145 191
145 204
145 208
145 225
145 228
145 229
145 233
145 238
145 245
146 149
146 151
146 157
146 159
146 175
146 195
146 200
146 203
146 215
146 223
146 224
146 226
146 234
146 246
147 155
147 173
147 174
147 224
147 236
148 151
148 160
148 175
148 187
148 190
148 209
148 210
148 212
148 228
148 239
149 150
149 169
149 179
149 209
149 224
149 225
149 228
149 230
149 232
149 237
149 240
150 151
150 159
150 168
150 179
150 200
150 208
150 224
150 226
150 227
150 232
150 237
150 239
150 241
150 246
150 249
151 160
151 166
151 171
151 176
151 221
151 236
151 243
152 155
152 187
152 197
152 216
152 217
152 240
152 243
153 170
153 172
153 173
153 177
153 185
153 204
153 218
153 219
153 232
153 233
153 234
154 156
154 188
154 209
154 214
154 221
154 234
154 237
154 242
154 249
155 156
155 158
155 195
155 199
155 208
155 217
155 222
155 237
155 242
155 246
156 167
156 169
156 186
156 192
156 195
156 207
156 209
156 211
156 227
156 234
156 243
156 244
156 245
157 181
157 210
157 222
158 161
158 179
158 186
158 193
158 201
158 207
158 216
158 223
158 226
158 242
159 171
159 173
159 203
159 208
159 239
159 241
160 182
160 187
160 204
160 207
160 223
160 226
160 235
160 237
160 246
161 178
161 179
161 183
161 184
161 186
161 188
161 199
161 200
161 215
161 225
161 228
161 240
162 170
162 183
162 206
162 230
162 245
163 172
163 189
163 200
163 206
163 212
163 218
163 229
163 235
163 244
163 246
163 248
164 188
164 192
164 218
164 231
164 234
164 235
165 167
165 184
165 195
165 202
165 212
165 213
165 215
165 219
165 222
165 227
165 234
165 249
166 171
166 189
166 194
166 216
166 246
166 249
167 174
167 176
167 177
167 194
167 204
167 221
167 249
168 177
168 225
168 226
168 232
168 241
169 172
169 182
169 192
169 194
169 195
169 199
169 214
169 217
169 234
169 239
169 240
169 248
170 188
170 191
170 223
170 234
171 180
171 185
171 190
171 192
171 201
171 222
171 224
171 230
171 234
171 238
171 243
171 244
172 179
172 203
172 204
172 208
172 239
173 183
173 213
173 216
173 222
173 235
174 176
174 179
174 186
174 196
174 202
174 231
174 232
174 238
175 210
175 215
175 221
175 228
175 242
176 187
176 188
176 191
176 200
176 207
176 208
176 209
176 210
176 215
177 181
177 182
177 187
177 203
177 207
177 212
177 223
177 240
177 244
178 181
178 189
178 195
178 204
178 209
178 211
178 215
178 225
178 247
179 180
179 184
179 185
179 186
179 190
179 195
179 199
179 233
180 193
180 244
180 245
181 184
181 203
181 221
182 188
182 212
182 222
182 223
182 234
182 238
182 241
182 242
183 204
183 207
183 217
183 230
183 237
183 246
184 193
184 199
184 214
184 223
184 225
184 234
184 241
185 187
185 194
185 206
185 230
185 238
185 247
186 187
186 195
186 202
186 237
186 244
186 247
187 208
187 217
187 226
187 239
187 240
188 189
188 212
188 221
188 222
188 235
189 190
189 220
189 221
189 225
189 227
189 228
190 202
190 203
190 208
190 228
190 232
190 237
190 239
190 241
191 211
191 225
191 230
191 240
191 244
192 194
192 198
192 220
192 236
192 237
192 239
193 199
193 210
193 213
193 218
193 242
194 197
194 220
194 231
194 247
195 197
195 204
195 209
195 221
195 222
195 223
195 230
195 237
196 213
196 222
196 244
197 210
197 219
198 208
198 219
198 226
198 230
198 234
198 239
199 201
199 205
199 221
199 234
199 238
200 214
200 224
200 246
201 203
201 213
201 219
201 223
201 231
201 241
201 243
201 244
201 246
202 215
202 225
202 241
202 249
203 207
203 246
204 222
205 207
205 240
206 224
206 237
206 244
207 210
207 236
207 244
208 212
208 237
209 213
209 215
209 223
209 246
210 211
210 220
210 221
210 225
210 235
210 237
210 244
210 247
211 218
211 221
211 229
211 231
211 234
211 237
211 239
211 247
212 219
212 229
212 241
213 218
213 246
213 249
214 222
214 223
214 228
214 231
214 242
214 248
215 224
215 233
215 235
215 238
215 241
215 243
215 246
216 219
216 222
216 230
217 222
217 248
218 237
218 248
219 232
219 233
220 222
220 231
220 235
220 243
220 249
221 222
221 230
221 240
223 234
223 236
224 238
225 243
226 249
227 247
227 248
228 232
228 240
229 233
229 242
229 246
230 240
231 244
232 237
232 239
232 246
232 247
233 238
234 237
234 240
235 243
236 242
236 247
237 242
237 245
240 242
240 244
240 248
241 247
241 248
242 249
244 246

0 1 1 1 0 1 0 0 0 0 1 0 0 1 0 0 0 0 0 0 1 1 1 1 0 0 0 0 0 1 1 0 0 0 0 0 1 0 0 0 0 0 1 0 1 1 0 0 1 0 1 1 1 1 1 0 0 0 0 1 1 1 0 0 0 1 0 1 1 0 0 1 1 0 0 1 0 1 0 0 1 0 1 1 1 1 0 0 0 1 0 1 0 1 1 1 0 1 0 0 1 0 1 0 1 0 1 1 0 1 1 0 0 0 0 0 1 1 0 1 1 1 0 1 1 1 1 0 1 1 1 1 1 1 1 1 1 1 0 1 0 1 1 1 0 0 0 0 1 1 0 0 0 0 0 0 1 1 0 0 0 0 1 0 0 0 1 0 1 1 1 0 1 1 1 0 1 1 0 0 1 1 0 1 1 1 0 1 0 1 0 0 1 0 1 0 1 0 0 1 0 0 0 1 0 1 1 1 1 0 1 0 1 1 1 1 1 0 0 1 1 1 1 0 1 0 0 0 1 1 1 0 1 0 0 0 0 0 1 1 0 0 1 1 0 1 1 0 0 1