150 5642
0 1 2 3 4 5 6 7 8 9 10 11 12 13 14 15 16 17 18 19 20 21 22 23 24 25 26 27 28 29 30 31 32 33 34 35 36 37 38 39 40 41 42 43 44 45 46 47 48 49 50 51 52 53 54 55 56 57 58 59 60 61 62 63 64 65 66 67 68 69 70 71 72 73 74 75 76 77 78 79 80 81 82 83 84 85 86 87 88 89 90 91 92 93 94 95 96 97 98 99 100 101 102 103 104 105 106 107 108 109 110 111 112 113 114 115 116 117 118 119 120 121 122 123 124 125 126 127 128 129 130 131 132 133 134 135 136 137 138 139 140 141 142 143 144 145 146 147 148 149
0 2
0 5
0 9
0 10
0 11
0 13
0 14
0 15
0 16
0 18
0 19
0 20
0 22
0 24
0 26
0 27
0 32
0 36
0 38
0 39
0 41
0 42
0 43
0 47
0 48
0 49
0 51
0 52
0 55
0 56
0 61
0 62
0 64
0 66
0 67
0 70
0 71
0 72
0 74
0 75
0 77
0 78
0 82
0 83
0 84
0 85
0 87
0 89
0 90
0 91
0 92
0 96
0 97
0 99
0 100
0 102
0 105
0 108
0 109
0 112
0 114
0 116
0 121
0 128
0 129
0 130
0 131
0 135
0 137
0 138
0 139
0 140
0 141
0 146
0 147
1 3
1 4
1 7
1 8
1 9
1 10
1 11
1 12
1 15
1 16
1 17
1 19
1 20
1 21
1 23
1 24
1 25
1 31
1 34
1 37
1 41
1 44
1 47
1 49
1 52
1 56
1 59
1 61
1 62
1 63
1 64
1 65
1 67
1 69
1 72
1 74
1 75
1 76
1 77
1 79
1 80
1 85
1 86
1 87
1 88
1 89
1 90
1 93
1 97
1 99
1 102
1 103
1 104
1 105
1 108
1 109
1 111
1 112
1 113
1 114
1 116
1 117
1 118
1 119
1 120
1 122
1 123
1 126
1 127
1 128
1 130
1 134
1 138
1 139
1 140
1 141
1 143
1 144
1 145
1 146
1 147
1 148
1 149
2 5
2 6
2 12
2 13
2 16
2 18
2 19
2 20
2 21
2 22
2 23
2 27
2 28
2 30
2 32
2 33
2 38
2 39
2 42
2 43
2 45
2 46
2 48
2 49
2 51
2 53
2 54
2 56
2 61
2 63
2 65
2 66
2 69
2 70
2 71
2 74
2 76
2 77
2 79
2 80
2 82
2 87
2 89
2 91
2 96
2 97
2 98
2 99
2 101
2 102
2 103
2 104
2 105
2 106
2 109
2 111
2 113
2 114
2 117
2 118
2 121
2 127
2 131
2 132
2 133
2 143
2 144
2 148
3 6
3 8
3 9
3 11
3 13
3 15
3 16
3 21
3 28
3 29
3 32
3 34
3 35
3 37
3 39
3 40
3 42
3 43
3 44
3 48
3 55
3 56
3 57
3 61
3 64
3 66
3 68
3 72
3 80
3 81
3 83
3 84
3 85
3 86
3 87
3 89
3 90
3 91
3 95
3 97
3 101
3 102
3 104
3 107
3 109
3 110
3 112
3 113
3 114
3 115
3 117
3 118
3 120
3 124
3 127
3 128
3 129
3 131
3 133
3 134
3 135
3 137
3 139
3 143
4 5
4 6
4 7
4 8
4 10
4 12
4 13
4 14
4 15
4 16
4 19
4 21
4 24
4 26
4 31
4 33
4 34
4 36
4 39
4 40
4 42
4 43
4 44
4 45
4 46
4 47
4 48
4 50
4 51
4 53
4 55
4 56
4 57
4 60
4 61
4 63
4 66
4 68
4 69
4 74
4 75
4 77
4 78
4 79
4 82
4 83
4 84
4 86
4 88
4 95
4 97
4 101
4 104
4 109
4 111
4 113
4 114
4 116
4 118
4 119
4 120
4 121
4 122
4 125
4 126
4 127
4 128
4 130
4 131
4 132
4 135
4 137
4 141
4 142
4 146
4 149
5 6
5 7
5 11
5 12
5 13
5 16
5 18
5 21
5 22
5 25
5 26
5 27
5 28
5 29
5 32
5 38
5 39
5 41
5 43
5 44
5 51
5 53
5 56
5 58
5 59
5 62
5 64
5 65
5 66
5 68
5 69
5 70
5 71
5 72
5 78
5 80
5 81
5 83
5 85
5 86
5 87
5 90
5 92
5 93
5 94
5 95
5 104
5 116
5 117
5 119
5 120
5 121
5 122
5 125
5 126
5 128
5 130
5 131
5 137
5 139
5 142
5 145
5 149
6 7
6 9
6 10
6 11
6 13
6 17
6 20
6 21
6 22
6 23
6 27
6 29
6 30
6 31
6 33
6 39
6 42
6 43
6 45
6 46
6 51
6 53
6 55
6 56
6 61
6 62
6 63
6 64
6 65
6 66
6 70
6 71
6 76
6 78
6 79
6 82
6 83
6 85
6 86
6 87
6 91
6 94
6 99
6 107
6 109
6 110
6 111
6 112
6 113
6 117
6 118
6 120
6 121
6 122
6 125
6 126
6 133
6 135
6 136
6 137
6 139
6 141
6 145
6 146
6 147
7 8
7 11
7 12
7 13
7 14
7 17
7 18
7 20
7 21
7 25
7 26
7 33
7 34
7 40
7 41
7 42
7 44
7 45
7 46
7 54
7 56
7 62
7 63
7 66
7 70
7 71
7 72
7 73
7 77
7 78
7 79
7 82
7 85
7 86
7 87
7 88
7 89
7 91
7 92
7 94
7 95
7 100
7 101
7 102
7 104
7 107
7 108
7 109
7 113
7 114
7 116
7 118
7 121
7 122
7 123
7 124
7 125
7 129
7 130
7 131
7 133
7 134
7 138
7 141
7 142
7 143
7 144
7 148
7 149
8 9
8 12
8 13
8 14
8 15
8 20
8 21
8 24
8 27
8 28
8 29
8 30
8 34
8 35
8 36
8 40
8 42
8 47
8 49
8 51
8 52
8 53
8 54
8 55
8 56
8 58
8 59
8 60
8 61
8 62
8 64
8 66
8 68
8 69
8 75
8 77
8 81
8 83
8 84
8 85
8 86
8 89
8 91
8 92
8 93
8 94
8 95
8 97
8 99
8 104
8 107
8 111
8 112
8 113
8 116
8 117
8 119
8 120
8 121
8 122
8 124
8 126
8 127
8 128
8 129
8 131
8 132
8 133
8 134
8 135
8 137
8 138
8 139
8 140
8 143
8 147
9 10
9 13
9 15
9 17
9 23
9 27
9 29
9 31
9 32
9 33
9 39
9 40
9 41
9 42
9 44
9 45
9 46
9 48
9 49
9 52
9 53
9 54
9 55
9 58
9 60
9 61
9 62
9 63
9 64
9 66
9 67
9 69
9 70
9 71
9 72
9 74
9 76
9 79
9 80
9 82
9 83
9 86
9 88
9 89
9 90
9 91
9 94
9 97
9 98
9 99
9 100
9 101
9 102
9 103
9 105
9 106
9 107
9 109
9 113
9 114
9 115
9 118
9 119
9 120
9 121
9 124
9 125
9 126
9 127
9 129
9 131
9 132
9 133
9 135
9 136
9 137
9 139
9 140
9 141
9 144
9 145
9 146
10 13
10 16
10 18
10 19
10 20
10 21
10 22
10 24
10 28
10 30
10 34
10 35
10 36
10 41
10 43
10 44
10 45
10 47
10 48
10 49
10 50
10 53
10 54
10 56
10 57
10 58
10 59
10 60
10 63
10 64
10 65
10 67
10 68
10 69
10 70
10 71
10 73
10 74
10 75
10 80
10 82
10 83
10 84
10 85
10 88
10 90
10 91
10 94
10 96
10 101
10 105
10 106
10 107
10 108
10 110
10 114
10 115
10 117
10 119
10 120
10 121
10 122
10 124
10 127
10 131
10 132
10 134
10 135
10 136
10 137
10 142
10 143
10 144
10 146
10 148
10 149
11 14
11 15
11 16
11 18
11 19
11 20
11 21
11 24
11 26
11 27
11 30
11 31
11 32
11 33
11 34
11 35
11 37
11 38
11 43
11 45
11 50
11 53
11 55
11 56
11 59
11 60
11 63
11 64
11 68
11 70
11 71
11 73
11 75
11 77
11 78
11 85
11 89
11 93
11 94
11 95
11 98
11 99
11 102
11 106
11 108
11 109
11 113
11 116
11 117
11 119
11 123
11 124
11 125
11 128
11 131
11 132
11 133
11 137
11 138
11 146
11 148
11 149
12 15
12 18
12 22
12 24
12 25
12 26
12 27
12 28
12 30
12 32
12 34
12 35
12 36
12 38
12 39
12 41
12 42
12 45
12 48
12 52
12 55
12 56
12 57
12 60
12 64
12 65
12 69
12 70
12 74
12 78
12 83
12 84
12 85
12 86
12 88
12 93
12 95
12 98
12 101
12 102
12 103
12 104
12 106
12 108
12 109
12 110
12 112
12 113
12 115
12 116
12 119
12 125
12 128
12 131
12 132
12 133
12 135
12 138
12 140
12 141
12 142
12 143
12 144
12 146
12 147
12 149
13 14
13 15
13 22
13 25
13 26
13 28
13 34
13 35
13 40
13 42
13 43
13 45
13 47
13 50
13 54
13 56
13 57
13 59
13 61
13 63
13 69
13 70
13 71
13 72
13 73
13 74
13 80
13 81
13 84
13 85
13 88
13 92
13 93
13 94
13 95
13 98
13 99
13 100
13 103
13 104
13 106
13 108
13 110
13 112
13 114
13 115
13 116
13 118
13 119
13 121
13 122
13 123
13 124
13 126
13 127
13 128
13 130
13 131
13 134
13 135
13 136
13 137
13 138
13 139
13 140
13 141
13 142
13 143
13 145
13 146
13 148
14 16
14 17
14 18
14 19
14 20
14 23
14 25
14 28
14 29
14 30
14 34
14 36
14 39
14 40
14 42
14 44
14 45
14 49
14 50
14 52
14 53
14 54
14 55
14 57
14 58
14 61
14 63
14 66
14 70
14 71
14 75
14 77
14 78
14 81
14 83
14 85
14 92
14 93
14 94
14 95
14 96
14 98
14 99
14 100
14 104
14 107
14 108
14 112
14 113
14 115
14 116
14 117
14 122
14 123
14 124
14 128
14 129
14 131
14 135
14 137
14 138
14 139
14 140
14 143
14 147
14 148
15 16
15 17
15 18
15 20
15 22
15 23
15 24
15 25
15 27
15 28
15 30
15 31
15 32
15 33
15 34
15 35
15 37
15 38
15 39
15 40
15 44
15 45
15 49
15 51
15 54
15 55
15 57
15 59
15 61
15 62
15 67
15 69
15 73
15 74
15 75
15 76
15 83
15 86
15 87
15 88
15 91
15 92
15 93
15 94
15 95
15 96
15 97
15 98
15 99
15 101
15 104
15 105
15 106
15 108
15 109
15 111
15 113
15 115
15 118
15 125
15 126
15 127
15 128
15 130
15 131
15 132
15 133
15 134
15 135
15 136
15 137
15 139
15 141
15 143
15 144
15 149
16 17
16 20
16 22
16 25
16 27
16 28
16 31
16 32
16 34
16 37
16 40
16 41
16 42
16 44
16 46
16 47
16 51
16 52
16 53
16 54
16 58
16 59
16 61
16 64
16 66
16 68
16 69
16 71
16 76
16 78
16 79
16 82
16 83
16 85
16 86
16 89
16 90
16 91
16 93
16 95
16 97
16 98
16 100
16 102
16 105
16 107
16 110
16 112
16 113
16 115
16 117
16 118
16 120
16 121
16 124
16 125
16 127
16 130
16 131
16 132
16 133
16 134
16 136
16 137
16 138
16 139
16 140
16 143
16 145
16 147
16 148
16 149
17 18
17 20
17 24
17 25
17 27
17 31
17 34
17 35
17 36
17 37
17 38
17 39
17 40
17 42
17 46
17 47
17 48
17 51
17 52
17 53
17 55
17 57
17 59
17 60
17 61
17 62
17 67
17 70
17 72
17 74
17 76
17 77
17 78
17 79
17 80
17 83
17 85
17 86
17 88
17 89
17 90
17 91
17 93
17 95
17 98
17 100
17 102
17 103
17 105
17 107
17 108
17 109
17 112
17 117
17 118
17 119
17 120
17 121
17 122
17 124
17 125
17 127
17 128
17 134
17 138
17 142
17 143
17 149
18 19
18 22
18 23
18 24
18 27
18 30
18 31
18 34
18 37
18 39
18 43
18 44
18 46
18 48
18 49
18 50
18 51
18 53
18 54
18 57
18 60
18 61
18 62
18 65
18 67
18 68
18 70
18 71
18 72
18 74
18 75
18 76
18 77
18 82
18 83
18 85
18 89
18 92
18 94
18 95
18 97
18 100
18 103
18 104
18 106
18 107
18 109
18 113
18 114
18 116
18 117
18 118
18 121
18 125
18 127
18 130
18 136
18 141
18 143
18 145
18 147
18 148
19 20
19 22
19 23
19 25
19 27
19 29
19 30
19 32
19 34
19 38
19 40
19 44
19 45
19 50
19 55
19 56
19 57
19 59
19 60
19 61
19 64
19 65
19 66
19 68
19 71
19 74
19 81
19 82
19 84
19 85
19 89
19 90
19 91
19 92
19 93
19 94
19 95
19 96
19 99
19 107
19 108
19 110
19 112
19 113
19 114
19 116
19 117
19 119
19 122
19 124
19 125
19 126
19 128
19 131
19 132
19 133
19 135
19 137
19 138
19 140
19 141
19 142
19 145
19 146
19 148
19 149
20 28
20 31
20 32
20 33
20 34
20 39
20 42
20 43
20 45
20 46
20 47
20 48
20 53
20 54
20 57
20 58
20 59
20 60
20 62
20 63
20 64
20 65
20 67
20 68
20 69
20 73
20 74
20 79
20 80
20 83
20 85
20 87
20 88
20 89
20 91
20 92
20 93
20 94
20 96
20 97
20 99
20 100
20 103
20 105
20 106
20 107
20 108
20 109
20 110
20 111
20 112
20 113
20 114
20 115
20 116
20 118
20 119
20 121
20 122
20 127
20 128
20 129
20 134
20 135
20 136
20 137
20 142
20 145
20 147
20 149
21 23
21 24
21 25
21 26
21 28
21 29
21 31
21 32
21 36
21 37
21 39
21 40
21 41
21 42
21 44
21 45
21 49
21 52
21 54
21 55
21 57
21 59
21 61
21 63
21 68
21 69
21 70
21 72
21 76
21 78
21 79
21 80
21 85
21 89
21 91
21 92
21 96
21 97
21 101
21 102
21 104
21 105
21 110
21 111
21 114
21 115
21 117
21 118
21 122
21 124
21 128
21 129
21 135
21 136
21 137
21 139
21 147
21 148
22 23
22 25
22 26
22 30
22 33
22 34
22 36
22 38
22 39
22 40
22 41
22 43
22 44
22 45
22 46
22 47
22 48
22 50
22 51
22 56
22 57
22 58
22 59
22 60
22 62
22 63
22 65
22 69
22 70
22 71
22 74
22 75
22 77
22 80
22 82
22 83
22 84
22 87
22 89
22 91
22 92
22 95
22 96
22 98
22 101
22 102
22 104
22 105
22 109
22 110
22 111
22 112
22 113
22 115
22 116
22 118
22 119
22 120
22 122
22 123
22 124
22 125
22 126
22 128
22 131
22 135
22 137
22 138
22 139
22 144
22 147
22 149
23 24
23 26
23 27
23 29
23 32
23 36
23 37
23 38
23 41
23 43
23 45
23 47
23 51
23 53
23 55
23 56
23 57
23 59
23 61
23 62
23 66
23 67
23 68
23 71
23 72
23 74
23 75
23 76
23 78
23 79
23 81
23 84
23 89
23 90
23 92
23 96
23 98
23 101
23 102
23 103
23 105
23 106
23 108
23 110
23 111
23 112
23 113
23 114
23 117
23 121
23 123
23 124
23 125
23 126
23 128
23 129
23 131
23 132
23 134
23 141
23 142
23 143
23 144
23 147
24 26
24 27
24 28
24 29
24 33
24 36
24 38
24 39
24 40
24 41
24 44
24 48
24 51
24 52
24 53
24 56
24 58
24 59
24 62
24 63
24 65
24 66
24 69
24 71
24 73
24 74
24 77
24 78
24 79
24 80
24 82
24 83
24 84
24 85
24 86
24 89
24 90
24 92
24 95
24 96
24 99
24 104
24 106
24 109
24 113
24 114
24 115
24 117
24 118
24 119
24 120
24 123
24 124
24 125
24 127
24 130
24 131
24 132
24 133
24 134
24 135
24 137
24 141
24 142
24 145
25 26
25 30
25 32
25 33
25 34
25 35
25 36
25 37
25 38
25 39
25 40
25 42
25 43
25 44
25 45
25 46
25 47
25 48
25 49
25 57
25 61
25 62
25 63
25 67
25 74
25 81
25 83
25 84
25 87
25 88
25 89
25 90
25 91
25 94
25 98
25 99
25 100
25 103
25 104
25 108
25 109
25 110
25 112
25 113
25 115
25 116
25 117
25 118
25 119
25 120
25 123
25 126
25 128
25 129
25 130
25 133
25 134
25 135
25 138
25 140
25 141
25 142
25 149
26 28
26 29
26 32
26 33
26 34
26 36
26 37
26 39
26 41
26 43
26 46
26 47
26 48
26 49
26 50
26 53
26 54
26 56
26 57
26 59
26 60
26 62
26 66
26 67
26 68
26 70
26 71
26 74
26 75
26 77
26 79
26 80
26 83
26 85
26 86
26 87
26 88
26 89
26 90
26 92
26 94
26 97
26 98
26 99
26 100
26 102
26 103
26 104
26 106
26 109
26 110
26 114
26 115
26 117
26 120
26 123
26 124
26 125
26 128
26 132
26 133
26 137
26 138
26 140
26 142
26 144
26 147
26 148
26 149
27 29
27 31
27 32
27 35
27 38
27 41
27 42
27 45
27 46
27 47
27 49
27 52
27 53
27 55
27 56
27 59
27 60
27 62
27 64
27 65
27 67
27 68
27 69
27 71
27 72
27 75
27 78
27 83
27 84
27 85
27 86
27 91
27 92
27 93
27 94
27 96
27 99
27 100
27 101
27 104
27 105
27 109
27 110
27 112
27 115
27 116
27 117
27 118
27 126
27 130
27 131
27 132
27 133
27 134
27 135
27 140
27 141
27 142
27 143
27 144
27 145
28 30
28 31
28 32
28 33
28 34
28 35
28 36
28 40
28 46
28 48
28 54
28 55
28 56
28 57
28 59
28 60
28 64
28 65
28 66
28 67
28 68
28 70
28 71
28 72
28 73
28 77
28 80
28 88
28 91
28 93
28 99
28 100
28 101
28 102
28 103
28 104
28 106
28 109
28 110
28 111
28 112
28 114
28 115
28 117
28 118
28 119
28 120
28 121
28 122
28 123
28 125
28 126
28 128
28 131
28 132
28 133
28 137
28 142
28 148
29 33
29 34
29 36
29 37
29 41
29 42
29 44
29 46
29 47
29 48
29 49
29 51
29 52
29 53
29 54
29 59
29 60
29 63
29 64
29 66
29 67
29 68
29 70
29 72
29 75
29 76
29 77
29 80
29 82
29 84
29 85
29 87
29 88
29 90
29 91
29 92
29 93
29 95
29 98
29 99
29 102
29 106
29 107
29 108
29 109
29 111
29 112
29 113
29 117
29 118
29 120
29 121
29 122
29 123
29 125
29 126
29 130
29 131
29 132
29 135
29 138
29 140
29 141
29 147
29 148
29 149
30 31
30 32
30 34
30 35
30 36
30 38
30 40
30 42
30 43
30 46
30 47
30 48
30 50
30 52
30 53
30 55
30 56
30 57
30 59
30 60
30 63
30 64
30 69
30 73
30 75
30 77
30 82
30 84
30 85
30 86
30 88
30 91
30 93
30 96
30 97
30 98
30 101
30 102
30 104
30 108
30 110
30 112
30 114
30 116
30 118
30 120
30 121
30 122
30 126
30 129
30 131
30 132
30 137
30 147
30 148
30 149
31 32
31 34
31 36
31 37
31 38
31 40
31 42
31 46
31 57
31 59
31 60
31 62
31 63
31 64
31 65
31 68
31 69
31 70
31 71
31 72
31 74
31 76
31 77
31 78
31 79
31 80
31 81
31 83
31 87
31 88
31 93
31 94
31 100
31 103
31 104
31 105
31 106
31 110
31 111
31 115
31 120
31 121
31 124
31 129
31 131
31 135
31 136
31 137
31 138
31 139
31 144
31 145
31 148
31 149
32 34
32 35
32 39
32 40
32 41
32 42
32 43
32 44
32 47
32 51
32 53
32 57
32 60
32 62
32 67
32 70
32 71
32 72
32 76
32 77
32 79
32 82
32 83
32 84
32 88
32 92
32 93
32 95
32 96
32 98
32 104
32 106
32 111
32 113
32 114
32 115
32 116
32 118
32 119
32 121
32 122
32 123
32 124
32 128
32 129
32 130
32 132
32 134
32 135
32 136
32 137
32 140
32 148
33 36
33 37
33 41
33 42
33 44
33 46
33 47
33 48
33 51
33 52
33 53
33 54
33 57
33 59
33 60
33 62
33 64
33 66
33 67
33 68
33 69
33 72
33 73
33 78
33 81
33 83
33 84
33 87
33 89
33 90
33 92
33 93
33 94
33 96
33 100
33 101
33 102
33 106
33 107
33 111
33 115
33 118
33 119
33 120
33 122
33 128
33 129
33 130
33 133
33 135
33 137
33 139
33 140
33 141
33 143
33 146
33 147
33 148
34 35
34 36
34 37
34 39
34 41
34 42
34 43
34 44
34 49
34 50
34 55
34 56
34 59
34 60
34 65
34 67
34 70
34 72
34 73
34 75
34 76
34 78
34 79
34 81
34 83
34 84
34 85
34 86
34 88
34 90
34 92
34 95
34 97
34 100
34 101
34 102
34 104
34 105
34 106
34 108
34 111
34 112
34 113
34 116
34 120
34 121
34 122
34 123
34 124
34 128
34 132
34 138
34 139
34 140
34 141
34 143
34 144
34 146
35 38
35 39
35 40
35 41
35 42
35 48
35 49
35 50
35 55
35 56
35 62
35 64
35 67
35 68
35 69
35 70
35 73
35 74
35 75
35 77
35 78
35 80
35 86
35 91
35 92
35 93
35 94
35 95
35 96
35 98
35 99
35 103
35 105
35 106
35 108
35 109
35 111
35 113
35 115
35 119
35 120
35 121
35 124
35 125
35 126
35 128
35 129
35 130
35 132
35 133
35 136
35 139
35 141
35 143
35 144
35 146
35 148
36 38
36 41
36 42
36 45
36 50
36 52
36 53
36 55
36 56
36 57
36 59
36 61
36 64
36 68
36 71
36 72
36 73
36 76
36 77
36 81
36 82
36 83
36 85
36 88
36 89
36 91
36 93
36 95
36 98
36 99
36 101
36 103
36 105
36 107
36 112
36 115
36 116
36 118
36 120
36 122
36 123
36 125
36 127
36 128
36 129
36 130
36 131
36 133
36 136
36 137
36 138
36 139
36 140
36 142
36 145
36 147
36 148
36 149
37 49
37 51
37 57
37 58
37 63
37 64
37 66
37 68
37 69
37 71
37 72
37 74
37 76
37 77
37 78
37 81
37 85
37 88
37 90
37 93
37 94
37 97
37 99
37 102
37 103
37 105
37 107
37 108
37 109
37 110
37 113
37 116
37 119
37 122
37 125
37 126
37 129
37 130
37 132
37 138
37 140
37 143
37 146
37 147
37 149
38 39
38 40
38 41
38 42
38 43
38 44
38 45
38 46
38 47
38 48
38 49
38 51
38 52
38 54
38 55
38 56
38 57
38 58
38 60
38 61
38 63
38 64
38 67
38 68
38 69
38 70
38 71
38 75
38 76
38 77
38 82
38 83
38 84
38 85
38 88
38 89
38 90
38 92
38 93
38 94
38 96
38 98
38 100
38 102
38 103
38 106
38 107
38 108
38 110
38 114
38 115
38 116
38 117
38 118
38 121
38 123
38 125
38 126
38 131
38 133
38 134
38 135
38 138
38 142
38 143
38 147
38 148
38 149
39 41
39 47
39 50
39 51
39 52
39 54
39 55
39 60
39 61
39 67
39 69
39 71
39 72
39 73
39 74
39 75
39 76
39 78
39 79
39 81
39 84
39 85
39 86
39 87
39 89
39 91
39 94
39 98
39 99
39 100
39 101
39 102
39 103
39 105
39 107
39 108
39 110
39 112
39 116
39 117
39 118
39 119
39 120
39 121
39 123
39 124
39 125
39 126
39 127
39 129
39 130
39 133
39 134
39 135
39 137
39 138
39 139
39 141
39 142
39 145
39 147
40 41
40 47
40 54
40 56
40 59
40 60
40 61
40 63
40 64
40 65
40 67
40 68
40 71
40 72
40 73
40 76
40 77
40 78
40 79
40 82
40 83
40 86
40 91
40 93
40 94
40 96
40 97
40 99
40 100
40 102
40 104
40 106
40 107
40 108
40 111
40 112
40 113
40 114
40 116
40 117
40 120
40 125
40 128
40 130
40 131
40 133
40 134
40 136
40 137
40 140
40 142
40 145
41 45
41 46
41 47
41 49
41 50
41 55
41 61
41 64
41 67
41 70
41 71
41 75
41 78
41 81
41 82
41 84
41 86
41 88
41 89
41 90
41 93
41 94
41 97
41 101
41 104
41 105
41 107
41 110
41 112
41 113
41 115
41 116
41 117
41 119
41 121
41 123
41 124
41 125
41 126
41 127
41 128
41 130
41 132
41 133
41 135
41 137
41 139
41 147
41 149
42 43
42 44
42 45
42 47
42 48
42 49
42 50
42 51
42 52
42 53
42 56
42 58
42 59
42 60
42 63
42 64
42 66
42 69
42 75
42 76
42 78
42 84
42 85
42 89
42 90
42 92
42 93
42 94
42 99
42 100
42 103
42 104
42 106
42 107
42 109
42 110
42 111
42 112
42 114
42 118
42 119
42 121
42 125
42 126
42 127
42 129
42 130
42 131
42 132
42 133
42 134
42 135
42 136
42 143
42 146
43 44
43 46
43 47
43 51
43 52
43 53
43 55
43 56
43 60
43 61
43 62
43 65
43 68
43 71
43 74
43 81
43 82
43 85
43 87
43 88
43 89
43 90
43 96
43 100
43 101
43 102
43 103
43 106
43 108
43 110
43 112
43 113
43 116
43 117
43 118
43 121
43 123
43 126
43 127
43 128
43 134
43 138
43 139
43 142
43 143
43 144
43 146
43 149
44 52
44 58
44 60
44 61
44 63
44 65
44 68
44 71
44 73
44 74
44 75
44 77
44 78
44 79
44 80
44 81
44 84
44 87
44 88
44 90
44 91
44 92
44 93
44 94
44 100
44 101
44 103
44 106
44 107
44 114
44 115
44 116
44 125
44 126
44 128
44 129
44 131
44 133
44 134
44 135
44 136
44 138
44 139
44 140
44 141
44 143
44 144
44 148
45 46
45 47
45 51
45 53
45 58
45 59
45 60
45 61
45 63
45 64
45 66
45 68
45 70
45 73
45 74
45 75
45 76
45 78
45 82
45 83
45 84
45 86
45 87
45 88
45 90
45 92
45 93
45 94
45 97
45 100
45 101
45 105
45 106
45 107
45 108
45 111
45 112
45 114
45 116
45 117
45 118
45 121
45 122
45 123
45 125
45 128
45 129
45 131
45 133
45 137
45 145
45 147
46 48
46 49
46 50
46 53
46 54
46 55
46 56
46 58
46 60
46 61
46 64
46 65
46 70
46 71
46 72
46 77
46 81
46 82
46 84
46 86
46 87
46 90
46 91
46 92
46 93
46 96
46 97
46 100
46 104
46 105
46 106
46 107
46 108
46 110
46 111
46 112
46 115
46 117
46 118
46 120
46 124
46 127
46 128
46 129
46 131
46 132
46 133
46 134
46 135
46 136
46 138
46 139
46 141
46 142
46 143
46 144
46 145
46 147
46 148
47 49
47 51
47 53
47 56
47 60
47 64
47 67
47 68
47 71
47 72
47 73
47 74
47 75
47 76
47 79
47 80
47 82
47 83
47 84
47 85
47 87
47 89
47 90
47 91
47 92
47 96
47 101
47 102
47 103
47 108
47 109
47 111
47 112
47 114
47 116
47 117
47 119
47 121
47 127
47 128
47 131
47 134
47 138
47 139
47 140
47 141
47 143
47 145
47 147
47 149
48 50
48 53
48 57
48 59
48 61
48 62
48 63
48 69
48 70
48 72
48 75
48 79
48 80
48 84
48 86
48 87
48 88
48 89
48 91
48 96
48 97
48 100
48 102
48 104
48 108
48 109
48 111
48 113
48 118
48 120
48 122
48 123
48 124
48 126
48 128
48 129
48 131
48 132
48 138
48 141
48 142
48 143
48 144
48 145
48 146
48 147
48 149
49 50
49 52
49 53
49 54
49 58
49 59
49 61
49 63
49 64
49 65
49 66
49 68
49 69
49 71
49 73
49 74
49 75
49 76
49 77
49 78
49 81
49 82
49 83
49 84
49 86
49 88
49 89
49 90
49 92
49 93
49 94
49 97
49 98
49 102
49 103
49 104
49 108
49 109
49 110
49 111
49 113
49 114
49 115
49 116
49 118
49 120
49 121
49 122
49 123
49 124
49 126
49 127
49 128
49 129
49 130
49 132
49 134
49 136
49 138
49 142
49 143
49 144
49 145
49 146
49 147
49 148
50 51
50 52
50 54
50 55
50 56
50 58
50 60
50 61
50 62
50 63
50 64
50 66
50 74
50 77
50 80
50 81
50 84
50 85
50 86
50 87
50 88
50 89
50 90
50 91
50 96
50 97
50 101
50 105
50 106
50 107
50 108
50 109
50 110
50 112
50 113
50 117
50 119
50 121
50 122
50 127
50 134
50 135
50 136
50 137
50 142
50 143
50 144
50 145
50 146
50 148
50 149
51 52
51 53
51 56
51 60
51 65
51 66
51 67
51 70
51 73
51 74
51 76
51 77
51 79
51 82
51 87
51 88
51 91
51 93
51 94
51 95
51 98
51 99
51 100
51 102
51 103
51 104
51 105
51 107
51 111
51 113
51 118
51 121
51 122
51 123
51 126
51 129
51 130
51 132
51 135
51 136
51 139
51 141
51 142
51 146
51 147
52 54
52 56
52 58
52 59
52 61
52 62
52 63
52 64
52 67
52 69
52 75
52 77
52 78
52 81
52 83
52 85
52 87
52 93
52 95
52 96
52 98
52 99
52 100
52 101
52 102
52 103
52 104
52 105
52 106
52 109
52 110
52 113
52 117
52 118
52 121
52 123
52 124
52 125
52 126
52 127
52 128
52 136
52 139
52 141
52 142
52 145
52 147
52 148
53 60
53 62
53 63
53 64
53 65
53 66
53 69
53 70
53 71
53 72
53 75
53 76
53 77
53 84
53 85
53 86
53 87
53 88
53 89
53 90
53 91
53 93
53 101
53 102
53 105
53 106
53 110
53 111
53 112
53 114
53 118
53 119
53 122
53 124
53 126
53 127
53 130
53 132
53 134
53 135
53 142
53 144
53 146
54 56
54 58
54 59
54 60
54 61
54 62
54 64
54 65
54 67
54 70
54 71
54 74
54 77
54 80
54 84
54 86
54 88
54 89
54 90
54 94
54 95
54 101
54 102
54 103
54 105
54 106
54 107
54 108
54 109
54 112
54 113
54 121
54 123
54 125
54 127
54 131
54 132
54 134
54 135
54 136
54 139
54 142
54 144
54 147
54 148
54 149
55 59
55 60
55 61
55 63
55 64
55 65
55 66
55 68
55 70
55 71
55 74
55 76
55 79
55 80
55 85
55 86
55 91
55 92
55 93
55 94
55 96
55 99
55 100
55 101
55 104
55 105
55 106
55 109
55 110
55 113
55 114
55 115
55 116
55 117
55 118
55 119
55 121
55 124
55 126
55 128
55 130
55 133
55 134
55 136
55 138
55 139
55 140
55 141
55 142
55 144
55 145
55 146
55 147
55 149
56 57
56 58
56 59
56 60
56 61
56 64
56 65
56 68
56 70
56 73
56 75
56 76
56 81
56 82
56 88
56 89
56 90
56 93
56 97
56 98
56 99
56 104
56 105
56 109
56 110
56 111
56 113
56 114
56 115
56 116
56 118
56 119
56 124
56 127
56 130
56 132
56 133
56 136
56 138
56 139
56 143
56 146
56 147
56 148
56 149
57 58
57 61
57 62
57 66
57 67
57 70
57 71
57 72
57 73
57 76
57 87
57 88
57 90
57 91
57 97
57 99
57 100
57 102
57 103
57 104
57 106
57 108
57 109
57 111
57 119
57 120
57 124
57 125
57 126
57 127
57 128
57 133
57 135
57 136
57 138
57 141
57 142
57 143
57 144
57 148
57 149
58 59
58 60
58 61
58 65
58 66
58 68
58 70
58 71
58 73
58 79
58 81
58 85
58 87
58 89
58 95
58 96
58 98
58 99
58 104
58 105
58 109
58 110
58 112
58 114
58 119
58 121
58 123
58 126
58 127
58 128
58 131
58 133
58 134
58 137
58 141
58 142
58 143
58 146
58 147
58 148
58 149
59 61
59 63
59 64
59 65
59 68
59 69
59 71
59 72
59 73
59 75
59 77
59 80
59 82
59 83
59 85
59 88
59 89
59 90
59 91
59 92
59 93
59 96
59 98
59 101
59 108
59 110
59 113
59 114
59 117
59 118
59 119
59 121
59 122
59 123
59 126
59 127
59 129
59 130
59 131
59 133
59 134
59 135
59 137
59 139
59 140
59 142
59 144
59 147
59 148
60 62
60 63
60 64
60 66
60 69
60 70
60 77
60 79
60 80
60 82
60 84
60 85
60 89
60 90
60 92
60 93
60 94
60 95
60 96
60 97
60 100
60 103
60 104
60 106
60 107
60 110
60 111
60 112
60 114
60 116
60 117
60 120
60 122
60 123
60 124
60 128
60 131
60 132
60 133
60 134
60 139
60 141
60 144
60 149
61 62
61 65
61 66
61 70
61 71
61 72
61 75
61 76
61 78
61 79
61 81
61 83
61 84
61 87
61 91
61 92
61 93
61 94
61 95
61 97
61 101
61 102
61 103
61 104
61 110
61 111
61 114
61 116
61 121
61 123
61 126
61 127
61 130
61 133
61 134
61 136
61 145
61 147
62 63
62 65
62 68
62 69
62 70
62 72
62 74
62 75
62 76
62 77
62 80
62 83
62 84
62 86
62 91
62 92
62 95
62 96
62 97
62 103
62 105
62 107
62 110
62 111
62 115
62 117
62 118
62 120
62 124
62 125
62 128
62 129
62 130
62 131
62 132
62 134
62 136
62 137
62 142
62 143
62 144
62 146
63 65
63 66
63 68
63 69
63 70
63 72
63 75
63 76
63 77
63 78
63 80
63 82
63 84
63 86
63 87
63 89
63 94
63 95
63 96
63 99
63 101
63 103
63 104
63 105
63 106
63 109
63 112
63 116
63 117
63 119
63 121
63 124
63 125
63 130
63 132
63 136
63 137
63 138
63 139
63 140
63 141
63 142
63 144
63 145
63 149
64 66
64 67
64 69
64 72
64 74
64 77
64 78
64 79
64 80
64 82
64 83
64 85
64 86
64 90
64 92
64 93
64 94
64 95
64 96
64 97
64 99
64 102
64 105
64 106
64 108
64 111
64 114
64 117
64 120
64 121
64 122
64 124
64 127
64 128
64 132
64 133
64 135
64 136
64 139
64 140
64 143
64 144
64 146
64 147
64 148
64 149
65 66
65 71
65 74
65 75
65 76
65 77
65 78
65 80
65 81
65 82
65 83
65 84
65 85
65 89
65 91
65 93
65 94
65 95
65 96
65 97
65 98
65 100
65 101
65 102
65 107
65 108
65 111
65 112
65 113
65 114
65 115
65 116
65 117
65 118
65 121
65 125
65 127
65 128
65 129
65 130
65 131
65 132
65 135
65 137
65 138
65 141
65 143
65 145
65 146
65 148
65 149
66 70
66 75
66 76
66 84
66 86
66 87
66 91
66 92
66 93
66 94
66 100
66 101
66 103
66 110
66 115
66 116
66 117
66 118
66 119
66 120
66 122
66 123
66 128
66 129
66 131
66 134
66 138
66 140
66 144
66 145
66 146
66 148
67 68
67 69
67 70
67 74
67 75
67 76
67 79
67 83
67 84
67 88
67 92
67 95
67 96
67 98
67 99
67 100
67 104
67 108
67 110
67 112
67 115
67 117
67 121
67 122
67 123
67 125
67 129
67 130
67 134
67 135
67 141
67 143
67 146
67 148
68 69
68 70
68 74
68 75
68 76
68 77
68 79
68 81
68 83
68 84
68 86
68 87
68 92
68 93
68 95
68 96
68 98
68 99
68 100
68 103
68 107
68 110
68 112
68 115
68 117
68 125
68 126
68 127
68 129
68 130
68 132
68 135
68 138
68 139
68 141
68 142
68 143
68 144
68 146
68 147
68 148
68 149
69 78
69 81
69 82
69 84
69 89
69 90
69 96
69 97
69 99
69 101
69 103
69 104
69 105
69 106
69 107
69 109
69 110
69 112
69 114
69 117
69 119
69 120
69 121
69 127
69 128
69 132
69 133
69 134
69 136
69 138
69 140
69 141
69 143
69 146
69 147
69 149
70 72
70 74
70 76
70 77
70 79
70 80
70 87
70 90
70 91
70 97
70 106
70 109
70 110
70 111
70 112
70 113
70 115
70 117
70 119
70 120
70 121
70 123
70 124
70 125
70 126
70 127
70 129
70 130
70 131
70 133
70 139
70 141
70 144
70 147
70 148
70 149
71 73
71 77
71 79
71 80
71 81
71 85
71 86
71 87
71 89
71 91
71 94
71 95
71 96
71 97
71 98
71 102
71 106
71 108
71 109
71 111
71 112
71 116
71 118
71 121
71 122
71 123
71 126
71 128
71 131
71 132
71 133
71 134
71 135
71 137
71 138
71 139
71 141
71 142
71 144
71 145
71 146
71 147
71 148
72 74
72 77
72 79
72 83
72 84
72 87
72 91
72 93
72 94
72 96
72 97
72 98
72 99
72 100
72 101
72 103
72 104
72 105
72 106
72 107
72 108
72 109
72 110
72 111
72 114
72 116
72 117
72 119
72 121
72 122
72 123
72 125
72 126
72 128
72 129
72 130
72 132
72 134
72 135
72 136
72 139
72 140
72 142
72 143
72 144
72 145
72 146
72 147
73 79
73 81
73 82
73 83
73 84
73 85
73 86
73 87
73 91
73 92
73 97
73 98
73 99
73 101
73 102
73 104
73 105
73 107
73 108
73 110
73 111
73 117
73 119
73 120
73 123
73 125
73 126
73 128
73 131
73 133
73 135
73 137
73 140
73 142
73 144
73 146
73 147
73 149
74 75
74 76
74 77
74 78
74 80
74 83
74 84
74 87
74 88
74 95
74 96
74 97
74 98
74 100
74 101
74 102
74 103
74 104
74 106
74 107
74 111
74 112
74 113
74 114
74 115
74 116
74 117
74 121
74 122
74 124
74 128
74 130
74 132
74 133
74 134
74 135
74 136
74 138
74 140
74 141
74 143
74 144
74 147
75 76
75 77
75 80
75 81
75 87
75 88
75 90
75 91
75 93
75 96
75 97
75 98
75 99
75 102
75 104
75 105
75 108
75 109
75 112
75 113
75 115
75 116
75 117
75 118
75 119
75 121
75 122
75 125
75 126
75 127
75 128
75 129
75 131
75 133
75 134
75 138
75 139
75 141
75 144
75 146
75 148
76 77
76 78
76 79
76 80
76 82
76 84
76 86
76 88
76 90
76 91
76 93
76 94
76 96
76 97
76 98
76 99
76 101
76 102
76 104
76 105
76 106
76 107
76 108
76 110
76 112
76 114
76 116
76 118
76 121
76 122
76 123
76 124
76 125
76 127
76 129
76 130
76 132
76 133
76 135
76 137
76 141
76 143
76 144
76 145
76 148
77 78
77 80
77 81
77 85
77 88
77 89
77 92
77 93
77 96
77 97
77 99
77 101
77 102
77 105
77 106
77 108
77 109
77 110
77 111
77 112
77 114
77 116
77 118
77 120
77 121
77 128
77 129
77 133
77 135
77 138
77 141
77 145
77 147
77 148
77 149
78 79
78 82
78 84
78 85
78 89
78 90
78 91
78 93
78 94
78 95
78 96
78 97
78 99
78 104
78 105
78 108
78 109
78 110
78 112
78 113
78 114
78 117
78 118
78 119
78 121
78 122
78 123
78 125
78 128
78 130
78 133
78 134
78 137
78 138
78 147
78 148
79 80
79 81
79 82
79 86
79 87
79 89
79 90
79 95
79 96
79 97
79 98
79 103
79 104
79 105
79 107
79 108
79 111
79 112
79 113
79 115
79 117
79 124
79 125
79 126
79 127
79 128
79 129
79 131
79 132
79 133
79 134
79 135
79 136
79 137
79 138
79 139
79 140
79 141
79 142
79 143
79 144
79 145
79 147
79 148
80 81
80 82
80 83
80 84
80 85
80 86
80 92
80 94
80 95
80 97
80 102
80 103
80 104
80 109
80 110
80 112
80 113
80 115
80 116
80 119
80 124
80 126
80 128
80 129
80 130
80 131
80 132
80 133
80 135
80 136
80 137
80 139
80 140
80 141
80 144
80 145
80 146
81 83
81 84
81 85
81 89
81 90
81 94
81 95
81 96
81 98
81 100
81 102
81 103
81 104
81 105
81 108
81 109
81 110
81 112
81 113
81 116
81 117
81 118
81 119
81 123
81 125
81 127
81 128
81 129
81 131
81 136
81 137
81 139
81 142
81 144
81 145
81 147
82 86
82 87
82 89
82 90
82 91
82 98
82 99
82 100
82 105
82 106
82 108
82 110
82 111
82 112
82 113
82 114
82 115
82 117
82 118
82 121
82 123
82 125
82 126
82 127
82 130
82 134
82 137
82 138
82 139
82 141
82 143
82 145
82 147
82 149
83 84
83 85
83 86
83 88
83 89
83 90
83 91
83 92
83 93
83 94
83 97
83 98
83 99
83 100
83 103
83 109
83 112
83 113
83 114
83 118
83 120
83 121
83 123
83 125
83 128
83 129
83 132
83 133
83 138
83 143
83 145
83 147
84 89
84 91
84 95
84 98
84 99
84 102
84 105
84 111
84 113
84 114
84 120
84 122
84 127
84 130
84 131
84 133
84 134
84 135
84 136
84 139
84 140
84 142
84 143
84 144
84 146
84 147
84 148
84 149
85 87
85 88
85 93
85 94
85 96
85 97
85 102
85 103
85 104
85 105
85 106
85 107
85 108
85 109
85 110
85 114
85 115
85 116
85 118
85 119
85 125
85 126
85 127
85 130
85 131
85 132
85 133
85 138
85 140
85 141
85 143
85 145
85 146
85 147
86 92
86 94
86 95
86 97
86 101
86 102
86 103
86 104
86 106
86 108
86 115
86 116
86 118
86 119
86 120
86 121
86 124
86 127
86 128
86 130
86 131
86 134
86 135
86 136
86 138
86 139
86 140
86 146
86 149
87 88
87 91
87 96
87 97
87 98
87 99
87 101
87 104
87 105
87 106
87 107
87 108
87 110
87 111
87 112
87 114
87 115
87 116
87 117
87 120
87 121
87 123
87 125
87 126
87 129
87 130
87 132
87 133
87 134
87 135
87 136
87 137
87 140
87 141
87 142
87 143
87 145
87 147
87 148
88 92
88 93
88 94
88 97
88 98
88 99
88 101
88 102
88 104
88 105
88 108
88 109
88 110
88 111
88 112
88 113
88 116
88 119
88 128
88 131
88 132
88 136
88 138
88 140
88 145
88 149
89 90
89 91
89 93
89 94
89 96
89 97
89 98
89 99
89 101
89 103
89 105
89 108
89 112
89 113
89 115
89 118
89 120
89 121
89 123
89 124
89 127
89 128
89 129
89 130
89 134
89 135
89 137
89 138
89 141
89 142
89 146
89 149
90 91
90 92
90 93
90 94
90 96
90 97
90 100
90 101
90 104
90 110
90 112
90 113
90 117
90 120
90 123
90 124
90 125
90 126
90 128
90 130
90 135
90 137
90 138
90 139
90 143
90 144
90 146
90 149
91 93
91 95
91 96
91 98
91 101
91 103
91 104
91 105
91 106
91 112
91 115
91 116
91 121
91 122
91 123
91 126
91 127
91 130
91 131
91 133
91 136
91 138
91 140
91 141
91 142
91 143
91 144
91 145
91 146
91 147
92 93
92 97
92 99
92 102
92 105
92 106
92 107
92 109
92 110
92 113
92 114
92 115
92 117
92 119
92 121
92 123
92 127
92 128
92 129
92 130
92 131
92 132
92 133
92 134
92 139
92 143
92 144
92 145
92 146
92 148
92 149
93 97
93 100
93 101
93 102
93 103
93 108
93 110
93 114
93 115
93 116
93 117
93 118
93 119
93 120
93 122
93 123
93 124
93 130
93 131
93 135
93 137
93 138
93 140
93 141
93 144
93 146
93 147
93 148
93 149
94 96
94 97
94 98
94 107
94 110
94 113
94 115
94 121
94 123
94 124
94 125
94 126
94 127
94 131
94 134
94 135
94 137
94 138
94 139
94 143
94 145
94 147
94 148
95 98
95 104
95 105
95 106
95 110
95 112
95 115
95 116
95 118
95 119
95 121
95 122
95 123
95 124
95 125
95 128
95 129
95 130
95 131
95 133
95 135
95 136
95 137
95 138
95 142
95 144
95 149
96 100
96 105
96 106
96 110
96 111
96 112
96 114
96 117
96 118
96 121
96 122
96 123
96 127
96 131
96 136
96 138
96 139
96 141
96 146
96 147
96 148
96 149
97 98
97 99
97 102
97 103
97 105
97 107
97 108
97 109
97 111
97 112
97 113
97 115
97 119
97 120
97 121
97 122
97 124
97 125
97 126
97 128
97 130
97 133
97 134
97 135
97 137
97 138
97 139
97 142
97 147
97 148
97 149
98 100
98 101
98 102
98 103
98 104
98 106
98 107
98 109
98 110
98 111
98 112
98 113
98 114
98 115
98 116
98 117
98 119
98 120
98 121
98 123
98 126
98 127
98 130
98 132
98 134
98 137
98 138
98 139
98 140
98 142
98 143
98 145
98 148
98 149
99 103
99 105
99 107
99 108
99 113
99 114
99 119
99 125
99 129
99 130
99 136
99 137
99 138
99 140
99 141
99 147
99 148
99 149
100 102
100 104
100 106
100 107
100 109
100 110
100 111
100 114
100 115
100 117
100 118
100 123
100 124
100 125
100 126
100 127
100 128
100 131
100 135
100 137
100 139
100 140
100 141
100 142
100 143
100 145
100 146
100 147
100 148
101 104
101 105
101 107
101 108
101 109
101 112
101 114
101 116
101 117
101 119
101 120
101 122
101 123
101 126
101 127
101 130
101 133
101 134
101 136
101 137
101 138
101 141
101 146
101 147
101 149
102 103
102 104
102 108
102 109
102 111
102 113
102 115
102 116
102 118
102 119
102 120
102 122
102 125
102 126
102 128
102 129
102 130
102 131
102 133
102 143
102 144
102 147
102 148
102 149
103 104
103 106
103 107
103 110
103 114
103 117
103 118
103 119
103 121
103 122
103 123
103 125
103 126
103 129
103 133
103 135
103 136
103 137
103 140
103 142
103 143
103 144
103 146
103 147
103 148
104 105
104 106
104 107
104 109
104 110
104 113
104 114
104 117
104 118
104 121
104 124
104 126
104 127
104 129
104 130
104 135
104 137
104 139
104 142
104 145
104 148
105 109
105 112
105 114
105 119
105 121
105 122
105 123
105 126
105 129
105 130
105 131
105 133
105 135
105 136
105 138
105 140
105 143
105 144
105 145
105 147
105 148
105 149
106 109
106 110
106 116
106 117
106 118
106 120
106 123
106 124
106 125
106 128
106 129
106 130
106 132
106 135
106 138
106 139
106 140
106 142
106 145
106 146
106 147
106 148
106 149
107 109
107 111
107 116
107 118
107 120
107 121
107 124
107 125
107 126
107 128
107 129
107 131
107 133
107 134
107 135
107 137
107 138
107 140
107 141
107 143
107 144
107 146
107 148
107 149
108 109
108 110
108 111
108 113
108 115
108 116
108 117
108 119
108 120
108 121
108 122
108 126
108 128
108 129
108 131
108 132
108 133
108 138
108 140
108 142
108 145
108 147
108 149
109 111
109 114
109 120
109 121
109 125
109 126
109 127
109 128
109 129
109 130
109 131
109 132
109 137
109 141
109 142
109 144
109 145
109 146
110 111
110 114
110 116
110 118
110 119
110 120
110 123
110 124
110 125
110 126
110 128
110 132
110 134
110 137
110 138
110 139
110 143
110 144
110 145
110 148
111 112
111 118
111 119
111 120
111 123
111 128
111 129
111 133
111 136
111 138
111 143
111 145
111 146
111 147
112 113
112 114
112 115
112 120
112 123
112 124
112 128
112 129
112 132
112 133
112 134
112 136
112 137
112 138
112 139
112 140
112 141
112 142
112 143
112 144
112 147
112 148
112 149
113 115
113 116
113 118
113 120
113 121
113 127
113 130
113 131
113 138
113 139
113 140
113 144
113 145
113 146
113 147
113 148
114 115
114 116
114 117
114 118
114 123
114 124
114 125
114 126
114 127
114 128
114 131
114 132
114 133
114 134
114 136
114 139
114 140
114 141
114 143
114 144
114 147
114 149
115 117
115 120
115 122
115 125
115 126
115 131
115 132
115 133
115 135
115 138
115 139
115 140
115 141
115 144
116 118
116 119
116 120
116 121
116 122
116 125
116 127
116 128
116 129
116 133
116 134
116 136
116 137
116 139
116 140
116 144
116 145
116 146
116 148
116 149
117 119
117 121
117 122
117 128
117 129
117 132
117 134
117 135
117 136
117 138
117 139
117 144
117 145
117 146
117 149
118 119
118 121
118 122
118 125
118 126
118 127
118 130
118 140
118 141
118 143
118 144
118 145
118 146
118 147
118 149
119 123
119 124
119 126
119 131
119 132
119 135
119 136
119 137
119 140
119 143
119 144
119 145
119 147
119 148
119 149
120 121
120 123
120 124
120 125
120 126
120 129
120 130
120 132
120 135
120 137
120 138
120 141
120 146
120 149
121 122
121 123
121 125
121 127
121 128
121 129
121 130
121 131
121 132
121 134
121 137
121 139
121 141
121 143
121 144
121 147
121 148
121 149
122 123
122 125
122 126
122 127
122 131
122 132
122 133
122 136
122 139
122 142
122 144
122 145
122 146
122 148
123 126
123 129
123 132
123 133
123 134
123 136
123 138
123 139
123 145
124 125
124 129
124 130
124 131
124 132
124 133
124 134
124 136
124 140
124 141
124 142
124 145
124 146
124 147
124 149
125 126
125 127
125 128
125 132
125 134
125 137
125 138
125 141
125 142
125 144
125 145
126 127
126 128
126 129
126 130
126 134
126 135
126 137
126 139
126 140
126 141
126 146
126 148
127 129
127 130
127 135
127 136
127 137
127 139
127 140
127 141
127 142
127 143
127 145
127 147
127 148
128 129
128 131
128 136
128 138
128 139
128 142
128 146
128 147
129 132
129 133
129 136
129 143
129 144
130 131
130 132
130 136
130 137
130 138
130 139
130 140
130 144
130 147
130 148
130 149
131 132
131 133
131 134
131 136
131 137
131 138
131 139
131 141
131 144
131 145
131 146
131 149
132 133
132 134
132 135
132 137
132 138
132 140
132 143
132 149
133 134
133 138
133 142
133 144
133 148
134 135
134 136
134 137
134 143
134 146
134 147
135 136
135 137
135 141
135 142
135 143
135 146
136 137
136 139
136 142
136 143
136 148
136 149
137 139
137 140
137 141
137 143
137 144
137 148
138 139
138 142
138 145
138 146
138 148
139 143
140 141
140 142
140 144
140 145
141 142
141 145
141 147
141 149
142 143
142 144
142 149
143 145
143 146
143 147
143 148
145 146
146 148
146 149
147 149
148 149

0 1 0 0 0 1 0 1 1 1 0 1 1 1 1 1 1 0 0 1 1 0 0 0 1 0 0 1 0 0 0 1 1 0 0 1 0 1 1 1 0 0 1 1 0 0 0 1 0 0 1 0 1 1 1 1 0 0 1 1 1 1 0 1 0 1 1 0 0 0 0 0 0 0 1 0 1 1 0 0 1 1 1 0 1 1 1 1 1 1 0 1 1 0 1 0 0 0 0 1 1 0 1 1 0 1 0 1 1 0 1 0 0 1 0 1 1 0 0 0 1 0 0 0 1 1 1 0 1 0 1 0 0 0 0 0 1 1 1 0 0 0 1 1 0 0 0 0 1 1