150 5623
0 1 2 3 4 5 6 7 8 9 10 11 12 13 14 15 16 17 18 19 20 21 22 23 24 25 26 27 28 29 30 31 32 33 34 35 36 37 38 39 40 41 42 43 44 45 46 47 48 49 50 51 52 53 54 55 56 57 58 59 60 61 62 63 64 65 66 67 68 69 70 71 72 73 74 75 76 77 78 79 80 81 82 83 84 85 86 87 88 89 90 91 92 93 94 95 96 97 98 99 100 101 102 103 104 105 106 107 108 109 110 111 112 113 114 115 116 117 118 119 120 121 122 123 124 125 126 127 128 129 130 131 132 133 134 135 136 137 138 139 140 141 142 143 144 145 146 147 148 149
0 4
0 5
0 8
0 9
0 12
0 13
0 14
0 15
0 17
0 19
0 20
0 22
0 23
0 26
0 27
0 30
0 31
0 33
0 35
0 36
0 37
0 38
0 39
0 40
0 41
0 42
0 43
0 44
0 46
0 47
0 49
0 51
0 52
0 53
0 54
0 55
0 56
0 57
0 58
0 59
0 60
0 63
0 64
0 65
0 67
0 69
0 70
0 71
0 72
0 76
0 80
0 83
0 85
0 88
0 89
0 90
0 92
0 94
0 95
0 97
0 98
0 99
0 100
0 102
0 103
0 110
0 111
0 112
0 113
0 114
0 116
0 120
0 121
0 122
0 125
0 126
0 127
0 131
0 132
0 133
0 137
0 140
0 141
0 142
0 143
0 144
0 145
0 146
0 148
0 149
1 2
1 4
1 5
1 6
1 8
1 12
1 15
1 16
1 20
1 21
1 22
1 24
1 29
1 32
1 34
1 37
1 38
1 39
1 40
1 41
1 42
1 43
1 45
1 46
1 47
1 48
1 53
1 54
1 57
1 62
1 63
1 66
1 68
1 71
1 73
1 75
1 76
1 79
1 80
1 81
1 84
1 91
1 95
1 97
1 100
1 101
1 102
1 103
1 104
1 108
1 109
1 111
1 113
1 116
1 117
1 118
1 124
1 125
1 127
1 129
1 131
1 132
1 133
1 135
1 138
1 140
1 141
1 143
1 144
1 145
1 147
1 149
2 4
2 5
2 7
2 8
2 12
2 14
2 16
2 18
2 20
2 21
2 22
2 23
2 24
2 26
2 30
2 32
2 33
2 35
2 36
2 38
2 39
2 42
2 44
2 51
2 57
2 62
2 64
2 66
2 68
2 70
2 72
2 74
2 79
2 80
2 81
2 82
2 89
2 91
2 93
2 94
2 95
2 96
2 97
2 99
2 100
2 102
2 103
2 104
2 106
2 108
2 112
2 113
2 115
2 121
2 124
2 125
2 128
2 130
2 131
2 132
2 135
2 138
2 140
2 141
2 142
2 143
2 145
2 149
3 5
3 7
3 8
3 9
3 10
3 11
3 12
3 13
3 14
3 16
3 18
3 20
3 21
3 23
3 25
3 29
3 31
3 32
3 35
3 37
3 38
3 39
3 40
3 41
3 42
3 44
3 46
3 48
3 49
3 51
3 53
3 57
3 58
3 59
3 60
3 61
3 62
3 63
3 66
3 67
3 72
3 74
3 75
3 76
3 77
3 78
3 80
3 81
3 82
3 84
3 86
3 88
3 89
3 90
3 92
3 93
3 98
3 105
3 107
3 109
3 110
3 111
3 115
3 116
3 117
3 118
3 119
3 122
3 124
3 126
3 131
3 132
3 133
3 134
3 135
3 140
3 141
3 142
3 146
4 5
4 7
4 8
4 10
4 11
4 13
4 14
4 20
4 23
4 24
4 25
4 26
4 29
4 31
4 32
4 36
4 37
4 40
4 44
4 45
4 47
4 50
4 51
4 52
4 53
4 57
4 58
4 59
4 61
4 65
4 70
4 71
4 72
4 81
4 83
4 84
4 85
4 87
4 89
4 90
4 91
4 95
4 97
4 98
4 100
4 101
4 103
4 104
4 105
4 108
4 111
4 114
4 115
4 116
4 118
4 119
4 120
4 123
4 124
4 130
4 131
4 134
4 136
4 137
4 138
4 143
4 144
4 145
4 146
4 147
5 7
5 10
5 14
5 15
5 17
5 18
5 20
5 26
5 27
5 31
5 32
5 33
5 35
5 36
5 37
5 39
5 40
5 41
5 42
5 43
5 44
5 45
5 46
5 48
5 49
5 52
5 54
5 55
5 58
5 61
5 65
5 67
5 69
5 72
5 73
5 75
5 77
5 78
5 81
5 82
5 84
5 87
5 90
5 91
5 92
5 93
5 94
5 95
5 96
5 97
5 99
5 100
5 102
5 103
5 105
5 106
5 108
5 110
5 111
5 112
5 116
5 117
5 121
5 122
5 124
5 126
5 129
5 131
5 132
5 134
5 135
5 136
5 138
5 141
5 142
5 143
5 146
5 148
5 149
6 9
6 11
6 12
6 14
6 19
6 21
6 22
6 23
6 29
6 32
6 33
6 34
6 35
6 38
6 39
6 41
6 43
6 44
6 45
6 46
6 51
6 55
6 56
6 57
6 60
6 61
6 64
6 65
6 66
6 68
6 69
6 71
6 72
6 74
6 77
6 80
6 82
6 83
6 85
6 87
6 91
6 93
6 94
6 95
6 97
6 98
6 101
6 103
6 108
6 111
6 116
6 118
6 120
6 121
6 122
6 124
6 126
6 131
6 134
6 135
6 136
6 139
6 140
6 145
6 146
6 147
6 148
7 10
7 12
7 13
7 20
7 22
7 24
7 27
7 31
7 36
7 39
7 43
7 44
7 46
7 47
7 48
7 49
7 51
7 53
7 56
7 60
7 61
7 62
7 63
7 64
7 65
7 66
7 67
7 68
7 69
7 70
7 71
7 72
7 73
7 75
7 77
7 79
7 85
7 87
7 89
7 91
7 95
7 96
7 97
7 101
7 102
7 104
7 105
7 106
7 108
7 109
7 110
7 114
7 115
7 119
7 120
7 121
7 130
7 131
7 133
7 134
7 136
7 137
7 138
7 140
7 144
7 147
7 148
7 149
8 9
8 12
8 13
8 15
8 16
8 17
8 18
8 19
8 20
8 21
8 23
8 24
8 26
8 29
8 34
8 35
8 37
8 39
8 41
8 42
8 43
8 44
8 46
8 48
8 50
8 53
8 54
8 55
8 57
8 60
8 62
8 63
8 69
8 79
8 80
8 81
8 84
8 85
8 86
8 87
8 88
8 91
8 92
8 93
8 95
8 98
8 99
8 100
8 104
8 105
8 107
8 110
8 115
8 116
8 118
8 124
8 125
8 127
8 128
8 132
8 133
8 137
8 138
8 142
8 145
8 146
8 147
9 11
9 13
9 14
9 15
9 18
9 20
9 25
9 26
9 29
9 31
9 33
9 34
9 35
9 40
9 41
9 42
9 43
9 45
9 46
9 49
9 50
9 51
9 52
9 53
9 54
9 55
9 56
9 57
9 58
9 59
9 60
9 62
9 67
9 69
9 71
9 72
9 73
9 75
9 77
9 79
9 80
9 81
9 82
9 88
9 89
9 90
9 91
9 92
9 94
9 96
9 98
9 99
9 101
9 103
9 106
9 107
9 110
9 114
9 115
9 117
9 118
9 129
9 131
9 132
9 133
9 136
9 138
9 139
9 140
9 141
9 143
10 11
10 12
10 13
10 15
10 18
10 22
10 23
10 28
10 29
10 30
10 31
10 35
10 36
10 37
10 38
10 39
10 41
10 42
10 43
10 44
10 45
10 46
10 49
10 50
10 54
10 56
10 57
10 59
10 63
10 66
10 68
10 69
10 70
10 71
10 72
10 74
10 75
10 76
10 78
10 80
10 81
10 82
10 84
10 85
10 87
10 89
10 90
10 92
10 94
10 96
10 98
10 100
10 101
10 103
10 104
10 108
10 114
10 115
10 118
10 119
10 120
10 122
10 128
10 131
10 132
10 133
10 134
10 136
10 137
10 138
10 139
10 142
10 144
10 145
10 146
10 148
10 149
11 12
11 14
11 17
11 22
11 23
11 25
11 26
11 27
11 28
11 29
11 30
11 32
11 36
11 39
11 40
11 43
11 44
11 46
11 47
11 50
11 51
11 53
11 56
11 57
11 58
11 60
11 63
11 64
11 67
11 70
11 72
11 75
11 76
11 81
11 88
11 89
11 91
11 93
11 95
11 96
11 97
11 98
11 99
11 101
11 102
11 103
11 104
11 105
11 106
11 107
11 110
11 112
11 115
11 118
11 119
11 120
11 121
11 122
11 123
11 124
11 125
11 129
11 130
11 138
11 140
11 143
11 147
11 148
12 13
12 14
12 15
12 21
12 23
12 24
12 25
12 30
12 32
12 34
12 35
12 38
12 39
12 40
12 41
12 42
12 45
12 46
12 49
12 52
12 55
12 56
12 57
12 59
12 61
12 63
12 68
12 73
12 76
12 81
12 82
12 85
12 87
12 89
12 90
12 91
12 92
12 98
12 99
12 101
12 104
12 109
12 110
12 111
12 112
12 114
12 115
12 116
12 117
12 120
12 123
12 126
12 131
12 136
12 147
12 148
12 149
13 14
13 15
13 18
13 20
13 22
13 24
13 25
13 29
13 30
13 31
13 32
13 33
13 34
13 36
13 37
13 38
13 39
13 40
13 41
13 42
13 43
13 44
13 45
13 46
13 49
13 51
13 52
13 53
13 54
13 57
13 58
13 59
13 60
13 61
13 64
13 67
13 72
13 73
13 74
13 78
13 80
13 81
13 83
13 84
13 85
13 91
13 94
13 95
13 100
13 101
13 103
13 105
13 106
13 107
13 109
13 110
13 113
13 116
13 117
13 118
13 125
13 126
13 127
13 131
13 140
13 141
13 144
13 145
13 146
13 147
13 149
14 15
14 19
14 20
14 21
14 23
14 24
14 25
14 26
14 30
14 31
14 33
14 34
14 37
14 40
14 41
14 43
14 44
14 45
14 46
14 47
14 48
14 49
14 50
14 52
14 53
14 54
14 55
14 56
14 60
14 62
14 64
14 66
14 69
14 70
14 71
14 72
14 74
14 75
14 79
14 80
14 81
14 83
14 84
14 85
14 88
14 89
14 90
14 93
14 96
14 98
14 103
14 104
14 106
14 107
14 116
14 117
14 119
14 121
14 125
14 129
14 130
14 133
14 135
14 136
14 139
14 141
14 147
14 149
15 22
15 23
15 24
15 26
15 27
15 28
15 29
15 30
15 33
15 37
15 38
15 39
15 41
15 43
15 45
15 48
15 50
15 51
15 52
15 53
15 55
15 56
15 57
15 59
15 60
15 61
15 63
15 67
15 70
15 71
15 73
15 76
15 78
15 79
15 84
15 87
15 89
15 92
15 93
15 94
15 97
15 101
15 102
15 106
15 107
15 108
15 112
15 118
15 119
15 120
15 123
15 127
15 128
15 130
15 132
15 133
15 138
15 140
15 145
15 146
15 149
16 17
16 18
16 23
16 24
16 25
16 27
16 28
16 29
16 30
16 31
16 34
16 36
16 37
16 39
16 40
16 41
16 42
16 44
16 45
16 46
16 49
16 51
16 54
16 55
16 56
16 58
16 61
16 62
16 63
16 66
16 67
16 75
16 77
16 78
16 79
16 82
16 83
16 86
16 87
16 88
16 89
16 91
16 93
16 95
16 97
16 99
16 100
16 101
16 106
16 107
16 108
16 109
16 111
16 112
16 113
16 114
16 118
16 119
16 122
16 123
16 126
16 127
16 129
16 131
16 132
16 133
16 134
16 136
16 137
16 140
16 141
16 142
16 143
16 145
16 146
16 148
16 149
17 18
17 19
17 20
17 22
17 23
17 25
17 26
17 32
17 34
17 35
17 38
17 40
17 42
17 43
17 45
17 48
17 51
17 52
17 53
17 55
17 59
17 60
17 62
17 64
17 67
17 68
17 69
17 70
17 71
17 72
17 73
17 74
17 75
17 77
17 79
17 81
17 82
17 87
17 88
17 90
17 91
17 92
17 100
17 101
17 111
17 112
17 114
17 115
17 116
17 117
17 118
17 119
17 120
17 122
17 123
17 124
17 127
17 133
17 135
17 137
17 138
17 140
17 141
17 142
17 146
17 147
17 149
18 21
18 22
18 23
18 25
18 27
18 31
18 33
18 35
18 36
18 38
18 39
18 42
18 43
18 45
18 49
18 51
18 52
18 58
18 59
18 62
18 64
18 66
18 70
18 71
18 72
18 74
18 75
18 76
18 77
18 78
18 80
18 81
18 87
18 89
18 90
18 94
18 96
18 98
18 101
18 104
18 105
18 107
18 117
18 118
18 119
18 122
18 123
18 124
18 130
18 133
18 134
18 138
18 139
18 140
18 141
18 143
18 144
18 147
18 148
19 22
19 23
19 26
19 27
19 28
19 30
19 31
19 32
19 33
19 34
19 40
19 42
19 43
19 50
19 52
19 53
19 58
19 59
19 62
19 64
19 65
19 67
19 68
19 70
19 71
19 72
19 73
19 74
19 75
19 76
19 78
19 81
19 83
19 87
19 88
19 89
19 90
19 93
19 95
19 98
19 100
19 103
19 104
19 105
19 107
19 110
19 112
19 113
19 114
19 115
19 116
19 117
19 121
19 122
19 124
19 125
19 126
19 128
19 130
19 132
19 134
19 140
19 142
19 143
19 144
19 145
19 146
19 148
19 149
20 26
20 28
20 34
20 35
20 37
20 41
20 43
20 46
20 47
20 52
20 57
20 58
20 61
20 62
20 63
20 64
20 65
20 67
20 70
20 72
20 76
20 78
20 84
20 86
20 88
20 96
20 98
20 99
20 103
20 104
20 105
20 106
20 107
20 108
20 109
20 111
20 112
20 114
20 116
20 117
20 119
20 121
20 122
20 123
20 124
20 125
20 126
20 128
20 130
20 133
20 134
20 135
20 136
20 137
20 140
20 142
20 143
20 145
20 146
20 147
20 148
21 23
21 25
21 27
21 28
21 29
21 31
21 32
21 33
21 35
21 36
21 37
21 39
21 40
21 41
21 44
21 45
21 46
21 47
21 48
21 50
21 51
21 52
21 55
21 57
21 58
21 60
21 61
21 63
21 66
21 67
21 68
21 69
21 73
21 75
21 77
21 79
21 81
21 82
21 85
21 87
21 88
21 93
21 96
21 98
21 100
21 102
21 103
21 105
21 106
21 108
21 110
21 112
21 114
21 117
21 119
21 120
21 121
21 123
21 127
21 129
21 132
21 136
21 139
21 141
21 143
21 145
21 146
21 148
21 149
22 23
22 25
22 28
22 30
22 35
22 41
22 42
22 43
22 44
22 46
22 48
22 50
22 52
22 55
22 57
22 58
22 62
22 63
22 65
22 67
22 68
22 70
22 72
22 74
22 76
22 78
22 80
22 85
22 88
22 89
22 91
22 94
22 97
22 98
22 104
22 105
22 109
22 112
22 113
22 114
22 116
22 118
22 120
22 121
22 122
22 123
22 125
22 126
22 129
22 130
22 132
22 136
22 142
22 144
22 146
22 147
22 148
22 149
23 27
23 28
23 29
23 30
23 31
23 34
23 36
23 40
23 41
23 42
23 43
23 44
23 45
23 48
23 49
23 50
23 54
23 55
23 56
23 58
23 59
23 60
23 61
23 63
23 65
23 66
23 67
23 68
23 69
23 70
23 73
23 78
23 80
23 81
23 82
23 83
23 85
23 86
23 89
23 91
23 92
23 94
23 95
23 97
23 100
23 102
23 103
23 107
23 108
23 110
23 111
23 113
23 115
23 118
23 119
23 124
23 125
23 126
23 127
23 128
23 132
23 134
23 136
23 138
23 139
23 140
23 142
23 143
23 144
23 146
23 148
23 149
24 25
24 27
24 28
24 29
24 30
24 31
24 33
24 36
24 37
24 40
24 41
24 42
24 44
24 47
24 50
24 51
24 53
24 54
24 55
24 57
24 60
24 61
24 62
24 65
24 66
24 67
24 72
24 76
24 77
24 79
24 82
24 85
24 86
24 87
24 90
24 93
24 94
24 95
24 96
24 99
24 102
24 103
24 106
24 108
24 113
24 114
24 118
24 120
24 121
24 123
24 124
24 126
24 127
24 128
24 129
24 132
24 133
24 135
24 138
24 141
24 146
24 148
24 149
25 26
25 28
25 29
25 32
25 33
25 34
25 38
25 39
25 40
25 41
25 43
25 46
25 50
25 52
25 54
25 55
25 59
25 60
25 62
25 64
25 67
25 69
25 70
25 72
25 74
25 75
25 78
25 79
25 80
25 81
25 85
25 87
25 88
25 92
25 93
25 94
25 95
25 96
25 97
25 100
25 105
25 107
25 109
25 110
25 111
25 116
25 117
25 118
25 119
25 122
25 123
25 125
25 126
25 127
25 129
25 130
25 134
25 136
25 139
25 142
25 143
25 146
25 149
26 28
26 29
26 31
26 32
26 34
26 36
26 37
26 38
26 41
26 42
26 43
26 45
26 46
26 47
26 49
26 50
26 54
26 55
26 57
26 58
26 61
26 62
26 63
26 65
26 67
26 69
26 71
26 72
26 73
26 75
26 76
26 79
26 83
26 84
26 88
26 89
26 90
26 93
26 96
26 99
26 100
26 102
26 104
26 105
26 106
26 107
26 108
26 110
26 111
26 113
26 114
26 115
26 116
26 118
26 120
26 121
26 123
26 126
26 127
26 133
26 135
26 138
26 143
26 145
26 147
26 148
27 30
27 31
27 32
27 33
27 34
27 36
27 39
27 42
27 43
27 45
27 47
27 48
27 50
27 53
27 54
27 55
27 63
27 64
27 66
27 68
27 69
27 70
27 72
27 73
27 74
27 79
27 80
27 83
27 84
27 88
27 90
27 92
27 96
27 100
27 101
27 103
27 105
27 110
27 111
27 116
27 117
27 118
27 120
27 122
27 123
27 124
27 127
27 128
27 129
27 132
27 133
27 138
27 139
27 144
27 145
27 147
27 149
28 31
28 32
28 42
28 44
28 45
28 46
28 49
28 54
28 55
28 58
28 59
28 60
28 61
28 63
28 66
28 70
28 71
28 72
28 73
28 75
28 76
28 78
28 80
28 81
28 82
28 84
28 89
28 90
28 93
28 95
28 97
28 101
28 105
28 107
28 109
28 110
28 113
28 117
28 118
28 119
28 120
28 121
28 122
28 123
28 127
28 128
28 129
28 130
28 131
28 133
28 134
28 137
28 142
28 143
28 144
28 146
28 149
29 31
29 32
29 33
29 35
29 37
29 38
29 39
29 40
29 41
29 42
29 44
29 46
29 47
29 48
29 50
29 52
29 53
29 54
29 57
29 58
29 62
29 66
29 67
29 69
29 72
29 73
29 74
29 75
29 77
29 80
29 82
29 83
29 84
29 85
29 86
29 87
29 88
29 92
29 94
29 97
29 98
29 99
29 101
29 103
29 104
29 105
29 109
29 110
29 113
29 116
29 118
29 122
29 124
29 125
29 130
29 133
29 137
29 140
29 141
29 144
29 146
29 149
30 33
30 35
30 37
30 38
30 39
30 41
30 46
30 47
30 48
30 49
30 51
30 52
30 59
30 62
30 63
30 64
30 65
30 69
30 71
30 73
30 74
30 79
30 81
30 84
30 85
30 87
30 88
30 90
30 91
30 94
30 96
30 97
30 98
30 99
30 101
30 102
30 103
30 105
30 107
30 108
30 111
30 112
30 113
30 114
30 115
30 117
30 118
30 122
30 123
30 124
30 125
30 128
30 131
30 132
30 136
30 137
30 138
30 140
30 141
30 146
30 149
31 32
31 33
31 34
31 37
31 38
31 41
31 42
31 45
31 47
31 48
31 49
31 50
31 51
31 53
31 54
31 55
31 60
31 61
31 65
31 66
31 70
31 72
31 73
31 74
31 78
31 79
31 80
31 81
31 82
31 84
31 85
31 89
31 90
31 91
31 92
31 93
31 94
31 95
31 96
31 97
31 98
31 100
31 103
31 105
31 106
31 108
31 110
31 111
31 116
31 117
31 118
31 119
31 120
31 121
31 122
31 123
31 124
31 125
31 128
31 129
31 130
31 131
31 133
31 135
31 136
31 137
31 140
31 141
31 142
31 144
31 146
31 148
32 34
32 35
32 38
32 39
32 40
32 41
32 42
32 45
32 47
32 51
32 52
32 54
32 58
32 60
32 61
32 62
32 63
32 65
32 67
32 70
32 72
32 74
32 85
32 89
32 90
32 91
32 92
32 93
32 96
32 98
32 100
32 102
32 105
32 106
32 107
32 111
32 116
32 118
32 119
32 120
32 121
32 124
32 126
32 127
32 130
32 131
32 132
32 133
32 134
32 139
32 140
32 141
32 142
32 143
32 144
32 147
32 148
32 149
33 34
33 35
33 36
33 37
33 41
33 45
33 47
33 48
33 49
33 52
33 53
33 54
33 55
33 57
33 58
33 59
33 60
33 61
33 65
33 69
33 73
33 74
33 75
33 78
33 79
33 80
33 81
33 82
33 83
33 84
33 85
33 86
33 89
33 92
33 93
33 94
33 96
33 97
33 98
33 100
33 101
33 102
33 104
33 105
33 106
33 107
33 108
33 109
33 110
33 111
33 113
33 114
33 115
33 118
33 120
33 123
33 124
33 125
33 126
33 127
33 128
33 129
33 131
33 132
33 133
33 137
33 138
33 139
33 141
33 142
33 144
33 145
33 147
33 149
34 36
34 37
34 48
34 49
34 50
34 52
34 53
34 54
34 56
34 57
34 60
34 63
34 64
34 65
34 66
34 67
34 70
34 75
34 77
34 78
34 80
34 81
34 82
34 83
34 84
34 85
34 86
34 87
34 89
34 90
34 92
34 93
34 95
34 97
34 99
34 103
34 106
34 107
34 108
34 109
34 110
34 114
34 115
34 116
34 119
34 125
34 128
34 131
34 133
34 135
34 139
34 140
34 141
34 145
35 36
35 44
35 45
35 46
35 48
35 50
35 52
35 53
35 54
35 55
35 59
35 61
35 66
35 67
35 68
35 69
35 70
35 71
35 79
35 80
35 82
35 84
35 85
35 86
35 87
35 89
35 92
35 93
35 95
35 96
35 97
35 98
35 99
35 101
35 103
35 105
35 106
35 107
35 108
35 116
35 117
35 120
35 123
35 124
35 125
35 127
35 128
35 129
35 130
35 136
35 137
35 139
35 142
35 144
35 146
35 147
35 149
36 37
36 39
36 41
36 42
36 44
36 45
36 46
36 47
36 49
36 53
36 55
36 57
36 59
36 61
36 64
36 67
36 68
36 73
36 76
36 78
36 79
36 83
36 85
36 86
36 87
36 88
36 91
36 92
36 94
36 95
36 96
36 99
36 101
36 102
36 110
36 113
36 116
36 117
36 119
36 120
36 121
36 122
36 126
36 129
36 130
36 132
36 134
36 138
36 141
36 142
36 144
36 145
36 148
36 149
37 39
37 41
37 42
37 43
37 44
37 46
37 48
37 51
37 52
37 53
37 55
37 56
37 60
37 61
37 64
37 66
37 68
37 69
37 70
37 71
37 72
37 74
37 75
37 78
37 82
37 83
37 84
37 88
37 90
37 92
37 96
37 98
37 99
37 101
37 103
37 104
37 105
37 106
37 107
37 112
37 116
37 118
37 119
37 121
37 122
37 123
37 124
37 125
37 127
37 129
37 131
37 133
37 134
37 135
37 136
37 137
37 138
37 141
37 143
37 146
37 148
37 149
38 39
38 40
38 41
38 44
38 45
38 50
38 52
38 54
38 55
38 56
38 58
38 59
38 62
38 63
38 65
38 66
38 67
38 68
38 69
38 71
38 73
38 74
38 76
38 78
38 79
38 80
38 82
38 84
38 87
38 89
38 93
38 94
38 96
38 98
38 103
38 106
38 109
38 113
38 121
38 122
38 123
38 124
38 125
38 127
38 129
38 130
38 131
38 134
38 136
38 139
38 143
38 144
38 145
39 42
39 45
39 47
39 49
39 54
39 55
39 56
39 57
39 58
39 59
39 60
39 63
39 64
39 66
39 67
39 68
39 69
39 71
39 73
39 75
39 77
39 79
39 84
39 85
39 89
39 94
39 95
39 97
39 99
39 100
39 102
39 106
39 109
39 112
39 113
39 117
39 118
39 119
39 120
39 122
39 123
39 124
39 125
39 126
39 132
39 135
39 136
39 138
39 140
39 144
39 146
39 149
40 47
40 50
40 51
40 52
40 53
40 54
40 55
40 60
40 61
40 66
40 67
40 68
40 69
40 71
40 74
40 75
40 76
40 77
40 80
40 82
40 83
40 84
40 85
40 86
40 88
40 91
40 96
40 100
40 102
40 105
40 106
40 108
40 110
40 111
40 116
40 119
40 123
40 131
40 133
40 134
40 135
40 136
40 137
40 143
40 145
40 146
40 147
40 149
41 43
41 45
41 47
41 48
41 49
41 51
41 52
41 56
41 59
41 61
41 62
41 63
41 64
41 65
41 66
41 68
41 73
41 75
41 78
41 80
41 81
41 82
41 83
41 85
41 87
41 88
41 91
41 92
41 93
41 94
41 95
41 96
41 98
41 100
41 102
41 103
41 104
41 106
41 110
41 115
41 116
41 119
41 121
41 122
41 123
41 126
41 127
41 132
41 134
41 135
41 136
41 137
41 138
41 140
41 141
41 143
41 144
41 146
41 147
41 148
41 149
42 44
42 46
42 47
42 48
42 49
42 51
42 54
42 56
42 57
42 58
42 59
42 60
42 61
42 63
42 68
42 71
42 74
42 75
42 76
42 79
42 82
42 83
42 84
42 85
42 86
42 89
42 90
42 91
42 95
42 98
42 99
42 100
42 101
42 102
42 103
42 104
42 105
42 106
42 107
42 108
42 109
42 113
42 114
42 115
42 116
42 118
42 120
42 121
42 126
42 128
42 134
42 135
42 136
42 140
42 142
42 148
43 45
43 46
43 48
43 50
43 55
43 57
43 58
43 59
43 60
43 64
43 66
43 67
43 68
43 69
43 76
43 77
43 78
43 81
43 83
43 85
43 87
43 89
43 92
43 93
43 95
43 96
43 97
43 99
43 102
43 104
43 106
43 109
43 111
43 114
43 115
43 120
43 121
43 122
43 123
43 124
43 127
43 129
43 130
43 131
43 132
43 137
43 138
43 139
43 143
43 148
44 46
44 49
44 53
44 60
44 61
44 69
44 70
44 73
44 74
44 76
44 77
44 79
44 80
44 85
44 86
44 87
44 89
44 92
44 93
44 94
44 95
44 97
44 98
44 100
44 101
44 102
44 103
44 104
44 105
44 106
44 109
44 110
44 111
44 112
44 114
44 118
44 121
44 122
44 123
44 125
44 126
44 128
44 129
44 132
44 133
44 134
44 136
44 138
44 142
44 145
44 146
44 148
44 149
45 46
45 47
45 50
45 51
45 53
45 56
45 59
45 60
45 62
45 64
45 65
45 66
45 71
45 73
45 75
45 77
45 78
45 79
45 81
45 82
45 83
45 86
45 87
45 88
45 90
45 93
45 94
45 95
45 98
45 101
45 104
45 105
45 106
45 109
45 111
45 112
45 116
45 117
45 118
45 119
45 122
45 124
45 125
45 130
45 131
45 133
45 135
45 136
45 138
45 139
45 142
45 145
45 146
45 147
46 47
46 49
46 51
46 52
46 54
46 58
46 60
46 62
46 63
46 64
46 68
46 70
46 73
46 75
46 77
46 78
46 80
46 83
46 86
46 87
46 89
46 92
46 93
46 95
46 98
46 99
46 100
46 101
46 102
46 103
46 108
46 111
46 112
46 113
46 115
46 120
46 121
46 122
46 123
46 124
46 126
46 128
46 132
46 133
46 138
46 139
46 142
46 144
46 146
47 48
47 49
47 50
47 52
47 53
47 54
47 56
47 57
47 59
47 62
47 63
47 65
47 67
47 68
47 69
47 70
47 72
47 74
47 75
47 77
47 80
47 83
47 84
47 88
47 89
47 92
47 96
47 100
47 102
47 103
47 104
47 106
47 108
47 111
47 113
47 114
47 115
47 118
47 120
47 121
47 124
47 125
47 126
47 127
47 130
47 131
47 133
47 136
47 137
47 141
47 145
47 146
47 147
48 51
48 55
48 57
48 59
48 64
48 66
48 68
48 69
48 71
48 72
48 73
48 74
48 75
48 77
48 78
48 79
48 82
48 83
48 86
48 88
48 90
48 91
48 92
48 93
48 94
48 96
48 100
48 101
48 104
48 106
48 107
48 110
48 114
48 115
48 117
48 120
48 121
48 123
48 125
48 126
48 129
48 132
48 134
48 135
48 136
48 137
48 138
48 139
48 141
48 144
48 146
48 149
49 50
49 54
49 58
49 60
49 64
49 66
49 67
49 68
49 69
49 72
49 74
49 78
49 79
49 81
49 82
49 83
49 84
49 85
49 86
49 87
49 88
49 90
49 91
49 94
49 95
49 96
49 97
49 98
49 101
49 102
49 104
49 105
49 107
49 110
49 112
49 114
49 116
49 117
49 118
49 119
49 120
49 124
49 125
49 126
49 127
49 128
49 131
49 132
49 133
49 136
49 137
49 138
49 140
49 143
49 144
49 145
49 147
49 149
50 53
50 55
50 57
50 58
50 59
50 61
50 65
50 66
50 67
50 68
50 69
50 72
50 78
50 85
50 86
50 87
50 88
50 91
50 95
50 101
50 102
50 104
50 105
50 106
50 109
50 112
50 114
50 115
50 117
50 118
50 119
50 120
50 123
50 128
50 132
50 133
50 134
50 135
50 137
50 138
50 139
50 141
50 143
50 145
51 52
51 53
51 54
51 55
51 57
51 58
51 62
51 63
51 65
51 68
51 70
51 72
51 73
51 79
51 81
51 83
51 85
51 89
51 90
51 91
51 92
51 95
51 98
51 101
51 103
51 106
51 112
51 117
51 119
51 120
51 121
51 122
51 123
51 124
51 126
51 129
51 134
51 135
51 137
51 140
51 143
51 144
51 146
51 148
51 149
52 53
52 56
52 58
52 59
52 62
52 63
52 64
52 65
52 68
52 69
52 70
52 74
52 79
52 80
52 81
52 82
52 83
52 84
52 87
52 89
52 91
52 92
52 96
52 97
52 98
52 101
52 103
52 106
52 107
52 111
52 114
52 115
52 116
52 117
52 118
52 120
52 121
52 122
52 128
52 130
52 135
52 136
52 137
52 139
52 140
52 144
52 145
52 146
52 149
53 54
53 55
53 56
53 58
53 60
53 61
53 62
53 64
53 65
53 66
53 76
53 77
53 80
53 81
53 82
53 84
53 86
53 87
53 91
53 92
53 93
53 95
53 97
53 98
53 100
53 101
53 103
53 105
53 106
53 109
53 110
53 111
53 112
53 113
53 115
53 116
53 119
53 121
53 123
53 127
53 128
53 129
53 131
53 134
53 135
53 136
53 139
53 140
53 141
53 144
53 146
53 148
53 149
54 56
54 57
54 58
54 59
54 61
54 63
54 67
54 68
54 69
54 72
54 74
54 75
54 81
54 82
54 83
54 84
54 85
54 87
54 92
54 94
54 96
54 99
54 100
54 103
54 104
54 107
54 108
54 109
54 111
54 122
54 130
54 131
54 134
54 135
54 138
54 141
54 145
54 147
55 57
55 58
55 59
55 61
55 62
55 65
55 68
55 69
55 71
55 72
55 73
55 74
55 75
55 77
55 79
55 83
55 84
55 86
55 87
55 88
55 90
55 92
55 93
55 94
55 96
55 98
55 100
55 101
55 108
55 109
55 110
55 111
55 113
55 115
55 116
55 117
55 120
55 121
55 122
55 123
55 124
55 126
55 127
55 130
55 132
55 133
55 135
55 136
55 139
55 146
55 149
56 57
56 58
56 59
56 60
56 61
56 63
56 66
56 67
56 68
56 69
56 70
56 71
56 74
56 76
56 78
56 79
56 83
56 85
56 88
56 89
56 91
56 92
56 94
56 95
56 96
56 97
56 98
56 100
56 101
56 102
56 103
56 105
56 106
56 107
56 114
56 115
56 116
56 117
56 118
56 120
56 121
56 123
56 125
56 128
56 129
56 130
56 132
56 135
56 136
56 137
56 138
56 139
56 140
56 143
56 148
57 58
57 60
57 61
57 62
57 63
57 66
57 67
57 69
57 70
57 71
57 72
57 73
57 74
57 75
57 76
57 79
57 80
57 81
57 88
57 89
57 90
57 91
57 92
57 93
57 94
57 95
57 96
57 98
57 100
57 104
57 106
57 109
57 110
57 111
57 113
57 114
57 115
57 117
57 118
57 119
57 120
57 121
57 125
57 127
57 129
57 132
57 133
57 135
57 136
57 137
57 138
57 139
57 141
57 142
57 145
57 146
57 147
57 149
58 59
58 61
58 62
58 63
58 66
58 67
58 68
58 69
58 71
58 72
58 73
58 74
58 75
58 76
58 78
58 79
58 81
58 82
58 84
58 85
58 87
58 88
58 89
58 90
58 92
58 93
58 94
58 95
58 98
58 99
58 100
58 101
58 102
58 104
58 105
58 109
58 110
58 111
58 112
58 116
58 118
58 119
58 120
58 121
58 122
58 123
58 127
58 129
58 133
58 134
58 135
58 138
58 142
58 143
58 145
58 148
59 62
59 69
59 73
59 74
59 75
59 78
59 79
59 80
59 81
59 83
59 85
59 87
59 90
59 92
59 95
59 96
59 97
59 100
59 102
59 103
59 105
59 106
59 107
59 109
59 110
59 115
59 116
59 117
59 118
59 121
59 125
59 126
59 128
59 130
59 132
59 135
59 137
59 138
59 139
59 140
59 143
59 147
59 149
60 61
60 62
60 63
60 64
60 68
60 69
60 73
60 76
60 79
60 82
60 83
60 86
60 88
60 90
60 92
60 94
60 98
60 99
60 100
60 101
60 102
60 104
60 105
60 108
60 110
60 112
60 113
60 115
60 116
60 118
60 119
60 120
60 121
60 123
60 124
60 125
60 126
60 133
60 136
60 139
60 140
60 143
60 147
60 148
60 149
61 62
61 64
61 65
61 66
61 72
61 75
61 79
61 80
61 81
61 82
61 84
61 85
61 87
61 88
61 91
61 95
61 102
61 104
61 106
61 108
61 111
61 113
61 114
61 116
61 118
61 120
61 122
61 123
61 130
61 135
61 136
61 137
61 138
61 139
61 140
61 142
61 144
61 147
62 63
62 64
62 65
62 66
62 68
62 69
62 70
62 71
62 77
62 78
62 81
62 82
62 83
62 86
62 87
62 88
62 89
62 91
62 94
62 96
62 97
62 99
62 100
62 102
62 105
62 106
62 108
62 109
62 110
62 113
62 116
62 118
62 120
62 122
62 124
62 125
62 127
62 128
62 130
62 135
62 137
62 142
62 146
62 148
63 64
63 68
63 70
63 74
63 75
63 76
63 77
63 78
63 79
63 81
63 83
63 87
63 89
63 90
63 91
63 92
63 93
63 98
63 101
63 102
63 104
63 105
63 106
63 108
63 109
63 111
63 114
63 115
63 117
63 118
63 121
63 122
63 123
63 125
63 126
63 127
63 130
63 132
63 137
63 138
63 139
63 141
63 145
63 147
64 65
64 67
64 68
64 70
64 73
64 76
64 78
64 80
64 82
64 84
64 85
64 86
64 89
64 91
64 92
64 93
64 94
64 95
64 99
64 108
64 109
64 110
64 111
64 113
64 114
64 116
64 117
64 118
64 119
64 120
64 124
64 126
64 127
64 128
64 130
64 132
64 133
64 135
64 136
64 139
64 141
64 143
64 145
64 146
64 148
64 149
65 69
65 72
65 73
65 75
65 76
65 80
65 84
65 88
65 90
65 91
65 93
65 94
65 97
65 98
65 99
65 100
65 102
65 103
65 107
65 108
65 110
65 111
65 112
65 113
65 115
65 117
65 119
65 122
65 124
65 125
65 126
65 127
65 129
65 131
65 134
65 139
65 141
65 143
65 144
65 146
65 147
66 67
66 68
66 69
66 70
66 72
66 74
66 76
66 77
66 78
66 79
66 80
66 82
66 85
66 86
66 87
66 88
66 101
66 102
66 103
66 104
66 105
66 106
66 108
66 110
66 111
66 113
66 114
66 116
66 117
66 119
66 120
66 124
66 125
66 127
66 128
66 131
66 132
66 133
66 135
66 136
66 138
66 139
66 142
66 143
66 144
66 146
66 149
67 70
67 71
67 74
67 76
67 78
67 80
67 81
67 82
67 83
67 84
67 86
67 87
67 88
67 90
67 92
67 93
67 96
67 97
67 98
67 103
67 104
67 110
67 113
67 115
67 117
67 118
67 120
67 121
67 123
67 124
67 130
67 131
67 133
67 136
67 139
67 142
67 144
67 146
67 148
67 149
68 69
68 71
68 73
68 74
68 75
68 77
68 78
68 79
68 80
68 81
68 82
68 83
68 85
68 86
68 87
68 89
68 90
68 92
68 94
68 95
68 97
68 99
68 103
68 107
68 109
68 110
68 112
68 113
68 115
68 117
68 119
68 120
68 121
68 122
68 124
68 126
68 131
68 132
68 133
68 134
68 137
68 141
68 144
68 145
68 149
69 71
69 72
69 89
69 91
69 93
69 94
69 98
69 99
69 101
69 104
69 105
69 106
69 109
69 111
69 112
69 113
69 116
69 117
69 119
69 120
69 121
69 122
69 123
69 124
69 125
69 127
69 128
69 131
69 132
69 133
69 135
69 138
69 139
69 140
69 141
69 143
69 145
69 147
70 74
70 75
70 76
70 78
70 80
70 81
70 82
70 83
70 85
70 90
70 94
70 102
70 103
70 104
70 106
70 107
70 113
70 116
70 118
70 124
70 125
70 129
70 136
70 137
70 139
70 140
70 141
70 143
70 148
71 72
71 76
71 77
71 78
71 79
71 80
71 81
71 82
71 88
71 89
71 90
71 91
71 92
71 93
71 94
71 98
71 99
71 101
71 102
71 104
71 105
71 107
71 108
71 110
71 111
71 112
71 113
71 116
71 123
71 127
71 133
71 135
71 138
71 139
71 142
71 144
71 145
71 146
71 147
71 149
72 73
72 74
72 77
72 80
72 81
72 82
72 86
72 87
72 88
72 89
72 90
72 91
72 92
72 94
72 98
72 99
72 101
72 102
72 104
72 109
72 115
72 118
72 121
72 122
72 123
72 132
72 133
72 137
72 140
72 142
72 143
72 145
73 80
73 81
73 83
73 85
73 86
73 92
73 93
73 94
73 96
73 99
73 100
73 101
73 102
73 103
73 104
73 109
73 110
73 114
73 115
73 117
73 119
73 120
73 123
73 124
73 125
73 127
73 128
73 133
73 134
73 136
73 137
73 141
73 143
73 145
73 146
73 147
74 75
74 77
74 78
74 80
74 82
74 84
74 87
74 89
74 90
74 91
74 92
74 93
74 94
74 96
74 97
74 101
74 103
74 105
74 106
74 110
74 111
74 114
74 118
74 120
74 121
74 122
74 123
74 126
74 127
74 128
74 130
74 132
74 133
74 134
74 138
74 141
74 142
74 143
74 144
74 147
74 149
75 78
75 80
75 81
75 82
75 83
75 85
75 86
75 87
75 88
75 92
75 94
75 97
75 99
75 101
75 102
75 103
75 107
75 108
75 110
75 112
75 114
75 116
75 117
75 118
75 119
75 121
75 124
75 127
75 128
75 129
75 130
75 135
75 139
75 141
75 142
75 143
75 147
76 77
76 78
76 79
76 80
76 81
76 87
76 88
76 92
76 96
76 99
76 102
76 103
76 105
76 107
76 108
76 109
76 110
76 112
76 114
76 118
76 119
76 120
76 121
76 124
76 126
76 127
76 128
76 130
76 131
76 134
76 136
76 138
76 139
76 143
76 144
76 146
76 147
76 149
77 81
77 83
77 87
77 88
77 89
77 94
77 100
77 101
77 108
77 109
77 110
77 112
77 113
77 114
77 116
77 117
77 119
77 125
77 126
77 128
77 133
77 134
77 138
77 141
77 143
77 149
78 80
78 81
78 84
78 88
78 90
78 92
78 93
78 95
78 96
78 99
78 100
78 101
78 102
78 104
78 105
78 107
78 108
78 110
78 111
78 112
78 114
78 116
78 118
78 119
78 120
78 121
78 122
78 123
78 124
78 125
78 127
78 128
78 131
78 134
78 136
78 137
78 139
78 141
78 143
78 148
78 149
79 82
79 86
79 89
79 91
79 96
79 97
79 100
79 101
79 104
79 106
79 109
79 110
79 112
79 114
79 115
79 117
79 118
79 119
79 120
79 122
79 123
79 126
79 128
79 129
79 131
79 132
79 133
79 134
79 136
79 140
79 141
79 144
79 145
79 146
79 147
79 149
80 81
80 83
80 84
80 87
80 88
80 92
80 96
80 98
80 99
80 100
80 103
80 107
80 108
80 109
80 114
80 115
80 119
80 120
80 121
80 122
80 125
80 127
80 128
80 129
80 134
80 138
80 139
80 144
80 149
81 82
81 83
81 87
81 89
81 92
81 93
81 95
81 96
81 98
81 99
81 100
81 103
81 106
81 107
81 108
81 109
81 110
81 112
81 113
81 116
81 122
81 123
81 125
81 126
81 128
81 130
81 131
81 132
81 133
81 135
81 136
81 139
81 140
81 142
81 143
81 145
82 83
82 85
82 89
82 90
82 92
82 95
82 97
82 100
82 101
82 102
82 107
82 108
82 109
82 110
82 112
82 114
82 115
82 116
82 117
82 118
82 121
82 124
82 127
82 129
82 132
82 133
82 134
82 136
82 137
82 140
82 143
82 145
82 147
82 148
83 85
83 88
83 91
83 94
83 96
83 99
83 100
83 101
83 102
83 103
83 104
83 108
83 114
83 115
83 120
83 122
83 125
83 126
83 129
83 130
83 131
83 132
83 133
83 135
83 138
83 139
83 143
83 144
83 148
83 149
84 86
84 88
84 89
84 93
84 94
84 96
84 100
84 114
84 115
84 116
84 120
84 121
84 122
84 126
84 127
84 129
84 130
84 134
84 135
84 136
84 137
84 138
84 144
84 146
84 147
85 90
85 92
85 97
85 98
85 100
85 101
85 102
85 103
85 104
85 106
85 109
85 111
85 112
85 115
85 118
85 119
85 120
85 123
85 124
85 125
85 127
85 128
85 129
85 130
85 131
85 133
85 136
85 137
85 139
85 140
85 144
85 146
85 149
86 87
86 89
86 91
86 92
86 93
86 94
86 95
86 96
86 98
86 99
86 100
86 101
86 103
86 104
86 106
86 108
86 117
86 118
86 119
86 122
86 123
86 126
86 127
86 128
86 129
86 131
86 134
86 139
86 141
86 142
86 144
86 148
86 149
87 90
87 91
87 93
87 94
87 97
87 98
87 99
87 100
87 101
87 102
87 105
87 107
87 114
87 115
87 117
87 121
87 124
87 128
87 129
87 130
87 132
87 133
87 134
87 135
87 136
87 138
87 140
87 141
87 143
87 144
87 145
87 148
87 149
88 91
88 93
88 94
88 95
88 96
88 99
88 100
88 101
88 102
88 105
88 110
88 111
88 114
88 115
88 120
88 121
88 123
88 128
88 130
88 132
88 136
88 137
88 139
88 146
88 148
88 149
89 90
89 91
89 92
89 93
89 94
89 95
89 96
89 98
89 99
89 100
89 102
89 103
89 110
89 111
89 112
89 113
89 117
89 118
89 120
89 121
89 122
89 127
89 129
89 130
89 132
89 134
89 138
89 139
89 142
89 143
89 144
90 92
90 94
90 95
90 96
90 97
90 98
90 100
90 101
90 102
90 103
90 107
90 108
90 109
90 112
90 113
90 114
90 116
90 117
90 118
90 120
90 121
90 123
90 124
90 125
90 126
90 127
90 128
90 129
90 133
90 134
90 135
90 136
90 138
90 139
90 140
90 141
90 144
90 145
90 148
91 92
91 93
91 96
91 101
91 102
91 104
91 106
91 107
91 109
91 110
91 112
91 113
91 114
91 115
91 117
91 118
91 119
91 120
91 122
91 125
91 126
91 129
91 130
91 131
91 132
91 134
91 136
91 142
91 144
91 145
91 146
91 147
92 95
92 97
92 98
92 100
92 101
92 102
92 110
92 111
92 112
92 114
92 115
92 116
92 117
92 118
92 120
92 121
92 124
92 127
92 131
92 133
92 136
92 138
92 139
92 140
92 144
92 145
92 146
92 148
92 149
93 96
93 97
93 99
93 102
93 104
93 105
93 106
93 108
93 109
93 110
93 111
93 113
93 115
93 116
93 117
93 118
93 119
93 125
93 127
93 129
93 130
93 134
93 135
93 136
93 137
93 139
93 141
93 142
93 143
93 145
93 147
94 95
94 96
94 97
94 98
94 99
94 100
94 101
94 104
94 108
94 109
94 110
94 114
94 115
94 119
94 120
94 122
94 123
94 124
94 126
94 128
94 131
94 132
94 134
94 137
94 142
94 144
94 149
95 96
95 97
95 98
95 99
95 100
95 102
95 103
95 104
95 108
95 110
95 111
95 113
95 115
95 117
95 118
95 120
95 124
95 125
95 127
95 129
95 130
95 131
95 132
95 133
95 134
95 137
95 138
95 139
95 144
95 146
95 148
96 98
96 99
96 103
96 105
96 109
96 112
96 117
96 120
96 121
96 122
96 123
96 124
96 125
96 126
96 127
96 129
96 131
96 132
96 135
96 139
96 145
96 146
96 147
96 149
97 99
97 102
97 103
97 104
97 105
97 106
97 113
97 114
97 115
97 116
97 118
97 119
97 121
97 122
97 123
97 124
97 125
97 129
97 131
97 132
97 134
97 135
97 136
97 141
97 146
98 99
98 103
98 104
98 106
98 107
98 108
98 112
98 114
98 120
98 123
98 125
98 130
98 133
98 134
98 138
98 140
98 142
98 143
98 146
98 148
99 105
99 109
99 110
99 111
99 113
99 114
99 116
99 117
99 120
99 126
99 129
99 131
99 133
99 134
99 135
99 137
99 139
99 140
99 141
99 143
99 146
99 147
99 149
100 102
100 106
100 107
100 108
100 109
100 111
100 112
100 113
100 115
100 116
100 121
100 123
100 126
100 127
100 129
100 133
100 135
100 139
100 145
100 148
100 149
101 102
101 104
101 105
101 107
101 108
101 109
101 110
101 115
101 118
101 122
101 125
101 126
101 127
101 128
101 130
101 132
101 136
101 137
101 138
101 139
101 141
101 143
101 144
101 145
102 104
102 106
102 107
102 108
102 109
102 111
102 112
102 115
102 118
102 121
102 123
102 128
102 130
102 131
102 137
102 138
102 139
102 141
102 142
102 143
102 144
102 145
102 147
102 149
103 104
103 105
103 107
103 109
103 113
103 114
103 116
103 122
103 123
103 128
103 130
103 134
103 137
103 139
103 141
103 147
103 148
103 149
104 105
104 109
104 112
104 115
104 116
104 121
104 124
104 125
104 129
104 130
104 132
104 135
104 136
104 139
104 141
104 143
104 144
104 148
104 149
105 107
105 111
105 112
105 115
105 118
105 119
105 120
105 121
105 122
105 125
105 128
105 129
105 131
105 132
105 134
105 135
105 138
105 140
105 142
105 145
105 147
105 149
106 108
106 109
106 111
106 112
106 114
106 115
106 116
106 118
106 119
106 122
106 124
106 129
106 130
106 132
106 134
106 135
106 141
106 143
106 144
106 149
107 108
107 110
107 111
107 115
107 117
107 121
107 124
107 125
107 134
107 137
107 141
107 143
107 144
107 147
108 113
108 114
108 115
108 119
108 121
108 123
108 125
108 127
108 132
108 134
108 135
108 137
108 139
108 141
108 142
108 143
108 144
108 145
108 146
108 147
108 149
109 112
109 116
109 117
109 118
109 119
109 120
109 121
109 122
109 123
109 124
109 125
109 126
109 129
109 130
109 132
109 136
109 139
109 140
109 141
109 144
109 146
109 148
109 149
110 115
110 118
110 124
110 126
110 128
110 131
110 132
110 136
110 137
110 138
110 139
110 141
110 142
110 144
110 145
110 146
110 148
111 112
111 113
111 114
111 116
111 118
111 120
111 121
111 125
111 127
111 128
111 131
111 132
111 133
111 134
111 136
111 139
111 140
111 141
111 144
111 146
111 147
111 149
112 113
112 115
112 118
112 119
112 122
112 123
112 130
112 133
112 134
112 137
112 141
112 144
112 145
112 148
112 149
113 114
113 115
113 118
113 119
113 120
113 122
113 125
113 128
113 129
113 130
113 131
113 132
113 134
113 135
113 136
113 138
113 139
113 143
113 146
113 148
113 149
114 115
114 119
114 121
114 122
114 124
114 125
114 126
114 127
114 131
114 137
114 140
114 143
114 145
114 148
114 149
115 117
115 122
115 131
115 133
115 134
115 135
115 138
115 140
115 141
115 142
115 143
115 146
116 117
116 119
116 120
116 121
116 122
116 123
116 125
116 126
116 127
116 128
116 129
116 130
116 132
116 135
116 136
116 138
116 140
116 142
116 143
116 144
116 145
116 146
116 147
116 149
117 118
117 119
117 120
117 121
117 124
117 127
117 128
117 129
117 131
117 132
117 133
117 135
117 138
117 140
117 142
117 144
117 145
117 147
117 148
117 149
118 119
118 121
118 123
118 125
118 127
118 129
118 131
118 135
118 136
118 139
118 140
118 142
118 144
118 147
118 148
119 122
119 125
119 126
119 128
119 130
119 133
119 134
119 136
119 139
119 141
119 142
119 143
119 147
119 149
120 125
120 131
120 137
120 142
120 143
120 144
120 145
120 146
120 148
120 149
121 125
121 126
121 131
121 132
121 133
121 138
121 143
121 146
122 126
122 127
122 129
122 131
122 132
122 133
122 135
122 136
122 139
122 140
122 145
122 146
122 148
123 125
123 126
123 127
123 128
123 129
123 130
123 132
123 136
123 138
123 139
123 140
123 143
123 146
123 147
123 148
123 149
124 126
124 127
124 130
124 131
124 133
124 134
124 135
124 138
124 139
124 140
124 141
124 143
124 144
124 147
124 149
125 128
125 129
125 133
125 136
125 137
125 139
125 142
125 143
125 147
126 128
126 129
126 134
126 136
126 138
126 139
126 140
126 143
126 145
126 148
127 128
127 131
127 132
127 133
127 134
127 135
127 137
127 139
127 144
127 146
127 147
127 148
127 149
128 135
128 138
128 142
128 143
128 144
128 147
129 130
129 131
129 132
129 134
129 137
129 138
129 141
129 142
129 145
129 147
129 149
130 131
130 134
130 135
130 141
130 145
130 147
130 148
130 149
131 132
131 135
131 136
131 138
131 139
131 142
131 147
131 148
132 133
132 134
132 136
132 138
132 140
132 145
132 146
132 147
132 149
133 134
133 136
133 138
133 140
133 142
133 143
133 145
133 146
133 147
133 148
133 149
134 135
134 137
134 139
134 142
134 143
134 144
134 145
134 146
134 148
135 136
135 139
135 140
135 144
136 137
136 138
136 140
136 141
136 142
136 144
136 145
136 146
136 147
136 149
137 139
137 140
137 142
137 143
137 146
137 149
138 139
138 140
138 141
138 142
138 143
138 145
138 146
138 149
139 140
139 141
139 142
139 143
139 146
139 147
140 141
140 142
140 145
140 146
140 149
141 143
141 144
141 145
141 149
142 145
142 147
142 148
143 144
143 149
144 145
144 148
145 146
145 147
145 148
146 148
146 149

1 1 0 0 0 0 0 1 1 0 1 1 1 0 1 1 1 0 0 1 1 0 0 1 0 1 1 0 1 0 1 0 1 0 0 0 1 1 0 1 0 1 1 0 0 1 1 1 1 1 0 0 0 0 0 0 1 0 1 1 1 0 0 1 0 0 0 0 1 0 1 0 0 1 1 1 0 1 0 0 1 0 1 0 1 1 1 1 0 0 0 0 1 0 0 1 1 1 1 0 0 1 0 1 0 0 0 0 1 1 1 0 1 1 1 0 1 0 1 1 1 1 0 0 1 0 0 0 1 1 0 1 0 0 0 1 1 0 0 1 0 1 0 0 1 1 0 1 1 0