200 2046
0 1 2 3 4 5 6 7 8 9 10 11 12 13 14 15 16 17 18 19 20 21 22 23 24 25 26 27 28 29 30 31 32 33 34 35 36 37 38 39 40 41 42 43 44 45 46 47 48 49 50 51 52 53 54 55 56 57 58 59 60 61 62 63 64 65 66 67 68 69 70 71 72 73 74 75 76 77 78 79 80 81 82 83 84 85 86 87 88 89 90 91 92 93 94 95 96 97 98 99 100 101 102 103 104 105 106 107 108 109 110 111 112 113 114 115 116 117 118 119 120 121 122 123 124 125 126 127 128 129 130 131 132 133 134 135 136 137 138 139 140 141 142 143 144 145 146 147 148 149 150 151 152 153 154 155 156 157 158 159 160 161 162 163 164 165 166 167 168 169 170 171 172 173 174 175 176 177 178 179 180 181 182 183 184 185 186 187 188 189 190 191 192 193 194 195 196 197 198 199
0 4
0 21
0 45
0 56
0 62
0 75
0 77
0 79
0 88
0 94
0 108
0 109
0 122
0 136
0 144
0 147
0 149
0 151
0 161
0 164
0 170
0 180
0 191
1 15
1 56
1 62
1 76
1 83
1 92
1 116
1 119
1 141
1 146
1 149
1 164
1 171
1 190
1 198
2 22
2 23
2 25
2 32
2 35
2 40
2 49
2 56
2 72
2 73
2 76
2 88
2 91
2 93
2 140
2 148
2 175
2 180
2 191
3 47
3 51
3 53
3 57
3 80
3 86
3 88
3 102
3 139
3 149
3 150
3 163
3 187
3 194
4 7
4 20
4 60
4 93
4 113
4 143
4 149
4 157
4 168
4 181
4 196
5 9
5 39
5 41
5 44
5 50
5 53
5 61
5 88
5 133
5 142
5 160
5 172
5 174
5 188
6 21
6 38
6 46
6 59
6 75
6 84
6 89
6 93
6 101
6 113
6 119
6 132
6 164
6 189
6 190
6 191
6 193
6 199
7 22
7 42
7 45
7 47
7 58
7 60
7 66
7 83
7 87
7 93
7 96
7 107
7 128
7 130
7 132
7 163
7 164
7 170
7 176
7 188
7 198
8 12
8 14
8 15
8 21
8 30
8 33
8 34
8 47
8 54
8 56
8 96
8 119
8 122
8 125
8 136
8 150
8 161
8 162
8 168
8 189
8 195
8 198
9 19
9 21
9 30
9 36
9 49
9 51
9 61
9 93
9 96
9 99
9 118
9 119
9 120
9 121
9 127
9 129
9 132
9 133
9 148
9 149
9 166
9 167
9 170
9 192
9 195
10 14
10 21
10 23
10 44
10 51
10 57
10 60
10 68
10 75
10 92
10 99
10 109
10 126
10 133
10 152
10 175
10 178
10 194
11 27
11 36
11 40
11 42
11 47
11 50
11 71
11 74
11 79
11 82
11 91
11 118
11 123
11 125
11 129
11 153
11 155
11 165
11 166
11 168
11 180
11 184
11 189
11 196
12 37
12 43
12 44
12 57
12 68
12 69
12 89
12 108
12 111
12 136
12 140
12 143
12 162
12 170
12 172
12 188
12 189
12 196
13 27
13 34
13 52
13 53
13 54
13 68
13 81
13 86
13 104
13 107
13 108
13 130
13 131
13 138
13 172
13 175
13 176
14 16
14 17
14 31
14 35
14 70
14 86
14 121
14 122
14 123
14 144
14 147
14 159
14 168
14 174
14 181
14 188
15 18
15 24
15 37
15 43
15 44
15 61
15 63
15 75
15 76
15 77
15 84
15 85
15 87
15 101
15 112
15 126
15 134
15 143
15 152
15 177
15 179
15 183
15 190
15 194
16 18
16 22
16 25
16 27
16 30
16 41
16 60
16 71
16 103
16 107
16 116
16 124
16 126
16 134
16 144
16 153
16 156
16 177
16 184
16 187
16 191
16 196
16 197
16 198
17 18
17 20
17 45
17 46
17 50
17 51
17 53
17 61
17 62
17 73
17 74
17 76
17 82
17 89
17 95
17 100
17 122
17 123
17 151
17 168
17 177
17 180
17 184
17 195
18 37
18 49
18 59
18 66
18 83
18 85
18 87
18 99
18 114
18 120
18 134
18 144
18 149
18 168
18 177
18 192
19 34
19 35
19 60
19 61
19 93
19 94
19 111
19 121
19 160
19 163
19 166
19 169
19 175
19 179
19 184
19 186
19 189
19 190
20 21
20 30
20 31
20 39
20 46
20 52
20 54
20 97
20 99
20 101
20 103
20 125
20 135
20 144
20 157
20 162
20 178
20 184
20 192
21 28
21 33
21 40
21 41
21 44
21 45
21 47
21 52
21 58
21 59
21 60
21 79
21 87
21 101
21 106
21 111
21 125
21 126
21 152
21 153
21 165
21 170
21 198
22 31
22 41
22 44
22 52
22 54
22 76
22 77
22 87
22 98
22 105
22 109
22 112
22 143
22 148
22 151
22 177
22 194
22 196
23 37
23 48
23 50
23 51
23 92
23 98
23 106
23 113
23 117
23 126
23 133
23 137
23 144
23 150
23 151
23 172
23 193
23 199
24 25
24 60
24 61
24 62
24 63
24 90
24 97
24 113
24 116
24 126
24 128
24 130
24 135
24 167
24 169
24 179
24 195
24 198
24 199
25 26
25 33
25 38
25 48
25 66
25 67
25 109
25 136
25 150
25 153
25 159
25 164
25 171
25 177
25 181
25 195
26 30
26 56
26 58
26 77
26 112
26 116
26 133
26 135
26 143
26 145
26 148
26 150
26 163
26 170
26 176
27 50
27 58
27 69
27 78
27 82
27 99
27 120
27 123
27 132
27 147
27 148
27 173
27 176
27 180
27 187
27 197
27 199
28 30
28 51
28 61
28 75
28 85
28 87
28 117
28 123
28 141
28 142
28 167
28 171
29 32
29 34
29 36
29 37
29 47
29 53
29 62
29 65
29 69
29 86
29 108
29 111
29 113
29 120
29 132
29 134
29 139
29 148
29 163
29 172
29 189
30 35
30 39
30 53
30 65
30 77
30 95
30 97
30 99
30 101
30 106
30 117
30 128
30 131
30 146
30 151
30 161
30 171
30 172
30 178
30 180
30 182
30 186
30 191
31 38
31 41
31 42
31 47
31 73
31 76
31 78
31 86
31 95
31 99
31 108
31 113
31 141
31 147
31 159
31 166
31 174
31 180
31 186
32 57
32 61
32 63
32 92
32 100
32 102
32 118
32 120
32 132
32 157
32 168
32 176
32 187
32 189
33 68
33 90
33 103
33 110
33 121
33 122
33 126
33 147
33 165
33 178
33 179
33 181
33 195
33 199
34 35
34 40
34 50
34 57
34 60
34 65
34 67
34 82
34 89
34 97
34 98
34 113
34 133
34 151
34 152
34 159
34 164
34 166
34 187
34 188
34 192
34 196
35 37
35 57
35 83
35 86
35 89
35 129
35 142
35 170
35 179
35 183
35 195
36 41
36 47
36 50
36 52
36 57
36 58
36 63
36 74
36 76
36 81
36 98
36 99
36 102
36 109
36 110
36 143
36 147
36 148
36 173
36 192
36 194
37 43
37 53
37 59
37 60
37 79
37 81
37 83
37 84
37 89
37 90
37 94
37 98
37 111
37 120
37 137
37 143
37 154
37 178
37 190
37 195
38 50
38 56
38 60
38 67
38 72
38 80
38 83
38 96
38 99
38 102
38 127
38 136
38 140
38 148
38 150
38 152
38 157
38 165
39 41
39 47
39 55
39 56
39 61
39 64
39 75
39 96
39 116
39 124
39 125
39 134
39 136
39 153
39 160
39 165
39 166
39 177
39 188
39 190
40 53
40 66
40 69
40 79
40 81
40 82
40 83
40 95
40 103
40 117
40 131
40 161
40 168
40 171
40 188
41 45
41 49
41 61
41 64
41 81
41 84
41 86
41 92
41 97
41 123
41 125
41 132
41 136
41 157
41 176
41 191
42 45
42 48
42 52
42 59
42 65
42 74
42 98
42 104
42 117
42 121
42 122
42 124
42 130
42 152
42 164
42 171
42 196
43 48
43 49
43 54
43 78
43 82
43 90
43 108
43 116
43 123
43 136
43 162
43 163
43 171
43 175
43 178
43 179
43 183
43 189
43 193
44 54
44 60
44 62
44 84
44 93
44 106
44 114
44 123
44 139
44 141
44 159
44 165
44 175
44 177
44 178
44 183
44 186
45 47
45 60
45 63
45 67
45 81
45 107
45 116
45 127
45 138
45 143
45 146
45 163
45 166
45 179
46 49
46 70
46 74
46 82
46 87
46 93
46 99
46 104
46 105
46 118
46 127
46 129
46 138
46 140
46 152
46 154
46 156
46 161
47 62
47 69
47 71
47 75
47 83
47 85
47 87
47 92
47 96
47 106
47 110
47 124
47 133
47 137
47 154
47 159
47 170
47 181
48 80
48 106
48 111
48 133
48 161
48 162
48 175
48 179
48 181
48 182
48 188
48 192
48 194
48 197
49 54
49 81
49 115
49 119
49 121
49 128
49 139
49 143
49 152
49 181
49 183
49 191
50 51
50 68
50 76
50 80
50 89
50 101
50 114
50 116
50 120
50 125
50 128
50 130
50 132
50 135
50 136
50 140
50 160
50 166
50 175
50 178
50 180
50 182
51 64
51 66
51 76
51 103
51 105
51 119
51 120
51 124
51 141
51 151
51 182
51 183
51 189
51 199
52 57
52 60
52 64
52 101
52 119
52 125
52 138
52 157
52 163
52 164
52 168
52 178
52 189
52 194
52 197
53 63
53 64
53 67
53 83
53 98
53 102
53 115
53 126
53 150
53 157
53 178
53 184
53 185
53 199
54 55
54 57
54 60
54 63
54 69
54 75
54 87
54 103
54 107
54 113
54 115
54 124
54 136
54 140
54 153
54 154
54 156
54 170
54 175
54 181
55 62
55 70
55 84
55 104
55 113
55 114
55 117
55 144
55 167
55 183
56 58
56 64
56 66
56 75
56 78
56 87
56 92
56 105
56 106
56 107
56 109
56 111
56 114
56 116
56 123
56 129
56 130
56 131
56 141
56 142
56 152
56 173
57 59
57 67
57 77
57 86
57 103
57 128
57 131
57 133
57 136
57 145
57 149
57 152
57 154
57 164
57 166
57 197
58 70
58 100
58 116
58 128
58 142
58 155
58 170
58 179
58 195
59 65
59 68
59 75
59 83
59 121
59 131
59 132
59 133
59 144
59 159
59 161
59 168
59 187
59 195
59 196
59 197
60 64
60 72
60 73
60 79
60 82
60 85
60 97
60 98
60 107
60 111
60 121
60 124
60 126
60 130
60 149
60 164
60 169
60 174
60 191
61 64
61 65
61 70
61 86
61 88
61 105
61 110
61 127
61 145
61 159
61 172
62 78
62 80
62 93
62 98
62 104
62 121
62 130
62 137
62 140
62 147
62 163
62 170
62 171
62 181
62 189
62 192
62 193
62 195
63 66
63 82
63 108
63 127
63 140
63 142
63 153
63 182
63 184
63 185
63 191
63 192
64 71
64 74
64 114
64 117
64 123
64 130
64 141
64 143
64 165
64 167
64 174
64 187
64 198
65 75
65 81
65 98
65 101
65 107
65 111
65 124
65 125
65 133
65 134
65 163
65 173
65 183
66 74
66 75
66 77
66 79
66 86
66 105
66 114
66 121
66 127
66 134
66 140
66 143
66 152
66 164
66 189
66 190
66 191
66 192
67 83
67 95
67 101
67 106
67 128
67 138
67 153
67 160
67 170
67 181
67 184
68 71
68 85
68 88
68 132
68 134
68 145
68 150
68 151
68 177
68 187
68 197
69 87
69 96
69 104
69 126
69 132
69 160
69 161
69 170
69 175
69 184
69 185
69 186
69 188
70 78
70 87
70 90
70 92
70 93
70 96
70 115
70 121
70 153
70 158
70 161
70 162
70 166
70 169
70 173
70 174
70 185
70 195
71 83
71 92
71 115
71 119
72 81
72 83
72 89
72 90
72 114
72 115
72 118
72 124
72 130
72 144
72 146
72 156
72 163
72 176
72 187
72 196
73 80
73 98
73 106
73 113
73 124
73 127
73 162
73 165
73 176
73 178
73 182
74 82
74 98
74 130
74 147
74 153
74 167
74 187
75 78
75 84
75 93
75 97
75 104
75 108
75 119
75 127
75 130
75 132
75 150
75 170
75 185
75 195
76 84
76 96
76 107
76 108
76 120
76 122
76 123
76 124
76 127
76 132
76 135
76 141
76 145
76 153
76 165
76 180
76 185
76 188
76 199
77 95
77 107
77 132
77 146
77 147
77 159
77 183
77 186
77 197
78 85
78 88
78 107
78 140
78 145
78 160
79 96
79 119
79 122
79 130
79 161
80 81
80 86
80 88
80 90
80 96
80 99
80 105
80 110
80 115
80 137
80 144
80 165
80 168
80 178
80 184
80 190
81 93
81 116
81 124
81 138
81 140
81 146
81 161
81 165
81 179
81 188
82 90
82 110
82 129
82 142
82 149
82 159
82 175
82 192
82 198
83 87
83 91
83 96
83 100
83 101
83 105
83 122
83 140
83 161
83 176
83 190
83 195
84 105
84 127
84 131
84 146
84 155
84 163
84 166
84 181
84 188
85 109
85 121
85 132
85 137
85 140
85 155
85 157
85 158
85 169
85 177
85 179
85 180
85 185
85 186
85 195
86 87
86 88
86 93
86 96
86 101
86 131
86 132
86 144
86 161
86 162
86 163
86 175
86 185
87 88
87 93
87 101
87 105
87 120
87 171
87 173
87 181
87 186
87 197
88 89
88 94
88 98
88 102
88 107
88 120
88 126
88 136
88 147
88 158
88 159
88 164
88 176
88 186
88 195
89 91
89 96
89 100
89 104
89 118
89 154
89 162
89 173
89 181
89 189
89 195
89 197
89 198
90 95
90 103
90 104
90 117
90 119
90 165
90 194
91 100
91 129
91 141
91 145
91 158
91 165
92 93
92 110
92 115
92 117
92 123
92 125
92 140
92 160
92 165
92 167
92 178
92 179
92 194
93 95
93 108
93 114
93 118
93 121
93 126
93 129
93 151
93 165
93 172
93 177
93 184
93 185
93 189
93 198
94 97
94 103
94 106
94 126
94 153
94 161
94 181
94 189
94 192
94 196
95 99
95 101
95 106
95 117
95 118
95 121
95 122
95 123
95 132
95 145
95 161
95 189
95 191
96 107
96 108
96 115
96 116
96 126
96 141
96 148
96 162
96 163
96 186
96 194
97 134
97 136
97 153
97 169
97 176
97 179
97 183
98 99
98 110
98 119
98 122
98 123
98 129
98 136
98 138
98 145
98 154
98 157
98 161
98 180
98 195
98 199
99 103
99 105
99 113
99 114
99 117
99 123
99 127
99 130
99 134
99 153
99 157
99 167
99 168
100 118
100 119
100 133
100 154
100 156
100 169
100 173
100 181
100 197
101 108
101 115
101 122
101 139
101 142
101 162
101 178
101 184
102 112
102 114
102 131
102 137
102 139
102 153
102 172
102 181
102 182
102 198
103 109
103 111
103 127
103 130
103 140
103 143
103 145
103 173
103 175
103 177
103 178
103 189
103 198
104 160
104 162
104 180
104 187
105 114
105 120
105 148
105 149
105 160
105 172
105 187
106 138
106 143
106 152
106 172
106 179
106 195
107 111
107 119
107 130
107 144
107 147
107 149
107 155
107 165
107 173
107 180
107 181
107 185
107 193
107 195
108 115
108 138
108 141
108 142
108 153
108 159
108 164
108 165
108 168
108 181
108 199
109 118
109 150
109 163
109 186
109 191
109 192
110 113
110 123
110 126
110 148
110 153
110 160
110 163
110 173
110 180
110 190
110 199
111 112
111 114
111 117
111 123
111 134
111 138
111 140
111 147
111 148
111 153
111 161
111 166
111 167
111 168
111 170
111 180
111 194
111 195
112 123
112 131
112 154
112 159
112 165
112 166
112 172
112 180
113 115
113 116
113 119
113 130
113 139
113 150
113 164
113 170
113 172
113 185
113 190
114 120
114 129
114 132
114 161
114 168
114 171
114 185
115 133
115 135
115 140
115 143
115 178
115 188
115 190
115 199
116 121
116 129
116 132
116 133
116 139
116 143
116 150
116 157
116 167
116 176
116 183
116 184
117 118
117 120
117 159
117 165
117 169
117 172
117 180
117 191
117 192
117 198
118 124
118 127
118 132
118 136
118 150
118 155
118 160
118 163
118 175
118 176
118 194
119 120
119 121
119 126
119 135
119 137
119 153
119 156
119 165
119 170
119 172
119 179
120 127
120 132
120 140
120 156
120 176
120 194
121 127
121 133
121 134
121 137
121 157
121 162
121 164
121 172
121 182
121 197
121 199
122 127
122 136
122 173
122 174
122 195
123 131
123 147
123 159
123 175
123 176
123 180
123 188
123 189
123 198
124 129
124 144
124 148
124 155
124 166
124 171
124 197
125 139
125 142
125 154
125 172
125 183
125 186
126 149
126 162
126 166
126 170
126 175
126 177
126 184
126 187
126 195
127 129
127 138
127 167
127 176
127 192
127 194
127 198
128 136
128 139
128 147
128 152
128 159
128 174
129 145
129 158
129 173
129 174
129 194
130 142
130 145
130 149
130 154
130 165
130 168
130 171
130 178
130 193
130 196
131 151
131 152
131 153
131 161
131 165
131 185
131 188
132 143
132 155
132 157
132 164
132 165
132 173
132 176
132 177
132 199
133 138
133 139
133 147
133 149
133 150
133 158
133 161
133 180
133 196
133 198
134 149
134 166
134 169
134 199
135 139
135 144
135 145
135 151
135 159
135 162
135 167
135 171
135 179
135 193
135 194
135 199
136 178
136 191
137 139
137 143
137 156
137 168
137 175
137 179
138 148
138 150
138 162
138 173
138 175
138 192
138 198
139 145
139 149
139 152
139 153
139 160
139 165
139 180
140 149
140 155
140 156
140 157
140 161
140 172
140 183
140 194
141 158
141 162
141 172
141 199
142 187
143 162
143 163
143 199
144 152
144 156
144 169
145 169
145 187
145 188
146 173
146 181
147 160
147 192
147 195
148 158
148 159
148 170
148 191
149 151
149 174
149 184
149 189
149 195
150 183
150 190
150 191
150 192
150 196
150 197
151 161
151 168
151 189
151 199
152 153
152 159
153 165
153 173
153 174
153 187
153 195
154 156
154 159
154 166
154 168
154 173
154 182
154 186
154 191
154 196
155 161
155 164
155 174
155 180
155 197
156 159
156 178
156 186
156 192
156 194
157 158
157 168
157 170
157 189
157 191
157 197
158 191
159 178
159 185
159 197
160 163
160 166
160 177
160 183
161 164
161 170
161 181
161 182
161 185
161 187
162 166
162 178
162 179
162 188
162 193
162 194
163 166
163 170
163 171
163 177
163 178
163 186
163 191
163 194
163 196
164 179
164 181
164 188
164 193
164 197
165 169
165 170
165 179
165 183
165 184
165 187
165 190
165 194
165 197
166 171
166 173
166 196
167 170
167 176
167 197
168 191
168 192
168 193
169 178
169 180
169 190
169 196
169 198
170 177
170 181
170 182
170 185
171 186
172 196
173 180
173 188
174 177
174 184
174 185
174 197
175 191
176 195
178 185
179 184
180 184
180 188
180 196
181 182
181 190
181 193
183 191
184 186
184 192
187 193
187 198
188 197
190 197
192 197
193 194
194 196

1 1 1 0 0 1 0 0 0 0 0 1 1 0 0 0 1 0 0 1 1 0 1 1 0 0 0 0 1 1 0 0 1 0 1 1 1 1 0 1 0 1 0 1 1 0 1 0 0 0 1 1 0 0 0 1 1 1 1 0 1 1 1 0 1 1 0 0 0 1 0 1 1 1 1 1 1 1 0 0 0 0 1 0 0 0 0 0 0 0 0 1 0 1 1 1 0 1 0 0 0 0 1 1 0 1 1 1 1 1 0 0 1 1 0 1 0 1 1 0 1 0 1 0 1 1 0 0 0 0 0 1 0 1 1 1 0 1 1 1 0 0 1 1 0 0 0 1 1 1 0 1 0 1 1 1 0 1 1 1 0 1 0 1 0 1 0 0 0 0 1 1 1 1 0 0 0 0 1 0 1 0 0 0 1 0 0 1 1 0 1 0 0 1 0 1 1 0 1 0