200 190
0 1 2 3 4 5 6 7 8 9 10 11 12 13 14 15 16 17 18 19 20 21 22 23 24 25 26 27 28 29 30 31 32 33 34 35 36 37 38 39 40 41 42 43 44 45 46 47 48 49 50 51 52 53 54 55 56 57 58 59 60 61 62 63 64 65 66 67 68 69 70 71 72 73 74 75 76 77 78 79 80 81 82 83 84 85 86 87 88 89 90 91 92 93 94 95 96 97 98 99 100 101 102 103 104 105 106 107 108 109 110 111 112 113 114 115 116 117 118 119 120 121 122 123 124 125 126 127 128 129 130 131 132 133 134 135 136 137 138 139 140 141 142 143 144 145 146 147 148 149 150 151 152 153 154 155 156 157 158 159 160 161 162 163 164 165 166 167 168 169 170 171 172 173 174 175 176 177 178 179 180 181 182 183 184 185 186 187 188 189 190 191 192 193 194 195 196 197 198 199
0 54
0 125
0 137
2 62
2 76
2 98
2 187
2 192
3 33
5 65
6 88
6 189
6 191
7 113
7 140
9 20
9 29
9 76
10 32
11 63
11 79
11 94
11 146
13 156
14 171
15 146
15 183
15 199
16 30
16 181
17 144
17 189
18 125
18 140
18 170
19 88
19 142
19 149
20 188
21 23
21 102
23 35
23 55
23 93
24 35
24 49
25 129
25 158
25 164
26 93
28 79
28 179
29 52
30 45
30 87
30 138
31 88
31 125
32 85
32 175
32 190
34 75
35 148
38 55
38 94
38 104
38 174
39 155
43 129
43 167
44 177
45 142
46 107
47 117
47 165
48 142
49 89
49 191
50 68
50 161
50 183
51 108
52 188
53 86
53 132
53 149
54 127
54 163
55 112
57 135
58 125
58 139
59 129
59 185
60 183
61 139
61 186
62 187
63 157
63 162
65 125
65 138
66 188
68 169
68 188
69 141
69 192
70 131
70 190
71 186
72 99
74 128
74 166
74 173
75 164
75 186
76 95
76 163
78 79
78 112
78 131
79 141
80 90
80 121
80 168
81 179
82 186
83 129
84 172
88 170
89 140
89 157
91 103
91 131
93 135
93 149
93 151
93 163
93 179
95 163
96 164
97 134
97 149
97 186
98 118
98 133
100 114
101 122
102 147
104 118
104 173
107 168
111 166
113 190
114 138
114 182
114 190
115 162
117 175
119 168
121 194
122 193
127 170
127 191
130 197
131 161
132 170
135 145
136 165
137 182
137 190
138 147
138 173
140 182
140 189
141 198
143 175
143 190
150 157
157 192
158 185
158 193
160 188
163 166
163 176
169 197
171 184
173 180
180 198
184 186

1 0 0 1 0 1 0 0 0 1 1 0 1 1 0 1 0 0 0 0 0 0 0 1 1 0 1 1 1 0 0 0 0 1 1 1 0 1 0 1 1 1 0 1 1 0 0 0 0 0 0 0 0 0 0 0 0 0 0 0 0 1 1 0 0 0 1 0 1 0 0 1 1 1 0 0 0 1 0 1 0 0 1 0 0 1 1 0 1 1 0 1 0 0 1 1 1 0 0 1 0 1 0 0 0 1 1 0 0 0 1 1 1 0 0 0 0 1 0 0 1 0 1 0 1 1 1 0 1 1 1 0 0 1 1 1 0 1 1 0 1 0 1 0 1 0 1 0 1 1 0 1 1 1 1 0 0 1 1 1 0 1 1 1 0 1 0 1 0 1 0 0 1 1 1 1 0 1 1 1 0 1 1 0 1 1 1 1 1 1 0 0 0 1 0 0 1 1 1 1