30 221
0 1 2 3 4 5 6 7 8 9 10 11 12 13 14 15 16 17 18 19 20 21 22 23 24 25 26 27 28 29
0 1
0 2
0 4
0 6
0 7
0 10
0 14
0 15
0 16
0 18
0 21
0 23
0 25
0 26
0 27
0 28
1 4
1 5
1 9
1 12
1 15
1 18
1 19
1 21
1 22
1 23
1 25
1 26
1 27
1 28
1 29
2 3
2 4
2 5
2 7
2 8
2 9
2 13
2 15
2 17
2 19
2 20
2 25
2 26
2 27
3 6
3 7
3 12
3 13
3 14
3 15
3 16
3 17
3 18
3 19
3 20
3 23
3 27
3 29
4 5
4 8
4 10
4 12
4 14
4 15
4 16
4 18
4 23
4 26
4 28
4 29
5 10
5 11
5 12
5 17
5 18
5 20
5 21
5 23
5 24
5 25
5 28
5 29
6 12
6 13
6 16
6 18
6 22
6 23
6 24
6 25
6 27
6 28
6 29
7 8
7 9
7 10
7 11
7 12
7 14
7 15
7 19
7 22
7 23
7 24
7 25
7 26
7 27
7 29
8 10
8 12
8 13
8 15
8 16
8 18
8 19
8 21
8 22
8 26
9 10
9 11
9 12
9 13
9 14
9 18
9 19
9 20
9 22
9 23
9 24
9 25
9 29
10 12
10 14
10 17
10 18
10 19
10 20
10 22
10 23
10 24
10 25
10 26
10 27
10 28
11 12
11 14
11 15
11 17
11 18
11 22
11 25
11 27
11 29
12 13
12 15
12 19
12 20
12 22
12 23
12 25
12 26
12 27
12 28
13 15
13 16
13 17
13 18
13 19
13 22
13 23
13 24
13 28
14 20
14 21
14 26
14 29
15 17
15 19
15 21
15 26
15 27
15 29
16 17
16 19
16 20
16 21
16 22
16 23
16 26
17 19
17 21
17 24
17 28
17 29
18 21
19 20
19 21
19 22
19 23
19 26
19 29
20 21
20 22
20 24
20 29
21 26
21 27
21 28
21 29
22 24
23 24
23 26
23 27
23 29
24 27
25 27
25 29
26 27
27 29
28 29

0 0 1 1 0 1 0 0 0 0 1 1 1 1 0 1 1 1 1 1 0 0 0 0 1 1 0 1 0 0