100 495
0 1 2 3 4 5 6 7 8 9 10 11 12 13 14 15 16 17 18 19 20 21 22 23 24 25 26 27 28 29 30 31 32 33 34 35 36 37 38 39 40 41 42 43 44 45 46 47 48 49 50 51 52 53 54 55 56 57 58 59 60 61 62 63 64 65 66 67 68 69 70 71 72 73 74 75 76 77 78 79 80 81 82 83 84 85 86 87 88 89 90 91 92 93 94 95 96 97 98 99
0 19
0 25
0 30
0 38
0 40
0 44
0 47
0 52
0 75
0 89
0 92
1 24
1 26
1 34
1 50
1 57
1 68
1 72
1 74
2 5
2 7
2 15
2 19
2 32
2 36
3 10
3 17
3 47
3 66
3 80
3 85
3 89
3 92
3 96
4 7
4 14
4 19
4 22
4 62
4 64
4 72
4 80
4 82
4 87
4 90
4 95
5 11
5 31
5 46
5 51
5 64
5 71
5 78
5 82
6 21
6 23
6 51
6 55
6 56
6 59
6 60
6 62
6 77
6 94
7 15
7 17
7 24
7 48
7 51
7 90
7 91
8 13
8 21
8 22
8 31
8 40
8 56
8 60
8 69
8 70
8 74
8 93
9 14
9 37
9 48
9 55
9 63
9 72
9 82
9 90
9 91
9 99
10 18
10 21
10 23
10 24
10 35
10 42
10 46
10 70
10 76
11 21
11 33
11 56
11 60
11 66
11 75
11 80
11 82
12 19
12 33
12 44
12 46
12 51
12 78
12 96
13 25
13 30
13 38
13 43
13 55
13 61
13 99
14 16
14 31
14 38
14 39
14 50
14 72
14 83
14 89
14 93
15 17
15 21
15 25
15 27
15 69
15 89
16 22
16 45
16 62
16 70
16 79
17 19
17 23
17 42
17 44
17 62
17 65
17 66
17 73
17 85
17 98
18 20
18 25
18 41
18 58
18 75
18 84
18 87
18 94
19 37
19 45
19 46
19 57
19 68
19 72
19 74
19 98
20 31
20 34
20 42
20 43
20 44
20 51
20 60
20 64
20 67
20 71
20 93
20 94
20 96
21 29
21 33
21 42
21 55
21 65
21 69
21 77
21 84
21 87
21 88
21 95
22 44
22 53
22 57
22 80
22 81
22 91
22 92
22 95
23 30
23 48
23 67
23 81
23 90
24 28
24 40
24 46
24 54
24 84
24 87
24 96
25 40
25 52
25 79
25 95
26 27
26 29
26 33
26 41
26 58
26 59
26 63
26 69
26 78
26 88
26 94
27 36
27 38
27 41
27 43
27 48
27 50
27 60
27 61
27 68
28 31
28 49
28 64
28 80
28 82
28 83
28 84
28 96
29 35
29 69
29 70
29 89
29 96
30 35
30 37
30 38
30 41
30 51
30 56
30 65
30 67
30 70
30 78
30 83
30 85
30 93
31 36
31 48
31 62
31 63
31 64
31 72
31 80
32 33
32 48
32 53
32 57
32 70
32 83
32 85
32 96
32 97
33 58
33 61
33 62
33 78
33 98
34 38
34 51
34 54
34 74
34 94
35 45
35 56
35 57
35 65
35 77
35 85
35 92
35 97
35 98
36 43
36 45
36 69
36 74
36 82
36 84
37 39
37 51
37 53
37 63
37 77
37 87
37 92
38 40
38 42
38 56
38 63
38 66
38 70
38 95
39 41
39 48
39 52
39 61
39 62
39 77
39 84
40 55
40 58
40 85
41 59
41 61
41 71
41 85
41 86
41 88
42 44
42 61
42 63
42 65
42 69
42 74
42 77
42 80
42 81
42 82
42 90
43 50
43 60
43 68
43 76
43 90
43 95
44 45
44 56
44 91
44 97
45 62
45 70
45 95
46 80
46 83
46 85
46 89
47 51
47 58
47 60
47 71
47 76
47 89
47 98
48 54
48 68
48 88
48 90
48 97
49 50
49 55
49 62
49 64
49 73
49 77
49 88
49 92
49 98
50 51
50 64
50 66
50 69
50 77
51 54
51 57
51 61
51 68
51 72
51 73
51 74
51 78
51 82
52 53
52 61
52 92
52 97
53 58
53 65
54 66
54 82
54 90
55 61
55 63
55 67
55 99
56 64
56 68
56 70
56 74
56 85
56 98
58 69
58 79
58 87
58 93
59 60
59 61
59 83
59 84
59 89
59 90
60 65
60 94
61 62
61 94
62 66
62 72
62 89
62 93
62 94
63 67
63 81
64 74
64 83
64 86
64 87
64 90
64 91
64 92
64 97
65 78
65 84
65 86
65 98
66 72
66 91
66 96
67 87
67 90
67 92
68 78
68 83
69 73
69 81
69 87
69 99
70 90
71 73
71 96
72 79
72 85
72 90
73 74
73 75
73 85
73 97
73 99
74 76
75 94
76 80
76 93
76 99
77 81
77 82
77 96
77 98
78 85
78 93
79 83
80 92
81 91
82 97
83 87
84 93
84 94
85 96
85 97
87 90
90 97
94 96

1 0 1 0 1 1 0 1 1 1 1 0 1 1 1 0 1 0 0 0 1 0 1 1 0 0 0 1 0 0 1 0 0 0 0 0 1 1 0 0 0 0 0 1 0 0 1 0 1 1 1 0 1 0 0 0 1 1 1 0 1 1 0 1 0 0 1 1 1 1 0 0 0 0 1 0 1 0 0 1 0 1 0 0 0 1 1 1 1 1 1 0 0 1 1 0 0 1 1 1