30 106
0 1 2 3 4 5 6 7 8 9 10 11 12 13 14 15 16 17 18 19 20 21 22 23 24 25 26 27 28 29
0 1
0 2
0 6
0 8
0 10
0 12
0 16
0 21
0 28
0 29
1 13
1 14
1 16
1 19
1 20
1 21
1 23
1 25
2 4
2 6
2 8
2 16
2 18
2 27
2 28
3 7
3 16
3 17
3 18
3 19
3 20
3 24
4 5
4 7
4 8
4 12
4 14
4 22
4 25
4 28
4 29
5 7
5 12
5 22
5 27
6 12
6 14
6 16
6 20
6 27
7 10
7 21
7 25
8 9
8 12
8 18
8 28
9 11
9 26
9 29
10 13
10 16
10 18
10 19
10 27
10 28
11 12
11 20
11 21
11 25
11 28
12 13
12 21
12 22
13 22
13 26
13 27
13 29
14 21
14 26
15 18
15 24
15 27
17 23
18 20
18 23
18 26
19 21
19 23
19 27
19 29
20 21
20 23
20 27
20 29
21 23
21 27
21 28
21 29
22 23
22 24
23 24
23 29
24 26
24 28
24 29

1 0 0 1 1 1 0 0 0 1 1 1 1 0 0 0 1 1 0 0 1 1 0 0 0 1 1 1 0 0