200 216
0 1 2 3 4 5 6 7 8 9 10 11 12 13 14 15 16 17 18 19 20 21 22 23 24 25 26 27 28 29 30 31 32 33 34 35 36 37 38 39 40 41 42 43 44 45 46 47 48 49 50 51 52 53 54 55 56 57 58 59 60 61 62 63 64 65 66 67 68 69 70 71 72 73 74 75 76 77 78 79 80 81 82 83 84 85 86 87 88 89 90 91 92 93 94 95 96 97 98 99 100 101 102 103 104 105 106 107 108 109 110 111 112 113 114 115 116 117 118 119 120 121 122 123 124 125 126 127 128 129 130 131 132 133 134 135 136 137 138 139 140 141 142 143 144 145 146 147 148 149 150 151 152 153 154 155 156 157 158 159 160 161 162 163 164 165 166 167 168 169 170 171 172 173 174 175 176 177 178 179 180 181 182 183 184 185 186 187 188 189 190 191 192 193 194 195 196 197 198 199
0 69
0 199
1 82
1 135
2 116
2 158
3 24
3 78
4 32
4 97
5 162
6 160
6 196
7 97
7 119
7 120
7 176
8 29
8 143
8 169
8 195
8 199
10 14
10 80
10 143
10 183
10 197
11 14
11 126
12 43
12 121
13 165
15 35
16 45
16 56
16 117
17 186
18 93
18 99
18 152
19 20
19 103
21 68
21 82
22 31
23 101
24 145
25 98
25 147
26 42
26 58
26 79
27 69
28 187
29 49
29 172
30 76
30 138
30 169
31 180
31 197
33 133
33 188
34 60
34 182
35 70
35 136
36 102
37 103
37 194
39 50
39 75
39 84
40 72
40 119
40 141
40 171
42 55
42 133
43 61
43 142
43 178
45 91
47 178
47 186
48 133
48 165
49 61
50 187
52 73
52 90
54 55
54 59
54 93
54 108
55 59
55 72
57 74
57 151
57 192
60 144
60 152
60 191
61 109
61 121
63 134
64 70
67 188
68 93
68 127
68 159
69 176
70 185
71 162
72 104
72 110
72 183
73 76
75 101
77 81
78 108
79 167
80 171
80 181
81 104
81 151
81 164
81 193
83 91
86 148
87 113
87 153
87 176
90 181
91 162
94 125
95 101
95 151
95 193
96 100
96 153
97 191
98 111
98 158
98 166
99 109
100 168
101 185
102 127
102 182
103 106
103 137
104 166
105 112
105 164
106 177
106 180
106 195
107 146
107 165
108 113
110 168
111 188
111 197
112 123
113 180
113 183
114 166
114 178
114 189
116 131
117 174
121 169
122 156
123 155
125 135
125 162
126 152
126 161
128 140
128 166
129 169
131 186
132 137
132 145
133 198
135 198
137 182
137 194
140 163
140 182
140 197
143 177
145 169
146 152
146 154
147 168
152 176
152 190
155 196
156 163
156 179
158 190
162 180
163 170
169 172
169 189
169 197
170 171
170 181
171 172
174 175
181 191
182 184
182 186
193 197

1 0 0 1 1 0 1 1 1 1 0 0 1 0 1 1 1 1 1 0 1 0 0 0 0 0 1 0 0 1 0 0 0 0 0 0 1 1 1 0 1 1 1 0 1 0 1 0 1 1 0 0 0 1 1 1 0 0 1 0 0 0 0 1 0 1 1 0 0 0 1 0 1 1 1 1 1 0 1 0 1 0 0 0 1 1 1 1 1 1 0 0 1 0 1 1 0 0 1 1 1 1 1 0 0 0 1 0 1 1 0 0 0 0 0 0 0 0 1 0 1 1 1 0 0 0 0 1 0 0 1 0 0 1 1 0 1 1 1 1 1 0 0 1 1 0 1 1 0 0 1 0 0 1 0 0 0 0 0 1 1 0 1 1 0 0 1 0 0 1 1 0 0 0 0 1 1 1 1 0 1 1 0 0 0 1 0 0 1 1 1 1 1 1 1 0 1 0 0 1