20 83
0 1 2 3 4 5 6 7 8 9 10 11 12 13 14 15 16 17 18 19
0 1
0 6
0 9
0 11
0 12
0 13
0 15
0 16
1 2
1 3
1 5
1 6
1 9
1 10
1 12
1 13
1 16
1 17
1 18
2 7
2 8
2 9
2 10
2 11
2 13
2 14
2 17
3 5
3 7
3 8
3 9
3 11
3 12
3 17
3 18
4 5
4 9
4 13
4 14
4 17
4 19
5 7
5 8
5 9
5 12
5 13
6 7
6 8
6 9
6 10
6 12
6 14
6 16
7 8
7 9
7 11
7 13
7 16
7 17
7 19
8 9
8 10
8 12
8 15
9 13
9 16
9 17
9 19
10 11
10 12
10 13
10 14
10 19
11 16
11 18
12 16
12 17
13 16
13 19
14 17
15 17
16 17
18 19

0 1 1 1 1 0 1 0 1 0 0 1 0 1 0 1 0 0 1 0