100 227
0 1 2 3 4 5 6 7 8 9 10 11 12 13 14 15 16 17 18 19 20 21 22 23 24 25 26 27 28 29 30 31 32 33 34 35 36 37 38 39 40 41 42 43 44 45 46 47 48 49 50 51 52 53 54 55 56 57 58 59 60 61 62 63 64 65 66 67 68 69 70 71 72 73 74 75 76 77 78 79 80 81 82 83 84 85 86 87 88 89 90 91 92 93 94 95 96 97 98 99
0 64
0 66
0 80
0 97
1 42
1 69
1 83
1 85
2 9
2 12
2 16
2 40
2 59
2 65
2 82
3 39
3 43
3 90
3 96
4 43
4 48
4 58
4 61
5 11
5 29
5 33
5 60
6 12
6 48
6 76
6 88
7 9
7 60
7 71
7 77
8 14
8 79
8 80
8 88
9 23
9 36
9 43
9 46
10 19
10 27
10 42
10 53
10 67
10 70
10 71
10 97
11 23
11 35
11 87
11 93
12 62
13 16
13 31
13 32
13 68
13 69
13 70
13 76
13 82
14 58
14 62
14 73
14 95
15 42
15 62
16 40
16 87
17 26
17 48
17 56
17 68
18 20
18 34
18 59
18 61
18 94
19 23
19 74
19 86
19 90
20 21
20 27
20 87
21 34
21 52
21 61
22 53
22 88
23 51
23 60
23 83
23 90
23 91
23 93
25 33
25 51
25 97
26 29
26 66
26 81
27 37
27 59
27 69
27 70
27 76
28 69
28 83
28 95
29 67
29 88
29 89
30 31
30 44
30 62
30 67
30 79
30 88
31 45
31 54
31 66
31 68
31 76
32 99
33 37
33 40
33 91
33 97
34 54
34 96
35 37
35 45
35 50
35 60
35 63
35 99
36 59
36 77
36 87
37 39
37 53
37 62
38 73
38 95
39 53
39 67
39 69
39 76
39 82
39 98
40 69
40 77
42 71
42 94
43 90
44 46
44 49
44 63
44 89
45 55
45 81
46 73
48 71
48 75
48 77
48 89
49 62
49 73
49 84
49 94
50 61
50 63
51 55
51 58
51 59
51 65
51 80
51 97
52 84
53 65
54 58
56 69
56 98
57 75
57 93
59 62
59 80
59 97
59 98
60 65
60 92
60 96
61 65
61 77
62 70
62 74
62 75
62 94
62 96
63 81
65 67
65 78
67 72
69 94
71 94
71 98
72 80
72 89
73 79
73 84
73 94
74 84
75 89
76 81
78 85
78 97
80 83
81 97
84 87
84 93
87 92
87 98
90 94

0 1 0 1 0 0 1 0 0 1 1 1 0 0 1 0 0 1 1 1 0 1 1 1 1 1 0 1 0 0 0 0 0 1 0 1 1 1 1 1 0 0 0 1 0 1 0 0 1 1 0 0 1 0 1 1 0 1 0 0 1 1 1 1 1 1 1 0 0 0 1 0 1 0 0 0 0 1 0 0 0 0 1 0 0 1 0 1 1 1 0 0 1 1 1 1 0 0 1 0