200 9987
0 1 2 3 4 5 6 7 8 9 10 11 12 13 14 15 16 17 18 19 20 21 22 23 24 25 26 27 28 29 30 31 32 33 34 35 36 37 38 39 40 41 42 43 44 45 46 47 48 49 50 51 52 53 54 55 56 57 58 59 60 61 62 63 64 65 66 67 68 69 70 71 72 73 74 75 76 77 78 79 80 81 82 83 84 85 86 87 88 89 90 91 92 93 94 95 96 97 98 99 100 101 102 103 104 105 106 107 108 109 110 111 112 113 114 115 116 117 118 119 120 121 122 123 124 125 126 127 128 129 130 131 132 133 134 135 136 137 138 139 140 141 142 143 144 145 146 147 148 149 150 151 152 153 154 155 156 157 158 159 160 161 162 163 164 165 166 167 168 169 170 171 172 173 174 175 176 177 178 179 180 181 182 183 184 185 186 187 188 189 190 191 192 193 194 195 196 197 198 199
0 1
0 4
0 7
0 8
0 9
0 11
0 14
0 16
0 19
0 25
0 27
0 30
0 31
0 35
0 45
0 46
0 49
0 50
0 51
0 53
0 54
0 55
0 56
0 58
0 60
0 61
0 62
0 64
0 67
0 69
0 70
0 72
0 73
0 79
0 81
0 82
0 83
0 86
0 87
0 89
0 93
0 96
0 98
0 100
0 104
0 105
0 113
0 118
0 119
0 126
0 127
0 130
0 131
0 132
0 133
0 134
0 135
0 139
0 141
0 142
0 144
0 145
0 149
0 150
0 151
0 153
0 155
0 158
0 163
0 167
0 168
0 169
0 171
0 172
0 173
0 174
0 176
0 177
0 179
0 180
0 183
0 187
0 189
0 190
0 193
0 194
0 196
0 197
0 198
1 2
1 3
1 4
1 6
1 7
1 9
1 11
1 13
1 14
1 15
1 17
1 18
1 20
1 22
1 24
1 25
1 27
1 29
1 30
1 32
1 33
1 37
1 38
1 39
1 42
1 43
1 45
1 47
1 51
1 52
1 54
1 56
1 59
1 60
1 61
1 62
1 67
1 68
1 69
1 70
1 72
1 74
1 77
1 79
1 80
1 82
1 83
1 85
1 86
1 89
1 91
1 92
1 93
1 94
1 95
1 97
1 98
1 100
1 103
1 105
1 106
1 107
1 109
1 110
1 112
1 113
1 114
1 116
1 117
1 119
1 120
1 122
1 123
1 126
1 140
1 141
1 142
1 143
1 146
1 147
1 150
1 153
1 155
1 158
1 159
1 161
1 162
1 163
1 164
1 165
1 171
1 172
1 173
1 174
1 175
1 177
1 178
1 183
1 187
1 189
1 190
1 193
1 194
1 195
1 196
1 198
2 3
2 5
2 6
2 9
2 11
2 12
2 14
2 16
2 17
2 19
2 20
2 21
2 27
2 28
2 34
2 35
2 36
2 38
2 41
2 42
2 43
2 46
2 47
2 48
2 49
2 53
2 54
2 55
2 56
2 59
2 64
2 66
2 67
2 68
2 69
2 70
2 71
2 72
2 73
2 74
2 75
2 77
2 79
2 80
2 81
2 85
2 86
2 87
2 90
2 91
2 93
2 94
2 96
2 98
2 100
2 108
2 109
2 110
2 115
2 116
2 121
2 122
2 123
2 126
2 128
2 130
2 131
2 134
2 136
2 137
2 138
2 140
2 141
2 147
2 149
2 150
2 152
2 153
2 154
2 156
2 159
2 162
2 164
2 165
2 168
2 173
2 174
2 178
2 179
2 180
2 181
2 184
2 186
2 188
2 191
2 193
2 199
3 5
3 6
3 7
3 9
3 10
3 11
3 15
3 17
3 18
3 19
3 22
3 26
3 30
3 32
3 33
3 35
3 36
3 37
3 41
3 42
3 43
3 46
3 47
3 48
3 49
3 50
3 52
3 53
3 54
3 58
3 59
3 60
3 65
3 68
3 69
3 70
3 73
3 75
3 79
3 81
3 83
3 86
3 89
3 91
3 95
3 98
3 99
3 101
3 102
3 104
3 105
3 109
3 110
3 112
3 122
3 123
3 124
3 125
3 126
3 130
3 133
3 134
3 135
3 136
3 137
3 138
3 140
3 142
3 143
3 144
3 145
3 148
3 150
3 154
3 155
3 156
3 157
3 158
3 161
3 162
3 163
3 170
3 171
3 172
3 173
3 176
3 177
3 185
3 186
3 187
3 188
3 189
3 190
3 191
3 195
4 5
4 9
4 15
4 22
4 24
4 26
4 28
4 30
4 32
4 34
4 42
4 46
4 47
4 52
4 54
4 56
4 59
4 60
4 62
4 63
4 65
4 66
4 69
4 70
4 72
4 74
4 76
4 77
4 78
4 80
4 81
4 83
4 84
4 85
4 87
4 90
4 91
4 97
4 98
4 100
4 101
4 103
4 104
4 108
4 109
4 111
4 112
4 113
4 114
4 117
4 118
4 120
4 123
4 124
4 125
4 126
4 128
4 129
4 131
4 132
4 133
4 134
4 135
4 138
4 140
4 141
4 142
4 143
4 144
4 145
4 147
4 148
4 149
4 150
4 151
4 152
4 154
4 155
4 158
4 159
4 160
4 162
4 164
4 165
4 169
4 172
4 173
4 174
4 177
4 182
4 185
4 186
4 191
4 192
4 194
4 196
4 197
4 198
5 7
5 9
5 10
5 12
5 13
5 15
5 16
5 21
5 23
5 25
5 26
5 28
5 29
5 30
5 31
5 32
5 33
5 35
5 38
5 39
5 44
5 47
5 48
5 49
5 50
5 51
5 52
5 54
5 56
5 57
5 63
5 66
5 68
5 72
5 76
5 78
5 80
5 82
5 84
5 92
5 93
5 94
5 95
5 96
5 98
5 99
5 100
5 101
5 102
5 110
5 116
5 117
5 119
5 120
5 121
5 122
5 125
5 127
5 128
5 130
5 132
5 134
5 139
5 140
5 141
5 142
5 145
5 146
5 147
5 149
5 150
5 152
5 156
5 158
5 160
5 161
5 163
5 164
5 165
5 166
5 169
5 172
5 175
5 176
5 177
5 181
5 182
5 186
5 187
5 189
5 190
5 192
5 195
5 199
6 7
6 10
6 11
6 12
6 14
6 16
6 22
6 25
6 28
6 30
6 31
6 32
6 34
6 35
6 36
6 38
6 40
6 41
6 43
6 46
6 48
6 49
6 50
6 51
6 53
6 55
6 56
6 57
6 58
6 60
6 61
6 63
6 65
6 66
6 69
6 71
6 72
6 74
6 76
6 77
6 79
6 81
6 83
6 84
6 88
6 89
6 91
6 93
6 94
6 97
6 101
6 104
6 106
6 107
6 108
6 110
6 111
6 115
6 116
6 117
6 118
6 120
6 121
6 122
6 123
6 125
6 126
6 127
6 130
6 131
6 133
6 137
6 138
6 141
6 143
6 144
6 146
6 147
6 148
6 149
6 150
6 154
6 155
6 157
6 159
6 160
6 161
6 163
6 164
6 167
6 168
6 170
6 174
6 175
6 176
6 182
6 183
6 185
6 186
6 188
6 189
6 190
6 191
6 192
6 196
6 197
6 198
6 199
7 8
7 12
7 16
7 17
7 19
7 22
7 23
7 24
7 26
7 27
7 30
7 33
7 37
7 40
7 42
7 44
7 49
7 52
7 54
7 56
7 57
7 60
7 62
7 63
7 68
7 70
7 72
7 75
7 76
7 79
7 80
7 81
7 86
7 89
7 90
7 91
7 96
7 97
7 98
7 99
7 100
7 101
7 104
7 106
7 107
7 108
7 111
7 114
7 116
7 119
7 125
7 130
7 135
7 137
7 139
7 140
7 141
7 142
7 147
7 148
7 151
7 152
7 153
7 154
7 155
7 157
7 161
7 164
7 165
7 166
7 168
7 171
7 173
7 177
7 178
7 179
7 180
7 188
7 191
7 192
7 196
7 197
7 199
8 12
8 13
8 17
8 18
8 22
8 24
8 27
8 31
8 34
8 36
8 37
8 38
8 39
8 40
8 41
8 44
8 45
8 48
8 52
8 53
8 54
8 55
8 57
8 59
8 60
8 62
8 64
8 65
8 67
8 68
8 71
8 72
8 74
8 75
8 77
8 78
8 79
8 80
8 81
8 82
8 83
8 84
8 86
8 87
8 89
8 97
8 98
8 99
8 100
8 101
8 102
8 104
8 105
8 106
8 109
8 111
8 112
8 113
8 115
8 116
8 120
8 121
8 123
8 125
8 126
8 127
8 129
8 135
8 139
8 143
8 145
8 152
8 156
8 159
8 160
8 161
8 164
8 167
8 168
8 169
8 171
8 173
8 175
8 176
8 180
8 181
8 182
8 184
8 185
8 189
8 190
8 191
8 192
8 194
8 195
8 196
8 199
9 10
9 15
9 17
9 20
9 22
9 29
9 31
9 32
9 38
9 39
9 41
9 42
9 45
9 46
9 48
9 53
9 56
9 59
9 61
9 63
9 65
9 67
9 69
9 71
9 72
9 76
9 77
9 83
9 85
9 87
9 89
9 91
9 92
9 96
9 99
9 105
9 109
9 113
9 114
9 117
9 120
9 121
9 122
9 123
9 124
9 127
9 128
9 129
9 130
9 131
9 132
9 133
9 134
9 138
9 139
9 140
9 141
9 143
9 144
9 145
9 146
9 149
9 151
9 152
9 153
9 156
9 157
9 158
9 159
9 160
9 161
9 162
9 164
9 166
9 167
9 169
9 170
9 171
9 174
9 175
9 180
9 185
9 189
9 190
9 191
10 13
10 14
10 15
10 16
10 17
10 19
10 20
10 21
10 22
10 23
10 25
10 26
10 27
10 28
10 32
10 34
10 36
10 39
10 40
10 45
10 47
10 49
10 50
10 51
10 52
10 53
10 55
10 56
10 60
10 62
10 67
10 70
10 71
10 72
10 75
10 78
10 79
10 84
10 87
10 93
10 94
10 95
10 97
10 98
10 100
10 104
10 105
10 106
10 109
10 112
10 113
10 114
10 115
10 116
10 118
10 119
10 121
10 122
10 123
10 124
10 127
10 128
10 129
10 132
10 133
10 135
10 136
10 139
10 141
10 142
10 144
10 146
10 151
10 152
10 155
10 161
10 164
10 166
10 168
10 169
10 171
10 173
10 178
10 181
10 183
10 184
10 185
10 189
10 193
10 194
10 196
10 198
11 12
11 17
11 24
11 25
11 26
11 30
11 31
11 32
11 34
11 36
11 40
11 41
11 42
11 43
11 48
11 49
11 50
11 51
11 59
11 60
11 66
11 69
11 70
11 73
11 77
11 79
11 86
11 87
11 88
11 90
11 94
11 99
11 100
11 103
11 104
11 106
11 108
11 109
11 115
11 116
11 118
11 120
11 121
11 123
11 125
11 127
11 130
11 131
11 133
11 134
11 136
11 138
11 139
11 140
11 142
11 144
11 145
11 148
11 150
11 151
11 152
11 154
11 155
11 157
11 158
11 160
11 163
11 165
11 166
11 169
11 171
11 172
11 173
11 176
11 179
11 181
11 183
11 184
11 185
11 187
11 190
11 191
11 192
11 196
11 199
12 14
12 15
12 17
12 18
12 19
12 24
12 28
12 32
12 33
12 35
12 36
12 37
12 39
12 43
12 45
12 46
12 48
12 54
12 56
12 58
12 59
12 63
12 64
12 65
12 76
12 79
12 80
12 81
12 82
12 83
12 84
12 85
12 86
12 88
12 91
12 93
12 94
12 95
12 96
12 97
12 100
12 110
12 114
12 115
12 117
12 118
12 121
12 122
12 125
12 127
12 129
12 132
12 133
12 135
12 137
12 138
12 144
12 145
12 147
12 151
12 154
12 156
12 160
12 161
12 162
12 163
12 166
12 168
12 169
12 170
12 172
12 175
12 176
12 177
12 178
12 180
12 184
12 185
12 188
12 189
12 192
12 195
12 196
12 198
12 199
13 16
13 19
13 21
13 22
13 25
13 26
13 27
13 29
13 30
13 32
13 38
13 39
13 43
13 45
13 46
13 47
13 49
13 55
13 61
13 62
13 64
13 66
13 67
13 70
13 73
13 74
13 76
13 77
13 80
13 81
13 82
13 84
13 87
13 90
13 92
13 95
13 99
13 100
13 103
13 105
13 107
13 109
13 110
13 112
13 114
13 115
13 118
13 120
13 121
13 122
13 125
13 126
13 128
13 130
13 133
13 137
13 141
13 142
13 143
13 144
13 146
13 147
13 148
13 149
13 151
13 152
13 153
13 155
13 157
13 158
13 159
13 160
13 162
13 164
13 166
13 167
13 170
13 171
13 174
13 175
13 180
13 181
13 182
13 183
13 184
13 186
13 188
13 191
13 192
13 193
13 196
13 197
13 198
13 199
14 15
14 17
14 19
14 20
14 21
14 22
14 23
14 28
14 30
14 31
14 34
14 35
14 36
14 39
14 40
14 41
14 43
14 44
14 45
14 46
14 47
14 48
14 49
14 54
14 58
14 59
14 60
14 64
14 65
14 66
14 68
14 71
14 72
14 77
14 78
14 79
14 80
14 82
14 83
14 90
14 91
14 92
14 93
14 94
14 97
14 101
14 106
14 107
14 108
14 113
14 114
14 115
14 116
14 117
14 119
14 120
14 123
14 126
14 128
14 129
14 130
14 131
14 132
14 136
14 137
14 138
14 140
14 141
14 144
14 146
14 147
14 150
14 151
14 155
14 159
14 165
14 167
14 168
14 169
14 170
14 171
14 172
14 175
14 176
14 178
14 179
14 181
14 182
14 188
14 189
14 193
14 194
14 196
14 198
15 16
15 17
15 20
15 22
15 25
15 26
15 28
15 31
15 32
15 33
15 34
15 38
15 40
15 42
15 43
15 44
15 45
15 48
15 52
15 54
15 56
15 58
15 60
15 61
15 62
15 66
15 67
15 69
15 71
15 73
15 74
15 75
15 76
15 79
15 80
15 82
15 83
15 84
15 86
15 88
15 89
15 90
15 92
15 95
15 96
15 98
15 101
15 103
15 107
15 110
15 112
15 118
15 120
15 121
15 123
15 124
15 125
15 126
15 130
15 131
15 133
15 134
15 135
15 137
15 140
15 141
15 142
15 143
15 145
15 147
15 150
15 156
15 157
15 158
15 159
15 161
15 162
15 163
15 164
15 165
15 166
15 168
15 170
15 171
15 174
15 176
15 177
15 178
15 181
15 182
15 183
15 184
15 185
15 186
15 187
15 194
15 197
16 17
16 19
16 26
16 28
16 29
16 31
16 34
16 35
16 37
16 39
16 41
16 44
16 45
16 46
16 47
16 52
16 54
16 55
16 56
16 57
16 58
16 59
16 60
16 62
16 65
16 66
16 67
16 69
16 72
16 73
16 74
16 75
16 77
16 80
16 81
16 83
16 85
16 89
16 91
16 92
16 93
16 94
16 99
16 101
16 102
16 103
16 105
16 110
16 111
16 112
16 113
16 114
16 115
16 119
16 120
16 121
16 122
16 123
16 126
16 127
16 130
16 134
16 137
16 138
16 140
16 141
16 142
16 143
16 144
16 145
16 146
16 147
16 151
16 154
16 155
16 156
16 161
16 163
16 164
16 165
16 167
16 169
16 172
16 173
16 174
16 175
16 177
16 181
16 182
16 184
16 185
16 186
16 187
16 189
16 190
16 191
16 192
16 194
16 196
16 198
16 199
17 19
17 23
17 27
17 29
17 30
17 31
17 34
17 35
17 36
17 37
17 39
17 40
17 41
17 42
17 43
17 44
17 45
17 46
17 48
17 49
17 50
17 53
17 57
17 58
17 62
17 63
17 68
17 74
17 75
17 77
17 80
17 82
17 83
17 86
17 87
17 91
17 96
17 99
17 102
17 105
17 106
17 107
17 108
17 110
17 113
17 115
17 116
17 117
17 120
17 124
17 126
17 136
17 143
17 144
17 145
17 148
17 149
17 151
17 152
17 153
17 155
17 156
17 157
17 158
17 161
17 163
17 164
17 167
17 168
17 169
17 175
17 176
17 177
17 178
17 180
17 181
17 182
17 184
17 186
17 187
17 188
17 189
17 192
17 195
17 196
18 21
18 23
18 26
18 33
18 35
18 36
18 38
18 41
18 42
18 48
18 52
18 53
18 61
18 62
18 63
18 66
18 68
18 69
18 70
18 71
18 72
18 73
18 76
18 77
18 78
18 79
18 83
18 87
18 89
18 90
18 91
18 93
18 95
18 96
18 97
18 98
18 100
18 102
18 104
18 107
18 112
18 113
18 115
18 116
18 118
18 122
18 125
18 129
18 132
18 133
18 135
18 137
18 138
18 140
18 141
18 143
18 145
18 150
18 151
18 154
18 155
18 156
18 158
18 159
18 162
18 163
18 164
18 166
18 169
18 170
18 175
18 177
18 178
18 180
18 181
18 182
18 184
18 187
18 189
18 190
18 193
18 195
18 197
18 199
19 20
19 21
19 23
19 24
19 26
19 31
19 32
19 33
19 37
19 39
19 42
19 45
19 46
19 52
19 53
19 56
19 58
19 60
19 63
19 64
19 66
19 69
19 71
19 73
19 75
19 76
19 77
19 82
19 83
19 85
19 86
19 88
19 90
19 92
19 94
19 96
19 98
19 101
19 102
19 104
19 105
19 106
19 107
19 108
19 111
19 114
19 116
19 117
19 121
19 122
19 123
19 124
19 125
19 127
19 131
19 132
19 134
19 136
19 138
19 140
19 146
19 147
19 148
19 149
19 150
19 151
19 152
19 155
19 156
19 157
19 159
19 164
19 166
19 167
19 169
19 170
19 180
19 183
19 184
19 185
19 186
19 189
19 191
19 195
19 196
19 198
19 199
20 22
20 23
20 24
20 26
20 29
20 30
20 31
20 32
20 34
20 37
20 38
20 42
20 48
20 50
20 51
20 54
20 55
20 58
20 59
20 60
20 61
20 63
20 68
20 70
20 71
20 72
20 75
20 78
20 79
20 83
20 84
20 85
20 86
20 90
20 91
20 92
20 96
20 102
20 105
20 107
20 110
20 113
20 117
20 118
20 120
20 122
20 128
20 130
20 131
20 132
20 134
20 135
20 139
20 141
20 142
20 144
20 145
20 146
20 148
20 149
20 150
20 154
20 158
20 159
20 161
20 162
20 165
20 166
20 170
20 171
20 181
20 182
20 187
20 192
20 193
20 195
20 196
20 199
21 23
21 25
21 29
21 33
21 34
21 36
21 37
21 38
21 39
21 42
21 43
21 45
21 47
21 48
21 50
21 51
21 52
21 56
21 58
21 61
21 62
21 63
21 64
21 65
21 67
21 70
21 71
21 74
21 76
21 77
21 80
21 81
21 82
21 85
21 88
21 89
21 90
21 91
21 94
21 95
21 97
21 98
21 99
21 100
21 102
21 103
21 105
21 108
21 111
21 112
21 113
21 117
21 121
21 124
21 127
21 128
21 129
21 131
21 137
21 140
21 142
21 144
21 146
21 148
21 151
21 152
21 153
21 154
21 155
21 157
21 158
21 159
21 160
21 162
21 163
21 165
21 167
21 170
21 172
21 173
21 174
21 179
21 180
21 181
21 183
21 188
21 191
21 192
21 193
21 194
21 195
21 196
21 197
21 198
22 25
22 27
22 28
22 29
22 30
22 31
22 32
22 34
22 35
22 39
22 40
22 41
22 42
22 43
22 47
22 51
22 55
22 57
22 58
22 60
22 64
22 66
22 69
22 70
22 71
22 72
22 73
22 74
22 75
22 77
22 82
22 85
22 86
22 87
22 88
22 89
22 94
22 100
22 102
22 106
22 108
22 109
22 110
22 117
22 119
22 123
22 124
22 125
22 126
22 127
22 128
22 129
22 130
22 131
22 132
22 135
22 142
22 144
22 146
22 147
22 149
22 150
22 151
22 152
22 153
22 157
22 160
22 162
22 163
22 164
22 165
22 166
22 169
22 170
22 174
22 177
22 178
22 179
22 181
22 186
22 188
23 25
23 26
23 27
23 28
23 30
23 32
23 33
23 34
23 36
23 37
23 40
23 42
23 43
23 44
23 49
23 50
23 51
23 52
23 53
23 57
23 59
23 63
23 64
23 67
23 68
23 71
23 74
23 75
23 79
23 80
23 81
23 82
23 83
23 84
23 87
23 91
23 96
23 101
23 102
23 103
23 105
23 107
23 109
23 110
23 114
23 115
23 116
23 119
23 120
23 122
23 124
23 126
23 130
23 131
23 132
23 133
23 134
23 135
23 136
23 137
23 140
23 141
23 144
23 148
23 151
23 153
23 154
23 156
23 158
23 159
23 160
23 163
23 164
23 165
23 166
23 168
23 174
23 175
23 177
23 181
23 182
23 184
23 185
23 187
23 189
23 190
23 191
23 193
23 194
23 195
23 197
23 199
24 26
24 28
24 30
24 31
24 32
24 33
24 34
24 36
24 38
24 41
24 45
24 46
24 47
24 50
24 52
24 53
24 56
24 57
24 58
24 60
24 62
24 63
24 67
24 68
24 70
24 71
24 72
24 74
24 77
24 88
24 89
24 92
24 94
24 96
24 103
24 104
24 106
24 107
24 109
24 119
24 120
24 121
24 123
24 124
24 125
24 126
24 127
24 131
24 132
24 133
24 136
24 137
24 139
24 141
24 144
24 145
24 146
24 148
24 149
24 150
24 151
24 153
24 157
24 160
24 162
24 165
24 169
24 172
24 174
24 175
24 179
24 181
24 182
24 183
24 184
24 186
24 188
24 189
24 190
24 195
24 197
24 198
24 199
25 26
25 28
25 29
25 30
25 32
25 34
25 35
25 36
25 37
25 38
25 41
25 42
25 43
25 44
25 45
25 49
25 51
25 53
25 56
25 60
25 61
25 63
25 65
25 66
25 68
25 74
25 76
25 77
25 81
25 82
25 83
25 84
25 85
25 87
25 88
25 89
25 91
25 92
25 93
25 94
25 95
25 97
25 98
25 102
25 103
25 106
25 109
25 111
25 112
25 114
25 115
25 117
25 118
25 122
25 124
25 126
25 128
25 129
25 133
25 134
25 135
25 136
25 137
25 138
25 141
25 143
25 147
25 148
25 151
25 153
25 155
25 156
25 157
25 158
25 159
25 165
25 166
25 170
25 171
25 178
25 179
25 182
25 184
25 186
25 188
25 189
25 190
25 191
25 197
25 199
26 28
26 29
26 32
26 33
26 34
26 35
26 36
26 40
26 42
26 43
26 46
26 47
26 51
26 54
26 56
26 58
26 61
26 62
26 63
26 65
26 66
26 67
26 69
26 71
26 72
26 75
26 78
26 79
26 80
26 82
26 83
26 86
26 87
26 88
26 90
26 91
26 92
26 94
26 95
26 96
26 97
26 105
26 106
26 109
26 110
26 117
26 118
26 121
26 123
26 124
26 126
26 130
26 131
26 133
26 134
26 135
26 138
26 139
26 140
26 141
26 142
26 145
26 146
26 148
26 149
26 154
26 155
26 156
26 157
26 159
26 160
26 162
26 166
26 167
26 171
26 172
26 177
26 178
26 179
26 181
26 183
26 186
26 187
26 188
26 190
26 192
26 194
26 196
26 197
26 199
27 28
27 29
27 30
27 32
27 35
27 36
27 39
27 40
27 42
27 44
27 45
27 46
27 48
27 50
27 55
27 57
27 60
27 63
27 64
27 65
27 66
27 69
27 73
27 77
27 82
27 85
27 87
27 91
27 94
27 97
27 98
27 101
27 102
27 103
27 104
27 108
27 111
27 112
27 113
27 114
27 115
27 118
27 121
27 122
27 125
27 127
27 130
27 131
27 132
27 136
27 137
27 138
27 139
27 141
27 142
27 144
27 145
27 146
27 150
27 151
27 152
27 155
27 157
27 159
27 163
27 164
27 165
27 166
27 167
27 168
27 169
27 170
27 173
27 177
27 178
27 179
27 182
27 185
27 189
27 192
27 194
27 198
27 199
28 29
28 31
28 36
28 37
28 40
28 43
28 44
28 45
28 48
28 49
28 51
28 52
28 53
28 55
28 58
28 60
28 63
28 64
28 65
28 66
28 68
28 69
28 70
28 72
28 73
28 75
28 77
28 78
28 80
28 86
28 87
28 88
28 89
28 90
28 92
28 93
28 96
28 102
28 105
28 107
28 110
28 112
28 115
28 116
28 118
28 123
28 124
28 129
28 130
28 131
28 133
28 135
28 138
28 140
28 143
28 144
28 145
28 146
28 147
28 148
28 151
28 153
28 157
28 158
28 159
28 160
28 161
28 170
28 171
28 173
28 174
28 175
28 176
28 178
28 180
28 182
28 185
28 188
28 190
28 192
28 193
28 195
28 197
28 198
28 199
29 31
29 32
29 33
29 34
29 36
29 37
29 38
29 40
29 41
29 43
29 44
29 46
29 47
29 48
29 49
29 51
29 52
29 55
29 56
29 57
29 60
29 61
29 62
29 63
29 64
29 65
29 71
29 73
29 74
29 75
29 77
29 78
29 79
29 80
29 81
29 83
29 84
29 87
29 88
29 91
29 95
29 96
29 98
29 99
29 101
29 102
29 104
29 106
29 107
29 110
29 112
29 114
29 116
29 117
29 119
29 120
29 124
29 125
29 127
29 128
29 131
29 134
29 135
29 138
29 140
29 142
29 144
29 145
29 147
29 152
29 153
29 154
29 155
29 156
29 157
29 159
29 160
29 161
29 162
29 163
29 166
29 168
29 169
29 171
29 172
29 174
29 175
29 177
29 179
29 180
29 182
29 183
29 187
29 189
29 195
29 196
29 197
29 199
30 32
30 35
30 37
30 38
30 39
30 42
30 43
30 44
30 50
30 52
30 53
30 57
30 60
30 62
30 63
30 64
30 67
30 68
30 71
30 73
30 78
30 79
30 82
30 83
30 85
30 89
30 90
30 91
30 92
30 93
30 95
30 98
30 99
30 100
30 104
30 107
30 108
30 110
30 111
30 112
30 114
30 117
30 120
30 121
30 122
30 127
30 130
30 131
30 133
30 134
30 137
30 138
30 140
30 141
30 142
30 143
30 144
30 145
30 147
30 149
30 153
30 154
30 157
30 160
30 163
30 165
30 167
30 168
30 171
30 172
30 173
30 174
30 177
30 178
30 179
30 180
30 181
30 182
30 185
30 187
30 189
30 190
30 194
30 195
30 198
30 199
31 33
31 34
31 39
31 41
31 44
31 46
31 47
31 50
31 51
31 55
31 59
31 61
31 62
31 67
31 68
31 69
31 70
31 71
31 72
31 74
31 77
31 78
31 79
31 80
31 81
31 82
31 84
31 85
31 86
31 88
31 94
31 95
31 96
31 97
31 99
31 100
31 103
31 107
31 108
31 109
31 115
31 117
31 118
31 122
31 128
31 132
31 135
31 136
31 137
31 140
31 144
31 145
31 146
31 149
31 153
31 154
31 155
31 156
31 159
31 161
31 162
31 164
31 165
31 168
31 169
31 170
31 173
31 175
31 176
31 177
31 178
31 180
31 182
31 183
31 184
31 185
31 186
31 187
31 188
31 189
31 191
31 193
31 194
31 195
31 197
31 199
32 33
32 35
32 37
32 39
32 41
32 42
32 44
32 48
32 51
32 53
32 54
32 57
32 63
32 64
32 67
32 68
32 70
32 73
32 74
32 75
32 79
32 81
32 85
32 87
32 88
32 89
32 92
32 107
32 108
32 109
32 110
32 111
32 112
32 113
32 114
32 115
32 117
32 119
32 120
32 123
32 125
32 127
32 128
32 129
32 130
32 131
32 132
32 133
32 134
32 135
32 139
32 140
32 142
32 147
32 148
32 149
32 152
32 153
32 154
32 156
32 160
32 162
32 163
32 167
32 168
32 169
32 172
32 173
32 175
32 176
32 179
32 184
32 185
32 186
32 187
32 191
32 192
32 196
32 197
32 198
33 37
33 39
33 40
33 41
33 49
33 51
33 52
33 58
33 62
33 63
33 64
33 66
33 67
33 68
33 69
33 70
33 77
33 78
33 80
33 82
33 83
33 84
33 85
33 86
33 87
33 89
33 91
33 92
33 94
33 96
33 97
33 99
33 100
33 101
33 102
33 104
33 105
33 107
33 112
33 116
33 117
33 119
33 120
33 121
33 123
33 125
33 126
33 127
33 131
33 134
33 135
33 140
33 143
33 146
33 148
33 149
33 150
33 152
33 154
33 157
33 159
33 160
33 161
33 162
33 165
33 166
33 167
33 168
33 169
33 170
33 177
33 179
33 180
33 182
33 187
33 196
33 198
33 199
34 35
34 38
34 39
34 41
34 43
34 44
34 49
34 51
34 52
34 53
34 55
34 56
34 59
34 62
34 63
34 65
34 68
34 69
34 72
34 74
34 75
34 76
34 79
34 81
34 82
34 83
34 85
34 89
34 91
34 92
34 94
34 95
34 96
34 97
34 98
34 99
34 101
34 103
34 104
34 105
34 106
34 107
34 108
34 110
34 111
34 112
34 113
34 115
34 116
34 118
34 119
34 120
34 121
34 126
34 129
34 130
34 133
34 135
34 136
34 137
34 139
34 141
34 142
34 146
34 147
34 150
34 151
34 153
34 154
34 156
34 158
34 160
34 161
34 162
34 166
34 167
34 169
34 172
34 173
34 174
34 175
34 178
34 179
34 183
34 184
34 188
34 189
34 190
34 191
34 192
34 198
35 37
35 38
35 40
35 43
35 45
35 46
35 49
35 52
35 55
35 56
35 59
35 61
35 62
35 63
35 64
35 65
35 67
35 68
35 70
35 71
35 73
35 75
35 76
35 77
35 78
35 81
35 83
35 85
35 86
35 92
35 93
35 97
35 98
35 100
35 102
35 108
35 111
35 112
35 115
35 117
35 118
35 119
35 120
35 121
35 123
35 124
35 126
35 129
35 130
35 131
35 132
35 133
35 134
35 135
35 137
35 139
35 141
35 142
35 144
35 146
35 147
35 149
35 153
35 155
35 161
35 162
35 164
35 165
35 166
35 167
35 168
35 169
35 170
35 171
35 172
35 177
35 179
35 180
35 181
35 184
35 187
35 188
35 190
35 191
35 192
35 194
35 195
35 196
35 197
36 38
36 39
36 40
36 41
36 42
36 43
36 45
36 46
36 52
36 56
36 57
36 58
36 61
36 62
36 63
36 64
36 65
36 67
36 68
36 69
36 71
36 73
36 81
36 82
36 87
36 88
36 91
36 92
36 94
36 98
36 99
36 115
36 117
36 121
36 122
36 124
36 125
36 127
36 128
36 129
36 131
36 134
36 135
36 137
36 138
36 139
36 140
36 141
36 142
36 143
36 144
36 147
36 151
36 154
36 157
36 158
36 159
36 160
36 161
36 162
36 163
36 168
36 169
36 171
36 174
36 181
36 183
36 184
36 186
36 188
36 190
36 192
36 196
37 38
37 40
37 44
37 45
37 46
37 50
37 51
37 52
37 54
37 56
37 60
37 61
37 62
37 64
37 65
37 67
37 69
37 70
37 72
37 73
37 80
37 81
37 83
37 84
37 87
37 88
37 89
37 91
37 92
37 93
37 94
37 97
37 98
37 99
37 105
37 107
37 108
37 111
37 112
37 113
37 116
37 117
37 118
37 119
37 124
37 126
37 127
37 128
37 129
37 138
37 139
37 140
37 141
37 142
37 143
37 144
37 146
37 147
37 149
37 150
37 152
37 154
37 156
37 157
37 160
37 162
37 163
37 168
37 170
37 175
37 176
37 177
37 178
37 179
37 188
37 189
37 192
37 197
37 198
37 199
38 40
38 42
38 44
38 45
38 46
38 47
38 51
38 53
38 54
38 56
38 57
38 61
38 65
38 67
38 68
38 69
38 70
38 71
38 72
38 74
38 75
38 76
38 77
38 78
38 79
38 81
38 82
38 83
38 85
38 86
38 87
38 88
38 89
38 91
38 93
38 95
38 99
38 101
38 104
38 105
38 106
38 107
38 108
38 109
38 110
38 114
38 117
38 118
38 119
38 122
38 125
38 126
38 129
38 131
38 134
38 135
38 136
38 137
38 138
38 139
38 140
38 141
38 143
38 145
38 147
38 148
38 152
38 153
38 154
38 156
38 159
38 162
38 163
38 164
38 165
38 167
38 168
38 170
38 171
38 172
38 173
38 175
38 178
38 179
38 180
38 183
38 184
38 185
38 186
38 187
38 188
38 190
38 192
38 194
38 195
38 198
39 40
39 41
39 42
39 43
39 48
39 53
39 55
39 56
39 57
39 58
39 60
39 64
39 66
39 67
39 68
39 69
39 71
39 73
39 77
39 79
39 85
39 87
39 88
39 89
39 90
39 93
39 96
39 100
39 108
39 111
39 112
39 114
39 115
39 117
39 118
39 121
39 124
39 128
39 129
39 131
39 133
39 135
39 138
39 139
39 140
39 141
39 142
39 143
39 145
39 146
39 149
39 151
39 152
39 154
39 155
39 156
39 158
39 159
39 161
39 162
39 163
39 164
39 166
39 168
39 170
39 172
39 174
39 176
39 179
39 180
39 182
39 184
39 185
39 188
39 191
39 196
39 197
39 199
40 41
40 43
40 44
40 45
40 49
40 53
40 54
40 57
40 59
40 64
40 66
40 67
40 69
40 77
40 78
40 79
40 80
40 83
40 85
40 87
40 88
40 89
40 91
40 94
40 96
40 97
40 100
40 101
40 103
40 105
40 107
40 109
40 110
40 111
40 115
40 117
40 119
40 121
40 123
40 124
40 126
40 127
40 128
40 131
40 133
40 134
40 136
40 138
40 139
40 142
40 143
40 145
40 147
40 148
40 151
40 156
40 159
40 160
40 163
40 164
40 165
40 167
40 169
40 170
40 171
40 172
40 173
40 174
40 175
40 178
40 179
40 181
40 186
40 189
40 191
40 192
40 193
40 197
41 42
41 45
41 46
41 48
41 53
41 54
41 57
41 58
41 59
41 61
41 64
41 65
41 68
41 69
41 70
41 71
41 74
41 75
41 81
41 83
41 84
41 85
41 87
41 91
41 92
41 93
41 94
41 95
41 97
41 98
41 100
41 102
41 108
41 109
41 110
41 112
41 113
41 114
41 116
41 121
41 122
41 123
41 125
41 128
41 129
41 132
41 133
41 136
41 138
41 139
41 140
41 141
41 143
41 144
41 148
41 149
41 150
41 154
41 156
41 159
41 160
41 162
41 163
41 165
41 166
41 168
41 169
41 172
41 173
41 174
41 178
41 180
41 181
41 183
41 186
41 187
41 189
41 191
41 193
41 194
41 195
41 196
41 198
42 43
42 46
42 48
42 49
42 52
42 53
42 54
42 56
42 57
42 58
42 59
42 62
42 63
42 64
42 66
42 69
42 76
42 79
42 80
42 84
42 85
42 89
42 90
42 93
42 95
42 97
42 98
42 102
42 104
42 108
42 109
42 112
42 117
42 118
42 120
42 122
42 125
42 126
42 127
42 128
42 130
42 132
42 135
42 138
42 139
42 140
42 144
42 146
42 149
42 150
42 153
42 155
42 156
42 159
42 161
42 164
42 165
42 166
42 167
42 169
42 170
42 171
42 172
42 173
42 174
42 176
42 179
42 184
42 185
42 186
42 188
42 189
42 190
42 191
42 192
42 194
42 195
42 196
43 44
43 45
43 46
43 47
43 48
43 49
43 50
43 52
43 54
43 55
43 56
43 62
43 66
43 68
43 71
43 77
43 78
43 81
43 82
43 85
43 86
43 87
43 89
43 90
43 92
43 93
43 97
43 98
43 99
43 100
43 101
43 102
43 103
43 106
43 107
43 110
43 111
43 117
43 118
43 120
43 121
43 124
43 125
43 126
43 128
43 129
43 130
43 131
43 133
43 134
43 137
43 138
43 139
43 141
43 143
43 145
43 147
43 151
43 153
43 155
43 156
43 160
43 161
43 165
43 170
43 172
43 177
43 178
43 179
43 181
43 182
43 184
43 188
43 190
43 191
43 194
43 196
43 197
43 198
43 199
44 45
44 50
44 51
44 52
44 53
44 55
44 57
44 59
44 62
44 63
44 64
44 65
44 66
44 68
44 71
44 72
44 73
44 76
44 77
44 78
44 80
44 81
44 82
44 83
44 86
44 89
44 91
44 92
44 94
44 95
44 96
44 97
44 98
44 99
44 100
44 105
44 106
44 111
44 112
44 114
44 116
44 117
44 118
44 129
44 130
44 131
44 132
44 134
44 135
44 137
44 138
44 139
44 140
44 141
44 142
44 143
44 147
44 148
44 150
44 151
44 153
44 154
44 160
44 166
44 169
44 171
44 172
44 173
44 174
44 178
44 179
44 180
44 182
44 184
44 188
44 193
44 196
44 197
44 199
45 46
45 49
45 51
45 52
45 54
45 56
45 57
45 60
45 61
45 63
45 69
45 70
45 73
45 77
45 80
45 83
45 87
45 91
45 93
45 94
45 98
45 99
45 100
45 101
45 104
45 105
45 109
45 111
45 114
45 118
45 119
45 120
45 123
45 125
45 127
45 128
45 132
45 135
45 137
45 138
45 139
45 141
45 150
45 154
45 155
45 156
45 157
45 165
45 169
45 172
45 173
45 175
45 176
45 177
45 179
45 180
45 184
45 185
45 187
45 188
45 191
45 192
46 47
46 48
46 50
46 55
46 60
46 61
46 62
46 65
46 66
46 67
46 69
46 70
46 71
46 72
46 73
46 78
46 79
46 80
46 82
46 84
46 85
46 88
46 89
46 90
46 95
46 97
46 100
46 101
46 103
46 107
46 108
46 110
46 111
46 114
46 117
46 119
46 121
46 125
46 126
46 130
46 131
46 134
46 137
46 140
46 141
46 143
46 151
46 155
46 156
46 158
46 162
46 164
46 166
46 167
46 171
46 172
46 174
46 179
46 181
46 183
46 185
46 186
46 187
46 188
46 189
46 190
46 194
46 195
46 196
46 197
47 49
47 51
47 53
47 55
47 61
47 62
47 63
47 64
47 65
47 66
47 67
47 68
47 69
47 70
47 71
47 72
47 73
47 76
47 77
47 82
47 84
47 85
47 86
47 89
47 91
47 92
47 93
47 94
47 97
47 98
47 99
47 100
47 101
47 105
47 107
47 108
47 109
47 112
47 113
47 114
47 117
47 119
47 120
47 122
47 124
47 130
47 131
47 134
47 137
47 138
47 144
47 150
47 153
47 154
47 155
47 158
47 163
47 164
47 167
47 168
47 169
47 170
47 175
47 176
47 178
47 179
47 180
47 181
47 183
47 184
47 186
47 190
47 193
47 195
47 196
47 198
48 49
48 50
48 51
48 54
48 59
48 60
48 62
48 64
48 67
48 68
48 70
48 72
48 74
48 76
48 77
48 80
48 81
48 82
48 86
48 87
48 89
48 90
48 91
48 94
48 98
48 100
48 102
48 103
48 105
48 106
48 110
48 112
48 115
48 116
48 117
48 118
48 125
48 126
48 127
48 131
48 132
48 134
48 135
48 137
48 140
48 145
48 146
48 149
48 150
48 151
48 152
48 153
48 154
48 156
48 157
48 161
48 162
48 163
48 171
48 172
48 173
48 174
48 175
48 177
48 178
48 179
48 183
48 184
48 185
48 186
48 187
48 188
48 190
48 193
48 198
49 51
49 53
49 54
49 59
49 61
49 64
49 65
49 66
49 68
49 69
49 72
49 74
49 76
49 77
49 85
49 86
49 87
49 89
49 90
49 91
49 92
49 95
49 96
49 97
49 98
49 100
49 102
49 103
49 104
49 105
49 106
49 107
49 108
49 110
49 111
49 116
49 117
49 120
49 129
49 130
49 131
49 133
49 134
49 135
49 140
49 145
49 147
49 148
49 154
49 156
49 157
49 159
49 164
49 167
49 170
49 171
49 173
49 174
49 175
49 182
49 183
49 186
49 187
49 189
49 190
49 191
49 193
49 196
49 197
49 199
50 52
50 53
50 54
50 55
50 56
50 57
50 59
50 62
50 63
50 65
50 67
50 68
50 69
50 70
50 71
50 72
50 73
50 74
50 75
50 79
50 80
50 81
50 85
50 86
50 88
50 89
50 90
50 92
50 94
50 95
50 98
50 101
50 103
50 104
50 106
50 107
50 108
50 110
50 111
50 112
50 120
50 122
50 124
50 125
50 129
50 130
50 132
50 136
50 139
50 142
50 143
50 146
50 147
50 148
50 149
50 151
50 152
50 154
50 155
50 157
50 159
50 160
50 162
50 164
50 165
50 169
50 170
50 171
50 172
50 173
50 175
50 176
50 180
50 183
50 184
50 185
50 188
50 189
50 190
50 191
50 193
50 195
50 196
50 198
50 199
51 52
51 54
51 55
51 56
51 57
51 60
51 61
51 63
51 65
51 69
51 71
51 73
51 75
51 81
51 82
51 83
51 85
51 86
51 90
51 91
51 99
51 106
51 107
51 111
51 113
51 114
51 115
51 116
51 118
51 121
51 122
51 124
51 126
51 129
51 134
51 138
51 139
51 140
51 141
51 142
51 143
51 145
51 146
51 148
51 149
51 150
51 151
51 153
51 155
51 156
51 157
51 162
51 164
51 165
51 166
51 167
51 168
51 169
51 173
51 177
51 179
51 180
51 181
51 182
51 184
51 185
51 186
51 187
51 188
51 191
51 192
51 194
51 196
51 197
51 199
52 53
52 54
52 55
52 59
52 60
52 61
52 62
52 63
52 65
52 69
52 72
52 75
52 76
52 79
52 80
52 82
52 83
52 89
52 90
52 97
52 102
52 103
52 104
52 105
52 107
52 109
52 110
52 112
52 114
52 115
52 116
52 117
52 118
52 120
52 121
52 124
52 126
52 127
52 132
52 135
52 136
52 137
52 138
52 141
52 147
52 149
52 150
52 151
52 152
52 154
52 157
52 158
52 163
52 164
52 165
52 166
52 167
52 169
52 170
52 174
52 176
52 177
52 180
52 182
52 183
52 187
52 189
52 190
52 193
52 194
52 197
52 198
52 199
53 57
53 58
53 59
53 62
53 63
53 65
53 66
53 70
53 72
53 74
53 77
53 81
53 82
53 86
53 87
53 89
53 91
53 93
53 94
53 96
53 98
53 99
53 100
53 103
53 104
53 105
53 109
53 110
53 111
53 112
53 118
53 119
53 120
53 121
53 123
53 126
53 128
53 130
53 131
53 134
53 136
53 140
53 141
53 142
53 143
53 144
53 145
53 147
53 148
53 149
53 150
53 151
53 152
53 154
53 155
53 158
53 160
53 162
53 164
53 165
53 170
53 176
53 182
53 185
53 186
53 187
53 189
53 192
53 193
53 196
53 197
54 55
54 58
54 59
54 61
54 62
54 63
54 64
54 66
54 70
54 71
54 73
54 75
54 76
54 79
54 83
54 84
54 85
54 87
54 88
54 89
54 93
54 94
54 96
54 97
54 99
54 100
54 107
54 108
54 111
54 112
54 114
54 116
54 117
54 120
54 123
54 124
54 127
54 129
54 130
54 132
54 133
54 136
54 137
54 138
54 143
54 145
54 146
54 149
54 150
54 153
54 154
54 155
54 160
54 164
54 165
54 166
54 167
54 168
54 169
54 170
54 173
54 176
54 178
54 179
54 180
54 181
54 183
54 184
54 186
54 189
54 190
54 192
54 199
55 56
55 57
55 59
55 60
55 61
55 64
55 65
55 67
55 71
55 72
55 75
55 77
55 80
55 81
55 84
55 85
55 87
55 88
55 89
55 90
55 97
55 98
55 99
55 100
55 101
55 102
55 103
55 104
55 105
55 106
55 107
55 109
55 110
55 114
55 115
55 116
55 117
55 120
55 122
55 123
55 125
55 127
55 131
55 132
55 133
55 138
55 140
55 141
55 144
55 145
55 146
55 147
55 148
55 149
55 150
55 151
55 152
55 158
55 159
55 160
55 162
55 163
55 164
55 165
55 167
55 173
55 174
55 177
55 180
55 185
55 186
55 187
55 188
55 189
55 190
55 192
55 194
55 198
56 57
56 59
56 61
56 62
56 64
56 66
56 69
56 70
56 77
56 79
56 80
56 81
56 82
56 83
56 87
56 88
56 89
56 90
56 93
56 94
56 97
56 98
56 99
56 100
56 101
56 102
56 104
56 105
56 106
56 110
56 112
56 113
56 116
56 117
56 120
56 123
56 124
56 126
56 129
56 130
56 132
56 137
56 140
56 142
56 143
56 145
56 146
56 149
56 150
56 154
56 156
56 161
56 165
56 166
56 167
56 169
56 170
56 171
56 173
56 174
56 175
56 176
56 177
56 179
56 181
56 182
56 183
56 188
56 189
56 190
56 193
56 194
56 196
56 199
57 58
57 59
57 61
57 62
57 64
57 65
57 68
57 69
57 70
57 71
57 72
57 74
57 75
57 76
57 78
57 79
57 81
57 82
57 83
57 84
57 86
57 87
57 88
57 90
57 91
57 95
57 96
57 98
57 100
57 101
57 104
57 105
57 106
57 111
57 112
57 113
57 114
57 116
57 120
57 123
57 126
57 129
57 130
57 131
57 133
57 134
57 138
57 140
57 142
57 145
57 149
57 150
57 155
57 158
57 162
57 164
57 167
57 169
57 172
57 173
57 174
57 175
57 176
57 178
57 179
57 180
57 181
57 184
57 189
57 192
57 193
57 195
58 59
58 60
58 61
58 63
58 64
58 66
58 67
58 71
58 72
58 79
58 80
58 81
58 82
58 89
58 91
58 94
58 95
58 97
58 98
58 100
58 102
58 106
58 108
58 112
58 113
58 117
58 119
58 123
58 125
58 128
58 129
58 139
58 141
58 145
58 146
58 147
58 148
58 149
58 151
58 157
58 161
58 162
58 166
58 168
58 171
58 172
58 175
58 176
58 177
58 178
58 183
58 186
58 187
58 188
58 189
58 192
58 193
58 197
59 62
59 65
59 67
59 68
59 71
59 75
59 76
59 77
59 80
59 81
59 82
59 85
59 86
59 91
59 94
59 95
59 96
59 97
59 98
59 100
59 103
59 104
59 105
59 106
59 108
59 109
59 111
59 112
59 113
59 114
59 115
59 116
59 120
59 123
59 124
59 128
59 133
59 135
59 136
59 138
59 140
59 141
59 144
59 145
59 146
59 147
59 148
59 149
59 152
59 153
59 154
59 155
59 156
59 157
59 158
59 159
59 162
59 164
59 165
59 167
59 169
59 170
59 172
59 176
59 177
59 178
59 179
59 180
59 181
59 182
59 184
59 185
59 187
59 193
59 195
59 197
59 198
59 199
60 66
60 68
60 74
60 77
60 79
60 84
60 85
60 92
60 94
60 95
60 99
60 104
60 105
60 106
60 109
60 110
60 115
60 116
60 118
60 119
60 121
60 122
60 125
60 127
60 128
60 129
60 131
60 132
60 134
60 138
60 140
60 145
60 148
60 151
60 152
60 153
60 155
60 157
60 159
60 164
60 168
60 171
60 179
60 180
60 181
60 182
60 184
60 185
60 186
60 188
60 190
60 191
60 194
60 195
60 198
61 64
61 67
61 71
61 75
61 77
61 79
61 80
61 83
61 84
61 85
61 86
61 87
61 88
61 89
61 90
61 91
61 93
61 94
61 95
61 96
61 97
61 100
61 101
61 102
61 103
61 105
61 108
61 109
61 110
61 111
61 113
61 114
61 118
61 121
61 125
61 126
61 128
61 129
61 133
61 135
61 136
61 138
61 143
61 144
61 145
61 146
61 147
61 149
61 150
61 153
61 154
61 155
61 160
61 165
61 166
61 167
61 169
61 174
61 175
61 180
61 183
61 184
61 185
61 188
61 189
61 190
61 191
61 192
61 195
61 197
62 65
62 67
62 70
62 74
62 75
62 77
62 78
62 79
62 80
62 83
62 86
62 87
62 92
62 93
62 94
62 98
62 100
62 101
62 104
62 105
62 109
62 111
62 113
62 117
62 118
62 119
62 120
62 121
62 123
62 124
62 130
62 131
62 134
62 136
62 137
62 143
62 145
62 148
62 150
62 151
62 152
62 154
62 159
62 160
62 161
62 162
62 164
62 168
62 173
62 174
62 175
62 177
62 179
62 181
62 182
62 185
62 190
62 191
62 192
62 193
62 194
62 197
62 199
63 64
63 68
63 70
63 71
63 72
63 73
63 78
63 79
63 81
63 82
63 83
63 84
63 85
63 90
63 91
63 92
63 94
63 97
63 98
63 99
63 102
63 104
63 106
63 107
63 111
63 114
63 116
63 119
63 120
63 122
63 123
63 125
63 126
63 127
63 129
63 130
63 133
63 134
63 138
63 141
63 143
63 144
63 146
63 147
63 153
63 154
63 156
63 158
63 167
63 169
63 170
63 171
63 174
63 176
63 177
63 178
63 181
63 182
63 183
63 185
63 186
63 187
63 189
63 190
63 192
63 195
63 196
63 197
64 67
64 68
64 70
64 72
64 75
64 78
64 81
64 83
64 84
64 85
64 87
64 88
64 89
64 91
64 96
64 99
64 100
64 101
64 106
64 110
64 111
64 112
64 114
64 115
64 116
64 117
64 119
64 121
64 122
64 123
64 127
64 128
64 130
64 131
64 133
64 135
64 138
64 140
64 144
64 146
64 147
64 148
64 150
64 152
64 153
64 158
64 159
64 165
64 166
64 167
64 168
64 172
64 173
64 174
64 176
64 177
64 178
64 179
64 181
64 183
64 185
64 186
64 189
64 190
64 191
64 192
64 194
64 197
64 198
65 67
65 69
65 72
65 74
65 75
65 77
65 82
65 83
65 84
65 85
65 87
65 89
65 90
65 92
65 93
65 95
65 96
65 104
65 111
65 115
65 118
65 120
65 122
65 123
65 124
65 125
65 126
65 127
65 128
65 129
65 130
65 131
65 142
65 143
65 144
65 148
65 149
65 150
65 152
65 154
65 155
65 158
65 163
65 168
65 169
65 170
65 171
65 172
65 174
65 177
65 178
65 179
65 182
65 184
65 190
65 192
65 194
65 196
65 197
65 198
66 67
66 68
66 69
66 70
66 71
66 72
66 74
66 76
66 77
66 80
66 81
66 82
66 84
66 86
66 87
66 89
66 91
66 92
66 93
66 94
66 96
66 97
66 98
66 99
66 100
66 102
66 103
66 106
66 107
66 108
66 109
66 112
66 121
66 122
66 127
66 130
66 131
66 132
66 133
66 134
66 136
66 137
66 139
66 140
66 142
66 145
66 147
66 149
66 151
66 153
66 154
66 155
66 157
66 158
66 159
66 162
66 163
66 164
66 165
66 168
66 171
66 173
66 175
66 176
66 178
66 180
66 181
66 182
66 188
66 189
66 190
66 191
66 192
66 193
66 196
66 197
66 198
66 199
67 68
67 69
67 72
67 74
67 77
67 78
67 80
67 84
67 85
67 86
67 87
67 90
67 92
67 93
67 94
67 96
67 97
67 98
67 99
67 100
67 105
67 106
67 108
67 110
67 111
67 119
67 121
67 124
67 125
67 128
67 131
67 132
67 133
67 136
67 137
67 138
67 140
67 141
67 142
67 143
67 144
67 147
67 151
67 153
67 154
67 157
67 159
67 160
67 162
67 163
67 165
67 168
67 169
67 173
67 174
67 179
67 180
67 181
67 182
67 185
67 187
67 189
67 191
67 193
67 196
67 199
68 72
68 73
68 74
68 75
68 76
68 77
68 79
68 80
68 81
68 87
68 92
68 94
68 95
68 96
68 97
68 99
68 101
68 102
68 103
68 104
68 107
68 108
68 113
68 114
68 116
68 117
68 118
68 119
68 120
68 121
68 122
68 125
68 126
68 128
68 132
68 134
68 135
68 137
68 140
68 141
68 142
68 145
68 146
68 148
68 149
68 150
68 151
68 152
68 153
68 156
68 159
68 160
68 161
68 162
68 165
68 168
68 170
68 171
68 173
68 174
68 175
68 177
68 178
68 179
68 181
68 182
68 184
68 185
68 186
68 188
68 190
68 191
68 197
69 70
69 71
69 72
69 76
69 77
69 79
69 80
69 82
69 83
69 85
69 86
69 87
69 90
69 95
69 97
69 103
69 106
69 107
69 108
69 110
69 111
69 112
69 113
69 114
69 118
69 120
69 121
69 126
69 128
69 129
69 131
69 133
69 134
69 137
69 139
69 143
69 144
69 146
69 148
69 150
69 152
69 153
69 155
69 156
69 158
69 160
69 162
69 165
69 166
69 169
69 174
69 175
69 177
69 178
69 179
69 180
69 181
69 182
69 183
69 184
69 185
69 186
69 187
69 190
69 191
69 192
69 193
69 195
69 197
69 198
70 73
70 74
70 75
70 77
70 79
70 80
70 82
70 83
70 84
70 85
70 86
70 88
70 89
70 97
70 101
70 102
70 105
70 107
70 108
70 110
70 111
70 113
70 116
70 119
70 120
70 122
70 124
70 125
70 127
70 128
70 130
70 131
70 133
70 134
70 135
70 136
70 139
70 140
70 143
70 145
70 146
70 147
70 151
70 153
70 155
70 156
70 157
70 158
70 159
70 163
70 165
70 166
70 168
70 170
70 171
70 172
70 173
70 174
70 176
70 177
70 178
70 179
70 181
70 183
70 185
70 186
70 188
70 190
70 191
70 192
70 193
70 194
70 198
70 199
71 74
71 77
71 78
71 79
71 81
71 82
71 85
71 86
71 87
71 92
71 93
71 94
71 96
71 97
71 98
71 104
71 106
71 107
71 111
71 112
71 113
71 114
71 116
71 118
71 120
71 121
71 124
71 127
71 129
71 133
71 138
71 141
71 142
71 144
71 147
71 148
71 150
71 152
71 154
71 156
71 157
71 159
71 160
71 161
71 162
71 163
71 165
71 169
71 170
71 177
71 181
71 182
71 183
71 184
71 186
71 187
71 189
71 192
71 194
71 196
72 73
72 75
72 77
72 79
72 83
72 84
72 85
72 88
72 89
72 90
72 91
72 92
72 96
72 97
72 98
72 99
72 104
72 106
72 107
72 108
72 109
72 113
72 115
72 117
72 118
72 119
72 120
72 121
72 122
72 125
72 126
72 130
72 131
72 132
72 133
72 134
72 137
72 139
72 140
72 142
72 144
72 145
72 146
72 147
72 149
72 151
72 158
72 162
72 163
72 164
72 165
72 168
72 170
72 171
72 173
72 174
72 179
72 182
72 183
72 186
72 187
72 189
72 191
72 192
72 193
72 194
72 196
73 74
73 75
73 79
73 80
73 81
73 82
73 83
73 84
73 85
73 87
73 88
73 89
73 92
73 93
73 94
73 96
73 98
73 99
73 100
73 101
73 106
73 110
73 111
73 113
73 115
73 116
73 119
73 121
73 122
73 124
73 125
73 128
73 130
73 134
73 135
73 136
73 137
73 140
73 141
73 142
73 143
73 144
73 145
73 146
73 147
73 150
73 154
73 159
73 160
73 162
73 163
73 164
73 166
73 167
73 168
73 169
73 173
73 174
73 175
73 176
73 177
73 178
73 179
73 182
73 183
73 186
73 188
73 189
73 190
73 191
73 192
73 193
73 196
74 77
74 78
74 80
74 81
74 82
74 84
74 85
74 86
74 87
74 88
74 89
74 91
74 96
74 100
74 101
74 102
74 105
74 108
74 110
74 112
74 114
74 116
74 118
74 119
74 123
74 124
74 126
74 129
74 133
74 137
74 138
74 139
74 141
74 149
74 150
74 154
74 156
74 158
74 164
74 165
74 168
74 169
74 172
74 174
74 175
74 176
74 177
74 178
74 179
74 181
74 182
74 189
74 190
74 191
74 192
74 193
74 196
74 199
75 77
75 78
75 80
75 81
75 82
75 85
75 86
75 87
75 89
75 90
75 94
75 95
75 96
75 98
75 99
75 100
75 101
75 104
75 105
75 107
75 108
75 109
75 111
75 112
75 117
75 118
75 125
75 129
75 130
75 131
75 132
75 134
75 136
75 137
75 139
75 142
75 144
75 145
75 147
75 148
75 150
75 154
75 159
75 161
75 162
75 163
75 165
75 167
75 169
75 171
75 172
75 173
75 175
75 178
75 181
75 182
75 183
75 186
75 188
75 189
75 191
75 192
75 194
75 196
75 197
75 199
76 77
76 78
76 80
76 81
76 82
76 83
76 84
76 85
76 86
76 87
76 90
76 91
76 93
76 94
76 96
76 98
76 99
76 100
76 102
76 103
76 106
76 107
76 112
76 116
76 117
76 118
76 120
76 121
76 124
76 126
76 128
76 129
76 131
76 134
76 136
76 137
76 138
76 139
76 141
76 143
76 144
76 147
76 149
76 151
76 152
76 154
76 156
76 157
76 158
76 159
76 160
76 161
76 163
76 164
76 166
76 169
76 170
76 171
76 173
76 174
76 179
76 180
76 181
76 182
76 183
76 184
76 185
76 186
76 187
76 188
76 192
76 193
76 195
77 81
77 82
77 84
77 85
77 88
77 89
77 90
77 91
77 95
77 96
77 97
77 98
77 99
77 103
77 105
77 106
77 108
77 109
77 111
77 113
77 115
77 116
77 117
77 118
77 119
77 120
77 122
77 129
77 131
77 132
77 133
77 134
77 135
77 136
77 139
77 141
77 142
77 145
77 149
77 152
77 159
77 163
77 164
77 167
77 169
77 170
77 171
77 172
77 174
77 175
77 176
77 177
77 179
77 182
77 185
77 186
77 187
77 188
77 190
77 191
77 192
77 193
77 194
77 195
77 197
77 199
78 79
78 80
78 81
78 82
78 85
78 86
78 87
78 88
78 89
78 91
78 93
78 95
78 96
78 97
78 99
78 100
78 101
78 102
78 104
78 107
78 108
78 114
78 116
78 117
78 118
78 121
78 127
78 130
78 132
78 135
78 136
78 139
78 140
78 142
78 143
78 148
78 151
78 154
78 156
78 157
78 158
78 160
78 161
78 162
78 163
78 164
78 166
78 167
78 170
78 172
78 173
78 174
78 179
78 180
78 182
78 183
78 184
78 186
78 187
78 188
78 190
78 191
78 193
78 195
78 197
78 198
79 80
79 82
79 84
79 86
79 88
79 90
79 91
79 92
79 93
79 96
79 97
79 98
79 102
79 103
79 106
79 107
79 108
79 109
79 113
79 114
79 115
79 118
79 124
79 125
79 126
79 131
79 133
79 134
79 135
79 136
79 137
79 140
79 141
79 142
79 145
79 148
79 152
79 154
79 155
79 157
79 160
79 161
79 162
79 164
79 166
79 169
79 171
79 172
79 174
79 176
79 179
79 180
79 181
79 184
79 188
79 189
79 190
79 192
79 194
79 197
79 198
79 199
80 82
80 85
80 86
80 90
80 91
80 93
80 94
80 99
80 102
80 103
80 104
80 105
80 108
80 110
80 113
80 114
80 115
80 117
80 118
80 119
80 121
80 122
80 124
80 127
80 129
80 131
80 132
80 133
80 135
80 136
80 137
80 138
80 139
80 140
80 141
80 143
80 145
80 148
80 149
80 154
80 155
80 158
80 161
80 163
80 168
80 171
80 172
80 174
80 178
80 179
80 181
80 183
80 186
80 187
80 191
80 192
80 193
80 194
80 195
80 196
80 197
80 198
80 199
81 82
81 85
81 91
81 95
81 96
81 101
81 102
81 103
81 104
81 105
81 106
81 107
81 111
81 112
81 114
81 115
81 116
81 117
81 118
81 120
81 122
81 123
81 124
81 128
81 129
81 132
81 133
81 140
81 142
81 143
81 145
81 146
81 147
81 148
81 150
81 155
81 156
81 157
81 160
81 161
81 163
81 164
81 165
81 168
81 169
81 170
81 172
81 177
81 179
81 180
81 183
81 187
81 193
81 198
81 199
82 83
82 84
82 87
82 89
82 90
82 91
82 93
82 94
82 95
82 97
82 100
82 102
82 103
82 104
82 108
82 110
82 112
82 113
82 116
82 118
82 120
82 121
82 122
82 124
82 128
82 129
82 132
82 133
82 134
82 135
82 136
82 137
82 140
82 143
82 144
82 146
82 147
82 150
82 152
82 155
82 157
82 160
82 165
82 166
82 169
82 172
82 173
82 174
82 175
82 177
82 178
82 180
82 181
82 184
82 185
82 186
82 187
82 188
82 191
82 194
82 197
82 198
82 199
83 86
83 91
83 93
83 94
83 98
83 105
83 106
83 108
83 109
83 111
83 114
83 115
83 117
83 118
83 120
83 121
83 123
83 124
83 128
83 129
83 135
83 137
83 142
83 143
83 145
83 146
83 148
83 150
83 152
83 153
83 158
83 160
83 161
83 163
83 165
83 166
83 167
83 169
83 171
83 174
83 177
83 178
83 179
83 180
83 181
83 183
83 184
83 185
83 186
83 188
83 189
83 190
83 192
83 193
83 195
83 197
84 89
84 93
84 94
84 97
84 99
84 102
84 105
84 106
84 108
84 110
84 111
84 112
84 113
84 114
84 116
84 117
84 119
84 125
84 126
84 131
84 134
84 137
84 143
84 145
84 152
84 153
84 154
84 155
84 157
84 158
84 159
84 161
84 162
84 165
84 168
84 169
84 171
84 172
84 174
84 176
84 178
84 179
84 183
84 184
84 187
84 190
84 193
84 196
84 197
84 198
84 199
85 86
85 87
85 88
85 89
85 91
85 93
85 94
85 95
85 96
85 97
85 99
85 101
85 102
85 103
85 105
85 108
85 110
85 112
85 113
85 114
85 117
85 118
85 120
85 125
85 128
85 131
85 132
85 133
85 135
85 136
85 138
85 140
85 142
85 143
85 144
85 147
85 148
85 149
85 151
85 152
85 153
85 154
85 155
85 156
85 157
85 158
85 163
85 167
85 168
85 169
85 171
85 172
85 175
85 178
85 179
85 180
85 181
85 182
85 183
85 184
85 186
85 187
85 190
85 192
85 193
85 194
85 196
85 197
85 199
86 89
86 90
86 92
86 93
86 95
86 96
86 97
86 99
86 101
86 103
86 104
86 105
86 106
86 107
86 108
86 110
86 111
86 112
86 113
86 114
86 115
86 116
86 119
86 120
86 121
86 123
86 125
86 126
86 128
86 129
86 130
86 135
86 139
86 140
86 141
86 142
86 143
86 144
86 145
86 148
86 150
86 151
86 152
86 153
86 154
86 156
86 159
86 161
86 163
86 166
86 170
86 171
86 172
86 173
86 185
86 186
86 188
86 189
86 190
86 191
86 192
86 193
86 194
86 195
86 196
86 198
86 199
87 88
87 95
87 97
87 98
87 102
87 104
87 105
87 107
87 108
87 110
87 112
87 116
87 118
87 120
87 122
87 123
87 125
87 127
87 128
87 131
87 134
87 135
87 137
87 140
87 143
87 144
87 145
87 146
87 147
87 148
87 150
87 152
87 153
87 154
87 155
87 156
87 158
87 163
87 164
87 166
87 170
87 180
87 181
87 182
87 184
87 186
87 188
87 189
87 190
87 196
87 198
88 90
88 92
88 93
88 94
88 95
88 96
88 97
88 100
88 101
88 103
88 106
88 110
88 111
88 114
88 116
88 117
88 118
88 119
88 122
88 124
88 127
88 128
88 130
88 133
88 135
88 137
88 139
88 140
88 142
88 146
88 147
88 149
88 150
88 151
88 156
88 157
88 158
88 160
88 161
88 162
88 169
88 172
88 174
88 175
88 176
88 177
88 178
88 179
88 180
88 182
88 183
88 185
88 186
88 188
88 190
88 194
88 196
88 197
88 198
89 91
89 92
89 93
89 101
89 103
89 104
89 107
89 108
89 110
89 112
89 113
89 116
89 117
89 118
89 119
89 121
89 123
89 124
89 125
89 129
89 130
89 131
89 132
89 133
89 134
89 136
89 137
89 139
89 141
89 142
89 143
89 146
89 152
89 155
89 157
89 159
89 160
89 162
89 164
89 165
89 166
89 167
89 169
89 175
89 176
89 177
89 180
89 181
89 186
89 187
89 189
89 191
89 193
89 197
89 198
90 91
90 92
90 93
90 94
90 95
90 96
90 99
90 102
90 106
90 109
90 115
90 120
90 121
90 123
90 125
90 127
90 128
90 135
90 137
90 138
90 139
90 140
90 141
90 143
90 144
90 145
90 146
90 147
90 149
90 150
90 153
90 154
90 155
90 158
90 160
90 163
90 165
90 168
90 169
90 170
90 173
90 174
90 175
90 177
90 178
90 180
90 184
90 185
90 188
90 189
90 190
90 192
90 196
90 197
90 198
91 92
91 93
91 95
91 97
91 98
91 99
91 100
91 102
91 103
91 104
91 106
91 108
91 112
91 114
91 115
91 117
91 118
91 119
91 120
91 121
91 122
91 125
91 126
91 127
91 129
91 131
91 132
91 134
91 137
91 138
91 140
91 142
91 143
91 146
91 150
91 153
91 154
91 155
91 161
91 162
91 163
91 164
91 165
91 166
91 168
91 169
91 170
91 176
91 179
91 180
91 182
91 183
91 185
91 186
91 189
91 190
91 191
91 192
91 194
91 197
91 198
91 199
92 96
92 97
92 103
92 107
92 110
92 112
92 113
92 114
92 116
92 119
92 122
92 125
92 126
92 127
92 128
92 129
92 131
92 133
92 138
92 139
92 142
92 145
92 148
92 150
92 151
92 153
92 154
92 155
92 158
92 159
92 160
92 162
92 165
92 167
92 169
92 173
92 174
92 176
92 179
92 180
92 181
92 182
92 183
92 187
92 189
92 190
92 197
92 198
92 199
93 94
93 96
93 97
93 99
93 100
93 101
93 104
93 105
93 106
93 109
93 110
93 114
93 115
93 117
93 118
93 119
93 122
93 123
93 125
93 126
93 129
93 130
93 131
93 132
93 133
93 134
93 135
93 136
93 137
93 138
93 140
93 141
93 142
93 143
93 145
93 147
93 148
93 150
93 153
93 156
93 157
93 160
93 161
93 163
93 164
93 166
93 169
93 171
93 172
93 174
93 176
93 178
93 181
93 182
93 183
93 184
93 185
93 186
93 187
93 193
93 195
93 196
93 197
93 198
94 95
94 97
94 107
94 109
94 114
94 116
94 118
94 122
94 124
94 125
94 126
94 127
94 129
94 132
94 134
94 136
94 137
94 140
94 144
94 150
94 151
94 152
94 154
94 155
94 157
94 160
94 162
94 163
94 164
94 165
94 166
94 167
94 168
94 170
94 171
94 172
94 173
94 177
94 178
94 180
94 181
94 183
94 184
94 186
94 187
94 189
94 192
94 193
94 195
94 198
95 96
95 101
95 102
95 103
95 106
95 108
95 109
95 110
95 111
95 112
95 114
95 115
95 116
95 118
95 119
95 120
95 121
95 122
95 127
95 128
95 129
95 130
95 131
95 133
95 134
95 136
95 139
95 141
95 143
95 145
95 150
95 151
95 152
95 154
95 155
95 158
95 160
95 162
95 164
95 165
95 166
95 167
95 169
95 170
95 171
95 181
95 182
95 183
95 184
95 185
95 189
95 191
95 192
95 194
95 197
95 198
96 97
96 100
96 101
96 102
96 105
96 106
96 110
96 111
96 112
96 113
96 116
96 117
96 121
96 123
96 124
96 125
96 127
96 130
96 132
96 136
96 138
96 139
96 140
96 141
96 143
96 144
96 150
96 151
96 152
96 157
96 158
96 164
96 165
96 167
96 174
96 175
96 177
96 178
96 179
96 184
96 186
96 187
96 189
96 190
96 194
96 195
96 196
97 98
97 103
97 109
97 111
97 113
97 114
97 115
97 117
97 123
97 125
97 126
97 130
97 131
97 132
97 133
97 134
97 136
97 137
97 138
97 139
97 140
97 142
97 147
97 149
97 151
97 156
97 157
97 160
97 161
97 162
97 164
97 165
97 166
97 168
97 169
97 172
97 176
97 177
97 182
97 185
97 186
97 187
97 191
97 193
97 195
97 198
97 199
98 100
98 103
98 105
98 108
98 109
98 112
98 113
98 117
98 119
98 124
98 126
98 128
98 130
98 131
98 133
98 134
98 137
98 138
98 139
98 144
98 148
98 149
98 150
98 152
98 153
98 156
98 158
98 159
98 160
98 161
98 165
98 167
98 169
98 170
98 171
98 172
98 173
98 174
98 175
98 177
98 178
98 181
98 183
98 186
98 187
98 191
98 193
98 194
98 195
99 100
99 101
99 103
99 105
99 106
99 107
99 109
99 114
99 115
99 116
99 119
99 121
99 122
99 125
99 128
99 132
99 133
99 134
99 135
99 137
99 139
99 141
99 142
99 143
99 144
99 145
99 149
99 150
99 152
99 154
99 155
99 160
99 161
99 163
99 165
99 166
99 168
99 169
99 173
99 174
99 175
99 180
99 181
99 182
99 183
99 184
99 186
99 189
99 190
99 192
99 193
99 197
99 198
99 199
100 102
100 103
100 105
100 111
100 112
100 121
100 124
100 125
100 127
100 128
100 130
100 133
100 134
100 135
100 136
100 138
100 139
100 142
100 145
100 146
100 148
100 149
100 151
100 152
100 158
100 163
100 165
100 166
100 167
100 168
100 169
100 176
100 177
100 178
100 179
100 180
100 182
100 183
100 186
100 187
100 188
100 189
100 190
100 192
100 194
100 195
100 198
101 103
101 104
101 106
101 107
101 108
101 109
101 112
101 113
101 115
101 117
101 118
101 121
101 122
101 123
101 124
101 127
101 130
101 132
101 134
101 136
101 137
101 138
101 139
101 140
101 141
101 143
101 144
101 146
101 147
101 148
101 149
101 152
101 156
101 157
101 158
101 159
101 161
101 162
101 164
101 166
101 169
101 171
101 178
101 179
101 180
101 181
101 183
101 185
101 186
101 187
101 188
101 190
101 192
101 193
101 197
101 198
102 104
102 108
102 111
102 112
102 117
102 119
102 120
102 121
102 123
102 125
102 127
102 129
102 130
102 134
102 136
102 139
102 140
102 143
102 145
102 147
102 149
102 152
102 153
102 156
102 158
102 160
102 163
102 166
102 168
102 169
102 170
102 172
102 177
102 180
102 182
102 183
102 184
102 187
102 189
103 106
103 107
103 108
103 109
103 111
103 113
103 114
103 118
103 122
103 123
103 126
103 130
103 131
103 136
103 137
103 138
103 139
103 141
103 143
103 144
103 146
103 147
103 148
103 151
103 153
103 155
103 161
103 168
103 169
103 171
103 173
103 175
103 176
103 177
103 179
103 183
103 186
103 188
103 189
103 192
103 193
103 195
103 198
104 105
104 107
104 111
104 112
104 115
104 120
104 121
104 122
104 124
104 125
104 127
104 129
104 131
104 134
104 136
104 138
104 140
104 142
104 145
104 146
104 148
104 153
104 155
104 156
104 157
104 160
104 161
104 162
104 163
104 165
104 168
104 172
104 178
104 183
104 185
104 186
104 187
104 192
104 194
104 199
105 107
105 113
105 115
105 118
105 119
105 123
105 125
105 127
105 131
105 132
105 134
105 136
105 137
105 140
105 143
105 146
105 148
105 149
105 150
105 155
105 157
105 158
105 159
105 163
105 165
105 167
105 169
105 172
105 173
105 174
105 177
105 178
105 180
105 181
105 182
105 183
105 184
105 186
105 187
105 190
105 193
105 195
105 196
105 198
105 199
106 108
106 110
106 114
106 116
106 117
106 118
106 119
106 121
106 122
106 123
106 124
106 128
106 129
106 131
106 132
106 133
106 134
106 135
106 136
106 138
106 139
106 140
106 141
106 142
106 144
106 145
106 147
106 148
106 149
106 150
106 152
106 153
106 154
106 157
106 162
106 163
106 164
106 165
106 170
106 171
106 173
106 174
106 175
106 176
106 178
106 180
106 182
106 183
106 184
106 185
106 186
106 187
106 191
106 193
106 194
106 195
106 198
106 199
107 108
107 109
107 110
107 112
107 114
107 117
107 119
107 121
107 122
107 123
107 125
107 126
107 127
107 128
107 131
107 134
107 135
107 136
107 137
107 138
107 139
107 140
107 143
107 144
107 147
107 151
107 153
107 154
107 156
107 157
107 163
107 164
107 165
107 166
107 167
107 168
107 169
107 171
107 173
107 174
107 178
107 182
107 185
107 187
107 190
107 191
107 192
107 193
107 196
107 199
108 109
108 112
108 115
108 118
108 120
108 122
108 125
108 126
108 127
108 128
108 129
108 130
108 134
108 135
108 137
108 145
108 146
108 148
108 149
108 153
108 154
108 155
108 157
108 160
108 162
108 164
108 166
108 168
108 169
108 170
108 172
108 173
108 175
108 177
108 180
108 182
108 186
108 189
108 190
108 193
108 194
108 195
108 197
108 198
109 113
109 114
109 116
109 117
109 118
109 119
109 121
109 122
109 124
109 125
109 126
109 128
109 130
109 134
109 138
109 141
109 142
109 144
109 148
109 150
109 151
109 156
109 157
109 159
109 162
109 163
109 164
109 168
109 170
109 172
109 174
109 177
109 178
109 179
109 180
109 181
109 182
109 183
109 184
109 185
109 186
109 189
109 190
109 191
109 192
109 196
109 197
109 199
110 111
110 113
110 116
110 117
110 118
110 122
110 125
110 126
110 127
110 128
110 129
110 132
110 134
110 136
110 137
110 138
110 139
110 142
110 143
110 144
110 148
110 151
110 153
110 154
110 155
110 156
110 158
110 161
110 163
110 165
110 168
110 170
110 172
110 173
110 176
110 177
110 184
110 187
110 196
110 197
110 198
111 112
111 113
111 115
111 121
111 122
111 123
111 125
111 127
111 128
111 129
111 130
111 132
111 133
111 134
111 135
111 136
111 137
111 138
111 139
111 141
111 144
111 145
111 148
111 149
111 150
111 151
111 152
111 154
111 155
111 157
111 160
111 163
111 164
111 165
111 168
111 170
111 171
111 174
111 177
111 178
111 182
111 183
111 184
111 185
111 186
111 189
111 190
111 191
111 193
111 194
111 196
111 198
111 199
112 114
112 117
112 120
112 123
112 125
112 128
112 130
112 133
112 137
112 138
112 139
112 140
112 141
112 143
112 144
112 147
112 148
112 150
112 152
112 153
112 157
112 158
112 162
112 163
112 164
112 165
112 168
112 169
112 171
112 173
112 175
112 179
112 180
112 182
112 183
112 184
112 186
112 189
112 197
112 199
113 114
113 115
113 117
113 118
113 119
113 122
113 123
113 125
113 126
113 127
113 129
113 130
113 131
113 132
113 135
113 138
113 139
113 140
113 141
113 144
113 146
113 150
113 151
113 152
113 153
113 154
113 155
113 156
113 157
113 162
113 163
113 165
113 166
113 169
113 171
113 172
113 173
113 174
113 177
113 178
113 179
113 180
113 182
113 183
113 184
113 185
113 187
113 189
113 191
113 192
113 193
113 194
113 198
114 116
114 122
114 123
114 125
114 127
114 128
114 130
114 131
114 134
114 135
114 136
114 137
114 140
114 142
114 144
114 145
114 146
114 148
114 149
114 150
114 151
114 157
114 158
114 160
114 161
114 162
114 163
114 167
114 168
114 170
114 171
114 174
114 175
114 176
114 177
114 178
114 182
114 183
114 184
114 185
114 189
114 190
114 196
114 197
114 198
115 119
115 121
115 123
115 124
115 127
115 128
115 129
115 130
115 131
115 132
115 133
115 135
115 136
115 140
115 141
115 142
115 147
115 148
115 149
115 150
115 151
115 152
115 153
115 158
115 160
115 161
115 163
115 164
115 166
115 167
115 169
115 171
115 172
115 175
115 176
115 177
115 178
115 181
115 182
115 184
115 186
115 187
115 188
115 190
115 195
115 196
115 197
115 199
116 117
116 119
116 120
116 123
116 124
116 125
116 127
116 130
116 133
116 135
116 136
116 138
116 139
116 140
116 141
116 143
116 144
116 146
116 147
116 148
116 150
116 151
116 152
116 153
116 155
116 158
116 159
116 162
116 164
116 165
116 166
116 171
116 173
116 174
116 175
116 176
116 181
116 183
116 189
116 191
116 193
116 194
116 195
116 197
116 199
117 119
117 121
117 122
117 127
117 130
117 131
117 132
117 135
117 137
117 139
117 141
117 142
117 144
117 148
117 153
117 156
117 157
117 160
117 161
117 168
117 170
117 171
117 172
117 173
117 174
117 175
117 176
117 177
117 178
117 181
117 182
117 183
117 186
117 190
117 193
117 194
117 195
117 196
117 197
118 119
118 120
118 121
118 122
118 136
118 138
118 141
118 142
118 144
118 145
118 146
118 149
118 150
118 152
118 160
118 163
118 165
118 166
118 171
118 173
118 174
118 179
118 183
118 185
118 188
118 190
118 192
118 194
118 195
118 197
118 199
119 122
119 126
119 127
119 128
119 129
119 132
119 134
119 138
119 139
119 141
119 144
119 146
119 147
119 151
119 154
119 157
119 158
119 159
119 160
119 164
119 166
119 167
119 169
119 172
119 177
119 178
119 179
119 182
119 183
119 185
119 186
119 189
119 190
119 192
119 194
119 196
120 121
120 122
120 123
120 130
120 133
120 136
120 137
120 138
120 140
120 143
120 146
120 150
120 151
120 154
120 156
120 157
120 159
120 161
120 162
120 167
120 170
120 171
120 172
120 173
120 175
120 177
120 178
120 179
120 181
120 182
120 184
120 185
120 186
120 187
120 192
120 193
120 196
120 197
120 199
121 122
121 125
121 127
121 131
121 132
121 133
121 134
121 136
121 139
121 140
121 141
121 142
121 144
121 147
121 148
121 152
121 153
121 155
121 157
121 159
121 160
121 162
121 165
121 167
121 168
121 169
121 170
121 171
121 173
121 174
121 176
121 177
121 180
121 184
121 186
121 190
121 192
121 193
121 194
121 196
122 123
122 124
122 125
122 127
122 130
122 131
122 138
122 139
122 140
122 141
122 143
122 144
122 145
122 146
122 147
122 150
122 153
122 154
122 155
122 156
122 158
122 159
122 160
122 161
122 164
122 167
122 172
122 174
122 175
122 176
122 177
122 178
122 179
122 180
122 182
122 184
122 186
122 187
122 191
122 192
122 193
122 197
123 124
123 128
123 130
123 131
123 133
123 134
123 136
123 138
123 139
123 140
123 141
123 142
123 144
123 150
123 152
123 153
123 155
123 156
123 157
123 159
123 160
123 161
123 166
123 167
123 169
123 171
123 176
123 178
123 179
123 183
123 184
123 188
123 190
123 198
123 199
124 125
124 126
124 127
124 129
124 130
124 133
124 134
124 136
124 138
124 143
124 147
124 154
124 155
124 162
124 163
124 166
124 167
124 168
124 172
124 175
124 176
124 178
124 179
124 187
124 189
124 194
124 196
124 198
125 127
125 128
125 131
125 132
125 133
125 134
125 136
125 137
125 140
125 141
125 142
125 143
125 151
125 152
125 154
125 155
125 159
125 160
125 163
125 164
125 169
125 171
125 173
125 177
125 178
125 179
125 180
125 181
125 185
125 186
125 187
125 188
125 189
125 190
125 194
125 199
126 128
126 130
126 131
126 136
126 137
126 140
126 142
126 144
126 145
126 146
126 147
126 148
126 151
126 152
126 153
126 154
126 155
126 156
126 160
126 161
126 162
126 168
126 169
126 171
126 175
126 176
126 178
126 179
126 180
126 192
126 193
126 194
126 195
126 197
126 198
127 128
127 131
127 134
127 137
127 142
127 143
127 145
127 151
127 155
127 156
127 158
127 161
127 162
127 164
127 165
127 167
127 168
127 170
127 171
127 173
127 177
127 178
127 181
127 182
127 183
127 186
127 188
127 189
127 191
127 193
127 195
127 196
127 197
127 198
127 199
128 131
128 134
128 137
128 140
128 141
128 144
128 145
128 148
128 149
128 150
128 151
128 154
128 155
128 156
128 157
128 158
128 159
128 160
128 161
128 162
128 164
128 168
128 173
128 177
128 178
128 179
128 180
128 181
128 184
128 185
128 186
128 187
128 188
128 190
128 192
128 194
128 196
128 197
128 198
129 132
129 135
129 136
129 140
129 141
129 143
129 145
129 146
129 147
129 151
129 154
129 156
129 157
129 158
129 159
129 160
129 162
129 164
129 166
129 167
129 168
129 169
129 170
129 173
129 175
129 176
129 177
129 178
129 179
129 180
129 187
129 189
129 191
129 192
129 193
129 194
129 195
129 196
130 131
130 132
130 133
130 134
130 135
130 136
130 137
130 139
130 141
130 143
130 145
130 147
130 150
130 151
130 153
130 154
130 161
130 162
130 168
130 169
130 170
130 171
130 176
130 177
130 181
130 183
130 184
130 188
130 190
130 191
130 195
130 196
131 133
131 134
131 138
131 140
131 141
131 148
131 151
131 152
131 153
131 156
131 158
131 159
131 161
131 162
131 164
131 169
131 170
131 172
131 173
131 178
131 180
131 182
131 184
131 188
131 191
131 192
131 194
131 195
131 196
131 198
132 133
132 134
132 138
132 139
132 140
132 142
132 144
132 145
132 147
132 148
132 149
132 151
132 152
132 157
132 159
132 162
132 164
132 165
132 166
132 167
132 168
132 170
132 171
132 177
132 178
132 181
132 183
132 185
132 186
132 190
132 197
133 135
133 137
133 139
133 143
133 144
133 147
133 149
133 151
133 152
133 155
133 156
133 157
133 158
133 159
133 160
133 161
133 163
133 166
133 168
133 169
133 170
133 171
133 172
133 176
133 177
133 178
133 179
133 181
133 182
133 183
133 184
133 185
133 187
133 188
133 192
133 194
133 199
134 136
134 141
134 143
134 144
134 145
134 146
134 147
134 148
134 149
134 150
134 154
134 158
134 161
134 163
134 165
134 167
134 169
134 170
134 171
134 173
134 174
134 175
134 178
134 179
134 183
134 184
134 186
134 188
134 189
134 190
134 193
134 195
134 196
134 197
134 198
135 137
135 139
135 140
135 143
135 144
135 145
135 146
135 147
135 148
135 150
135 154
135 156
135 162
135 163
135 165
135 166
135 169
135 171
135 172
135 173
135 174
135 176
135 178
135 180
135 181
135 185
135 187
135 191
135 193
135 194
135 195
135 196
135 197
135 198
135 199
136 137
136 139
136 140
136 141
136 143
136 144
136 150
136 151
136 158
136 159
136 161
136 163
136 169
136 170
136 172
136 173
136 177
136 182
136 183
136 184
136 185
136 187
136 188
136 189
136 190
136 191
136 194
136 195
136 196
136 197
136 198
136 199
137 138
137 139
137 142
137 144
137 145
137 148
137 149
137 152
137 153
137 154
137 155
137 157
137 158
137 160
137 165
137 167
137 168
137 169
137 170
137 173
137 174
137 175
137 177
137 178
137 180
137 181
137 184
137 185
137 186
137 187
137 188
137 191
137 193
137 195
137 197
138 139
138 140
138 141
138 144
138 145
138 149
138 150
138 151
138 153
138 155
138 156
138 158
138 159
138 161
138 162
138 164
138 168
138 170
138 171
138 177
138 178
138 179
138 180
138 181
138 182
138 183
138 185
138 186
138 190
138 191
138 192
138 194
139 140
139 146
139 147
139 148
139 154
139 156
139 162
139 163
139 166
139 173
139 180
139 183
139 184
139 185
139 188
139 190
139 192
139 193
139 195
139 196
139 199
140 144
140 148
140 149
140 151
140 153
140 154
140 155
140 156
140 160
140 162
140 163
140 166
140 168
140 169
140 172
140 177
140 179
140 180
140 181
140 182
140 183
140 185
140 186
140 187
140 188
140 189
140 190
140 192
140 193
140 194
140 195
140 196
140 198
141 142
141 149
141 153
141 154
141 155
141 156
141 157
141 158
141 160
141 161
141 162
141 163
141 164
141 166
141 167
141 173
141 174
141 176
141 178
141 179
141 182
141 183
141 184
141 185
141 187
141 188
141 191
141 192
141 195
141 196
141 197
142 143
142 145
142 157
142 158
142 159
142 161
142 162
142 163
142 164
142 168
142 173
142 176
142 177
142 178
142 179
142 180
142 182
142 183
142 184
142 186
142 189
142 190
142 192
142 195
142 199
143 146
143 147
143 151
143 155
143 158
143 160
143 163
143 165
143 166
143 167
143 169
143 170
143 172
143 173
143 178
143 179
143 187
143 188
143 195
143 196
143 197
143 198
143 199
144 145
144 146
144 148
144 149
144 151
144 154
144 156
144 164
144 165
144 166
144 168
144 169
144 170
144 171
144 172
144 174
144 176
144 181
144 182
144 184
144 188
144 190
144 191
144 194
144 195
144 196
144 198
145 146
145 147
145 148
145 151
145 153
145 154
145 155
145 156
145 158
145 159
145 161
145 162
145 166
145 169
145 170
145 171
145 172
145 175
145 177
145 180
145 181
145 182
145 185
145 193
145 194
145 195
145 196
145 199
146 148
146 152
146 153
146 155
146 156
146 161
146 163
146 164
146 165
146 166
146 167
146 168
146 170
146 172
146 174
146 175
146 178
146 179
146 180
146 181
146 185
146 188
146 189
146 190
146 192
146 194
146 197
147 148
147 152
147 154
147 158
147 159
147 160
147 162
147 163
147 164
147 166
147 167
147 169
147 171
147 174
147 175
147 176
147 178
147 179
147 180
147 182
147 185
147 186
147 188
147 189
147 191
147 192
147 194
147 196
147 198
147 199
148 149
148 150
148 151
148 152
148 153
148 156
148 158
148 163
148 167
148 169
148 170
148 172
148 174
148 175
148 176
148 178
148 179
148 180
148 181
148 183
148 185
148 186
148 190
148 193
148 194
148 197
148 198
149 151
149 153
149 156
149 157
149 158
149 160
149 162
149 163
149 165
149 168
149 172
149 174
149 176
149 177
149 178
149 179
149 182
149 184
149 185
149 186
149 188
149 190
149 195
149 196
149 198
149 199
150 152
150 153
150 155
150 156
150 162
150 164
150 165
150 167
150 168
150 169
150 172
150 175
150 177
150 182
150 184
150 185
150 187
150 189
150 190
150 191
150 192
150 197
150 199
151 154
151 155
151 158
151 162
151 165
151 166
151 170
151 171
151 173
151 174
151 175
151 176
151 177
151 178
151 179
151 180
151 182
151 183
151 186
151 187
151 189
151 190
151 191
151 194
151 196
151 198
151 199
152 157
152 158
152 160
152 163
152 164
152 165
152 167
152 168
152 169
152 170
152 173
152 174
152 175
152 176
152 178
152 179
152 181
152 184
152 187
152 189
152 191
152 192
152 193
152 195
152 197
152 198
152 199
153 154
153 155
153 156
153 160
153 161
153 163
153 170
153 171
153 175
153 176
153 178
153 183
153 184
153 185
153 189
153 191
153 193
153 194
153 195
153 196
153 197
153 199
154 156
154 161
154 162
154 164
154 165
154 166
154 167
154 169
154 170
154 171
154 175
154 176
154 177
154 183
154 184
154 186
154 187
154 191
154 192
154 194
154 197
154 198
154 199
155 156
155 157
155 159
155 162
155 165
155 170
155 171
155 172
155 173
155 176
155 179
155 180
155 181
155 182
155 183
155 185
155 186
155 187
155 188
155 192
155 193
155 195
156 157
156 158
156 159
156 160
156 161
156 163
156 164
156 166
156 168
156 169
156 172
156 173
156 175
156 176
156 177
156 182
156 184
156 192
156 194
156 195
156 196
156 197
156 199
157 158
157 163
157 168
157 169
157 172
157 177
157 181
157 183
157 186
157 187
157 188
157 189
157 191
157 194
157 195
157 199
158 159
158 160
158 164
158 167
158 168
158 169
158 171
158 173
158 175
158 176
158 177
158 178
158 179
158 180
158 184
158 186
158 187
158 189
158 191
158 192
158 195
158 197
159 161
159 165
159 167
159 168
159 173
159 176
159 177
159 178
159 179
159 187
159 188
159 189
159 192
159 193
159 194
159 195
159 197
159 199
160 161
160 162
160 163
160 167
160 168
160 173
160 175
160 176
160 178
160 180
160 182
160 187
160 189
160 191
160 195
160 199
161 163
161 164
161 165
161 166
161 167
161 168
161 170
161 171
161 172
161 173
161 175
161 176
161 177
161 178
161 180
161 181
161 182
161 183
161 184
161 185
161 187
161 190
161 192
161 193
161 194
161 196
161 197
161 198
161 199
162 166
162 169
162 170
162 172
162 173
162 174
162 182
162 184
162 185
162 186
162 188
162 189
162 195
162 196
162 197
162 198
163 164
163 168
163 169
163 170
163 172
163 174
163 176
163 177
163 179
163 180
163 183
163 184
163 189
163 191
163 194
163 195
163 196
163 198
164 165
164 166
164 167
164 169
164 172
164 176
164 183
164 188
164 191
164 192
164 194
164 196
164 197
164 199
165 166
165 168
165 171
165 174
165 175
165 176
165 177
165 179
165 180
165 181
165 182
165 183
165 184
165 185
165 187
165 189
165 191
165 192
165 195
165 197
166 168
166 169
166 170
166 171
166 172
166 173
166 174
166 175
166 176
166 178
166 180
166 181
166 182
166 186
166 188
166 191
166 192
166 193
166 197
166 198
166 199
167 168
167 169
167 170
167 172
167 176
167 179
167 181
167 186
167 187
167 190
167 191
167 192
167 193
167 194
167 196
167 198
167 199
168 172
168 176
168 178
168 179
168 181
168 182
168 184
168 185
168 189
168 190
168 193
168 194
168 195
168 198
168 199
169 170
169 171
169 172
169 173
169 175
169 178
169 179
169 180
169 182
169 183
169 190
169 194
169 196
169 198
170 171
170 172
170 173
170 177
170 178
170 179
170 180
170 182
170 183
170 184
170 188
170 191
170 196
170 197
170 198
171 175
171 176
171 179
171 180
171 183
171 184
171 186
171 187
171 188
171 193
171 195
171 197
171 199
172 173
172 177
172 180
172 181
172 183
172 185
172 189
172 191
172 193
172 194
172 198
173 175
173 182
173 190
173 191
173 193
173 194
173 199
174 175
174 178
174 179
174 181
174 182
174 183
174 184
174 187
174 188
174 189
174 193
174 194
174 196
174 198
175 180
175 181
175 182
175 183
175 187
175 190
175 191
175 194
175 196
175 197
175 198
175 199
176 182
176 184
176 186
176 187
176 193
176 194
176 195
176 197
176 199
177 178
177 179
177 181
177 192
177 194
177 196
177 198
177 199
178 179
178 180
178 181
178 182
178 184
178 186
178 193
178 195
178 196
178 197
178 199
179 180
179 183
179 184
179 187
179 188
179 189
179 190
179 193
179 194
179 195
179 196
179 197
179 199
180 183
180 184
180 199
181 185
181 186
181 187
181 188
181 190
181 191
181 192
181 193
181 195
181 196
181 198
181 199
182 184
182 185
182 186
182 187
182 190
182 191
182 195
182 197
182 199
183 184
183 185
183 186
183 187
183 189
183 193
183 195
183 197
183 198
183 199
184 186
184 188
184 195
184 196
184 197
185 186
185 188
185 192
185 193
185 194
185 196
185 198
186 187
186 188
186 189
186 191
186 192
186 195
186 197
186 199
187 188
187 190
187 194
187 195
187 196
187 197
187 199
188 189
188 190
188 192
188 194
188 196
188 198
188 199
189 190
189 196
189 197
189 198
190 192
191 192
191 195
191 198
192 193
192 196
192 198
193 194
193 196
193 197
193 198
193 199
194 195
194 196
194 198
194 199
195 198
195 199
196 199
197 198

0 1 0 0 1 1 1 1 0 1 1 1 0 1 1 1 1 1 1 1 0 0 1 1 1 1 1 1 1 1 0 0 1 1 1 1 0 0 1 0 0 1 1 0 0 0 1 0 0 1 1 0 1 1 1 1 1 0 1 1 1 0 1 1 1 0 0 1 0 1 0 0 0 0 0 1 0 0 0 0 0 1 1 0 1 0 1 0 0 1 1 0 0 0 1 0 0 0 0 1 1 0 1 0 0 1 0 1 0 1 0 1 0 0 0 1 0 0 0 0 0 0 1 0 0 0 1 1 0 0 1 0 0 0 1 0 0 0 1 1 1 1 1 0 1 0 1 1 1 0 1 1 0 0 1 1 0 0 0 0 0 0 0 0 1 0 0 0 0 0 1 0 0 0 0 1 1 1 1 0 1 0 1 1 0 0 1 0 1 1 1 1 1 0 1 1 1 1 0 1