150 1129
0 1 2 3 4 5 6 7 8 9 10 11 12 13 14 15 16 17 18 19 20 21 22 23 24 25 26 27 28 29 30 31 32 33 34 35 36 37 38 39 40 41 42 43 44 45 46 47 48 49 50 51 52 53 54 55 56 57 58 59 60 61 62 63 64 65 66 67 68 69 70 71 72 73 74 75 76 77 78 79 80 81 82 83 84 85 86 87 88 89 90 91 92 93 94 95 96 97 98 99 100 101 102 103 104 105 106 107 108 109 110 111 112 113 114 115 116 117 118 119 120 121 122 123 124 125 126 127 128 129 130 131 132 133 134 135 136 137 138 139 140 141 142 143 144 145 146 147 148 149
0 10
0 26
0 35
0 47
0 50
0 63
0 69
0 76
0 92
0 97
0 113
0 142
1 7
1 10
1 14
1 22
1 36
1 44
1 46
1 66
1 79
1 83
1 85
1 93
1 129
1 139
2 4
2 17
2 28
2 51
2 72
2 77
2 84
2 109
2 111
3 24
3 37
3 43
3 60
3 63
3 67
3 69
3 80
3 83
3 87
3 90
3 97
3 98
3 111
3 132
3 144
4 19
4 30
4 34
4 62
4 71
4 75
4 78
4 82
4 97
4 102
4 105
4 108
4 129
5 7
5 25
5 31
5 57
5 62
5 75
5 80
5 82
5 87
5 88
5 92
5 94
5 114
5 116
5 118
5 124
5 129
5 134
5 143
5 145
5 148
6 23
6 33
6 36
6 40
6 48
6 53
6 60
6 63
6 64
6 107
6 124
6 126
6 130
6 131
7 16
7 17
7 18
7 28
7 33
7 53
7 64
7 72
7 77
7 79
7 80
7 89
7 117
7 118
7 123
7 130
7 136
7 143
7 147
8 9
8 15
8 30
8 35
8 44
8 46
8 64
8 66
8 71
8 77
8 85
8 92
8 98
8 104
8 109
8 112
8 129
8 133
8 137
8 138
8 145
8 146
9 11
9 12
9 20
9 34
9 43
9 71
9 89
9 98
9 102
9 112
9 119
10 11
10 14
10 19
10 20
10 29
10 32
10 51
10 60
10 61
10 66
10 84
10 85
10 97
10 102
10 107
10 130
10 135
10 140
10 149
11 38
11 47
11 56
11 67
11 75
11 78
11 80
11 85
11 88
11 117
11 120
11 141
11 142
12 14
12 20
12 27
12 30
12 35
12 39
12 67
12 71
12 77
12 86
12 89
12 97
12 100
12 117
12 124
12 134
12 135
12 139
12 148
13 20
13 23
13 38
13 43
13 45
13 71
13 74
13 98
13 101
13 116
13 123
13 125
13 131
13 140
14 15
14 21
14 31
14 35
14 39
14 48
14 58
14 64
14 72
14 92
14 125
15 17
15 29
15 30
15 38
15 39
15 45
15 59
15 67
15 80
15 89
15 93
15 106
15 108
15 109
15 120
15 131
15 133
15 148
16 30
16 55
16 57
16 62
16 65
16 76
16 95
16 105
16 109
16 117
16 128
16 132
16 139
17 30
17 31
17 36
17 44
17 52
17 64
17 84
17 105
17 121
17 122
17 139
18 20
18 33
18 35
18 46
18 47
18 48
18 51
18 80
18 81
18 83
18 85
18 89
18 110
18 115
18 124
19 24
19 28
19 31
19 58
19 64
19 65
19 91
19 95
19 134
19 138
20 34
20 42
20 43
20 48
20 55
20 83
20 84
20 103
20 113
20 120
20 124
20 130
21 41
21 44
21 47
21 51
21 65
21 76
21 98
21 104
21 105
21 120
21 127
21 133
22 29
22 59
22 60
22 66
22 69
22 92
22 97
22 99
22 123
22 132
22 133
22 147
23 30
23 33
23 37
23 38
23 57
23 61
23 63
23 68
23 99
23 101
23 111
23 112
23 143
24 29
24 31
24 37
24 59
24 61
24 81
24 89
24 100
24 102
24 110
24 112
24 117
24 139
24 142
25 35
25 36
25 41
25 50
25 81
25 90
25 92
25 102
25 105
25 109
25 121
25 123
25 125
25 136
25 142
26 56
26 76
26 90
26 93
26 99
26 107
26 108
26 109
26 112
26 141
27 33
27 36
27 38
27 39
27 44
27 49
27 53
27 62
27 94
27 103
27 105
27 106
27 108
27 112
27 114
27 118
27 129
27 138
28 40
28 45
28 46
28 72
28 93
28 103
28 106
28 130
28 141
29 56
29 62
29 68
29 85
29 89
29 98
29 100
29 122
29 141
30 42
30 49
30 60
30 63
30 73
30 74
30 75
30 78
30 79
30 87
30 96
30 101
30 115
30 139
30 145
31 32
31 46
31 72
31 75
31 81
31 82
31 108
31 117
31 121
31 126
31 136
31 143
31 145
32 35
32 50
32 69
32 74
32 77
32 83
32 86
32 87
32 104
32 107
32 108
32 111
32 115
32 118
32 130
32 145
32 149
33 90
33 99
33 102
33 107
33 112
33 114
33 116
33 122
33 130
33 140
34 43
34 47
34 73
34 81
34 92
34 107
34 112
34 123
34 126
34 142
35 36
35 41
35 45
35 48
35 54
35 82
35 103
35 107
35 114
35 123
35 125
35 126
35 131
35 135
36 51
36 57
36 75
36 84
36 120
36 130
36 134
36 149
37 43
37 50
37 51
37 62
37 85
37 90
37 95
37 107
37 116
37 117
37 136
37 148
38 40
38 48
38 52
38 55
38 57
38 61
38 70
38 97
38 98
38 108
38 110
38 118
38 121
38 123
38 139
38 147
38 148
39 51
39 66
39 76
39 84
39 85
39 109
39 131
39 138
39 145
39 146
40 54
40 57
40 62
40 91
40 117
40 120
40 131
40 137
40 140
40 145
41 90
41 101
41 114
41 116
41 124
41 131
42 53
42 65
42 77
42 87
42 90
42 108
42 145
43 67
43 76
43 85
43 87
43 89
43 92
43 93
43 113
43 118
43 124
43 126
43 135
43 145
43 148
44 51
44 57
44 69
44 88
44 94
44 115
44 117
44 119
44 122
44 128
45 46
45 61
45 69
45 74
45 78
45 89
45 92
45 93
45 109
45 121
45 129
45 145
46 70
46 74
46 80
46 94
46 104
46 116
46 129
46 141
46 147
47 50
47 59
47 65
47 67
47 72
47 76
47 98
47 100
47 110
47 125
47 136
47 139
48 54
48 61
48 72
48 84
48 100
48 111
48 136
48 147
49 50
49 53
49 70
49 88
49 92
49 128
50 53
50 59
50 72
50 76
50 81
50 101
50 108
50 119
50 134
50 139
51 59
51 67
51 72
51 90
51 93
51 95
51 99
51 110
51 121
51 126
51 135
51 148
52 110
52 111
52 113
52 126
52 127
52 129
52 132
52 134
52 137
52 148
53 57
53 59
53 70
53 85
53 86
53 90
53 102
53 104
53 107
53 108
53 117
53 127
53 131
53 146
54 63
54 64
54 68
54 81
54 94
54 103
54 108
55 70
55 72
55 84
55 88
55 102
55 128
55 145
55 148
56 81
56 97
56 110
56 123
56 129
56 136
56 142
56 149
57 66
57 75
57 77
57 79
57 84
57 96
57 102
57 103
57 107
57 122
57 124
57 133
57 142
58 64
58 85
58 96
58 100
58 110
58 118
58 127
58 139
59 79
59 82
59 84
59 89
59 92
59 117
59 122
59 133
59 141
59 148
60 62
60 65
60 77
60 85
60 91
60 127
60 133
60 143
61 69
61 72
61 113
61 115
61 120
61 141
61 144
62 69
62 92
62 107
62 128
62 147
63 73
63 95
63 99
63 106
63 107
63 118
63 119
63 135
63 145
63 147
64 84
64 90
64 108
64 110
64 117
64 121
64 128
64 148
65 66
65 75
65 95
65 98
65 113
65 126
65 133
65 137
65 145
66 68
66 83
66 93
66 114
66 122
66 134
67 78
67 99
67 106
67 110
67 133
67 139
67 144
68 69
68 74
68 78
68 98
68 130
69 72
69 74
69 79
69 90
69 97
69 99
69 102
69 105
69 106
69 112
69 126
69 134
69 141
69 144
69 147
69 148
70 91
70 114
70 118
70 121
71 73
71 82
71 91
71 114
71 127
71 130
71 145
72 81
72 89
72 104
72 106
72 109
72 114
72 121
72 129
72 130
72 138
72 147
73 75
73 76
73 83
73 88
73 92
73 103
73 111
73 122
73 125
73 130
73 133
73 136
74 85
74 86
74 91
74 105
74 109
74 114
74 137
74 139
75 101
75 124
75 138
76 109
76 131
77 97
77 100
77 119
77 123
77 144
78 89
78 92
78 107
78 111
78 115
78 125
79 82
79 95
79 96
79 129
79 147
80 88
80 94
80 120
80 128
80 145
81 82
81 85
81 97
81 137
81 139
82 106
82 107
82 128
82 140
82 145
83 98
83 106
83 112
83 131
84 120
84 128
84 132
84 140
84 146
85 105
85 107
85 109
85 114
85 118
85 120
85 121
85 142
86 89
86 99
86 107
86 131
86 133
86 134
86 142
87 92
87 104
87 107
87 124
87 134
87 146
88 92
88 93
88 108
88 120
88 128
88 138
89 101
89 103
89 104
89 144
90 105
90 106
90 113
90 127
90 134
90 135
90 145
91 133
91 143
91 144
91 146
92 127
92 128
93 99
93 107
93 129
93 149
94 111
94 115
94 122
94 132
95 99
95 117
95 128
95 139
95 140
95 144
96 103
96 104
96 121
96 123
96 125
96 146
96 147
97 116
97 131
97 133
97 135
97 141
97 144
97 147
97 148
98 101
98 115
98 126
98 127
98 131
98 142
98 144
99 126
99 129
99 132
99 142
99 145
100 107
100 110
100 112
100 118
100 119
100 143
101 103
101 126
101 128
101 131
101 140
101 146
102 130
102 136
102 149
103 117
103 123
103 129
103 147
103 149
104 114
104 116
104 124
104 131
104 134
105 108
105 114
105 115
105 116
105 123
105 133
105 134
105 140
105 144
105 145
106 109
106 117
106 118
106 137
106 149
107 117
107 123
107 137
107 140
108 126
108 127
108 133
108 137
108 138
109 142
110 113
110 115
110 118
110 126
110 132
110 139
110 144
111 118
111 121
111 123
111 138
111 143
112 129
112 130
112 141
112 148
112 149
113 115
113 119
113 120
113 130
114 122
114 128
114 138
114 147
115 117
115 125
115 129
115 136
115 139
115 141
115 143
116 132
116 135
117 128
119 122
119 129
119 144
119 148
120 124
120 126
120 128
121 126
121 131
121 132
121 139
121 147
121 148
122 127
122 143
122 144
122 148
123 144
124 130
124 137
124 140
124 142
125 142
126 128
126 134
126 139
126 146
127 146
128 134
128 138
128 147
128 149
130 136
130 140
133 137
133 138
133 147
134 140
134 148
136 137
136 143
137 144
138 143
138 146
138 147
139 142
140 146
142 143
142 147
143 145
143 146
144 145
144 148

1 0 1 0 0 1 0 1 1 1 1 0 1 1 1 1 1 0 0 1 1 1 1 0 0 0 1 0 0 0 0 0 0 0 1 1 0 0 1 0 0 0 1 0 0 0 0 1 0 0 1 0 1 0 1 1 0 1 0 0 1 1 1 0 0 0 0 1 0 0 0 1 0 0 1 1 0 0 1 1 0 1 0 1 1 1 0 1 1 0 1 0 0 0 0 0 0 1 0 1 0 0 1 1 0 0 1 1 0 1 1 1 0 0 1 0 1 0 0 0 1 0 1 1 1 1 1 0 0 0 0 1 1 0 1 1 1 1 0 1 1 1 1 1 1 0 0 1 1 1