250 335
0 1 2 3 4 5 6 7 8 9 10 11 12 13 14 15 16 17 18 19 20 21 22 23 24 25 26 27 28 29 30 31 32 33 34 35 36 37 38 39 40 41 42 43 44 45 46 47 48 49 50 51 52 53 54 55 56 57 58 59 60 61 62 63 64 65 66 67 68 69 70 71 72 73 74 75 76 77 78 79 80 81 82 83 84 85 86 87 88 89 90 91 92 93 94 95 96 97 98 99 100 101 102 103 104 105 106 107 108 109 110 111 112 113 114 115 116 117 118 119 120 121 122 123 124 125 126 127 128 129 130 131 132 133 134 135 136 137 138 139 140 141 142 143 144 145 146 147 148 149 150 151 152 153 154 155 156 157 158 159 160 161 162 163 164 165 166 167 168 169 170 171 172 173 174 175 176 177 178 179 180 181 182 183 184 185 186 187 188 189 190 191 192 193 194 195 196 197 198 199 200 201 202 203 204 205 206 207 208 209 210 211 212 213 214 215 216 217 218 219 220 221 222 223 224 225 226 227 228 229 230 231 232 233 234 235 236 237 238 239 240 241 242 243 244 245 246 247 248 249
0 83
0 109
0 130
1 151
2 90
2 110
3 57
3 87
3 232
4 17
4 57
4 217
4 221
4 246
5 191
6 38
6 186
6 231
7 14
7 68
7 239
8 9
8 45
9 235
10 20
10 231
11 237
12 94
12 112
12 128
13 81
13 99
13 236
14 123
14 133
14 198
15 140
16 41
16 94
16 143
16 198
17 49
17 130
18 25
18 138
19 70
19 101
19 136
19 189
20 37
20 80
20 84
20 98
20 183
21 46
21 111
21 200
22 52
22 126
23 34
23 65
23 113
23 125
23 147
25 41
25 44
25 173
26 93
26 177
26 249
27 158
28 50
28 109
28 138
28 175
29 111
29 223
29 247
30 45
30 218
32 119
32 163
32 216
32 233
33 65
33 210
34 171
35 174
36 44
36 62
37 78
37 156
37 245
38 48
38 85
38 233
39 170
39 227
40 114
40 150
41 89
41 188
41 205
42 62
42 211
43 65
43 136
43 182
43 243
43 244
44 55
44 234
45 64
45 117
46 113
46 130
47 176
48 92
48 148
48 169
48 231
49 136
50 62
50 82
50 228
51 109
51 174
52 83
53 74
53 77
53 119
54 222
55 198
56 173
56 196
57 152
57 182
57 230
57 244
57 249
58 148
58 230
59 118
59 206
59 248
61 71
61 171
61 195
62 120
62 158
64 102
65 212
66 226
66 237
67 151
67 180
68 91
69 122
70 116
70 119
70 133
70 148
70 172
70 229
71 195
71 232
72 93
72 233
73 127
75 215
76 85
76 105
76 169
77 198
77 226
79 95
81 193
82 125
82 166
82 244
83 167
83 197
83 240
83 249
84 132
84 194
85 144
86 112
86 177
86 216
87 152
88 90
89 121
89 162
90 120
92 166
92 201
92 228
94 115
94 156
95 195
95 215
96 212
97 114
97 130
97 143
97 199
100 204
100 234
101 141
101 188
102 119
102 136
102 189
103 124
103 214
105 138
105 245
107 209
109 195
109 217
109 232
110 134
110 162
110 178
111 145
111 149
111 180
112 175
112 221
112 229
113 197
113 204
114 139
114 242
115 225
118 124
124 154
124 173
125 184
125 227
126 129
126 240
128 134
128 193
128 220
129 202
129 204
130 162
131 165
131 181
132 188
133 200
134 206
135 138
135 144
135 163
135 202
135 219
136 214
137 149
137 178
139 143
139 167
139 230
141 150
141 171
141 192
141 228
143 178
144 221
145 148
145 172
145 246
146 178
147 215
147 224
148 215
149 176
150 158
151 158
151 198
151 204
152 240
153 178
153 207
154 231
154 248
156 203
158 167
158 203
158 211
159 211
160 225
164 205
165 227
167 215
170 202
175 194
176 180
176 210
176 211
177 249
178 216
180 185
180 216
180 222
180 239
183 194
183 213
183 217
185 235
188 196
190 236
193 211
196 240
197 240
199 204
201 206
202 217
203 234
203 240
205 245
207 237
208 221
210 236
212 217
212 245
214 243
215 229
216 228
219 230
221 226
232 237
234 247

1 1 1 1 0 1 0 0 0 1 1 1 0 1 0 0 1 1 1 1 0 1 1 1 1 0 0 1 0 0 0 1 0 1 1 1 0 1 1 0 0 1 1 1 1 1 1 0 0 1 1 0 0 1 0 0 1 0 1 1 1 1 0 1 1 1 1 1 0 0 1 0 0 0 0 0 0 0 1 1 1 1 1 1 0 0 1 0 0 0 0 1 1 0 1 1 0 0 0 0 0 0 0 1 0 1 0 1 0 1 0 1 0 0 0 1 0 1 1 0 0 1 1 1 0 0 0 0 0 1 1 1 0 0 1 0 0 1 1 0 0 0 0 1 1 1 0 1 1 0 0 0 1 0 0 0 0 0 1 0 1 0 0 0 0 0 1 1 1 0 0 0 1 1 0 1 0 0 1 1 1 1 1 1 1 1 1 0 0 0 0 0 1 1 1 0 0 1 0 1 0 0 1 0 0 0 1 0 1 1 1 0 1 0 0 0 1 1 1 0 1 0 1 1 0 1 1 0 1 0 1 1 0 1 0 0 0 0 0 0 0 1 0 1 1 1 1 0 1 1