100 264
0 1 2 3 4 5 6 7 8 9 10 11 12 13 14 15 16 17 18 19 20 21 22 23 24 25 26 27 28 29 30 31 32 33 34 35 36 37 38 39 40 41 42 43 44 45 46 47 48 49 50 51 52 53 54 55 56 57 58 59 60 61 62 63 64 65 66 67 68 69 70 71 72 73 74 75 76 77 78 79 80 81 82 83 84 85 86 87 88 89 90 91 92 93 94 95 96 97 98 99
0 50
0 55
0 64
0 95
0 96
0 98
1 8
1 59
1 64
1 91
2 3
2 41
2 73
2 79
2 90
3 19
3 51
3 58
3 81
3 93
4 38
4 47
4 83
4 91
4 95
5 6
5 55
5 67
5 81
6 9
6 61
6 78
6 88
6 92
6 96
7 24
8 43
8 46
8 63
8 67
8 71
8 79
8 89
8 92
9 57
9 88
9 91
10 37
10 82
10 99
11 37
11 78
11 86
11 95
12 58
12 96
13 51
13 61
13 79
13 80
14 19
14 24
14 27
14 43
14 68
14 80
15 35
15 36
15 43
15 46
15 47
15 58
15 91
16 24
16 28
16 45
16 46
16 69
16 86
16 93
16 96
17 26
17 92
17 94
18 46
18 58
19 53
19 95
20 33
21 54
21 75
21 84
21 90
21 99
22 30
22 38
22 56
22 77
23 56
23 57
23 79
23 81
23 91
24 25
24 48
24 59
24 65
24 67
24 71
24 75
25 74
25 90
25 96
26 27
26 33
26 41
26 44
26 46
27 28
27 54
27 58
27 79
27 98
28 89
29 66
29 86
30 65
30 81
30 89
31 70
31 78
31 80
32 87
33 43
33 66
33 69
33 73
34 68
34 72
34 83
35 40
35 64
35 73
35 92
35 93
35 94
35 96
36 57
36 60
36 61
36 76
37 54
37 56
37 74
37 76
37 80
37 95
38 43
38 44
38 49
38 66
38 85
39 51
39 56
39 57
39 66
39 70
39 71
39 74
39 75
39 92
39 95
40 61
40 69
40 92
41 43
41 69
41 74
41 87
42 53
42 69
42 71
43 77
44 90
44 94
45 66
45 72
45 87
46 85
46 92
47 88
47 89
48 70
48 88
49 83
49 99
52 53
52 58
52 69
52 85
52 99
53 66
53 81
53 88
55 95
57 65
57 86
58 62
58 85
58 87
58 94
59 67
59 78
59 98
60 75
60 81
61 80
61 91
62 74
62 78
64 89
64 93
65 97
66 85
67 70
67 82
67 83
67 89
69 91
69 92
69 96
70 91
71 78
71 82
71 95
72 86
72 87
72 96
73 84
75 97
75 98
76 85
76 86
76 94
77 89
77 96
78 93
79 91
80 83
80 96
84 85
84 87
85 86
85 89
86 88
86 97
86 99
87 89
87 96
93 99
94 96
94 97
95 97
95 99

1 0 1 1 0 0 0 1 1 1 1 0 1 1 0 0 0 1 0 1 0 1 0 0 0 1 0 1 1 0 0 1 1 0 0 0 1 1 0 0 1 1 0 0 0 1 0 1 0 1 1 1 0 1 0 0 1 1 1 1 1 1 0 1 1 1 0 1 0 0 1 1 1 1 1 1 0 0 0 0 0 0 1 0 1 1 0 0 1 0 0 0 1 0 1 0 1 0 0 0