50 113
0 1 2 3 4 5 6 7 8 9 10 11 12 13 14 15 16 17 18 19 20 21 22 23 24 25 26 27 28 29 30 31 32 33 34 35 36 37 38 39 40 41 42 43 44 45 46 47 48 49
0 13
0 22
0 41
0 47
0 49
1 14
1 37
1 38
1 41
1 44
1 46
2 10
2 14
2 21
2 22
2 28
2 39
2 47
3 14
4 6
4 15
4 18
5 20
5 38
6 30
6 39
6 44
7 25
7 28
7 41
7 48
8 19
8 28
8 48
9 15
9 17
9 37
10 12
10 25
10 43
10 46
11 41
11 42
11 47
12 16
12 17
12 26
12 32
12 34
12 38
12 48
13 16
13 21
13 24
13 43
14 16
14 17
14 29
14 38
14 42
14 47
15 17
15 18
15 32
16 19
16 26
16 27
16 33
17 36
17 39
18 22
18 23
18 25
18 42
18 46
19 20
19 33
19 34
19 41
19 48
20 31
20 37
21 23
21 27
21 38
21 41
22 28
22 41
23 36
24 33
24 44
24 49
25 34
25 42
27 32
27 44
28 37
28 38
29 41
30 44
31 44
33 40
33 41
33 45
34 42
34 45
35 42
37 43
38 42
39 48
40 45
44 46
45 48

1 1 0 1 1 0 1 0 1 1 0 1 0 0 0 0 1 0 0 1 1 0 1 1 0 1 1 1 1 0 1 1 0 0 1 0 0 1 0 0 1 1 0 0 0 1 1 0 0 0