250 3097
0 1 2 3 4 5 6 7 8 9 10 11 12 13 14 15 16 17 18 19 20 21 22 23 24 25 26 27 28 29 30 31 32 33 34 35 36 37 38 39 40 41 42 43 44 45 46 47 48 49 50 51 52 53 54 55 56 57 58 59 60 61 62 63 64 65 66 67 68 69 70 71 72 73 74 75 76 77 78 79 80 81 82 83 84 85 86 87 88 89 90 91 92 93 94 95 96 97 98 99 100 101 102 103 104 105 106 107 108 109 110 111 112 113 114 115 116 117 118 119 120 121 122 123 124 125 126 127 128 129 130 131 132 133 134 135 136 137 138 139 140 141 142 143 144 145 146 147 148 149 150 151 152 153 154 155 156 157 158 159 160 161 162 163 164 165 166 167 168 169 170 171 172 173 174 175 176 177 178 179 180 181 182 183 184 185 186 187 188 189 190 191 192 193 194 195 196 197 198 199 200 201 202 203 204 205 206 207 208 209 210 211 212 213 214 215 216 217 218 219 220 221 222 223 224 225 226 227 228 229 230 231 232 233 234 235 236 237 238 239 240 241 242 243 244 245 246 247 248 249
0 2
0 9
0 19
0 28
0 31
0 33
0 50
0 57
0 61
0 64
0 72
0 82
0 84
0 94
0 96
0 108
0 126
0 130
0 132
0 152
0 158
0 159
0 172
0 200
0 204
0 213
0 219
0 238
0 242
1 3
1 7
1 8
1 26
1 27
1 32
1 64
1 66
1 70
1 73
1 78
1 83
1 98
1 105
1 115
1 121
1 147
1 148
1 160
1 161
1 164
1 166
1 173
1 204
1 214
1 226
1 244
1 245
1 246
2 7
2 9
2 29
2 34
2 36
2 41
2 49
2 70
2 76
2 107
2 108
2 117
2 119
2 127
2 141
2 147
2 152
2 162
2 182
2 185
2 188
2 195
2 203
2 205
2 208
2 221
2 229
2 233
3 34
3 50
3 52
3 112
3 130
3 144
3 150
3 168
3 170
3 176
3 215
3 222
3 239
3 248
4 14
4 16
4 29
4 59
4 65
4 69
4 86
4 93
4 100
4 112
4 113
4 124
4 152
4 154
4 159
4 163
4 168
4 170
4 172
4 177
4 187
4 196
4 208
4 212
4 216
4 221
4 225
4 231
4 246
4 247
5 23
5 25
5 29
5 31
5 37
5 41
5 42
5 48
5 54
5 69
5 78
5 82
5 85
5 90
5 91
5 103
5 105
5 106
5 109
5 114
5 117
5 128
5 146
5 180
5 184
5 190
5 194
5 196
5 209
5 217
5 235
5 247
6 21
6 22
6 29
6 68
6 72
6 75
6 79
6 110
6 114
6 115
6 119
6 170
6 179
6 183
6 194
6 206
7 14
7 25
7 59
7 72
7 102
7 104
7 108
7 125
7 128
7 132
7 137
7 144
7 159
7 163
7 169
7 174
7 175
7 176
7 179
7 182
7 192
7 198
7 201
7 207
7 218
7 230
7 236
7 242
7 244
7 246
8 9
8 13
8 18
8 26
8 37
8 58
8 61
8 62
8 63
8 76
8 82
8 102
8 103
8 113
8 135
8 141
8 167
8 179
8 188
8 198
8 207
8 215
8 221
8 235
8 236
8 240
8 246
9 17
9 32
9 40
9 41
9 60
9 61
9 72
9 84
9 87
9 92
9 121
9 142
9 147
9 176
9 238
9 243
9 245
10 22
10 41
10 53
10 56
10 62
10 69
10 81
10 88
10 97
10 99
10 101
10 115
10 116
10 121
10 127
10 129
10 136
10 137
10 143
10 156
10 161
10 168
10 181
10 197
10 204
10 219
10 237
11 12
11 16
11 21
11 37
11 41
11 48
11 53
11 54
11 66
11 69
11 81
11 111
11 112
11 118
11 122
11 125
11 139
11 150
11 152
11 158
11 174
11 176
11 180
11 183
11 187
11 215
11 244
12 15
12 39
12 40
12 49
12 75
12 76
12 120
12 131
12 176
12 185
12 215
12 224
12 226
12 233
12 238
12 241
13 24
13 31
13 37
13 38
13 49
13 55
13 65
13 71
13 72
13 74
13 81
13 152
13 172
13 182
13 184
13 189
13 211
13 223
13 246
14 26
14 27
14 36
14 37
14 40
14 42
14 57
14 61
14 68
14 72
14 74
14 84
14 88
14 92
14 93
14 100
14 110
14 111
14 114
14 119
14 130
14 133
14 135
14 156
14 158
14 160
14 172
14 184
14 186
14 203
14 204
14 205
14 208
14 242
15 16
15 18
15 21
15 33
15 47
15 102
15 109
15 135
15 193
15 204
15 206
15 210
15 223
15 228
15 242
15 243
15 244
16 18
16 23
16 32
16 68
16 94
16 96
16 117
16 122
16 136
16 138
16 142
16 143
16 152
16 154
16 182
16 222
16 227
16 246
16 249
17 19
17 28
17 33
17 34
17 78
17 86
17 87
17 89
17 91
17 106
17 111
17 126
17 127
17 129
17 144
17 152
17 166
17 170
17 190
17 195
17 197
17 201
17 205
17 211
17 216
17 234
18 23
18 29
18 30
18 44
18 62
18 73
18 93
18 125
18 127
18 132
18 133
18 144
18 158
18 165
18 170
18 206
18 221
18 224
18 233
18 239
18 241
19 48
19 53
19 69
19 72
19 78
19 86
19 90
19 92
19 101
19 116
19 127
19 128
19 137
19 139
19 160
19 166
19 178
19 183
19 194
19 201
19 203
19 208
19 214
19 233
19 237
20 22
20 26
20 32
20 43
20 70
20 89
20 94
20 97
20 98
20 101
20 102
20 114
20 121
20 156
20 161
20 162
20 179
20 186
20 203
20 218
20 225
20 237
20 239
20 246
21 25
21 28
21 74
21 86
21 106
21 108
21 121
21 131
21 132
21 135
21 153
21 174
21 177
21 178
21 179
21 180
21 183
21 192
21 201
21 203
21 204
21 215
21 240
22 23
22 24
22 44
22 61
22 64
22 65
22 70
22 71
22 73
22 74
22 76
22 81
22 85
22 96
22 121
22 125
22 128
22 134
22 143
22 155
22 158
22 164
22 165
22 167
22 176
22 185
22 192
22 193
22 208
22 223
22 240
22 243
23 24
23 76
23 90
23 98
23 119
23 166
23 186
23 194
23 200
23 215
23 220
23 233
23 243
23 245
23 248
24 25
24 29
24 51
24 63
24 64
24 75
24 91
24 102
24 113
24 135
24 146
24 154
24 162
24 164
24 171
24 185
24 199
24 204
24 212
24 224
24 242
25 30
25 34
25 42
25 51
25 53
25 68
25 82
25 93
25 94
25 97
25 103
25 104
25 105
25 108
25 125
25 133
25 142
25 157
25 163
25 164
25 173
25 188
25 197
25 221
25 235
25 236
25 244
25 245
26 31
26 33
26 55
26 58
26 64
26 69
26 86
26 107
26 108
26 119
26 124
26 126
26 127
26 128
26 136
26 138
26 140
26 146
26 164
26 167
26 170
26 173
26 189
26 205
26 215
26 231
26 236
26 239
26 248
27 42
27 52
27 53
27 56
27 108
27 144
27 149
27 169
27 195
27 197
27 201
27 212
27 217
27 226
27 247
27 248
28 35
28 47
28 65
28 66
28 69
28 74
28 87
28 89
28 90
28 92
28 99
28 115
28 116
28 119
28 123
28 126
28 128
28 144
28 151
28 174
28 177
28 178
28 185
28 203
28 206
28 210
28 220
28 229
29 33
29 48
29 52
29 53
29 76
29 78
29 82
29 88
29 99
29 105
29 115
29 122
29 130
29 134
29 147
29 148
29 150
29 161
29 185
29 192
29 200
29 204
29 229
30 36
30 38
30 42
30 48
30 61
30 63
30 75
30 90
30 92
30 103
30 113
30 118
30 126
30 129
30 141
30 163
30 172
30 183
30 184
30 206
30 212
30 220
30 221
30 227
31 56
31 64
31 65
31 72
31 87
31 99
31 132
31 158
31 162
31 165
31 176
31 188
31 193
31 198
31 201
31 215
31 216
31 226
31 233
31 234
31 237
32 45
32 63
32 66
32 104
32 133
32 143
32 161
32 178
32 189
32 192
32 203
32 219
32 223
32 248
33 49
33 93
33 109
33 136
33 147
33 148
33 155
33 164
33 195
33 196
33 206
33 222
33 224
33 225
33 235
33 240
33 242
34 39
34 59
34 67
34 68
34 69
34 74
34 84
34 105
34 109
34 121
34 159
34 164
34 179
34 182
34 185
34 188
34 193
34 194
34 210
34 214
34 224
34 239
35 64
35 67
35 83
35 90
35 100
35 109
35 116
35 126
35 127
35 131
35 138
35 139
35 153
35 155
35 179
35 185
35 211
35 219
36 38
36 42
36 54
36 60
36 70
36 81
36 109
36 111
36 120
36 126
36 129
36 139
36 142
36 147
36 154
36 159
36 168
36 171
36 188
36 197
36 200
36 203
36 204
36 210
36 215
36 226
36 232
36 238
36 243
37 53
37 83
37 100
37 127
37 136
37 140
37 148
37 156
37 157
37 183
37 190
37 192
37 200
37 202
37 206
37 207
37 215
37 220
37 234
37 236
38 39
38 48
38 55
38 66
38 70
38 73
38 74
38 85
38 86
38 93
38 97
38 119
38 131
38 136
38 170
38 173
38 174
38 220
38 225
38 234
39 48
39 56
39 70
39 74
39 75
39 92
39 95
39 119
39 141
39 153
39 160
39 172
39 182
39 185
39 196
39 228
39 240
40 69
40 83
40 84
40 86
40 92
40 94
40 96
40 117
40 134
40 156
40 158
40 166
40 171
40 179
40 180
40 187
40 190
40 204
40 206
40 209
40 214
40 220
40 242
40 246
41 50
41 56
41 61
41 65
41 85
41 87
41 94
41 103
41 120
41 136
41 143
41 144
41 177
41 183
41 191
41 193
41 195
41 203
41 212
41 231
41 237
41 244
42 65
42 67
42 78
42 81
42 90
42 92
42 94
42 95
42 97
42 100
42 114
42 117
42 119
42 128
42 177
42 178
42 182
42 189
42 190
42 191
42 202
42 204
42 226
42 228
43 81
43 83
43 85
43 89
43 120
43 134
43 159
43 182
43 197
43 217
43 230
43 235
43 247
44 53
44 55
44 59
44 62
44 71
44 81
44 83
44 86
44 105
44 113
44 145
44 147
44 162
44 168
44 181
44 210
44 211
44 223
44 236
44 237
44 241
45 50
45 52
45 55
45 66
45 72
45 77
45 78
45 82
45 91
45 111
45 116
45 136
45 146
45 150
45 156
45 210
45 212
45 231
45 234
46 48
46 58
46 59
46 62
46 67
46 68
46 72
46 100
46 123
46 126
46 128
46 133
46 140
46 158
46 167
46 169
46 171
46 183
46 188
46 196
46 204
46 205
46 215
46 229
46 233
46 242
46 243
46 244
46 248
47 62
47 69
47 73
47 79
47 85
47 118
47 120
47 160
47 167
47 184
47 188
47 222
47 223
47 230
47 231
47 234
47 242
48 64
48 65
48 66
48 69
48 70
48 106
48 108
48 171
48 174
48 186
48 226
48 227
48 235
48 238
48 245
49 52
49 67
49 68
49 73
49 74
49 115
49 120
49 128
49 137
49 140
49 150
49 171
49 178
49 190
49 200
49 220
49 228
49 237
49 242
50 54
50 77
50 79
50 83
50 92
50 104
50 128
50 143
50 154
50 159
50 160
50 164
50 174
50 181
50 191
50 195
50 208
50 218
50 236
50 239
51 52
51 59
51 76
51 102
51 107
51 137
51 146
51 147
51 150
51 151
51 157
51 166
51 168
51 179
51 186
51 225
51 237
51 241
51 245
51 247
52 71
52 78
52 81
52 85
52 121
52 125
52 129
52 143
52 164
52 178
52 192
52 210
52 212
53 56
53 59
53 60
53 61
53 77
53 88
53 100
53 107
53 108
53 110
53 119
53 122
53 126
53 132
53 138
53 142
53 151
53 153
53 154
53 155
53 168
53 179
53 182
53 205
53 220
53 226
53 245
54 77
54 82
54 96
54 98
54 102
54 124
54 133
54 149
54 163
54 178
54 192
54 199
54 220
54 236
55 60
55 70
55 74
55 75
55 82
55 87
55 90
55 96
55 103
55 107
55 115
55 132
55 141
55 147
55 149
55 155
55 158
55 181
55 185
55 188
55 213
55 217
55 219
55 224
55 225
55 231
55 240
55 244
55 249
56 68
56 76
56 80
56 88
56 95
56 96
56 123
56 132
56 149
56 174
56 183
56 195
56 225
56 228
56 235
57 84
57 101
57 104
57 128
57 137
57 165
57 169
57 178
57 185
57 189
57 191
57 194
57 197
57 200
57 201
57 212
57 213
57 214
57 216
57 222
57 231
57 236
57 238
57 249
58 67
58 82
58 90
58 97
58 110
58 128
58 134
58 140
58 156
58 173
58 184
58 186
58 187
58 196
58 200
58 201
58 209
58 238
58 241
58 245
59 70
59 71
59 76
59 96
59 109
59 111
59 121
59 139
59 161
59 164
59 185
59 196
59 208
59 209
59 228
59 248
60 61
60 70
60 107
60 108
60 111
60 123
60 142
60 148
60 154
60 160
60 161
60 174
60 212
60 224
60 228
60 236
60 241
61 64
61 76
61 94
61 97
61 102
61 106
61 110
61 124
61 125
61 126
61 128
61 133
61 142
61 147
61 148
61 185
61 187
61 193
61 196
61 202
61 232
61 233
61 235
61 236
61 242
61 246
62 72
62 76
62 84
62 86
62 89
62 95
62 108
62 130
62 136
62 150
62 157
62 170
62 179
62 195
62 235
62 238
62 247
63 72
63 89
63 105
63 112
63 118
63 127
63 145
63 146
63 155
63 171
63 173
63 185
63 194
63 201
63 216
63 239
63 245
63 248
64 65
64 67
64 82
64 94
64 100
64 103
64 111
64 123
64 138
64 150
64 151
64 152
64 155
64 164
64 167
64 177
64 180
64 196
64 197
64 199
64 231
64 247
64 248
65 69
65 70
65 82
65 113
65 117
65 123
65 127
65 130
65 135
65 151
65 155
65 157
65 172
65 173
65 179
65 191
65 205
65 226
65 231
65 242
65 243
66 70
66 90
66 99
66 122
66 129
66 131
66 141
66 174
66 195
66 196
66 198
66 210
66 223
67 71
67 72
67 73
67 79
67 86
67 128
67 136
67 139
67 153
67 175
67 211
67 239
67 243
67 245
67 247
68 106
68 126
68 139
68 140
68 168
68 169
68 182
68 197
68 199
68 202
68 205
68 227
68 229
68 230
68 233
68 243
69 71
69 81
69 103
69 105
69 117
69 121
69 122
69 130
69 160
69 171
69 181
69 186
69 189
69 194
69 220
69 238
69 248
70 74
70 79
70 82
70 97
70 109
70 114
70 120
70 126
70 127
70 151
70 152
70 189
70 212
70 226
70 229
70 237
70 239
70 240
70 246
71 98
71 117
71 127
71 129
71 130
71 158
71 165
71 166
71 173
71 174
71 178
71 184
71 194
71 212
71 213
71 215
71 228
71 230
71 237
71 248
72 113
72 131
72 133
72 135
72 138
72 140
72 169
72 171
72 192
72 193
72 211
72 222
73 77
73 82
73 87
73 101
73 125
73 130
73 148
73 153
73 156
73 158
73 165
73 171
73 176
73 184
73 202
73 214
73 215
73 218
73 221
73 222
73 227
73 228
74 75
74 88
74 90
74 91
74 94
74 104
74 113
74 133
74 136
74 142
74 143
74 151
74 154
74 158
74 164
74 169
74 171
74 189
74 190
75 91
75 92
75 99
75 121
75 123
75 124
75 128
75 130
75 131
75 144
75 148
75 180
75 219
75 220
75 225
75 238
75 248
76 82
76 86
76 87
76 89
76 106
76 113
76 119
76 168
76 185
76 221
76 232
76 236
76 240
77 99
77 109
77 142
77 146
77 152
77 157
77 158
77 167
77 180
77 192
77 225
77 238
77 246
78 83
78 118
78 128
78 129
78 152
78 182
78 188
78 190
78 195
78 199
78 201
78 215
78 231
78 232
78 239
78 240
78 245
79 84
79 94
79 95
79 99
79 114
79 154
79 176
79 186
79 190
79 199
79 202
79 203
79 210
79 217
79 225
79 229
80 87
80 88
80 100
80 102
80 105
80 154
80 160
80 166
80 178
80 180
80 181
80 184
80 194
81 97
81 110
81 121
81 127
81 130
81 136
81 148
81 149
81 157
81 161
81 171
81 172
81 191
81 195
81 198
81 224
81 226
81 231
81 241
81 244
82 83
82 85
82 101
82 102
82 114
82 118
82 120
82 127
82 130
82 135
82 145
82 157
82 166
82 168
82 171
82 175
82 179
82 202
82 203
82 210
82 212
82 216
82 220
83 115
83 121
83 130
83 138
83 149
83 153
83 157
83 187
83 188
83 193
83 198
83 223
83 236
83 238
84 104
84 112
84 122
84 128
84 132
84 137
84 151
84 161
84 165
84 172
84 182
84 183
84 189
84 204
84 215
84 225
84 227
84 231
84 243
84 245
84 249
85 86
85 87
85 93
85 96
85 98
85 137
85 168
85 173
85 186
85 188
85 232
85 235
85 236
85 238
85 240
85 243
85 245
86 95
86 106
86 114
86 132
86 138
86 146
86 147
86 156
86 161
86 168
86 197
86 209
86 229
86 230
86 235
86 240
86 249
87 107
87 117
87 120
87 152
87 157
87 158
87 162
87 164
87 172
87 186
87 218
87 231
87 232
87 242
88 123
88 138
88 150
88 160
88 165
88 172
88 173
88 192
88 199
88 223
88 232
88 244
89 94
89 119
89 155
89 168
89 171
89 190
89 202
89 211
89 216
89 224
90 100
90 102
90 108
90 109
90 121
90 122
90 144
90 146
90 152
90 165
90 187
90 193
90 195
90 200
90 201
90 214
90 225
90 240
90 241
90 243
91 95
91 104
91 113
91 119
91 124
91 131
91 160
91 174
91 195
91 234
91 238
91 245
92 97
92 104
92 123
92 141
92 160
92 161
92 184
92 202
92 216
92 226
93 110
93 116
93 118
93 150
93 161
93 164
93 169
93 177
93 184
93 191
93 198
93 201
93 205
93 212
93 217
93 234
93 236
93 241
94 95
94 101
94 107
94 112
94 115
94 122
94 125
94 136
94 139
94 141
94 142
94 150
94 159
94 168
94 179
94 182
94 211
94 248
95 115
95 123
95 139
95 146
95 150
95 151
95 157
95 162
95 166
95 175
95 193
95 196
95 204
95 205
95 213
95 227
95 233
95 239
95 248
96 99
96 108
96 116
96 138
96 140
96 141
96 142
96 151
96 154
96 169
96 171
96 176
96 189
96 197
96 201
96 207
96 237
96 243
96 244
96 246
97 117
97 121
97 135
97 142
97 160
97 164
97 165
97 192
97 197
97 227
98 114
98 118
98 131
98 143
98 147
98 149
98 167
98 170
98 177
98 195
98 200
98 202
98 247
99 124
99 145
99 147
99 160
99 171
99 182
99 185
99 188
99 198
99 206
99 207
99 209
99 210
99 214
99 219
99 225
99 232
100 103
100 105
100 128
100 134
100 141
100 160
100 171
100 196
100 220
100 231
100 247
101 116
101 121
101 124
101 125
101 127
101 138
101 155
101 166
101 183
101 187
101 211
101 214
101 216
102 109
102 121
102 139
102 150
102 175
102 202
102 214
102 216
102 225
102 226
102 228
102 229
102 236
102 237
103 118
103 121
103 136
103 141
103 146
103 165
103 168
103 177
103 190
103 215
103 226
103 228
103 232
103 233
103 244
104 132
104 174
104 188
104 191
104 207
104 234
104 235
105 107
105 128
105 153
105 154
105 157
105 183
105 199
105 221
105 223
105 231
105 232
105 239
105 241
105 242
105 249
106 113
106 129
106 131
106 137
106 139
106 146
106 154
106 156
106 157
106 163
106 167
106 170
106 172
106 189
106 205
106 222
106 245
106 246
107 113
107 124
107 136
107 138
107 143
107 153
107 155
107 162
107 176
107 179
107 204
107 216
107 248
108 110
108 112
108 125
108 135
108 137
108 139
108 155
108 160
108 177
108 196
108 218
108 226
108 235
108 248
109 150
109 154
109 155
109 162
109 168
109 170
109 173
109 184
109 185
109 222
109 229
109 234
109 235
109 237
109 243
110 112
110 125
110 131
110 156
110 158
110 169
110 179
110 185
110 189
110 194
110 198
110 206
110 211
110 220
110 235
110 242
111 112
111 128
111 141
111 144
111 167
111 170
111 189
111 200
111 206
111 212
111 233
111 247
112 122
112 123
112 127
112 147
112 151
112 156
112 168
112 180
112 187
112 248
113 119
113 121
113 130
113 155
113 160
113 188
113 202
113 207
113 230
113 239
113 243
113 246
114 145
114 151
114 164
114 173
114 180
114 181
114 186
114 196
114 226
114 240
114 247
115 117
115 121
115 132
115 134
115 142
115 144
115 151
115 154
115 156
115 164
115 187
115 195
115 215
115 218
115 219
115 220
115 223
115 230
115 241
115 244
115 249
116 119
116 124
116 125
116 135
116 137
116 142
116 145
116 147
116 153
116 155
116 167
116 181
116 195
116 196
116 207
116 233
116 236
117 144
117 145
117 172
117 194
117 204
117 207
117 210
117 217
117 247
118 123
118 143
118 153
118 167
118 189
118 191
118 206
118 224
118 231
118 233
118 235
118 237
119 120
119 122
119 123
119 126
119 219
119 227
119 231
120 147
120 149
120 153
120 165
120 170
120 211
120 227
120 230
120 232
120 234
120 242
121 123
121 128
121 129
121 130
121 133
121 147
121 157
121 178
121 201
121 206
121 228
122 126
122 143
122 151
122 157
122 163
122 167
122 170
122 179
122 180
122 182
122 185
122 202
122 203
122 208
122 236
122 239
122 248
123 126
123 139
123 169
123 193
123 238
124 125
124 128
124 129
124 141
124 153
124 157
124 171
124 179
124 191
124 192
124 195
124 201
124 208
124 217
124 229
125 127
125 132
125 138
125 142
125 143
125 163
125 175
125 177
125 186
125 199
125 212
125 235
125 240
125 246
126 128
126 129
126 135
126 158
126 162
126 179
126 180
126 190
126 193
126 196
126 198
126 219
126 230
126 235
126 249
127 148
127 154
127 155
127 156
127 164
127 166
127 181
127 183
127 190
127 198
127 204
127 217
127 218
127 219
127 220
127 232
128 137
128 146
128 151
128 159
128 162
128 167
128 170
128 189
128 192
128 204
128 205
128 219
128 236
128 238
129 134
129 135
129 146
129 155
129 163
129 169
129 187
129 191
129 195
129 205
129 206
129 221
129 236
129 246
129 248
130 140
130 144
130 159
130 161
130 181
130 235
130 245
130 248
131 138
131 148
131 154
131 174
131 193
131 198
131 233
131 237
131 245
131 249
132 135
132 136
132 143
132 151
132 152
132 155
132 157
132 167
132 175
132 176
132 189
132 197
132 208
132 245
133 141
133 183
133 212
133 219
134 136
134 153
134 158
134 180
134 200
134 224
134 239
135 141
135 148
135 172
135 175
135 179
135 189
135 218
135 230
135 235
135 238
135 242
135 243
136 153
136 169
136 181
136 184
136 191
136 192
136 194
136 196
136 197
136 206
136 213
136 246
137 151
137 160
137 161
137 169
137 174
137 187
137 196
137 201
137 212
137 240
138 156
138 165
138 182
138 207
138 214
138 225
138 238
138 239
138 243
139 149
139 159
139 173
139 179
139 181
139 184
139 188
139 205
139 209
139 210
139 214
139 230
139 231
140 148
140 159
140 170
140 174
140 177
140 182
140 200
140 208
140 218
140 221
140 231
140 233
141 146
141 152
141 154
141 182
141 198
141 200
141 207
141 221
141 225
141 245
142 164
142 167
142 180
142 190
142 195
142 200
142 208
142 209
142 215
142 218
142 229
143 147
143 149
143 154
143 166
143 173
143 181
143 189
143 195
143 201
144 153
144 159
144 163
144 168
144 170
144 174
144 180
144 186
144 187
144 194
144 196
144 203
144 206
144 219
144 220
144 222
144 235
144 242
144 243
144 249
145 167
145 196
145 199
145 204
145 205
145 215
145 222
145 232
145 235
145 236
145 239
145 242
145 244
146 155
146 159
146 196
146 197
146 199
146 202
146 206
146 207
146 223
147 165
147 168
147 172
147 209
147 213
147 237
147 247
148 150
148 152
148 153
148 184
148 193
148 199
148 204
148 215
148 227
148 237
148 244
148 249
149 151
149 154
149 155
149 156
149 175
149 203
149 224
149 230
149 243
149 246
150 176
150 180
150 189
150 192
150 218
151 158
151 160
151 161
151 171
151 175
151 183
151 193
151 202
151 206
151 215
151 229
151 235
151 238
151 247
152 163
152 169
152 176
152 219
152 223
152 228
152 237
152 241
153 184
153 185
153 203
153 212
153 228
154 171
154 231
154 242
155 161
155 163
155 178
155 205
155 215
155 217
155 240
155 245
156 175
156 194
156 205
156 206
156 214
156 236
157 158
157 166
157 170
157 175
157 192
157 194
157 201
157 237
157 238
158 162
158 170
158 183
158 184
158 200
158 204
158 205
158 211
158 224
158 228
158 233
159 178
159 191
159 193
159 198
159 208
159 212
159 216
159 232
160 164
160 166
160 177
160 186
160 187
160 204
160 210
161 163
161 171
161 175
161 177
161 179
161 188
161 203
161 249
162 163
162 168
162 169
162 187
162 193
162 197
162 228
162 233
162 238
162 248
162 249
163 171
163 190
163 194
163 198
163 214
163 217
163 238
163 244
163 247
163 249
164 171
164 181
164 189
164 199
164 200
164 220
164 224
164 231
164 233
164 245
165 180
165 181
165 182
165 187
165 190
165 193
165 201
165 211
165 241
165 246
166 176
166 194
166 195
166 197
166 203
166 211
166 214
166 231
166 238
166 241
167 179
167 209
167 212
167 228
167 239
167 242
167 243
168 203
168 208
168 216
168 222
168 230
168 244
169 172
169 196
169 218
169 220
169 221
169 225
169 229
170 179
170 189
170 201
170 202
170 214
170 217
170 236
171 174
171 176
171 179
171 194
171 198
171 206
171 228
171 236
172 173
172 178
172 187
172 191
172 197
172 204
172 220
172 221
172 234
172 238
172 244
173 185
173 204
173 206
173 207
173 215
173 216
173 218
173 219
173 234
173 239
173 242
174 180
174 182
174 186
174 208
174 215
174 222
174 232
174 243
174 248
175 196
175 197
175 198
175 211
176 178
176 195
176 220
176 226
176 228
176 241
176 248
177 181
177 202
177 235
177 245
178 184
178 204
178 216
178 219
178 232
178 240
178 247
179 197
179 198
179 214
179 228
179 236
179 240
180 190
180 195
180 203
180 208
180 214
180 216
180 221
180 225
180 229
180 230
180 235
180 242
180 244
181 194
181 205
181 215
181 217
181 240
181 245
182 183
182 190
182 192
182 195
182 196
182 203
182 227
182 229
182 235
182 242
183 186
183 198
183 211
183 212
183 219
183 245
183 246
184 185
184 189
184 205
184 208
184 218
184 222
184 243
185 196
185 206
185 218
185 221
185 234
185 236
186 188
186 195
186 198
186 199
186 208
186 221
186 233
186 238
186 241
187 188
187 213
187 223
187 233
187 238
187 240
187 248
188 214
188 215
188 224
188 229
188 230
189 190
189 197
189 204
189 207
189 212
189 242
189 244
189 249
190 204
190 230
190 240
190 243
190 244
190 247
191 197
191 217
191 225
191 226
191 233
191 240
191 248
192 203
192 209
192 238
193 220
193 223
193 231
193 246
193 249
194 202
194 203
194 228
194 243
194 247
195 209
195 218
195 221
195 224
195 238
196 199
196 200
196 208
196 212
196 214
196 220
196 223
196 225
196 233
196 234
196 237
196 238
196 239
197 199
197 203
197 211
197 216
197 220
197 221
197 247
198 202
198 207
198 211
198 221
198 224
198 229
198 236
199 203
199 212
199 229
200 230
200 235
200 236
200 240
201 203
201 216
201 228
201 233
202 203
202 209
202 219
202 241
202 244
202 245
203 206
203 207
203 217
203 237
203 243
204 207
204 218
204 225
204 234
204 239
204 248
205 229
205 240
206 207
206 216
206 225
206 239
206 243
206 249
207 209
207 216
207 225
207 237
208 209
208 219
208 224
208 225
208 231
209 227
209 233
209 241
209 245
210 215
210 220
210 221
210 227
211 214
211 215
211 224
211 225
211 231
212 243
213 226
213 229
213 236
213 240
214 216
214 238
214 243
215 224
215 238
215 240
216 222
216 226
216 242
216 249
217 219
217 222
218 238
219 221
219 225
219 234
219 240
219 248
220 222
220 233
220 238
221 231
221 236
221 237
221 238
221 248
222 224
222 230
222 232
223 226
224 229
224 236
225 229
225 239
228 230
228 236
228 248
229 233
230 237
231 241
232 235
232 240
232 243
232 244
232 249
233 235
233 237
233 238
233 243
233 245
234 235
234 238
234 242
234 244
236 243
237 242
237 244
240 242
245 246
247 248

1 0 0 0 1 1 1 1 1 1 1 1 1 0 0 1 0 0 1 1 0 0 1 0 0 1 0 1 1 1 1 1 1 1 0 1 0 0 1 0 1 1 1 0 0 1 0 0 0 0 0 1 0 1 1 1 1 0 0 1 1 0 0 0 0 0 1 0 0 0 0 0 1 1 1 0 1 1 1 0 1 1 0 1 1 0 0 1 0 1 1 1 1 0 1 1 0 0 0 0 0 0 1 0 0 1 0 1 0 1 1 1 1 1 1 1 0 1 0 1 1 0 1 1 1 1 1 0 0 0 1 0 0 1 1 1 1 0 0 0 0 0 0 0 1 0 1 0 1 1 1 0 1 1 0 0 0 0 0 0 1 1 1 1 0 1 0 0 1 0 0 1 0 1 0 0 0 0 0 1 0 0 1 1 0 1 1 1 0 0 1 1 1 1 1 1 0 1 0 0 1 1 0 1 1 0 0 1 0 1 0 0 0 0 1 0 1 0 0 0 1 0 0 1 0 1 0 1 0 1 1 1 0 1 0 0 0 1 1 0 0 0 0 0 0 0 1 0 1 1