150 114
0 1 2 3 4 5 6 7 8 9 10 11 12 13 14 15 16 17 18 19 20 21 22 23 24 25 26 27 28 29 30 31 32 33 34 35 36 37 38 39 40 41 42 43 44 45 46 47 48 49 50 51 52 53 54 55 56 57 58 59 60 61 62 63 64 65 66 67 68 69 70 71 72 73 74 75 76 77 78 79 80 81 82 83 84 85 86 87 88 89 90 91 92 93 94 95 96 97 98 99 100 101 102 103 104 105 106 107 108 109 110 111 112 113 114 115 116 117 118 119 120 121 122 123 124 125 126 127 128 129 130 131 132 133 134 135 136 137 138 139 140 141 142 143 144 145 146 147 148 149
0 38
0 109
0 121
0 126
1 20
3 56
4 67
4 68
4 137
6 98
7 75
7 98
8 18
8 132
12 22
13 43
13 103
13 127
15 46
15 87
16 104
18 72
19 130
19 146
20 95
20 107
21 53
21 96
21 115
22 71
22 107
23 90
24 37
24 80
25 122
28 37
28 88
29 43
32 41
32 88
32 93
32 127
33 101
34 43
34 87
35 63
35 132
37 58
38 86
38 110
38 143
39 111
40 56
41 140
42 88
44 103
45 95
47 65
47 111
47 148
49 66
50 76
50 101
53 81
53 109
55 75
55 108
56 85
56 132
57 84
59 84
59 122
64 123
65 139
67 131
69 97
73 101
74 123
74 135
76 128
76 130
83 95
84 129
84 133
84 139
86 114
87 90
88 118
89 134
92 126
95 96
95 133
97 103
100 114
100 137
101 112
101 123
101 126
105 117
105 118
106 122
107 116
108 116
110 125
110 136
111 142
112 149
113 120
115 130
118 121
119 142
121 140
127 146
129 147

0 1 1 0 1 1 1 1 0 1 0 1 0 0 0 0 1 0 0 0 0 0 1 1 0 0 1 0 1 1 0 1 1 1 0 1 1 0 1 1 1 1 0 0 0 1 1 0 1 0 0 0 1 1 1 1 0 0 1 1 1 1 0 0 1 0 0 0 0 0 1 1 1 1 1 1 0 0 1 0 0 1 0 1 1 0 1 0 1 0 1 1 1 0 0 0 0 0 1 1 0 0 0 1 1 1 1 1 0 1 1 0 0 0 1 1 1 0 1 1 0 0 1 0 0 1 0 1 1 0 0 0 1 1 0 0 1 0 0 0 1 0 1 0 0 0 0 0 1 1