100 978
0 1 2 3 4 5 6 7 8 9 10 11 12 13 14 15 16 17 18 19 20 21 22 23 24 25 26 27 28 29 30 31 32 33 34 35 36 37 38 39 40 41 42 43 44 45 46 47 48 49 50 51 52 53 54 55 56 57 58 59 60 61 62 63 64 65 66 67 68 69 70 71 72 73 74 75 76 77 78 79 80 81 82 83 84 85 86 87 88 89 90 91 92 93 94 95 96 97 98 99
0 2
0 4
0 10
0 14
0 18
0 19
0 27
0 32
0 35
0 43
0 62
0 64
0 70
0 73
0 75
0 77
0 82
0 83
0 88
0 89
0 96
1 6
1 9
1 11
1 16
1 25
1 26
1 29
1 32
1 37
1 45
1 51
1 53
1 57
1 58
1 65
1 71
1 93
2 7
2 11
2 13
2 15
2 18
2 22
2 27
2 31
2 39
2 45
2 49
2 50
2 60
2 65
2 71
2 73
2 77
2 78
2 79
2 81
2 84
2 88
2 90
2 98
3 7
3 8
3 10
3 20
3 24
3 32
3 33
3 38
3 41
3 51
3 52
3 60
3 74
3 77
3 79
3 80
3 83
3 86
3 92
4 6
4 13
4 38
4 40
4 42
4 44
4 53
4 59
4 60
4 61
4 70
4 80
4 99
5 9
5 12
5 13
5 16
5 21
5 25
5 29
5 31
5 32
5 41
5 45
5 48
5 54
5 55
5 58
5 67
5 75
5 77
5 79
5 84
5 87
5 93
5 97
5 98
6 10
6 20
6 23
6 24
6 27
6 30
6 36
6 40
6 45
6 46
6 52
6 70
6 71
6 81
6 88
6 95
7 9
7 10
7 23
7 24
7 32
7 38
7 43
7 46
7 50
7 56
7 59
7 65
7 67
7 71
7 73
7 81
7 84
7 90
7 93
7 95
8 16
8 23
8 43
8 50
8 66
8 70
8 74
8 81
8 86
8 87
8 91
8 93
9 10
9 14
9 21
9 22
9 25
9 32
9 38
9 45
9 50
9 53
9 55
9 59
9 63
9 73
9 78
9 82
9 84
9 88
9 90
10 13
10 14
10 18
10 25
10 28
10 32
10 36
10 37
10 46
10 47
10 54
10 57
10 64
10 72
10 74
10 79
10 91
10 92
10 95
10 97
10 98
11 16
11 18
11 21
11 24
11 31
11 32
11 40
11 41
11 43
11 46
11 47
11 53
11 58
11 60
11 64
11 73
11 77
11 81
11 83
11 96
11 98
12 16
12 20
12 22
12 25
12 27
12 34
12 50
12 55
12 56
12 64
12 69
12 72
12 91
12 97
13 14
13 27
13 29
13 31
13 34
13 39
13 40
13 45
13 48
13 57
13 60
13 63
13 74
13 81
13 84
13 86
13 91
14 19
14 21
14 23
14 28
14 30
14 49
14 50
14 55
14 56
14 66
14 68
14 82
14 84
14 93
15 43
15 44
15 45
15 47
15 55
15 58
15 62
15 68
15 79
15 80
15 82
15 91
15 94
15 97
16 18
16 28
16 29
16 31
16 33
16 40
16 41
16 45
16 46
16 49
16 55
16 61
16 62
16 67
16 69
16 70
16 74
16 79
16 84
16 88
16 93
16 94
16 95
16 97
17 19
17 22
17 42
17 48
17 57
17 64
17 65
17 68
17 71
17 73
17 75
17 88
17 94
17 98
18 27
18 42
18 43
18 44
18 47
18 68
18 69
18 71
18 72
18 76
18 84
18 93
18 99
19 20
19 21
19 27
19 33
19 42
19 45
19 46
19 61
19 65
19 66
19 80
19 83
19 87
19 91
19 92
19 94
20 24
20 27
20 36
20 39
20 46
20 57
20 58
20 63
20 66
20 81
20 94
20 97
21 29
21 31
21 42
21 43
21 46
21 56
21 61
21 64
21 66
21 91
21 94
21 98
22 29
22 32
22 35
22 38
22 40
22 44
22 47
22 51
22 56
22 60
22 64
22 75
22 94
23 29
23 38
23 60
23 63
23 64
23 66
23 69
23 72
23 78
23 92
23 94
23 95
23 99
24 30
24 34
24 39
24 41
24 42
24 43
24 48
24 57
24 63
24 69
24 71
24 85
24 89
24 99
25 26
25 34
25 38
25 44
25 46
25 47
25 49
25 50
25 55
25 59
25 67
25 72
25 73
25 75
25 80
25 82
25 86
25 89
25 96
26 27
26 33
26 42
26 44
26 47
26 56
26 58
26 62
26 67
26 69
26 72
26 74
26 85
26 93
27 30
27 32
27 40
27 47
27 49
27 54
27 56
27 57
27 58
27 59
27 60
27 63
27 65
27 87
27 98
28 30
28 41
28 49
28 52
28 63
28 67
28 69
28 72
28 83
29 35
29 37
29 38
29 50
29 52
29 57
29 61
29 62
29 68
29 72
29 82
29 87
29 89
29 92
30 34
30 38
30 45
30 47
30 54
30 57
30 62
30 63
30 66
30 92
31 32
31 38
31 41
31 43
31 45
31 50
31 51
31 61
31 63
31 65
31 66
31 67
31 92
31 93
31 97
31 98
32 42
32 43
32 59
32 66
32 67
32 74
32 77
32 79
32 96
33 40
33 61
33 62
33 68
33 69
33 71
33 85
33 86
34 38
34 47
34 52
34 54
34 58
34 64
34 72
34 76
34 78
35 40
35 54
35 59
35 61
35 72
35 78
35 81
35 86
35 87
35 92
35 95
36 47
36 49
36 58
36 61
36 62
36 64
36 76
36 77
36 86
37 38
37 51
37 52
37 53
37 55
37 62
37 72
37 78
37 91
37 92
37 95
37 97
37 99
38 42
38 44
38 50
38 53
38 54
38 55
38 57
38 62
38 67
38 71
38 76
38 77
38 80
38 82
38 84
38 87
38 89
38 93
38 94
38 95
38 97
39 41
39 43
39 48
39 57
39 59
39 61
39 63
39 70
39 73
39 75
39 84
39 85
39 87
39 90
39 97
40 45
40 46
40 50
40 56
40 59
40 62
40 66
40 74
40 78
40 81
40 82
40 85
40 88
40 90
40 93
41 45
41 54
41 58
41 63
41 66
41 75
41 76
41 78
41 85
41 90
41 93
41 94
41 97
42 48
42 56
42 57
42 61
42 83
42 84
42 95
42 96
43 44
43 59
43 63
43 68
43 72
43 73
43 74
43 76
43 77
43 78
43 81
43 82
43 85
43 86
44 47
44 56
44 57
44 68
44 76
44 81
44 82
44 83
44 85
44 87
44 89
44 98
45 51
45 52
45 53
45 62
45 75
45 80
45 87
46 50
46 54
46 59
46 66
46 69
46 73
46 76
46 89
47 52
47 60
47 65
47 68
47 75
47 79
48 49
48 51
48 56
48 59
48 62
48 64
48 72
48 73
48 74
48 76
48 77
49 50
49 52
49 53
49 59
49 64
49 66
49 74
49 75
49 78
49 88
49 92
50 58
50 63
50 65
50 67
50 92
50 93
50 99
51 54
51 55
51 70
51 77
51 82
51 85
51 93
52 59
52 63
52 65
52 67
52 76
52 77
52 80
52 82
52 83
52 90
52 93
52 98
53 54
53 56
53 57
53 64
53 67
53 72
53 90
53 94
53 95
53 96
53 97
54 64
54 69
54 70
54 75
54 76
54 77
54 81
54 85
54 89
54 96
55 57
55 59
55 64
55 68
55 73
55 81
55 86
56 64
56 66
56 68
56 74
56 85
56 90
56 93
56 95
56 97
56 99
57 58
57 59
57 60
57 65
57 68
57 76
57 77
57 93
57 94
58 63
58 65
58 70
58 73
58 85
58 88
58 89
58 90
58 93
59 64
59 79
59 83
59 85
59 96
60 61
60 64
60 72
60 80
60 81
60 83
60 85
60 86
60 92
60 93
60 96
60 98
61 67
61 68
61 69
61 74
61 78
61 83
61 84
61 85
61 86
61 90
62 63
62 67
62 69
62 73
62 75
62 78
62 88
62 89
63 67
63 71
63 74
63 75
63 77
63 80
63 83
63 84
63 88
63 91
64 69
64 71
64 72
64 78
64 84
64 89
64 90
64 93
64 96
65 73
65 74
65 82
65 84
65 88
65 93
66 67
66 91
67 69
67 75
67 96
67 99
68 69
68 72
68 76
68 77
68 84
68 85
68 90
68 99
69 72
69 77
69 89
69 95
70 71
70 73
70 78
70 79
70 86
70 95
70 97
70 99
71 73
71 77
71 83
72 74
72 80
72 85
72 88
72 91
72 94
72 95
72 99
73 78
73 80
73 81
73 86
73 92
73 94
73 95
74 76
74 77
74 80
74 82
74 89
74 95
75 76
75 79
75 82
75 92
75 96
76 78
76 85
76 88
76 92
76 93
76 99
77 82
77 84
77 85
77 86
77 96
77 97
77 98
78 82
78 83
78 84
78 85
78 87
78 94
78 96
79 81
79 83
79 84
80 85
81 84
81 88
81 90
81 91
81 92
81 93
81 94
81 96
81 97
81 99
82 95
82 97
83 84
83 87
83 92
83 97
84 87
84 89
84 96
84 97
85 90
85 92
85 98
86 87
86 90
86 99
87 88
87 91
87 95
87 96
88 97
89 93
92 93
92 94
92 95
93 95
93 96
94 96
94 98
96 97
96 98
96 99
97 99

0 1 0 1 1 1 1 0 1 1 0 1 0 0 1 0 0 1 0 0 1 0 1 1 0 1 1 0 0 0 0 1 1 0 1 1 1 1 0 1 1 1 1 0 1 0 0 0 0 0 0 1 0 1 0 1 1 1 1 1 0 1 0 1 1 1 0 0 1 0 0 0 0 1 1 1 0 0 0 1 1 0 0 1 1 0 0 0 1 1 0 0 0 0 0 0 1 1 0 1