100 518
0 1 2 3 4 5 6 7 8 9 10 11 12 13 14 15 16 17 18 19 20 21 22 23 24 25 26 27 28 29 30 31 32 33 34 35 36 37 38 39 40 41 42 43 44 45 46 47 48 49 50 51 52 53 54 55 56 57 58 59 60 61 62 63 64 65 66 67 68 69 70 71 72 73 74 75 76 77 78 79 80 81 82 83 84 85 86 87 88 89 90 91 92 93 94 95 96 97 98 99
0 20
0 25
0 33
0 40
0 55
0 67
0 82
1 7
1 10
1 12
1 40
1 47
1 72
1 77
1 91
2 19
2 25
2 26
2 34
2 45
2 53
2 55
2 59
2 62
2 65
2 71
2 77
2 84
2 89
2 91
2 96
3 35
3 36
3 43
3 66
3 76
3 78
3 91
3 96
3 98
4 17
4 27
4 32
4 46
4 69
4 81
4 88
4 92
5 7
5 9
5 44
5 63
5 77
5 89
5 94
6 11
6 21
6 31
6 38
6 66
6 84
6 86
6 89
7 48
7 58
7 65
7 75
8 9
8 22
8 37
8 40
8 48
8 82
8 86
8 87
8 95
9 22
9 28
9 33
9 52
9 73
9 84
10 13
10 17
10 20
10 21
10 30
10 47
10 49
10 56
10 58
10 59
10 70
10 78
10 88
10 98
11 15
11 26
11 34
11 35
11 38
11 40
11 47
11 67
11 81
12 16
12 33
12 35
12 41
12 46
12 55
12 57
12 58
12 96
13 20
13 72
13 79
13 83
14 23
14 28
14 36
14 37
14 41
14 43
14 62
14 67
14 75
14 78
14 87
15 26
15 37
15 40
15 42
15 46
15 80
15 86
16 22
16 28
16 57
16 62
16 69
16 77
17 19
17 22
17 30
17 34
17 35
17 43
17 50
17 68
17 72
17 92
17 93
17 94
18 37
18 38
18 49
18 61
18 68
18 77
19 28
19 33
19 37
19 55
19 57
19 74
20 25
20 37
20 38
20 41
20 48
20 55
20 56
20 69
20 75
21 29
21 31
21 33
21 38
21 55
21 69
21 72
21 98
21 99
22 25
22 46
22 50
22 51
22 61
22 64
22 68
22 83
22 92
22 93
23 28
23 31
23 63
23 67
23 69
23 84
23 89
24 25
24 45
24 67
24 78
24 85
25 32
25 42
25 56
25 67
25 78
25 90
25 98
26 29
26 37
26 46
26 80
26 81
26 86
27 29
27 40
27 59
27 69
27 80
27 87
28 35
28 36
28 37
28 41
28 59
28 68
28 69
28 76
28 77
28 84
28 85
28 86
28 90
29 34
29 38
29 46
29 47
29 52
29 55
29 86
29 91
29 96
30 39
30 42
30 56
30 57
30 63
30 66
30 69
30 72
30 73
30 79
30 89
31 32
31 46
31 70
31 74
31 82
31 86
32 36
32 40
32 48
32 52
32 55
32 63
32 66
32 71
32 80
33 36
33 39
33 40
33 44
33 50
33 53
33 54
33 59
33 64
33 74
33 80
33 81
33 98
34 54
34 73
34 76
34 95
34 96
35 40
35 44
35 55
35 69
35 97
36 55
36 60
36 64
36 68
36 73
36 80
36 83
37 44
37 47
37 48
37 54
37 78
37 84
37 92
37 93
38 55
38 66
38 79
38 85
38 95
39 40
39 56
39 61
39 69
39 71
39 78
39 83
39 97
40 44
40 66
40 73
40 89
40 90
40 96
41 59
41 68
41 69
41 82
41 92
42 50
42 52
42 70
42 77
42 91
43 53
43 58
43 64
43 70
43 71
43 81
43 83
43 87
44 48
44 63
44 66
44 69
44 71
44 74
44 82
44 88
45 47
45 52
45 60
45 78
45 87
45 91
46 49
46 59
46 66
46 74
46 79
46 92
47 66
47 72
47 83
47 85
47 87
47 88
47 90
47 97
48 50
48 66
48 67
48 73
48 81
48 97
49 50
49 62
49 68
49 69
49 82
49 93
50 57
50 69
50 70
50 75
50 76
50 81
50 96
51 55
51 60
51 95
51 98
52 53
52 54
52 61
52 67
53 60
53 67
53 75
54 72
54 94
54 96
55 78
55 85
55 90
56 57
56 60
56 62
56 67
56 74
56 81
56 85
56 91
56 95
57 63
57 80
57 94
58 59
58 64
58 81
58 93
59 68
59 75
59 78
59 90
59 93
59 95
59 96
60 61
60 74
60 86
61 79
61 86
61 96
61 99
62 69
62 72
62 79
62 87
62 94
63 65
63 66
63 72
63 84
63 86
63 87
63 98
64 74
64 91
64 94
64 97
65 88
65 97
66 84
66 86
66 90
66 94
67 72
69 71
69 75
69 78
69 79
70 72
70 74
70 83
70 93
71 77
72 76
72 79
72 90
72 92
73 87
73 91
74 88
74 89
75 77
75 93
76 78
76 88
76 93
77 80
77 85
77 87
77 90
78 97
79 96
80 81
80 89
80 91
80 92
81 91
83 86
83 97
84 89
84 98
85 90
85 94
85 98
87 89
87 95
88 90
88 92
88 95
88 99
91 92
92 94
92 95
92 96
93 98
94 99
97 99

0 1 0 0 1 1 1 1 0 0 1 1 1 0 1 1 1 0 1 0 0 1 0 1 0 0 0 1 0 1 0 1 1 0 1 0 1 0 1 1 0 0 1 1 0 0 1 1 1 1 0 0 1 0 0 1 1 0 1 0 0 0 1 0 1 1 1 1 0 0 0 0 0 0 1 1 0 1 1 1 0 1 0 1 1 0 0 0 1 0 0 1 1 0 0 0 0 1 0 1