20 93
0 1 2 3 4 5 6 7 8 9 10 11 12 13 14 15 16 17 18 19
0 3
0 4
0 6
0 8
0 9
0 11
0 12
0 13
0 14
0 19
1 2
1 3
1 4
1 5
1 9
1 11
1 13
1 15
1 16
1 17
2 5
2 6
2 9
2 14
2 15
2 16
2 17
2 18
3 5
3 6
3 9
3 10
3 11
3 12
3 13
3 15
3 16
3 17
3 18
3 19
4 5
4 6
4 8
4 9
4 11
4 12
4 14
4 15
4 16
4 18
4 19
5 9
5 10
5 11
5 12
5 13
5 18
5 19
6 13
6 14
6 15
6 19
7 8
7 9
7 14
7 16
7 17
7 19
8 15
8 16
8 19
9 11
9 14
9 15
9 17
9 19
10 11
10 18
11 16
11 19
12 15
12 16
12 17
12 18
13 16
13 17
13 19
14 18
15 16
15 19
16 19
17 18
17 19

1 1 1 0 1 1 0 0 1 1 0 1 0 1 1 0 0 0 0 0