150 1167
0 1 2 3 4 5 6 7 8 9 10 11 12 13 14 15 16 17 18 19 20 21 22 23 24 25 26 27 28 29 30 31 32 33 34 35 36 37 38 39 40 41 42 43 44 45 46 47 48 49 50 51 52 53 54 55 56 57 58 59 60 61 62 63 64 65 66 67 68 69 70 71 72 73 74 75 76 77 78 79 80 81 82 83 84 85 86 87 88 89 90 91 92 93 94 95 96 97 98 99 100 101 102 103 104 105 106 107 108 109 110 111 112 113 114 115 116 117 118 119 120 121 122 123 124 125 126 127 128 129 130 131 132 133 134 135 136 137 138 139 140 141 142 143 144 145 146 147 148 149
0 2
0 8
0 29
0 30
0 33
0 37
0 42
0 49
0 66
0 70
0 76
0 77
0 91
0 93
0 96
0 98
0 99
0 103
0 130
0 131
0 135
1 13
1 16
1 26
1 41
1 56
1 59
1 60
1 94
1 107
1 112
1 118
1 119
1 122
1 132
1 145
2 27
2 32
2 35
2 36
2 42
2 49
2 50
2 56
2 68
2 73
2 83
2 86
2 96
2 122
2 146
3 6
3 12
3 30
3 38
3 51
3 58
3 60
3 62
3 64
3 68
3 73
3 74
3 78
3 82
3 88
3 124
3 128
3 144
4 7
4 10
4 18
4 27
4 41
4 52
4 54
4 72
4 76
4 93
4 95
4 107
4 115
4 142
4 147
5 38
5 42
5 51
5 55
5 72
5 76
5 79
5 94
5 103
5 113
5 115
5 117
5 119
5 124
5 125
5 127
5 130
5 135
6 14
6 30
6 43
6 54
6 78
6 80
6 87
6 96
6 99
6 117
6 129
6 133
6 138
7 9
7 25
7 34
7 42
7 69
7 73
7 103
7 105
7 119
7 131
7 138
7 139
8 17
8 19
8 34
8 36
8 40
8 41
8 43
8 54
8 61
8 78
8 90
8 96
8 101
8 123
8 131
8 139
9 14
9 18
9 26
9 35
9 41
9 90
9 110
9 127
10 16
10 24
10 33
10 39
10 51
10 57
10 61
10 62
10 84
10 96
10 116
10 136
10 142
11 22
11 23
11 44
11 53
11 57
11 59
11 69
11 85
11 92
11 104
11 109
11 114
11 119
11 123
11 139
12 17
12 18
12 19
12 54
12 102
12 105
12 125
12 139
12 140
12 141
12 149
13 16
13 31
13 38
13 48
13 70
13 73
13 81
13 88
13 90
13 93
13 102
13 103
13 109
13 115
13 130
14 37
14 65
14 71
14 95
14 96
14 101
14 102
14 125
14 126
14 127
14 128
14 139
14 142
15 18
15 24
15 33
15 41
15 46
15 55
15 61
15 64
15 68
15 82
15 92
15 100
15 115
15 116
15 117
15 119
15 126
15 132
15 144
15 146
16 25
16 28
16 40
16 49
16 67
16 69
16 71
16 86
16 92
16 100
16 112
16 117
16 118
16 133
16 143
16 144
17 23
17 24
17 32
17 36
17 39
17 61
17 77
17 85
17 115
17 118
17 120
17 140
17 144
18 20
18 44
18 61
18 72
18 77
18 95
18 108
18 115
18 140
18 141
18 149
19 23
19 25
19 26
19 42
19 45
19 49
19 54
19 59
19 72
19 90
19 100
19 103
19 106
19 111
20 21
20 23
20 29
20 30
20 31
20 33
20 39
20 48
20 52
20 58
20 63
20 76
20 78
20 91
20 92
20 124
20 130
20 134
20 148
21 24
21 28
21 32
21 45
21 65
21 66
21 77
21 84
21 87
21 94
21 120
21 121
21 123
21 124
21 125
21 144
21 145
22 27
22 52
22 80
22 91
22 94
22 102
22 116
22 126
22 141
22 144
23 35
23 43
23 52
23 54
23 70
23 74
23 76
23 77
23 84
23 91
23 96
23 107
23 109
23 111
23 115
23 118
23 128
23 138
24 37
24 38
24 41
24 52
24 53
24 55
24 56
24 64
24 66
24 74
24 77
24 99
24 104
24 105
24 143
24 144
25 38
25 53
25 61
25 63
25 74
25 75
25 80
25 100
25 103
25 125
25 138
26 35
26 49
26 55
26 58
26 65
26 73
26 76
26 86
26 94
26 95
26 99
26 112
26 121
26 139
26 143
26 147
27 37
27 42
27 43
27 55
27 62
27 73
27 74
27 75
27 80
27 81
27 82
27 129
27 131
27 144
28 34
28 56
28 58
28 81
28 86
28 88
28 97
28 102
28 110
28 114
28 145
29 47
29 85
29 86
29 99
29 101
29 102
29 103
29 107
29 113
29 116
29 122
29 124
29 136
29 147
30 33
30 43
30 48
30 58
30 82
30 83
30 94
30 107
30 113
30 124
30 132
30 137
30 144
30 146
30 147
31 33
31 59
31 64
31 88
31 92
31 96
31 111
31 127
31 140
31 144
32 37
32 58
32 60
32 68
32 70
32 103
32 136
32 146
32 149
33 61
33 69
33 74
33 80
33 91
33 99
33 100
33 108
33 121
33 122
33 143
34 49
34 63
34 88
34 92
34 95
34 96
34 127
34 140
34 148
34 149
35 46
35 53
35 54
35 60
35 80
35 87
35 92
35 96
35 102
35 108
35 109
36 41
36 46
36 55
36 60
36 77
36 82
36 91
36 104
36 114
36 115
36 119
36 123
36 127
36 133
36 141
36 143
36 145
37 42
37 47
37 67
37 69
37 78
37 85
37 86
37 90
37 91
37 93
37 113
37 122
37 126
37 131
37 139
37 144
38 46
38 68
38 78
38 84
38 103
38 113
38 120
38 138
38 140
38 145
39 40
39 49
39 51
39 52
39 59
39 70
39 72
39 86
39 92
39 100
39 117
39 122
39 149
40 48
40 60
40 86
40 111
40 112
40 114
40 115
40 138
41 47
41 54
41 58
41 70
41 75
41 85
41 98
41 108
41 114
41 126
41 128
41 130
41 132
42 51
42 63
42 80
42 88
42 96
42 99
42 109
42 125
42 130
42 140
42 141
42 149
43 47
43 54
43 59
43 61
43 62
43 73
43 84
43 95
43 98
43 109
43 110
43 117
43 124
43 126
43 130
44 49
44 60
44 69
44 73
44 79
44 83
44 93
44 95
44 100
44 119
44 121
44 125
44 148
45 50
45 53
45 78
45 80
45 84
45 86
45 87
45 95
45 96
45 104
45 111
45 120
45 122
45 134
45 139
46 51
46 58
46 62
46 109
46 114
46 122
46 129
46 133
46 138
46 145
47 55
47 57
47 69
47 74
47 85
47 95
47 101
47 128
47 131
47 135
47 140
47 141
47 147
48 57
48 62
48 66
48 79
48 89
48 94
48 100
48 101
48 135
48 145
49 64
49 83
49 95
49 105
49 121
49 126
49 129
49 130
49 140
50 58
50 69
50 72
50 77
50 130
50 131
50 134
50 141
50 143
51 54
51 60
51 82
51 90
51 97
51 101
51 110
51 114
51 116
51 118
51 126
51 132
51 136
51 141
51 146
52 56
52 58
52 67
52 68
52 70
52 87
52 100
52 102
52 112
52 128
52 141
52 146
53 73
53 77
53 84
53 89
53 93
53 95
53 108
53 132
53 138
53 144
54 59
54 80
54 90
54 113
54 124
54 126
54 132
54 148
55 86
55 91
55 117
55 127
55 128
55 142
55 148
55 149
56 62
56 97
56 120
56 138
57 63
57 79
57 84
57 102
57 120
57 123
57 130
57 138
57 148
58 63
58 87
58 119
58 121
58 144
59 70
59 82
59 97
59 98
59 109
59 121
59 123
59 139
60 74
60 87
60 94
60 95
60 117
60 118
60 146
61 79
61 84
61 93
61 99
61 101
61 102
61 125
61 126
61 128
61 130
61 142
61 145
62 84
62 89
62 95
62 119
62 121
62 122
62 130
62 140
62 143
63 64
63 85
63 89
63 96
63 107
63 109
63 110
63 126
63 128
63 143
64 66
64 68
64 77
64 93
64 94
64 125
64 126
64 131
64 143
64 144
64 145
65 67
65 75
65 110
65 111
65 124
65 143
66 72
66 91
66 93
66 98
66 112
66 117
66 118
66 124
66 126
66 138
67 79
67 107
67 111
67 113
67 115
67 127
68 72
68 81
68 90
68 99
68 113
68 116
68 117
68 135
68 143
69 83
69 84
69 103
69 115
69 124
69 144
69 149
70 77
70 85
70 115
71 72
71 83
71 101
71 106
71 108
71 112
71 117
71 132
72 76
72 83
72 88
72 97
72 113
72 114
72 116
72 119
72 122
72 126
72 130
72 136
72 141
73 80
73 83
73 95
73 113
73 139
73 145
74 85
74 95
74 104
74 105
74 119
74 121
74 124
74 139
74 149
75 88
75 93
75 96
75 97
75 113
75 116
75 124
75 128
75 136
76 77
76 79
76 100
76 114
76 129
76 142
76 146
76 149
77 83
77 95
77 102
77 114
77 128
77 132
77 136
78 80
78 91
78 95
78 107
78 121
78 126
78 128
78 137
78 139
79 80
79 85
79 90
79 93
79 106
79 107
79 112
79 122
79 123
79 126
79 133
79 137
79 140
80 88
80 123
80 133
80 141
81 94
81 95
81 103
81 116
81 122
81 144
81 148
82 99
82 101
82 129
82 137
82 141
82 143
82 147
83 93
83 99
83 103
83 123
83 132
83 137
83 140
83 144
84 103
84 115
84 132
84 135
84 136
84 138
84 140
85 145
86 105
86 111
86 117
86 118
86 133
86 144
87 88
87 110
87 121
87 139
87 142
87 144
88 95
88 133
88 139
89 100
89 102
89 113
89 122
89 127
89 139
89 144
89 147
90 101
90 103
90 104
90 108
90 111
90 114
90 128
90 130
90 135
90 142
91 118
91 126
91 137
91 140
92 97
92 127
92 128
92 130
92 141
92 145
93 115
93 131
94 96
94 109
94 146
95 110
95 131
95 136
95 141
95 143
95 144
96 102
96 114
96 129
96 134
97 98
97 127
98 99
98 100
98 102
98 114
98 145
99 110
99 111
99 116
99 126
99 129
99 135
99 140
100 103
100 110
100 127
100 129
100 134
101 113
101 148
102 114
102 115
102 125
102 131
102 144
103 119
103 123
103 136
104 108
104 115
104 118
104 124
104 125
104 133
104 135
104 141
105 129
105 138
106 110
106 117
106 120
106 122
106 123
106 128
106 145
106 149
107 108
107 120
107 133
107 145
108 114
108 117
109 128
110 119
110 120
110 127
110 129
110 130
110 135
110 145
110 147
111 125
111 127
111 132
112 118
112 131
112 137
112 142
112 145
113 120
113 122
113 123
113 136
113 146
113 147
114 117
114 119
114 125
114 134
114 140
114 148
116 117
116 124
116 129
116 132
116 135
116 138
117 145
118 123
118 124
118 133
118 135
119 127
119 136
119 149
120 134
120 142
121 123
121 125
121 141
121 143
121 144
122 141
122 145
123 125
123 133
123 139
123 146
124 144
124 146
125 132
125 140
125 148
125 149
126 130
126 134
126 135
127 132
128 140
128 149
129 132
129 138
130 140
130 149
132 135
132 147
132 148
133 138
134 145
136 142
136 149
137 140
138 147
139 145
142 147
143 149

1 0 0 0 0 0 0 1 1 1 1 0 1 1 1 0 1 0 0 1 1 0 1 0 1 1 0 0 1 0 0 1 1 1 0 0 0 1 1 1 1 0 0 1 1 0 1 1 1 0 0 0 1 0 1 1 1 0 0 1 1 0 0 0 0 0 0 0 0 0 1 1 1 0 0 1 1 1 0 1 0 0 1 0 1 1 1 1 0 1 1 0 1 0 0 1 0 1 0 0 1 1 0 1 0 0 0 1 1 1 0 0 0 0 1 0 0 0 1 0 0 0 1 1 0 0 1 1 1 0 1 1 1 1 0 1 1 0 0 1 0 1 0 0 1 1 0 1 0 1