250 332
0 1 2 3 4 5 6 7 8 9 10 11 12 13 14 15 16 17 18 19 20 21 22 23 24 25 26 27 28 29 30 31 32 33 34 35 36 37 38 39 40 41 42 43 44 45 46 47 48 49 50 51 52 53 54 55 56 57 58 59 60 61 62 63 64 65 66 67 68 69 70 71 72 73 74 75 76 77 78 79 80 81 82 83 84 85 86 87 88 89 90 91 92 93 94 95 96 97 98 99 100 101 102 103 104 105 106 107 108 109 110 111 112 113 114 115 116 117 118 119 120 121 122 123 124 125 126 127 128 129 130 131 132 133 134 135 136 137 138 139 140 141 142 143 144 145 146 147 148 149 150 151 152 153 154 155 156 157 158 159 160 161 162 163 164 165 166 167 168 169 170 171 172 173 174 175 176 177 178 179 180 181 182 183 184 185 186 187 188 189 190 191 192 193 194 195 196 197 198 199 200 201 202 203 204 205 206 207 208 209 210 211 212 213 214 215 216 217 218 219 220 221 222 223 224 225 226 227 228 229 230 231 232 233 234 235 236 237 238 239 240 241 242 243 244 245 246 247 248 249
0 114
1 237
2 7
2 103
2 191
2 211
3 126
3 148
4 135
4 146
5 89
5 92
5 110
5 169
6 38
6 142
7 191
7 224
8 37
8 216
8 230
9 111
9 183
10 212
11 17
11 95
11 144
11 169
12 26
12 77
12 163
12 184
12 199
13 78
13 129
13 203
13 209
14 28
15 19
15 48
15 87
15 149
16 204
17 73
17 176
18 93
18 112
18 117
18 241
19 139
20 208
21 31
21 99
21 111
21 175
21 231
22 78
22 138
22 158
22 170
22 190
22 216
22 233
23 150
23 154
23 168
24 69
24 86
24 129
24 206
24 208
26 80
26 94
26 128
27 32
27 208
27 228
29 80
29 150
30 80
30 109
31 91
31 155
32 192
33 164
33 232
35 92
35 181
37 75
37 110
37 181
37 184
38 117
38 173
39 87
39 222
40 72
40 120
41 105
41 120
42 149
43 104
43 113
43 151
44 231
45 71
45 121
45 145
45 186
46 182
46 217
47 71
47 122
47 124
48 143
48 189
49 95
49 97
49 120
49 165
49 171
49 234
50 202
51 151
52 207
54 72
54 173
54 217
55 161
57 75
57 235
58 107
59 98
59 159
60 98
60 153
61 157
63 107
63 173
63 203
63 234
64 80
64 189
64 226
65 122
65 157
66 78
66 144
68 98
68 162
68 230
69 98
69 215
70 122
70 133
71 158
71 240
72 137
72 164
72 236
73 100
74 181
74 193
74 195
75 190
75 217
76 85
76 178
76 181
76 194
78 168
78 208
78 245
79 111
79 141
79 179
80 131
80 165
81 151
81 186
82 167
83 162
83 192
83 229
84 161
84 185
87 196
87 208
88 248
89 112
89 222
90 161
90 202
91 104
91 105
93 113
94 115
94 137
94 152
97 128
97 142
97 234
98 99
98 136
100 172
100 244
101 119
101 232
102 108
102 158
102 233
102 248
103 220
104 158
104 188
105 111
106 164
106 237
107 226
109 119
109 141
109 172
110 146
110 225
111 139
111 150
111 179
112 161
112 164
112 171
113 125
113 129
115 218
116 210
117 148
117 173
118 202
118 214
118 222
118 244
119 153
119 192
119 212
119 245
120 172
120 220
121 137
121 141
121 189
121 217
123 137
125 186
126 151
127 215
129 143
129 190
129 247
130 234
131 177
133 134
133 193
133 211
134 206
135 153
135 174
136 167
136 168
137 153
137 158
139 152
139 189
140 217
141 183
141 233
142 192
145 151
145 205
145 210
146 214
148 229
150 243
151 238
153 177
153 186
153 234
154 210
156 161
156 177
157 194
157 204
157 210
158 204
158 233
160 178
161 192
162 196
163 186
163 212
165 224
166 229
168 169
171 234
173 190
173 191
174 205
174 219
176 232
180 224
183 244
184 231
184 240
189 193
189 233
190 215
192 225
195 220
198 225
199 245
205 236
206 225
213 225
214 216
214 227
215 225
216 238
216 239
216 244
217 240
227 243
237 242
243 245
246 248

1 1 1 0 1 1 1 0 0 1 1 0 1 0 1 0 0 0 1 0 1 0 1 1 1 0 0 0 1 0 0 1 1 0 1 0 1 0 1 1 0 1 1 0 0 1 1 0 0 1 0 1 0 0 0 1 1 1 0 1 1 1 0 1 1 1 1 0 1 1 1 0 0 0 0 1 0 0 0 1 1 0 1 1 1 0 1 1 1 1 1 0 1 0 1 0 0 0 1 0 0 0 1 1 0 1 1 0 0 1 1 0 1 1 1 1 0 1 1 0 0 0 0 1 1 1 0 1 1 0 0 1 0 0 1 1 0 1 1 0 0 0 0 0 1 0 0 0 0 0 0 0 0 0 0 1 1 0 0 0 0 0 0 0 0 0 0 1 0 0 1 0 0 0 0 0 1 0 1 0 1 0 0 0 1 1 1 1 0 1 1 1 1 0 1 0 0 0 0 1 1 1 1 0 1 1 1 0 0 0 0 1 1 1 1 1 1 0 0 1 1 1 0 1 1 0 1 1 0 0 1 0 1 0 1 0 0 0 1 1 0 1 1 1 0 0 1 1 1 0