250 3132
0 1 2 3 4 5 6 7 8 9 10 11 12 13 14 15 16 17 18 19 20 21 22 23 24 25 26 27 28 29 30 31 32 33 34 35 36 37 38 39 40 41 42 43 44 45 46 47 48 49 50 51 52 53 54 55 56 57 58 59 60 61 62 63 64 65 66 67 68 69 70 71 72 73 74 75 76 77 78 79 80 81 82 83 84 85 86 87 88 89 90 91 92 93 94 95 96 97 98 99 100 101 102 103 104 105 106 107 108 109 110 111 112 113 114 115 116 117 118 119 120 121 122 123 124 125 126 127 128 129 130 131 132 133 134 135 136 137 138 139 140 141 142 143 144 145 146 147 148 149 150 151 152 153 154 155 156 157 158 159 160 161 162 163 164 165 166 167 168 169 170 171 172 173 174 175 176 177 178 179 180 181 182 183 184 185 186 187 188 189 190 191 192 193 194 195 196 197 198 199 200 201 202 203 204 205 206 207 208 209 210 211 212 213 214 215 216 217 218 219 220 221 222 223 224 225 226 227 228 229 230 231 232 233 234 235 236 237 238 239 240 241 242 243 244 245 246 247 248 249
0 21
0 23
0 26
0 46
0 49
0 55
0 56
0 67
0 75
0 92
0 112
0 117
0 120
0 175
0 186
0 194
0 247
1 13
1 19
1 26
1 36
1 51
1 60
1 67
1 69
1 81
1 82
1 83
1 119
1 145
1 168
1 174
1 183
1 188
1 218
1 220
1 224
1 245
2 3
2 5
2 36
2 38
2 48
2 55
2 60
2 65
2 66
2 81
2 87
2 94
2 121
2 142
2 155
2 160
2 165
2 166
2 194
2 199
2 202
2 212
2 217
2 218
2 223
2 228
2 229
3 15
3 43
3 47
3 48
3 63
3 68
3 78
3 80
3 89
3 113
3 117
3 118
3 123
3 137
3 143
3 149
3 150
3 158
3 169
3 170
3 173
3 200
3 203
3 207
3 228
3 233
3 247
4 20
4 32
4 42
4 43
4 55
4 57
4 59
4 61
4 63
4 68
4 73
4 90
4 93
4 107
4 108
4 109
4 113
4 115
4 164
4 166
4 205
4 209
4 214
4 216
4 219
4 228
4 229
4 238
4 240
4 243
5 10
5 19
5 28
5 37
5 40
5 41
5 48
5 50
5 56
5 71
5 74
5 101
5 118
5 119
5 130
5 140
5 149
5 151
5 153
5 175
5 184
5 209
5 236
6 14
6 28
6 39
6 40
6 43
6 50
6 53
6 61
6 72
6 80
6 96
6 108
6 114
6 120
6 127
6 131
6 154
6 165
6 173
6 181
6 187
6 195
6 202
6 211
6 233
6 249
7 18
7 43
7 44
7 68
7 75
7 78
7 113
7 117
7 134
7 138
7 162
7 198
7 201
7 219
7 220
7 227
7 240
8 13
8 29
8 42
8 46
8 67
8 82
8 96
8 97
8 111
8 139
8 142
8 155
8 157
8 160
8 171
8 188
8 207
8 214
8 216
8 229
8 236
8 246
9 14
9 50
9 51
9 55
9 60
9 61
9 64
9 67
9 71
9 74
9 79
9 86
9 112
9 117
9 151
9 162
9 180
9 189
9 194
9 204
9 212
9 217
9 224
9 228
9 229
9 232
9 248
10 16
10 21
10 26
10 37
10 89
10 95
10 96
10 104
10 106
10 109
10 110
10 117
10 118
10 135
10 136
10 161
10 177
10 204
10 213
10 220
10 226
10 244
11 21
11 26
11 27
11 43
11 52
11 60
11 68
11 77
11 78
11 79
11 87
11 101
11 109
11 124
11 133
11 161
11 162
11 174
11 183
11 194
11 205
11 206
11 233
11 239
12 17
12 23
12 24
12 28
12 37
12 44
12 56
12 62
12 63
12 72
12 75
12 97
12 107
12 108
12 113
12 121
12 133
12 138
12 145
12 150
12 169
12 175
12 206
12 228
12 230
12 245
13 21
13 27
13 54
13 57
13 74
13 86
13 88
13 114
13 135
13 137
13 158
13 187
13 201
13 206
13 215
13 222
13 226
14 54
14 70
14 73
14 82
14 96
14 109
14 113
14 117
14 130
14 166
14 216
14 225
14 226
14 229
14 244
15 44
15 46
15 48
15 50
15 54
15 57
15 63
15 64
15 82
15 86
15 104
15 114
15 166
15 183
15 200
15 215
15 221
15 238
15 239
15 243
15 246
16 19
16 25
16 26
16 33
16 45
16 82
16 83
16 93
16 96
16 97
16 98
16 109
16 113
16 115
16 121
16 125
16 146
16 162
16 168
16 197
16 215
16 225
16 238
17 30
17 43
17 44
17 48
17 55
17 87
17 106
17 108
17 111
17 117
17 127
17 144
17 149
17 171
17 177
17 181
17 186
17 194
17 218
17 220
18 38
18 40
18 89
18 92
18 114
18 123
18 125
18 128
18 146
18 156
18 167
18 171
18 192
18 195
18 202
18 208
18 213
18 219
18 245
18 246
18 249
19 21
19 22
19 29
19 30
19 35
19 38
19 40
19 52
19 66
19 88
19 100
19 108
19 120
19 126
19 132
19 133
19 150
19 154
19 157
19 159
19 167
19 181
19 197
19 200
19 203
19 204
19 207
19 209
19 215
19 221
19 223
19 225
19 238
19 243
19 247
20 27
20 36
20 42
20 48
20 51
20 53
20 54
20 60
20 73
20 84
20 91
20 102
20 105
20 127
20 136
20 149
20 153
20 170
20 202
20 208
20 215
20 219
20 229
21 49
21 59
21 63
21 66
21 68
21 77
21 79
21 84
21 91
21 92
21 128
21 132
21 144
21 154
21 184
21 198
21 230
22 41
22 53
22 54
22 55
22 64
22 81
22 92
22 93
22 115
22 118
22 137
22 150
22 152
22 178
22 180
22 188
22 189
22 195
22 199
22 203
22 211
22 224
22 248
23 35
23 37
23 40
23 41
23 43
23 61
23 94
23 103
23 107
23 109
23 113
23 115
23 118
23 142
23 180
23 197
23 209
23 210
23 212
23 222
23 244
24 27
24 30
24 40
24 52
24 54
24 78
24 90
24 103
24 105
24 106
24 107
24 125
24 138
24 140
24 162
24 191
24 192
24 193
24 202
24 203
24 209
24 215
24 218
24 225
24 235
24 239
25 57
25 63
25 66
25 71
25 74
25 79
25 80
25 119
25 121
25 128
25 154
25 161
25 174
25 214
25 220
25 235
25 245
26 34
26 42
26 52
26 54
26 80
26 129
26 132
26 141
26 144
26 145
26 153
26 159
26 187
26 230
26 238
27 37
27 45
27 59
27 62
27 63
27 70
27 72
27 76
27 78
27 82
27 83
27 86
27 103
27 117
27 124
27 137
27 139
27 142
27 144
27 145
27 152
27 153
27 165
27 168
27 174
27 176
27 183
27 193
27 199
27 203
27 218
27 231
27 245
27 247
28 40
28 42
28 79
28 82
28 95
28 116
28 124
28 145
28 153
28 168
28 169
28 176
28 183
28 196
28 209
28 215
28 218
28 220
28 228
28 229
28 230
28 232
28 249
29 58
29 59
29 60
29 61
29 71
29 80
29 87
29 92
29 100
29 132
29 156
29 157
29 169
29 170
29 177
29 181
29 187
29 189
29 202
29 225
29 235
29 239
30 50
30 69
30 70
30 71
30 80
30 100
30 112
30 121
30 131
30 132
30 134
30 144
30 156
30 164
30 174
30 175
30 179
30 188
30 190
30 200
30 215
30 225
30 230
30 240
30 242
31 39
31 52
31 65
31 78
31 96
31 98
31 100
31 113
31 127
31 158
31 167
31 168
31 171
31 174
31 196
31 206
31 210
31 211
31 213
31 237
32 35
32 48
32 55
32 62
32 64
32 74
32 91
32 93
32 106
32 111
32 118
32 146
32 152
32 171
32 176
32 181
32 185
32 190
32 191
32 200
32 207
32 211
32 217
32 219
32 229
32 231
32 233
33 37
33 41
33 82
33 99
33 106
33 125
33 155
33 188
33 190
33 191
33 197
33 200
33 204
33 210
33 217
33 229
33 231
33 240
34 41
34 58
34 63
34 65
34 74
34 125
34 129
34 140
34 150
34 160
34 165
34 169
34 176
34 179
34 183
34 199
34 225
34 241
34 248
34 249
35 36
35 38
35 42
35 50
35 59
35 63
35 73
35 87
35 95
35 102
35 106
35 138
35 145
35 173
35 184
35 217
35 230
35 234
35 247
36 59
36 61
36 72
36 98
36 140
36 148
36 149
36 154
36 182
36 202
36 204
36 230
36 236
36 247
37 38
37 40
37 54
37 55
37 71
37 89
37 90
37 107
37 110
37 114
37 116
37 143
37 154
37 172
37 180
37 183
37 184
37 190
37 204
37 210
37 220
37 235
37 237
37 240
38 40
38 41
38 43
38 51
38 60
38 71
38 77
38 78
38 87
38 93
38 98
38 120
38 141
38 155
38 176
38 184
38 193
38 205
38 216
38 223
38 230
39 49
39 50
39 52
39 70
39 92
39 93
39 100
39 116
39 137
39 140
39 142
39 156
39 158
39 167
39 178
39 183
39 191
39 194
39 209
39 210
39 215
39 220
39 222
39 237
39 248
40 45
40 56
40 58
40 68
40 77
40 78
40 81
40 83
40 93
40 101
40 114
40 140
40 150
40 154
40 161
40 175
40 177
40 180
40 186
40 193
40 204
40 215
40 227
40 234
40 246
41 59
41 61
41 67
41 81
41 92
41 94
41 109
41 116
41 120
41 130
41 151
41 166
41 171
41 172
41 205
41 208
41 214
41 223
41 228
41 235
41 239
42 82
42 92
42 99
42 109
42 110
42 112
42 126
42 134
42 135
42 140
42 156
42 170
42 177
42 188
42 221
42 230
42 233
42 235
42 249
43 48
43 56
43 62
43 64
43 84
43 94
43 101
43 102
43 107
43 110
43 139
43 140
43 145
43 147
43 151
43 154
43 158
43 160
43 164
43 173
43 195
43 198
43 199
43 201
43 214
43 225
43 230
44 46
44 47
44 63
44 72
44 73
44 77
44 83
44 86
44 95
44 102
44 138
44 147
44 173
44 202
44 205
44 211
44 218
44 226
44 232
44 242
44 245
44 249
45 46
45 85
45 87
45 89
45 94
45 96
45 106
45 124
45 127
45 151
45 157
45 164
45 168
45 169
45 172
45 183
45 186
45 221
45 228
45 229
45 236
45 243
45 247
46 49
46 53
46 73
46 80
46 89
46 90
46 110
46 150
46 153
46 198
46 211
46 222
46 231
46 249
47 49
47 50
47 69
47 114
47 119
47 120
47 121
47 137
47 140
47 146
47 166
47 168
47 170
47 173
47 180
47 182
47 185
47 196
47 200
47 202
47 203
47 218
47 223
47 230
47 234
47 235
47 244
48 56
48 58
48 61
48 68
48 72
48 123
48 131
48 134
48 143
48 165
48 180
48 192
48 209
48 213
48 227
48 235
48 236
48 242
49 59
49 62
49 74
49 91
49 95
49 103
49 142
49 154
49 160
49 161
49 162
49 173
49 175
49 176
49 177
49 184
49 196
49 201
49 202
49 207
49 209
49 229
49 242
50 53
50 54
50 56
50 59
50 61
50 63
50 64
50 81
50 83
50 96
50 114
50 135
50 136
50 166
50 167
50 172
50 198
50 213
50 220
50 225
50 227
50 232
50 238
51 56
51 83
51 90
51 92
51 93
51 118
51 120
51 122
51 133
51 141
51 144
51 155
51 159
51 161
51 173
51 188
51 189
51 191
51 197
51 222
51 247
52 61
52 63
52 67
52 98
52 106
52 111
52 113
52 114
52 132
52 133
52 138
52 213
52 222
52 223
52 225
52 234
52 244
52 246
52 247
53 77
53 96
53 110
53 139
53 146
53 157
53 176
53 185
53 189
53 201
53 210
53 211
53 212
53 234
53 248
54 65
54 72
54 118
54 122
54 128
54 138
54 152
54 160
54 161
54 176
54 186
54 204
54 225
54 226
54 242
55 58
55 62
55 76
55 112
55 125
55 128
55 139
55 148
55 151
55 163
55 164
55 170
55 178
55 183
55 186
55 202
55 208
55 211
55 240
56 61
56 65
56 87
56 90
56 91
56 97
56 111
56 118
56 131
56 145
56 150
56 156
56 164
56 169
56 196
56 199
56 200
56 210
56 214
56 225
56 235
56 239
56 242
56 244
57 66
57 69
57 74
57 75
57 92
57 105
57 122
57 123
57 146
57 158
57 175
57 188
57 197
57 210
57 212
57 214
57 231
57 239
58 66
58 72
58 74
58 77
58 84
58 85
58 88
58 119
58 121
58 123
58 127
58 129
58 155
58 183
58 186
58 204
58 213
58 214
58 220
58 227
58 228
58 234
58 235
58 238
58 244
58 246
59 65
59 69
59 73
59 97
59 114
59 115
59 130
59 132
59 134
59 166
59 173
59 178
59 184
59 186
59 198
59 201
59 205
59 220
59 223
59 244
59 246
59 247
60 63
60 70
60 71
60 81
60 88
60 109
60 115
60 119
60 133
60 137
60 162
60 187
60 198
60 199
60 207
60 234
61 66
61 73
61 88
61 138
61 140
61 172
61 186
61 194
61 195
61 196
61 207
61 215
61 219
61 230
61 238
62 73
62 91
62 92
62 118
62 158
62 165
62 179
62 186
62 190
62 196
62 211
62 228
62 238
62 243
62 246
62 247
62 249
63 70
63 77
63 79
63 81
63 86
63 89
63 106
63 107
63 117
63 119
63 121
63 123
63 135
63 143
63 145
63 163
63 180
63 200
63 204
63 211
63 221
63 229
63 230
63 246
63 248
64 70
64 72
64 80
64 92
64 109
64 115
64 117
64 119
64 121
64 128
64 160
64 168
64 179
64 181
64 182
64 183
64 186
64 192
64 195
64 232
65 73
65 79
65 108
65 112
65 141
65 143
65 149
65 156
65 163
65 170
65 180
65 191
65 196
65 218
65 226
65 230
66 68
66 71
66 91
66 96
66 99
66 101
66 122
66 123
66 147
66 149
66 161
66 168
66 187
66 221
66 223
66 229
66 236
66 237
66 241
66 243
66 246
67 97
67 102
67 105
67 120
67 134
67 139
67 170
67 174
67 175
67 185
67 196
67 219
67 234
67 240
68 83
68 89
68 92
68 113
68 115
68 118
68 119
68 125
68 137
68 144
68 149
68 153
68 154
68 161
68 172
68 191
68 194
68 196
68 201
68 204
68 224
68 232
68 234
68 235
68 244
69 70
69 72
69 81
69 92
69 137
69 140
69 153
69 174
69 222
69 232
69 240
70 83
70 86
70 104
70 107
70 116
70 117
70 124
70 140
70 153
70 164
70 170
70 180
70 188
70 189
70 193
70 202
70 207
70 210
70 236
70 247
71 77
71 98
71 106
71 111
71 118
71 126
71 129
71 137
71 139
71 145
71 151
71 157
71 162
71 166
71 175
71 182
71 186
71 192
71 206
71 212
71 236
71 238
72 89
72 120
72 122
72 127
72 129
72 137
72 139
72 153
72 158
72 171
72 179
72 189
72 206
72 216
72 227
72 245
72 248
73 95
73 98
73 114
73 136
73 142
73 149
73 155
73 157
73 160
73 183
73 187
73 203
73 207
73 235
73 242
73 245
73 248
74 82
74 84
74 85
74 88
74 105
74 113
74 127
74 141
74 142
74 145
74 148
74 189
74 192
74 199
74 208
74 212
74 219
74 228
74 232
74 238
75 80
75 83
75 88
75 99
75 101
75 115
75 123
75 128
75 129
75 132
75 139
75 153
75 180
75 193
75 206
75 217
75 221
75 224
75 225
75 227
75 230
76 80
76 85
76 87
76 88
76 100
76 108
76 114
76 116
76 121
76 124
76 138
76 148
76 175
76 179
76 180
76 183
76 208
76 221
76 245
77 79
77 116
77 118
77 120
77 188
77 190
77 196
77 202
77 208
77 211
77 215
77 221
77 223
77 227
77 228
77 232
77 248
78 83
78 89
78 93
78 99
78 112
78 125
78 133
78 146
78 154
78 181
78 186
78 196
78 198
78 199
78 218
78 227
78 231
79 84
79 89
79 96
79 123
79 136
79 140
79 158
79 177
79 183
79 208
79 220
79 237
79 244
79 248
80 94
80 98
80 108
80 140
80 165
80 167
80 178
80 200
80 211
80 215
80 223
80 234
80 238
80 245
81 103
81 111
81 114
81 115
81 116
81 124
81 131
81 167
81 184
81 193
81 195
81 231
81 236
82 96
82 116
82 117
82 124
82 175
82 197
82 208
82 215
82 219
82 222
83 85
83 89
83 99
83 124
83 131
83 155
83 160
83 170
83 175
83 182
83 218
83 221
83 223
83 226
83 227
83 230
83 235
84 87
84 94
84 96
84 111
84 131
84 140
84 142
84 146
84 154
84 171
84 190
84 195
84 198
84 209
84 217
84 218
84 225
84 229
85 100
85 105
85 119
85 132
85 139
85 162
85 173
85 191
85 196
85 209
85 210
85 218
85 241
85 243
85 249
86 89
86 110
86 135
86 139
86 175
86 201
86 219
86 244
86 245
87 97
87 105
87 116
87 119
87 125
87 129
87 131
87 137
87 175
87 192
87 194
87 199
87 201
87 213
87 223
87 233
87 234
88 102
88 106
88 118
88 138
88 146
88 159
88 160
88 166
88 193
88 214
88 220
88 224
88 230
88 232
88 238
88 239
88 240
88 241
89 92
89 101
89 106
89 113
89 115
89 119
89 121
89 149
89 161
89 185
89 191
89 193
89 204
89 240
90 93
90 100
90 101
90 108
90 115
90 122
90 126
90 137
90 141
90 149
90 151
90 155
90 177
90 186
90 192
90 217
90 222
90 234
90 238
91 100
91 107
91 138
91 146
91 152
91 161
91 165
91 171
91 173
91 186
91 197
91 205
91 231
92 97
92 125
92 145
92 158
92 168
92 170
92 180
92 192
92 194
92 210
92 219
92 221
92 231
92 234
92 237
92 241
93 95
93 111
93 118
93 121
93 124
93 131
93 132
93 136
93 147
93 151
93 154
93 156
93 162
93 165
93 168
93 192
93 197
93 205
93 208
93 214
93 216
93 220
93 234
93 245
93 246
94 99
94 129
94 150
94 153
94 166
94 180
94 189
94 194
94 195
94 216
94 220
94 232
94 242
94 243
94 246
95 100
95 105
95 108
95 112
95 119
95 124
95 134
95 145
95 154
95 163
95 169
95 191
95 192
95 193
95 209
95 216
95 222
95 229
95 236
95 248
96 105
96 130
96 152
96 168
96 177
96 181
96 184
96 188
96 216
96 239
97 122
97 127
97 154
97 166
97 174
97 175
97 198
97 204
97 216
97 225
97 231
97 232
97 234
97 238
97 247
98 102
98 103
98 113
98 116
98 122
98 130
98 141
98 149
98 152
98 153
98 155
98 158
98 161
98 195
98 222
98 234
99 101
99 120
99 123
99 135
99 138
99 145
99 157
99 159
99 160
99 165
99 166
99 168
99 172
99 177
99 183
99 186
99 188
99 189
99 206
99 209
99 217
99 223
99 233
99 234
99 240
99 242
100 119
100 126
100 130
100 138
100 154
100 174
100 193
100 195
100 237
100 247
100 248
101 110
101 121
101 125
101 136
101 146
101 159
101 163
101 167
101 168
101 172
101 178
101 184
101 195
101 200
101 203
101 209
101 211
101 227
101 233
102 128
102 164
102 168
102 182
102 184
102 193
102 207
102 229
102 231
102 232
102 246
103 104
103 160
103 161
103 176
103 181
103 185
103 187
103 190
103 218
103 224
103 242
103 243
104 110
104 111
104 115
104 117
104 129
104 131
104 142
104 145
104 149
104 154
104 162
104 166
104 169
104 172
104 184
104 196
104 197
104 206
104 213
104 220
104 221
104 224
104 226
104 230
104 237
104 240
104 246
105 120
105 125
105 152
105 153
105 180
105 188
105 219
105 226
105 243
106 111
106 116
106 122
106 123
106 135
106 177
106 195
106 199
106 221
106 230
106 231
106 234
107 130
107 145
107 149
107 163
107 174
107 185
107 193
107 211
107 215
107 217
107 223
107 240
107 242
107 249
108 117
108 125
108 135
108 137
108 142
108 143
108 151
108 159
108 168
108 184
108 187
108 192
108 195
108 198
108 206
108 209
108 218
108 219
108 222
108 228
108 237
108 241
109 118
109 119
109 141
109 145
109 162
109 183
109 189
109 205
109 227
109 234
109 240
109 248
110 115
110 117
110 123
110 127
110 135
110 145
110 147
110 177
110 202
110 215
110 237
111 113
111 118
111 122
111 154
111 164
111 184
111 224
111 231
111 235
112 119
112 128
112 132
112 134
112 154
112 169
112 179
112 183
112 201
112 202
112 227
112 233
112 243
113 116
113 127
113 136
113 145
113 146
113 159
113 160
113 175
113 181
113 217
113 226
113 240
114 118
114 120
114 133
114 153
114 154
114 156
114 157
114 159
114 163
114 166
114 168
114 173
114 191
114 195
114 200
114 201
114 202
114 219
114 222
114 223
114 237
114 246
115 132
115 134
115 136
115 147
115 150
115 167
115 179
115 181
115 195
115 196
115 219
115 238
115 239
115 242
116 121
116 123
116 124
116 135
116 155
116 156
116 157
116 165
116 171
116 176
116 203
116 218
117 118
117 123
117 124
117 132
117 139
117 175
117 178
117 179
117 183
117 184
117 190
117 200
117 213
117 219
117 224
117 234
117 235
118 119
118 120
118 139
118 154
118 169
118 174
118 175
118 186
118 189
118 222
118 225
118 226
118 234
118 235
119 128
119 140
119 147
119 189
119 196
119 218
119 227
119 231
119 248
119 249
120 122
120 133
120 141
120 146
120 155
120 162
120 176
120 178
120 210
120 216
120 230
120 234
120 236
120 239
121 136
121 150
121 157
121 164
121 174
121 181
121 187
121 201
121 212
121 218
121 226
121 247
122 123
122 142
122 144
122 155
122 171
122 174
122 207
122 217
122 219
122 222
122 223
122 235
123 131
123 132
123 152
123 157
123 172
123 206
123 209
123 211
123 212
123 213
123 222
123 247
123 249
124 145
124 154
124 179
124 182
124 203
124 219
124 221
124 224
124 231
124 241
124 243
124 244
125 126
125 127
125 131
125 136
125 139
125 146
125 157
125 164
125 173
125 177
125 181
125 192
125 203
125 206
125 209
125 211
125 214
125 230
126 129
126 138
126 147
126 176
126 178
126 181
126 186
126 187
126 190
126 191
126 192
126 198
126 202
126 207
126 216
126 229
127 129
127 137
127 147
127 161
127 162
127 182
127 217
127 220
127 223
127 226
127 227
127 240
127 248
128 136
128 144
128 151
128 160
128 165
128 181
128 184
128 191
128 193
128 211
128 216
128 220
128 234
128 238
128 241
129 130
129 138
129 150
129 157
129 165
129 168
129 173
129 184
129 194
129 215
129 233
129 234
130 150
130 168
130 169
130 172
130 195
130 200
130 203
130 206
130 215
130 223
130 240
130 241
131 136
131 140
131 157
131 174
131 176
131 195
131 199
131 206
131 213
131 214
131 223
131 227
132 152
132 159
132 182
132 186
132 196
132 215
132 237
132 238
132 246
132 247
133 140
133 144
133 147
133 158
133 168
133 181
133 207
133 224
133 243
133 249
134 147
134 166
134 180
134 182
134 190
134 195
134 196
134 206
134 232
134 245
134 248
134 249
135 144
135 154
135 197
135 201
135 206
135 212
135 213
135 214
135 219
135 227
136 142
136 159
136 175
136 176
136 195
136 212
136 226
136 228
136 233
137 164
137 165
137 167
137 168
137 189
137 190
137 205
137 234
137 236
137 249
138 144
138 145
138 147
138 161
138 168
138 170
138 179
138 182
138 189
138 190
138 197
138 203
138 209
138 222
138 229
138 236
139 143
139 145
139 149
139 151
139 153
139 176
139 178
139 207
139 222
139 236
139 240
140 156
140 160
140 197
140 200
140 213
140 215
140 221
140 236
140 242
141 143
141 161
141 162
141 194
141 240
142 149
142 158
142 163
142 165
142 174
142 175
142 187
142 195
142 246
142 248
143 152
143 161
143 167
143 169
143 176
143 182
143 190
143 203
143 214
143 230
143 246
144 145
144 154
144 157
144 164
144 176
144 178
144 186
144 187
144 197
144 210
144 217
144 231
144 237
144 249
145 155
145 178
145 193
145 221
145 238
146 154
146 161
146 178
146 185
146 239
146 240
147 155
147 169
147 181
147 211
147 241
147 248
148 162
148 173
148 185
148 209
148 215
148 222
148 225
148 241
148 249
149 150
149 164
149 199
149 205
149 210
149 211
149 228
149 239
150 166
150 171
150 178
150 199
150 204
150 207
150 216
150 222
151 158
151 165
151 171
151 187
151 195
151 210
151 216
151 232
151 240
151 245
152 153
152 172
152 174
152 181
152 185
152 205
152 210
152 211
152 219
152 225
152 226
152 228
152 229
152 248
153 157
153 160
153 171
153 177
153 178
153 181
153 208
153 226
154 164
154 188
154 190
154 196
154 202
154 208
154 210
154 219
154 225
154 247
155 168
155 170
155 194
155 213
155 236
155 242
155 243
156 172
156 190
156 220
156 221
156 233
156 237
157 158
157 175
157 185
157 209
157 214
157 233
157 249
158 174
158 224
158 225
158 241
159 166
159 213
159 214
159 224
159 228
159 238
160 165
160 175
160 176
160 183
160 186
160 188
160 192
160 201
160 216
160 220
160 227
161 162
161 165
161 173
161 181
161 197
161 200
161 202
161 215
161 229
161 239
161 242
162 165
162 210
162 221
162 240
162 249
163 171
163 177
163 181
163 199
163 204
163 227
163 234
163 236
163 243
163 245
164 171
164 172
164 193
164 197
164 199
164 207
164 219
164 221
164 226
164 227
164 233
164 238
164 240
165 175
165 184
165 193
165 204
165 207
165 222
165 235
166 172
166 182
166 190
166 199
167 180
167 184
167 185
167 187
167 200
167 208
167 224
167 232
167 234
167 247
168 172
168 206
168 208
168 218
168 227
169 174
169 177
169 185
169 203
169 206
169 212
169 213
169 220
169 238
169 247
170 188
170 193
170 203
170 212
170 215
170 224
170 225
170 230
170 231
170 237
171 176
171 192
171 193
171 202
171 203
171 205
171 211
171 212
171 221
171 223
171 236
171 246
172 177
172 184
172 193
172 194
172 203
172 213
173 185
173 195
173 196
173 202
173 211
173 221
173 223
173 228
173 232
174 191
174 192
174 206
174 208
174 225
174 226
174 228
174 235
174 242
175 179
175 185
175 186
175 192
175 195
175 197
175 201
175 215
175 218
175 227
175 228
175 240
176 182
176 191
176 218
176 236
177 191
177 192
177 193
177 194
177 195
177 196
177 202
177 211
177 215
177 219
177 239
178 179
178 216
178 218
178 224
178 232
178 242
178 249
179 183
179 193
179 210
179 219
179 240
179 249
180 186
180 198
180 203
180 222
181 189
181 190
181 208
181 214
181 215
181 216
181 221
181 222
181 230
181 242
181 249
182 184
182 186
182 187
182 188
182 197
182 204
182 207
182 208
182 209
182 238
182 247
183 186
183 201
183 231
183 233
183 235
184 195
184 206
184 210
184 227
184 241
184 244
185 205
185 209
185 215
185 240
186 187
186 196
186 200
186 204
186 205
186 216
186 223
186 224
186 230
186 241
187 190
187 216
187 219
187 227
187 234
188 191
188 195
188 199
188 227
188 230
188 235
188 244
189 216
189 218
189 220
189 248
190 216
190 221
190 232
190 245
191 196
191 204
191 209
191 240
192 199
192 201
192 206
192 213
192 216
192 217
192 224
192 231
192 239
192 246
193 201
193 209
193 210
193 228
193 234
193 235
193 248
194 203
194 208
194 209
194 215
194 220
194 238
195 205
195 209
195 216
196 199
196 202
196 203
196 216
196 219
196 222
196 223
196 225
196 226
196 229
196 238
196 240
196 241
196 243
196 248
197 224
197 226
197 230
197 242
198 206
198 231
198 234
199 226
199 229
199 235
199 237
199 246
200 211
200 212
200 214
200 242
201 206
201 207
201 209
201 218
201 219
201 222
201 224
201 242
202 207
202 210
202 231
202 249
203 224
203 231
203 236
203 247
204 222
204 225
204 228
204 235
205 207
205 210
205 216
205 223
205 232
205 236
205 242
206 207
206 211
206 212
206 232
206 233
206 235
207 212
207 230
207 232
207 239
207 246
208 218
208 224
208 236
209 222
210 217
210 235
210 241
210 248
211 217
211 229
211 230
211 242
211 246
212 215
212 219
212 223
212 224
212 226
212 228
212 233
213 224
213 246
213 247
213 249
214 222
214 225
214 226
215 235
215 243
216 230
216 234
216 235
217 221
217 226
217 228
217 238
217 243
218 220
218 237
218 248
219 226
219 231
219 242
220 228
220 231
220 236
220 243
220 248
221 223
221 233
221 242
221 248
222 235
222 245
223 226
223 245
223 247
224 247
225 228
225 230
225 239
226 231
226 247
228 234
228 236
228 248
229 231
229 235
229 236
229 244
229 246
229 249
230 240
230 241
232 234
233 237
233 247
234 239
234 242
234 249
235 239
235 242
236 248
237 242
237 244
238 244
238 249
240 241
240 245
240 247
241 242
242 245
242 246
242 247
247 248

0 0 0 0 1 1 0 0 0 1 1 0 0 1 0 1 1 1 0 1 1 1 1 0 1 0 1 0 1 0 0 1 1 1 1 1 0 0 0 0 0 0 1 0 1 1 0 1 1 0 0 1 0 0 1 0 1 0 0 0 1 0 0 0 1 1 1 1 1 1 1 1 0 1 0 0 0 1 0 0 1 0 0 0 0 1 0 0 0 0 0 0 0 1 1 1 0 0 1 1 0 0 1 0 1 0 1 0 1 0 1 0 0 1 1 1 1 1 1 1 0 0 0 1 0 0 0 1 0 1 0 0 1 1 0 0 1 0 0 0 1 1 1 1 1 1 1 1 1 1 1 0 1 1 0 1 1 0 1 1 0 0 1 0 1 0 1 0 0 0 0 1 0 1 0 1 1 0 1 0 1 0 1 0 0 0 1 1 0 1 1 0 0 1 0 1 1 1 0 0 1 0 0 1 1 0 1 0 0 0 1 1 0 1 0 0 1 0 1 0 1 1 1 0 0 1 0 1 0 1 0 1 1 1 0 0 1 1 1 0 1 0 1 0 1 1 0 0 0 1