200 206
0 1 2 3 4 5 6 7 8 9 10 11 12 13 14 15 16 17 18 19 20 21 22 23 24 25 26 27 28 29 30 31 32 33 34 35 36 37 38 39 40 41 42 43 44 45 46 47 48 49 50 51 52 53 54 55 56 57 58 59 60 61 62 63 64 65 66 67 68 69 70 71 72 73 74 75 76 77 78 79 80 81 82 83 84 85 86 87 88 89 90 91 92 93 94 95 96 97 98 99 100 101 102 103 104 105 106 107 108 109 110 111 112 113 114 115 116 117 118 119 120 121 122 123 124 125 126 127 128 129 130 131 132 133 134 135 136 137 138 139 140 141 142 143 144 145 146 147 148 149 150 151 152 153 154 155 156 157 158 159 160 161 162 163 164 165 166 167 168 169 170 171 172 173 174 175 176 177 178 179 180 181 182 183 184 185 186 187 188 189 190 191 192 193 194 195 196 197 198 199
0 121
0 155
0 196
1 104
2 191
3 136
3 169
4 154
5 67
5 95
5 137
6 95
6 165
6 175
7 9
7 124
7 188
8 19
8 55
8 104
8 108
11 25
11 44
11 158
12 73
12 145
12 159
13 148
15 21
15 35
15 57
15 147
16 160
17 191
18 160
18 183
19 66
19 177
20 31
20 163
20 169
21 115
23 96
23 175
24 73
24 108
24 130
24 141
26 108
26 131
27 83
28 113
28 131
29 45
29 110
29 155
30 81
31 130
33 133
34 66
34 105
34 116
35 91
35 105
37 185
39 54
40 63
41 75
41 93
41 106
41 156
42 121
42 149
42 198
44 129
44 186
44 199
45 70
45 130
45 145
45 172
45 182
47 66
47 67
47 110
47 117
47 188
48 78
49 67
50 154
51 165
52 197
54 55
54 130
55 148
55 167
56 59
56 124
56 188
56 192
57 186
58 103
59 88
59 126
61 86
61 102
62 66
63 101
63 108
64 154
66 100
68 86
68 94
69 155
69 182
71 151
71 173
71 192
71 194
72 73
72 107
72 139
73 179
73 193
75 80
77 177
78 139
78 157
79 128
80 100
80 113
81 117
81 171
82 146
83 114
83 146
83 155
84 167
85 100
85 107
85 122
87 158
88 142
88 189
89 124
90 181
92 129
93 178
94 142
95 133
96 145
96 179
97 182
97 191
97 198
98 177
99 142
99 144
99 158
99 179
101 126
102 169
103 193
104 137
105 106
105 107
105 139
105 146
106 137
110 199
117 123
117 139
118 120
121 157
124 142
125 129
125 174
126 136
127 168
127 180
129 169
132 180
134 183
139 199
141 168
141 170
142 165
143 149
143 152
144 178
149 169
150 196
152 161
152 188
154 157
154 167
155 197
158 164
163 192
165 177
165 196
171 193
172 194
180 191
183 190
184 188

1 1 1 0 1 1 1 1 1 1 1 1 0 1 0 0 0 1 0 1 0 1 0 0 0 1 0 1 0 0 0 0 0 1 0 0 0 1 1 1 1 0 1 1 1 0 1 1 1 0 0 0 0 1 1 0 0 0 1 0 0 0 0 0 0 0 1 0 0 0 0 1 1 1 1 0 1 0 0 0 0 0 1 1 1 0 1 1 0 1 0 1 1 1 1 1 0 1 1 0 1 0 1 0 0 0 1 0 0 0 1 0 1 0 1 1 0 1 0 1 1 1 0 1 0 1 1 0 1 1 1 1 1 0 0 1 0 0 0 1 1 1 1 0 0 1 1 0 0 0 1 0 0 1 1 0 0 1 0 0 1 0 0 1 0 0 1 1 0 0 0 1 1 0 0 0 1 1 1 1 0 0 0 0 0 1 1 1 0 0 0 1 1 1 1 1 1 0 0 1