150 599
0 1 2 3 4 5 6 7 8 9 10 11 12 13 14 15 16 17 18 19 20 21 22 23 24 25 26 27 28 29 30 31 32 33 34 35 36 37 38 39 40 41 42 43 44 45 46 47 48 49 50 51 52 53 54 55 56 57 58 59 60 61 62 63 64 65 66 67 68 69 70 71 72 73 74 75 76 77 78 79 80 81 82 83 84 85 86 87 88 89 90 91 92 93 94 95 96 97 98 99 100 101 102 103 104 105 106 107 108 109 110 111 112 113 114 115 116 117 118 119 120 121 122 123 124 125 126 127 128 129 130 131 132 133 134 135 136 137 138 139 140 141 142 143 144 145 146 147 148 149
0 5
0 47
0 58
0 93
0 140
1 5
1 30
1 47
1 56
1 80
1 97
1 100
1 117
2 36
2 52
2 53
2 71
2 128
3 19
3 36
3 53
3 99
3 111
3 124
3 129
3 133
4 12
4 62
4 69
4 100
4 111
5 69
5 73
5 82
5 121
5 133
5 136
5 137
6 15
6 36
6 38
6 52
6 94
6 101
6 107
6 128
7 23
7 59
7 69
7 87
7 127
7 129
7 132
8 22
8 37
8 52
8 64
8 72
8 135
8 139
8 149
9 29
9 98
9 109
9 142
10 36
10 90
10 110
10 147
11 21
11 24
11 35
11 54
11 77
11 104
11 115
11 135
12 57
12 69
12 124
12 136
13 21
13 75
13 79
13 113
13 131
14 72
14 94
14 99
14 107
14 112
14 119
14 133
14 138
15 31
15 35
15 48
15 58
15 67
15 81
15 88
15 102
15 129
15 145
15 146
16 28
16 34
16 38
16 43
16 87
16 93
16 112
17 19
17 49
17 50
17 84
17 86
17 121
17 129
17 130
18 32
18 61
18 70
18 87
18 147
19 45
19 53
19 57
19 64
19 107
19 124
19 126
19 128
19 133
19 149
20 27
20 47
20 53
20 63
20 64
20 74
20 76
20 85
20 104
20 120
20 123
20 126
20 146
21 23
21 46
21 47
21 55
21 62
21 148
22 51
22 55
22 74
22 132
23 65
23 69
23 79
23 82
23 97
24 58
24 68
24 79
24 91
24 104
24 122
24 129
24 139
25 73
25 133
25 137
26 38
26 52
26 82
26 116
26 127
26 128
26 138
27 36
27 82
27 141
27 148
28 61
28 76
28 102
28 109
28 110
28 114
29 36
29 38
29 85
29 132
29 133
30 41
30 115
31 38
31 40
31 48
31 71
31 103
31 104
31 106
31 109
31 120
32 113
32 114
32 127
33 87
33 102
34 49
34 135
34 149
35 39
35 64
35 106
35 139
36 39
36 89
36 104
36 124
36 129
36 130
36 141
36 144
36 145
36 149
37 81
37 101
37 123
37 135
37 139
38 41
38 46
38 59
38 72
38 75
38 88
38 139
39 93
39 106
39 114
39 129
40 68
40 94
40 96
40 132
40 134
40 148
41 56
41 59
41 66
41 71
41 91
41 102
41 106
41 117
41 121
41 145
42 57
42 90
42 97
42 101
42 141
43 80
43 85
43 96
43 109
43 139
43 145
44 70
44 88
44 100
44 115
44 117
45 58
45 61
45 64
45 65
45 93
45 144
45 148
46 87
46 90
46 112
46 128
46 131
47 48
47 59
47 87
47 95
47 112
47 115
47 118
47 127
47 138
48 56
48 58
48 71
48 96
48 118
48 120
49 60
49 86
49 102
49 103
49 107
49 111
49 115
49 122
50 108
50 112
50 115
50 117
50 124
51 61
51 64
51 77
51 83
51 86
51 129
51 146
52 86
52 102
52 104
52 110
52 127
52 133
52 140
53 101
53 102
53 107
53 112
53 116
53 117
53 134
54 64
54 82
54 87
54 93
54 112
55 83
55 89
55 115
55 122
55 145
56 66
56 108
56 125
56 126
56 135
57 79
57 106
57 130
58 74
58 81
58 84
58 98
58 138
58 141
59 95
59 126
59 143
60 83
60 94
60 109
61 86
61 95
62 84
62 95
62 97
62 98
62 106
62 130
62 132
62 144
63 67
63 70
63 77
63 81
63 92
63 104
63 117
63 121
63 135
63 136
63 144
63 146
64 102
64 119
64 135
65 83
65 89
65 100
65 131
65 141
65 147
66 89
66 113
66 117
66 127
67 103
67 122
68 82
68 89
68 109
68 110
69 83
69 92
69 105
69 111
69 114
69 126
70 74
70 82
70 84
70 90
70 137
70 149
71 121
71 136
71 139
71 140
71 142
72 102
72 143
72 147
73 89
73 93
73 97
73 102
73 107
73 111
73 118
73 128
73 136
74 80
74 104
74 107
74 136
74 148
75 77
75 78
75 86
75 115
76 80
76 82
76 108
76 114
76 121
76 137
77 91
77 114
78 81
78 85
78 107
78 126
78 129
79 82
79 101
79 122
79 135
79 145
80 96
80 103
80 117
80 141
81 125
82 90
82 96
82 105
82 129
82 130
82 133
82 143
82 144
82 149
83 118
83 138
84 100
84 121
84 123
84 147
85 94
85 111
85 117
85 134
85 140
86 108
86 125
86 139
88 92
88 114
88 127
88 137
89 149
90 99
90 102
90 128
90 131
91 95
91 103
91 149
92 95
93 111
93 113
93 120
94 108
94 116
94 117
95 139
95 143
95 149
96 121
96 133
96 137
97 106
97 110
97 137
98 101
98 142
99 108
99 115
99 121
99 130
100 124
100 127
100 140
102 110
103 125
103 126
103 129
103 139
103 145
103 146
104 112
104 117
104 120
104 124
104 141
104 146
105 112
105 136
105 137
105 144
105 146
106 126
107 110
107 120
108 110
108 112
108 113
108 137
108 139
108 147
109 118
109 140
110 129
110 131
111 130
113 122
113 131
113 148
115 131
115 148
116 126
117 119
117 133
117 144
118 133
118 147
119 128
119 137
120 129
120 130
120 135
120 143
121 122
122 138
123 139
123 145
124 125
125 145
125 147
126 135
127 143
127 147
128 138
128 149
129 136
129 146
130 138
131 146
132 137
132 143
134 141
136 144

1 1 0 1 0 0 1 0 0 0 1 1 0 0 0 1 0 0 1 1 0 1 1 1 1 0 1 0 1 1 1 0 0 0 1 1 0 1 1 0 0 1 0 1 0 0 0 1 0 0 0 1 1 1 0 0 1 0 0 0 0 1 0 1 1 0 1 0 1 1 1 1 1 0 0 0 1 0 1 0 1 0 1 0 1 0 0 0 0 0 1 1 0 0 1 1 1 1 1 1 0 1 0 1 0 1 1 0 0 0 1 0 1 0 1 0 1 0 1 1 1 1 0 0 1 1 0 1 1 0 1 0 1 0 0 0 1 1 0 1 1 0 0 1 1 0 1 0 0 0