50 249
0 1 2 3 4 5 6 7 8 9 10 11 12 13 14 15 16 17 18 19 20 21 22 23 24 25 26 27 28 29 30 31 32 33 34 35 36 37 38 39 40 41 42 43 44 45 46 47 48 49
0 2
0 4
0 9
0 11
0 12
0 32
0 34
0 39
0 41
0 48
1 16
1 19
1 24
1 34
1 39
1 40
1 45
1 46
1 47
1 49
2 16
2 17
2 21
2 23
2 24
2 27
2 31
2 35
2 37
2 40
3 4
3 8
3 13
3 22
3 24
3 41
3 44
4 7
4 13
4 25
4 30
4 33
4 36
4 39
4 40
4 43
5 8
5 11
5 14
5 15
5 18
5 24
5 26
5 29
5 37
5 38
5 41
5 43
6 11
6 16
6 24
6 25
6 26
6 41
6 45
6 49
7 8
7 21
7 28
7 30
7 32
7 35
7 41
8 26
8 29
8 30
8 35
8 42
9 13
9 14
9 21
9 23
9 24
9 41
9 43
9 44
9 46
9 48
10 15
10 22
10 24
10 34
10 37
10 39
10 49
11 14
11 16
11 24
11 26
11 30
11 34
11 37
11 43
11 45
11 48
12 18
12 22
12 24
12 27
12 28
12 29
12 31
12 38
12 49
13 26
13 30
13 41
13 48
14 16
14 19
14 23
14 24
14 28
14 32
14 33
14 39
14 47
15 20
15 38
16 20
16 29
16 31
16 34
16 35
16 48
17 18
17 20
17 26
17 29
17 31
17 38
18 22
18 25
18 28
18 31
18 40
18 43
19 20
19 21
19 24
19 27
19 28
19 33
19 39
19 42
19 43
19 45
19 46
19 47
20 23
20 30
20 42
21 27
21 35
21 40
21 45
21 46
22 23
22 30
22 33
22 35
22 40
22 41
22 42
22 43
22 44
22 45
23 27
23 34
23 39
23 44
23 46
23 48
24 28
24 29
24 36
24 45
25 33
25 36
25 37
25 40
25 48
26 28
26 37
26 47
27 29
27 34
27 35
27 36
27 42
27 46
27 48
28 36
28 40
28 41
28 45
29 37
29 40
29 43
29 45
30 36
30 40
30 43
31 32
31 41
31 42
31 49
32 35
32 43
33 36
33 42
33 44
33 45
34 38
34 49
35 39
35 40
35 41
35 45
35 48
36 40
36 43
37 38
38 39
38 44
38 48
39 40
39 41
39 44
39 48
40 42
40 45
40 47
41 42
41 43
41 46
41 47
42 43
43 47

0 1 0 1 0 0 0 1 0 0 0 1 0 1 0 1 1 1 1 1 0 0 0 1 0 1 0 0 0 1 1 1 0 1 1 1 1 0 0 1 0 0 0 1 1 1 1 0 1 0