50 59
0 1 2 3 4 5 6 7 8 9 10 11 12 13 14 15 16 17 18 19 20 21 22 23 24 25 26 27 28 29 30 31 32 33 34 35 36 37 38 39 40 41 42 43 44 45 46 47 48 49
0 4
0 43
2 26
2 35
3 13
3 20
3 42
3 45
3 49
4 42
5 37
5 38
6 31
7 11
7 19
7 31
7 34
7 43
7 48
9 10
9 42
9 46
10 16
10 38
11 15
12 17
12 21
13 35
14 39
15 31
15 44
15 48
16 25
16 31
16 44
16 47
17 18
17 26
17 47
17 48
18 49
19 25
19 32
20 24
20 39
21 24
21 37
21 43
23 24
23 46
24 44
25 31
29 37
30 32
32 37
34 42
35 41
35 48
41 48

0 1 0 1 0 1 0 1 1 1 0 0 0 1 1 0 0 1 1 0 0 0 1 1 0 0 0 1 0 1 1 1 1 1 1 0 0 0 0 0 0 1 0 1 1 1 0 0 1 1