30 209
0 1 2 3 4 5 6 7 8 9 10 11 12 13 14 15 16 17 18 19 20 21 22 23 24 25 26 27 28 29
0 4
0 6
0 7
0 9
0 12
0 13
0 16
0 17
0 18
0 20
0 22
0 28
0 29
1 4
1 6
1 7
1 10
1 14
1 15
1 16
1 22
1 23
1 27
1 29
2 3
2 4
2 6
2 9
2 13
2 15
2 19
2 20
2 22
2 23
2 24
2 27
2 28
3 6
3 7
3 8
3 11
3 12
3 15
3 17
3 18
3 19
3 20
3 22
3 23
3 27
3 29
4 5
4 7
4 11
4 12
4 14
4 15
4 17
4 18
4 19
4 20
4 21
4 22
4 25
4 29
5 6
5 7
5 8
5 9
5 12
5 13
5 14
5 15
5 17
5 18
5 20
5 21
5 22
5 24
5 25
5 29
6 8
6 9
6 12
6 16
6 17
6 18
6 19
6 21
6 23
6 24
7 10
7 11
7 12
7 15
7 16
7 18
7 20
7 22
7 26
7 29
8 11
8 12
8 13
8 14
8 15
8 16
8 18
8 19
8 21
8 22
9 10
9 13
9 17
9 19
9 20
9 21
9 22
9 23
9 25
9 26
9 29
10 11
10 12
10 15
10 17
10 19
10 20
10 22
10 27
10 29
11 12
11 13
11 14
11 15
11 16
11 17
11 18
11 21
11 25
11 29
12 13
12 14
12 18
12 22
12 23
12 25
12 26
12 27
12 28
12 29
13 14
13 16
13 17
13 20
13 22
13 27
14 16
14 18
14 19
14 20
14 24
14 25
15 16
15 24
15 25
15 26
15 28
15 29
16 19
16 20
16 22
16 23
16 24
16 27
16 28
16 29
17 19
17 23
17 25
17 29
18 19
18 20
18 21
18 22
18 24
18 26
18 27
18 29
19 20
19 27
19 28
21 23
21 24
21 26
21 28
21 29
22 27
22 28
23 25
23 26
23 27
24 25
24 27
24 28
25 26
26 27
26 29
27 29

1 0 1 0 0 0 0 1 1 1 0 0 1 0 0 1 0 0 1 1 1 1 1 1 1 0 1 0 0 0