200 9980
0 1 2 3 4 5 6 7 8 9 10 11 12 13 14 15 16 17 18 19 20 21 22 23 24 25 26 27 28 29 30 31 32 33 34 35 36 37 38 39 40 41 42 43 44 45 46 47 48 49 50 51 52 53 54 55 56 57 58 59 60 61 62 63 64 65 66 67 68 69 70 71 72 73 74 75 76 77 78 79 80 81 82 83 84 85 86 87 88 89 90 91 92 93 94 95 96 97 98 99 100 101 102 103 104 105 106 107 108 109 110 111 112 113 114 115 116 117 118 119 120 121 122 123 124 125 126 127 128 129 130 131 132 133 134 135 136 137 138 139 140 141 142 143 144 145 146 147 148 149 150 151 152 153 154 155 156 157 158 159 160 161 162 163 164 165 166 167 168 169 170 171 172 173 174 175 176 177 178 179 180 181 182 183 184 185 186 187 188 189 190 191 192 193 194 195 196 197 198 199
0 3
0 7
0 10
0 11
0 12
0 14
0 15
0 16
0 21
0 23
0 25
0 26
0 28
0 30
0 34
0 36
0 39
0 40
0 41
0 45
0 47
0 48
0 49
0 50
0 51
0 53
0 54
0 55
0 56
0 57
0 59
0 60
0 61
0 62
0 63
0 65
0 66
0 70
0 72
0 73
0 74
0 76
0 78
0 79
0 80
0 81
0 82
0 83
0 85
0 87
0 88
0 93
0 94
0 97
0 98
0 101
0 103
0 104
0 105
0 106
0 110
0 111
0 114
0 116
0 119
0 124
0 125
0 126
0 127
0 128
0 129
0 131
0 132
0 133
0 135
0 137
0 138
0 139
0 140
0 141
0 142
0 145
0 146
0 148
0 150
0 151
0 157
0 159
0 163
0 164
0 166
0 169
0 170
0 171
0 174
0 175
0 176
0 177
0 180
0 183
0 184
0 185
0 188
0 190
0 191
0 193
0 195
0 197
0 199
1 3
1 6
1 7
1 11
1 18
1 20
1 21
1 22
1 23
1 27
1 31
1 32
1 38
1 39
1 40
1 42
1 43
1 44
1 46
1 49
1 50
1 51
1 52
1 53
1 54
1 60
1 61
1 63
1 66
1 70
1 71
1 73
1 76
1 77
1 78
1 79
1 80
1 81
1 82
1 83
1 84
1 85
1 86
1 91
1 95
1 96
1 97
1 98
1 101
1 107
1 109
1 110
1 111
1 112
1 116
1 120
1 121
1 124
1 126
1 128
1 129
1 130
1 132
1 133
1 135
1 137
1 139
1 143
1 146
1 147
1 148
1 150
1 151
1 152
1 153
1 157
1 160
1 161
1 164
1 165
1 166
1 169
1 170
1 172
1 177
1 181
1 182
1 183
1 184
1 185
1 187
1 188
1 189
1 191
1 194
1 195
1 196
1 198
1 199
2 3
2 4
2 10
2 11
2 15
2 16
2 17
2 19
2 23
2 24
2 25
2 26
2 29
2 39
2 40
2 41
2 42
2 43
2 45
2 46
2 47
2 49
2 50
2 51
2 53
2 54
2 56
2 59
2 60
2 61
2 63
2 65
2 66
2 67
2 68
2 69
2 70
2 74
2 75
2 76
2 77
2 80
2 84
2 87
2 90
2 91
2 93
2 94
2 95
2 96
2 97
2 98
2 99
2 103
2 104
2 105
2 106
2 107
2 108
2 111
2 112
2 115
2 119
2 120
2 121
2 123
2 125
2 127
2 128
2 130
2 137
2 138
2 139
2 140
2 141
2 144
2 146
2 148
2 150
2 153
2 154
2 155
2 156
2 157
2 162
2 163
2 164
2 165
2 167
2 168
2 169
2 171
2 173
2 174
2 176
2 177
2 178
2 179
2 180
2 181
2 182
2 184
2 185
2 186
2 190
2 191
2 195
2 196
3 4
3 6
3 7
3 12
3 15
3 16
3 19
3 20
3 23
3 24
3 27
3 28
3 29
3 30
3 31
3 35
3 41
3 42
3 43
3 44
3 46
3 49
3 50
3 52
3 54
3 55
3 59
3 66
3 67
3 68
3 69
3 70
3 72
3 77
3 79
3 82
3 83
3 84
3 85
3 88
3 92
3 93
3 95
3 102
3 104
3 107
3 108
3 110
3 112
3 113
3 114
3 115
3 117
3 119
3 120
3 121
3 122
3 123
3 125
3 126
3 128
3 129
3 133
3 136
3 137
3 139
3 142
3 143
3 144
3 145
3 149
3 150
3 151
3 152
3 154
3 156
3 158
3 162
3 166
3 168
3 170
3 172
3 174
3 175
3 176
3 177
3 179
3 180
3 181
3 182
3 183
3 185
3 186
3 187
3 188
3 190
3 191
3 192
3 193
3 194
3 195
3 197
3 199
4 5
4 6
4 7
4 8
4 9
4 10
4 12
4 15
4 19
4 20
4 21
4 22
4 24
4 25
4 26
4 28
4 29
4 31
4 32
4 33
4 34
4 35
4 37
4 39
4 41
4 43
4 47
4 48
4 49
4 50
4 51
4 54
4 55
4 57
4 58
4 60
4 65
4 66
4 70
4 71
4 73
4 74
4 75
4 76
4 77
4 80
4 81
4 82
4 83
4 85
4 86
4 89
4 90
4 91
4 92
4 93
4 94
4 95
4 97
4 99
4 100
4 101
4 102
4 104
4 105
4 106
4 107
4 109
4 110
4 111
4 112
4 113
4 118
4 119
4 121
4 122
4 124
4 125
4 127
4 129
4 133
4 136
4 137
4 143
4 146
4 147
4 150
4 151
4 153
4 156
4 157
4 158
4 162
4 164
4 167
4 168
4 169
4 171
4 172
4 173
4 175
4 178
4 182
4 185
4 186
4 190
4 192
4 193
4 196
4 198
4 199
5 6
5 7
5 8
5 15
5 19
5 20
5 21
5 25
5 26
5 27
5 29
5 30
5 31
5 34
5 36
5 37
5 41
5 43
5 44
5 45
5 48
5 49
5 50
5 52
5 55
5 58
5 60
5 61
5 66
5 67
5 69
5 70
5 73
5 74
5 77
5 83
5 88
5 89
5 95
5 97
5 98
5 99
5 104
5 105
5 106
5 107
5 109
5 110
5 112
5 113
5 114
5 116
5 118
5 120
5 121
5 122
5 124
5 126
5 127
5 130
5 132
5 134
5 136
5 137
5 139
5 140
5 141
5 142
5 146
5 149
5 152
5 153
5 154
5 155
5 157
5 159
5 160
5 161
5 162
5 163
5 164
5 165
5 169
5 170
5 172
5 174
5 176
5 177
5 178
5 179
5 181
5 182
5 184
5 185
5 189
5 191
5 192
5 194
5 197
6 7
6 9
6 10
6 11
6 12
6 15
6 17
6 18
6 20
6 22
6 23
6 25
6 27
6 28
6 29
6 30
6 31
6 34
6 38
6 39
6 40
6 44
6 47
6 48
6 51
6 53
6 54
6 57
6 58
6 59
6 60
6 63
6 66
6 68
6 69
6 70
6 71
6 72
6 74
6 78
6 81
6 84
6 85
6 87
6 89
6 93
6 95
6 97
6 99
6 101
6 102
6 103
6 105
6 106
6 108
6 110
6 111
6 112
6 114
6 117
6 118
6 119
6 120
6 121
6 123
6 124
6 128
6 129
6 131
6 139
6 140
6 141
6 143
6 144
6 145
6 147
6 152
6 153
6 154
6 155
6 158
6 159
6 160
6 162
6 164
6 166
6 167
6 168
6 169
6 170
6 171
6 173
6 174
6 175
6 177
6 179
6 184
6 186
6 188
6 194
6 195
6 197
7 9
7 10
7 11
7 12
7 14
7 15
7 17
7 19
7 23
7 24
7 27
7 30
7 33
7 34
7 36
7 41
7 42
7 43
7 44
7 45
7 47
7 48
7 50
7 51
7 53
7 54
7 56
7 57
7 58
7 61
7 64
7 69
7 70
7 72
7 73
7 74
7 75
7 77
7 79
7 81
7 84
7 86
7 87
7 88
7 89
7 92
7 93
7 94
7 96
7 98
7 100
7 106
7 107
7 109
7 110
7 111
7 112
7 118
7 119
7 120
7 121
7 122
7 123
7 125
7 127
7 128
7 129
7 131
7 132
7 133
7 134
7 137
7 139
7 141
7 142
7 143
7 144
7 146
7 152
7 155
7 156
7 158
7 162
7 164
7 170
7 171
7 178
7 181
7 182
7 184
7 186
7 187
7 189
7 190
7 192
7 193
7 196
7 198
8 9
8 13
8 15
8 16
8 17
8 19
8 20
8 25
8 28
8 29
8 31
8 33
8 34
8 37
8 38
8 41
8 43
8 44
8 47
8 51
8 52
8 54
8 57
8 59
8 60
8 66
8 67
8 72
8 74
8 76
8 77
8 80
8 81
8 83
8 84
8 86
8 90
8 95
8 96
8 99
8 103
8 104
8 106
8 107
8 112
8 113
8 116
8 117
8 118
8 119
8 122
8 123
8 129
8 131
8 132
8 135
8 137
8 140
8 143
8 145
8 146
8 147
8 148
8 149
8 150
8 152
8 155
8 157
8 166
8 167
8 168
8 169
8 171
8 172
8 173
8 175
8 176
8 178
8 179
8 180
8 181
8 182
8 185
8 186
8 188
8 189
8 191
8 194
8 195
8 198
8 199
9 10
9 11
9 13
9 16
9 21
9 24
9 25
9 27
9 29
9 30
9 31
9 32
9 33
9 35
9 36
9 38
9 41
9 45
9 46
9 49
9 51
9 52
9 57
9 59
9 60
9 61
9 64
9 66
9 68
9 69
9 71
9 74
9 79
9 80
9 85
9 89
9 91
9 96
9 97
9 98
9 99
9 100
9 101
9 104
9 105
9 110
9 111
9 113
9 116
9 124
9 129
9 130
9 131
9 133
9 134
9 136
9 139
9 142
9 145
9 149
9 151
9 152
9 153
9 155
9 156
9 159
9 161
9 163
9 165
9 170
9 171
9 174
9 176
9 177
9 178
9 180
9 182
9 184
9 188
9 189
9 192
9 193
9 195
9 196
9 199
10 12
10 13
10 14
10 16
10 18
10 22
10 24
10 25
10 26
10 27
10 29
10 32
10 33
10 34
10 35
10 37
10 38
10 41
10 43
10 50
10 51
10 54
10 55
10 58
10 60
10 62
10 64
10 66
10 72
10 74
10 78
10 82
10 83
10 84
10 87
10 88
10 91
10 92
10 93
10 96
10 98
10 99
10 101
10 103
10 104
10 106
10 111
10 113
10 117
10 118
10 119
10 120
10 121
10 125
10 126
10 127
10 129
10 130
10 131
10 132
10 134
10 137
10 139
10 143
10 147
10 151
10 152
10 153
10 155
10 160
10 161
10 164
10 168
10 170
10 172
10 175
10 177
10 180
10 181
10 182
10 183
10 187
10 189
10 190
10 193
10 194
10 197
11 16
11 17
11 19
11 21
11 24
11 25
11 26
11 30
11 31
11 33
11 35
11 36
11 38
11 39
11 40
11 45
11 47
11 48
11 50
11 53
11 54
11 56
11 58
11 59
11 61
11 62
11 63
11 66
11 67
11 71
11 72
11 75
11 76
11 77
11 78
11 79
11 80
11 81
11 82
11 83
11 86
11 87
11 90
11 92
11 93
11 95
11 96
11 98
11 100
11 106
11 107
11 109
11 110
11 113
11 114
11 118
11 119
11 120
11 123
11 126
11 129
11 130
11 131
11 135
11 139
11 141
11 142
11 143
11 146
11 148
11 151
11 154
11 165
11 167
11 170
11 171
11 174
11 175
11 176
11 177
11 178
11 181
11 182
11 183
11 184
11 185
11 187
11 188
11 190
11 191
11 192
11 193
11 195
11 196
12 16
12 19
12 21
12 23
12 25
12 26
12 27
12 28
12 29
12 33
12 34
12 35
12 38
12 43
12 44
12 45
12 48
12 49
12 50
12 52
12 54
12 56
12 59
12 60
12 64
12 65
12 66
12 67
12 68
12 70
12 74
12 75
12 78
12 79
12 80
12 81
12 82
12 84
12 85
12 87
12 88
12 93
12 95
12 96
12 97
12 98
12 100
12 101
12 102
12 103
12 104
12 108
12 112
12 113
12 115
12 117
12 121
12 127
12 128
12 129
12 131
12 132
12 134
12 135
12 136
12 140
12 142
12 145
12 147
12 154
12 155
12 157
12 160
12 163
12 166
12 169
12 170
12 171
12 174
12 177
12 183
12 184
12 185
12 186
12 191
12 194
12 195
12 196
12 197
12 198
13 15
13 17
13 18
13 20
13 21
13 23
13 25
13 28
13 29
13 30
13 33
13 34
13 35
13 38
13 40
13 41
13 42
13 43
13 45
13 46
13 47
13 49
13 50
13 51
13 53
13 57
13 58
13 59
13 61
13 63
13 64
13 68
13 71
13 72
13 73
13 75
13 81
13 83
13 86
13 87
13 95
13 96
13 97
13 98
13 101
13 102
13 103
13 104
13 110
13 113
13 114
13 116
13 118
13 120
13 121
13 123
13 124
13 125
13 126
13 128
13 129
13 131
13 132
13 133
13 135
13 136
13 139
13 145
13 146
13 147
13 148
13 150
13 151
13 154
13 155
13 158
13 160
13 161
13 163
13 166
13 167
13 169
13 170
13 171
13 173
13 174
13 177
13 181
13 189
13 190
13 192
13 193
13 197
13 198
13 199
14 16
14 18
14 24
14 26
14 27
14 28
14 31
14 34
14 35
14 36
14 40
14 41
14 42
14 43
14 47
14 48
14 49
14 51
14 52
14 55
14 56
14 59
14 62
14 68
14 71
14 72
14 73
14 78
14 79
14 82
14 85
14 86
14 88
14 90
14 93
14 94
14 97
14 98
14 100
14 103
14 106
14 107
14 110
14 111
14 112
14 117
14 118
14 120
14 121
14 122
14 123
14 127
14 129
14 130
14 133
14 134
14 135
14 138
14 142
14 143
14 144
14 147
14 148
14 151
14 153
14 155
14 159
14 161
14 162
14 163
14 167
14 168
14 170
14 171
14 172
14 173
14 177
14 179
14 183
14 195
14 198
15 16
15 19
15 22
15 23
15 26
15 31
15 32
15 35
15 38
15 39
15 40
15 41
15 42
15 43
15 44
15 47
15 48
15 50
15 53
15 59
15 60
15 61
15 63
15 64
15 65
15 66
15 68
15 69
15 70
15 73
15 75
15 76
15 77
15 78
15 79
15 80
15 82
15 83
15 84
15 85
15 88
15 90
15 92
15 93
15 94
15 97
15 98
15 101
15 102
15 103
15 108
15 110
15 111
15 112
15 117
15 119
15 123
15 128
15 130
15 132
15 133
15 134
15 135
15 136
15 137
15 138
15 140
15 141
15 142
15 143
15 144
15 146
15 148
15 149
15 150
15 152
15 153
15 156
15 158
15 159
15 160
15 161
15 162
15 163
15 164
15 166
15 167
15 170
15 173
15 174
15 176
15 177
15 178
15 179
15 182
15 188
15 196
15 197
15 199
16 20
16 21
16 22
16 23
16 24
16 29
16 33
16 37
16 38
16 40
16 41
16 42
16 46
16 48
16 49
16 51
16 52
16 54
16 57
16 62
16 63
16 64
16 66
16 68
16 70
16 72
16 74
16 76
16 77
16 78
16 79
16 82
16 83
16 84
16 89
16 90
16 91
16 95
16 97
16 98
16 101
16 105
16 108
16 109
16 111
16 112
16 113
16 117
16 121
16 126
16 131
16 133
16 136
16 138
16 139
16 141
16 142
16 150
16 151
16 152
16 153
16 156
16 158
16 162
16 163
16 164
16 166
16 167
16 169
16 170
16 172
16 174
16 175
16 177
16 179
16 180
16 181
16 184
16 185
16 186
16 188
16 189
16 192
16 193
16 195
16 196
16 198
17 21
17 22
17 24
17 27
17 31
17 32
17 33
17 34
17 38
17 42
17 44
17 45
17 46
17 48
17 50
17 52
17 53
17 54
17 55
17 56
17 57
17 58
17 59
17 61
17 62
17 63
17 64
17 66
17 67
17 68
17 69
17 72
17 76
17 77
17 80
17 81
17 82
17 83
17 86
17 87
17 88
17 89
17 93
17 94
17 95
17 96
17 97
17 99
17 101
17 106
17 109
17 110
17 111
17 114
17 118
17 120
17 121
17 125
17 126
17 128
17 131
17 132
17 133
17 134
17 136
17 138
17 139
17 140
17 142
17 143
17 145
17 151
17 152
17 156
17 157
17 159
17 160
17 162
17 165
17 169
17 172
17 174
17 176
17 178
17 179
17 180
17 183
17 184
17 185
17 186
17 187
17 191
17 192
17 196
18 21
18 26
18 28
18 30
18 31
18 32
18 33
18 34
18 35
18 39
18 40
18 42
18 47
18 50
18 52
18 56
18 57
18 61
18 62
18 64
18 66
18 67
18 71
18 73
18 74
18 77
18 79
18 80
18 83
18 84
18 85
18 86
18 87
18 90
18 94
18 95
18 97
18 100
18 101
18 102
18 105
18 106
18 107
18 108
18 109
18 111
18 116
18 119
18 120
18 121
18 125
18 130
18 132
18 133
18 137
18 143
18 144
18 145
18 150
18 152
18 153
18 157
18 158
18 160
18 161
18 162
18 163
18 164
18 165
18 167
18 169
18 170
18 171
18 172
18 174
18 175
18 176
18 177
18 182
18 185
18 187
18 188
18 189
18 190
18 191
18 192
18 198
18 199
19 35
19 39
19 44
19 47
19 49
19 51
19 53
19 62
19 63
19 66
19 67
19 70
19 73
19 78
19 79
19 83
19 84
19 85
19 86
19 87
19 88
19 89
19 91
19 93
19 94
19 96
19 97
19 98
19 102
19 105
19 113
19 114
19 115
19 117
19 119
19 122
19 125
19 127
19 128
19 130
19 132
19 136
19 137
19 139
19 140
19 142
19 143
19 144
19 146
19 147
19 152
19 153
19 155
19 157
19 158
19 159
19 160
19 161
19 162
19 163
19 166
19 169
19 171
19 172
19 173
19 175
19 179
19 180
19 188
19 189
19 190
19 191
19 194
19 195
19 196
19 197
19 199
20 21
20 22
20 24
20 25
20 26
20 29
20 30
20 31
20 32
20 34
20 35
20 39
20 40
20 42
20 43
20 44
20 45
20 48
20 49
20 54
20 55
20 56
20 57
20 58
20 60
20 61
20 62
20 63
20 64
20 65
20 66
20 68
20 71
20 74
20 75
20 76
20 77
20 79
20 80
20 82
20 83
20 85
20 86
20 87
20 88
20 89
20 90
20 93
20 94
20 96
20 100
20 103
20 105
20 106
20 111
20 112
20 115
20 117
20 118
20 119
20 120
20 121
20 123
20 124
20 126
20 128
20 129
20 130
20 131
20 133
20 134
20 135
20 136
20 139
20 140
20 142
20 143
20 146
20 148
20 149
20 152
20 156
20 157
20 158
20 159
20 160
20 161
20 162
20 166
20 168
20 171
20 176
20 177
20 181
20 182
20 183
20 188
20 189
20 190
20 191
20 192
20 193
20 194
20 195
20 196
20 197
20 198
21 22
21 23
21 24
21 29
21 30
21 31
21 33
21 35
21 37
21 38
21 39
21 40
21 41
21 43
21 48
21 51
21 52
21 53
21 56
21 57
21 67
21 68
21 69
21 72
21 73
21 74
21 80
21 82
21 83
21 85
21 92
21 93
21 98
21 100
21 103
21 104
21 105
21 106
21 109
21 114
21 115
21 116
21 118
21 121
21 122
21 123
21 126
21 127
21 129
21 131
21 132
21 136
21 137
21 139
21 141
21 142
21 145
21 146
21 147
21 148
21 149
21 152
21 154
21 155
21 157
21 159
21 161
21 162
21 166
21 167
21 170
21 171
21 173
21 176
21 179
21 180
21 184
21 185
21 186
21 187
21 192
21 193
21 195
21 196
22 26
22 27
22 29
22 30
22 32
22 33
22 34
22 35
22 37
22 38
22 42
22 48
22 49
22 51
22 52
22 53
22 55
22 56
22 57
22 58
22 59
22 60
22 61
22 63
22 66
22 67
22 68
22 69
22 72
22 73
22 75
22 78
22 80
22 82
22 83
22 84
22 86
22 87
22 88
22 91
22 92
22 95
22 99
22 100
22 101
22 102
22 103
22 104
22 105
22 106
22 107
22 108
22 110
22 119
22 120
22 122
22 123
22 124
22 126
22 128
22 129
22 130
22 134
22 135
22 136
22 139
22 142
22 148
22 151
22 152
22 154
22 161
22 163
22 164
22 165
22 166
22 168
22 173
22 174
22 175
22 181
22 184
22 185
22 187
22 188
22 189
22 191
22 194
22 197
23 24
23 25
23 26
23 28
23 29
23 31
23 32
23 33
23 36
23 37
23 41
23 43
23 44
23 47
23 53
23 55
23 56
23 58
23 62
23 67
23 69
23 71
23 74
23 79
23 80
23 81
23 83
23 85
23 91
23 93
23 97
23 98
23 99
23 102
23 104
23 105
23 106
23 108
23 110
23 113
23 115
23 123
23 128
23 130
23 133
23 138
23 139
23 140
23 141
23 143
23 146
23 148
23 150
23 151
23 153
23 155
23 157
23 159
23 160
23 161
23 162
23 163
23 165
23 167
23 168
23 173
23 175
23 177
23 178
23 179
23 181
23 182
23 184
23 186
23 189
23 191
23 193
23 194
23 196
24 26
24 28
24 34
24 35
24 36
24 37
24 39
24 41
24 44
24 45
24 46
24 48
24 49
24 51
24 52
24 54
24 55
24 58
24 59
24 60
24 61
24 62
24 63
24 64
24 65
24 66
24 67
24 71
24 74
24 76
24 78
24 79
24 80
24 83
24 84
24 87
24 89
24 91
24 94
24 102
24 105
24 107
24 108
24 114
24 119
24 123
24 125
24 128
24 129
24 130
24 131
24 133
24 135
24 137
24 139
24 140
24 142
24 143
24 145
24 146
24 147
24 148
24 150
24 153
24 154
24 156
24 158
24 163
24 165
24 166
24 167
24 168
24 171
24 173
24 174
24 175
24 176
24 177
24 181
24 182
24 184
24 185
24 188
24 190
24 191
24 196
24 197
24 199
25 27
25 28
25 29
25 34
25 35
25 37
25 40
25 41
25 43
25 45
25 46
25 51
25 53
25 54
25 56
25 58
25 63
25 64
25 67
25 70
25 71
25 72
25 74
25 76
25 77
25 80
25 82
25 83
25 85
25 87
25 88
25 89
25 92
25 95
25 96
25 97
25 98
25 99
25 100
25 101
25 103
25 109
25 111
25 114
25 118
25 122
25 124
25 126
25 130
25 131
25 132
25 133
25 134
25 137
25 139
25 141
25 143
25 144
25 145
25 146
25 148
25 151
25 152
25 153
25 154
25 155
25 159
25 160
25 161
25 164
25 165
25 170
25 173
25 174
25 176
25 179
25 185
25 191
25 194
25 196
25 197
25 198
25 199
26 28
26 29
26 31
26 32
26 33
26 34
26 38
26 41
26 43
26 44
26 47
26 51
26 53
26 54
26 55
26 62
26 64
26 65
26 66
26 67
26 68
26 69
26 71
26 73
26 75
26 77
26 78
26 79
26 80
26 82
26 83
26 84
26 85
26 86
26 87
26 88
26 90
26 91
26 94
26 95
26 98
26 103
26 107
26 108
26 111
26 116
26 117
26 119
26 122
26 123
26 126
26 127
26 128
26 129
26 130
26 131
26 133
26 134
26 136
26 137
26 138
26 144
26 147
26 148
26 149
26 150
26 151
26 154
26 156
26 160
26 163
26 164
26 165
26 167
26 170
26 171
26 173
26 174
26 176
26 177
26 180
26 185
26 186
26 188
26 189
26 190
26 191
26 192
26 194
26 195
26 197
26 198
26 199
27 30
27 31
27 33
27 36
27 38
27 39
27 41
27 43
27 45
27 46
27 47
27 51
27 52
27 54
27 56
27 57
27 60
27 61
27 63
27 64
27 65
27 67
27 70
27 74
27 76
27 80
27 81
27 83
27 84
27 85
27 87
27 88
27 90
27 93
27 94
27 95
27 97
27 101
27 102
27 103
27 105
27 106
27 108
27 110
27 111
27 118
27 119
27 120
27 122
27 126
27 127
27 129
27 132
27 133
27 135
27 136
27 138
27 144
27 146
27 147
27 150
27 154
27 155
27 156
27 157
27 158
27 159
27 167
27 168
27 173
27 175
27 176
27 177
27 178
27 182
27 183
27 184
27 191
27 192
27 193
27 194
27 197
27 199
28 30
28 31
28 32
28 35
28 39
28 41
28 42
28 43
28 47
28 50
28 52
28 53
28 55
28 56
28 57
28 58
28 59
28 60
28 64
28 71
28 78
28 80
28 82
28 89
28 90
28 94
28 96
28 99
28 100
28 103
28 105
28 106
28 109
28 112
28 113
28 116
28 117
28 118
28 121
28 124
28 127
28 129
28 132
28 133
28 135
28 138
28 140
28 141
28 142
28 143
28 146
28 148
28 153
28 154
28 155
28 157
28 158
28 160
28 163
28 164
28 166
28 167
28 169
28 172
28 173
28 175
28 177
28 179
28 181
28 182
28 183
28 184
28 185
28 188
28 190
28 191
28 193
28 194
28 195
28 196
28 198
29 31
29 32
29 33
29 36
29 38
29 39
29 40
29 42
29 43
29 45
29 47
29 49
29 50
29 51
29 53
29 59
29 60
29 61
29 64
29 66
29 67
29 68
29 70
29 79
29 80
29 81
29 85
29 86
29 88
29 90
29 93
29 94
29 95
29 97
29 98
29 100
29 101
29 107
29 108
29 111
29 114
29 118
29 119
29 120
29 126
29 129
29 132
29 133
29 134
29 136
29 137
29 138
29 139
29 141
29 143
29 145
29 147
29 148
29 149
29 150
29 151
29 153
29 154
29 156
29 157
29 160
29 161
29 162
29 163
29 165
29 166
29 171
29 176
29 179
29 181
29 182
29 185
29 186
29 187
29 191
29 192
29 197
29 198
30 31
30 34
30 35
30 37
30 38
30 39
30 41
30 42
30 45
30 47
30 48
30 49
30 54
30 57
30 59
30 61
30 62
30 63
30 64
30 67
30 68
30 70
30 71
30 73
30 74
30 76
30 79
30 80
30 81
30 85
30 86
30 88
30 90
30 91
30 93
30 96
30 99
30 100
30 103
30 106
30 107
30 108
30 111
30 112
30 113
30 114
30 116
30 121
30 123
30 126
30 131
30 134
30 135
30 137
30 138
30 139
30 140
30 141
30 142
30 144
30 145
30 146
30 149
30 153
30 154
30 157
30 158
30 159
30 161
30 162
30 167
30 171
30 172
30 173
30 174
30 176
30 177
30 180
30 182
30 183
30 184
30 185
30 186
30 187
30 189
30 191
30 193
30 194
30 195
30 197
30 198
31 33
31 34
31 36
31 41
31 43
31 44
31 45
31 47
31 48
31 49
31 52
31 53
31 54
31 58
31 59
31 61
31 62
31 65
31 66
31 67
31 69
31 70
31 72
31 74
31 75
31 76
31 78
31 81
31 82
31 85
31 86
31 87
31 88
31 89
31 91
31 92
31 98
31 99
31 100
31 102
31 103
31 104
31 106
31 108
31 110
31 112
31 114
31 115
31 116
31 117
31 118
31 120
31 121
31 122
31 128
31 129
31 137
31 138
31 140
31 141
31 142
31 143
31 145
31 146
31 147
31 148
31 152
31 153
31 161
31 166
31 167
31 168
31 171
31 173
31 174
31 178
31 181
31 182
31 184
31 185
31 188
31 189
31 191
31 192
31 193
32 35
32 36
32 37
32 38
32 41
32 42
32 43
32 44
32 46
32 50
32 51
32 54
32 55
32 58
32 59
32 60
32 61
32 63
32 64
32 65
32 66
32 67
32 71
32 73
32 74
32 75
32 76
32 77
32 79
32 81
32 82
32 88
32 92
32 93
32 94
32 97
32 98
32 99
32 101
32 105
32 107
32 108
32 109
32 110
32 111
32 112
32 113
32 114
32 117
32 119
32 120
32 122
32 123
32 124
32 125
32 126
32 128
32 129
32 131
32 133
32 134
32 135
32 136
32 137
32 139
32 140
32 143
32 144
32 145
32 150
32 151
32 153
32 155
32 156
32 161
32 162
32 165
32 167
32 168
32 170
32 172
32 173
32 176
32 177
32 178
32 179
32 180
32 185
32 186
32 187
32 188
32 192
32 194
32 195
32 197
32 199
33 38
33 41
33 42
33 43
33 44
33 45
33 50
33 51
33 52
33 53
33 54
33 55
33 56
33 59
33 61
33 63
33 66
33 68
33 69
33 71
33 72
33 75
33 76
33 77
33 79
33 80
33 86
33 89
33 90
33 91
33 94
33 97
33 98
33 100
33 105
33 108
33 109
33 110
33 113
33 114
33 116
33 117
33 118
33 119
33 120
33 122
33 124
33 126
33 128
33 130
33 131
33 133
33 134
33 135
33 138
33 139
33 143
33 145
33 146
33 148
33 149
33 155
33 156
33 163
33 166
33 171
33 173
33 174
33 176
33 178
33 181
33 182
33 183
33 184
33 187
33 188
33 190
33 191
33 193
33 194
34 36
34 37
34 39
34 47
34 50
34 51
34 55
34 56
34 57
34 62
34 63
34 67
34 75
34 76
34 77
34 78
34 79
34 80
34 81
34 82
34 83
34 84
34 85
34 86
34 87
34 88
34 92
34 94
34 98
34 99
34 101
34 102
34 104
34 106
34 107
34 108
34 109
34 111
34 115
34 121
34 122
34 124
34 125
34 126
34 127
34 130
34 132
34 133
34 134
34 135
34 138
34 139
34 143
34 144
34 146
34 147
34 150
34 151
34 152
34 157
34 158
34 161
34 162
34 164
34 165
34 168
34 169
34 170
34 171
34 172
34 173
34 174
34 175
34 176
34 179
34 180
34 181
34 182
34 183
34 184
34 186
34 188
34 189
34 190
34 193
34 194
34 196
35 36
35 37
35 38
35 40
35 42
35 45
35 47
35 50
35 54
35 55
35 56
35 60
35 61
35 63
35 65
35 68
35 71
35 72
35 73
35 75
35 76
35 77
35 79
35 80
35 81
35 82
35 83
35 85
35 88
35 89
35 90
35 93
35 99
35 103
35 104
35 105
35 109
35 110
35 111
35 116
35 117
35 118
35 119
35 120
35 122
35 123
35 124
35 125
35 128
35 130
35 133
35 134
35 135
35 136
35 138
35 139
35 140
35 144
35 146
35 147
35 149
35 151
35 153
35 154
35 156
35 157
35 159
35 162
35 163
35 165
35 167
35 169
35 171
35 173
35 174
35 175
35 176
35 177
35 178
35 179
35 180
35 181
35 182
35 183
35 185
35 187
35 188
35 189
35 192
35 196
35 198
35 199
36 40
36 41
36 42
36 43
36 45
36 46
36 47
36 49
36 50
36 51
36 53
36 56
36 57
36 58
36 60
36 61
36 62
36 63
36 64
36 68
36 70
36 71
36 72
36 77
36 78
36 79
36 81
36 83
36 87
36 89
36 90
36 92
36 93
36 99
36 101
36 103
36 104
36 105
36 108
36 114
36 116
36 118
36 119
36 120
36 122
36 124
36 125
36 126
36 128
36 129
36 132
36 133
36 137
36 139
36 140
36 142
36 143
36 144
36 145
36 146
36 147
36 155
36 156
36 157
36 159
36 160
36 161
36 162
36 165
36 166
36 171
36 173
36 176
36 178
36 179
36 184
36 185
36 187
36 188
36 189
36 191
36 192
36 194
36 196
37 39
37 42
37 44
37 46
37 47
37 49
37 50
37 52
37 53
37 55
37 56
37 61
37 65
37 66
37 68
37 71
37 73
37 74
37 76
37 78
37 81
37 82
37 85
37 87
37 88
37 89
37 90
37 92
37 93
37 94
37 101
37 103
37 105
37 107
37 121
37 123
37 126
37 127
37 131
37 132
37 134
37 135
37 136
37 138
37 139
37 141
37 142
37 146
37 147
37 152
37 153
37 154
37 155
37 156
37 159
37 160
37 163
37 166
37 167
37 170
37 174
37 175
37 177
37 178
37 180
37 183
37 184
37 185
37 186
37 187
37 189
37 190
37 191
37 194
37 196
37 198
37 199
38 39
38 40
38 42
38 44
38 45
38 51
38 54
38 57
38 58
38 61
38 65
38 68
38 70
38 73
38 77
38 79
38 80
38 81
38 82
38 84
38 86
38 87
38 89
38 91
38 92
38 96
38 99
38 100
38 101
38 103
38 105
38 107
38 108
38 110
38 114
38 115
38 118
38 119
38 121
38 122
38 124
38 126
38 129
38 130
38 133
38 134
38 136
38 137
38 141
38 144
38 145
38 151
38 152
38 154
38 156
38 157
38 158
38 159
38 161
38 163
38 165
38 168
38 169
38 171
38 172
38 174
38 175
38 176
38 178
38 179
38 181
38 182
38 183
38 185
38 186
38 193
38 194
38 195
38 196
38 197
38 199
39 40
39 41
39 44
39 45
39 46
39 47
39 48
39 49
39 50
39 52
39 55
39 58
39 59
39 60
39 61
39 62
39 63
39 64
39 67
39 68
39 69
39 72
39 74
39 76
39 81
39 84
39 86
39 88
39 89
39 90
39 97
39 99
39 100
39 101
39 102
39 103
39 105
39 106
39 108
39 110
39 112
39 113
39 114
39 116
39 120
39 122
39 123
39 124
39 126
39 127
39 128
39 129
39 130
39 131
39 132
39 134
39 139
39 140
39 142
39 144
39 145
39 146
39 147
39 148
39 149
39 150
39 151
39 152
39 155
39 156
39 161
39 165
39 166
39 167
39 170
39 172
39 175
39 179
39 180
39 185
39 186
39 190
39 191
39 193
39 194
39 196
39 198
40 41
40 42
40 43
40 44
40 45
40 46
40 47
40 48
40 51
40 52
40 54
40 55
40 57
40 60
40 61
40 62
40 63
40 64
40 67
40 68
40 71
40 73
40 74
40 77
40 78
40 79
40 82
40 83
40 84
40 85
40 94
40 95
40 97
40 99
40 100
40 101
40 102
40 106
40 107
40 108
40 109
40 112
40 114
40 115
40 118
40 120
40 122
40 123
40 124
40 125
40 126
40 128
40 130
40 131
40 133
40 134
40 135
40 138
40 139
40 140
40 142
40 145
40 147
40 148
40 150
40 151
40 152
40 155
40 156
40 157
40 159
40 160
40 161
40 163
40 164
40 165
40 166
40 176
40 177
40 178
40 181
40 182
40 183
40 184
40 185
40 186
40 188
40 189
40 191
40 196
40 197
41 45
41 46
41 47
41 48
41 51
41 53
41 54
41 56
41 58
41 64
41 65
41 67
41 68
41 70
41 71
41 73
41 75
41 77
41 78
41 82
41 87
41 88
41 91
41 93
41 94
41 95
41 96
41 98
41 100
41 102
41 103
41 104
41 105
41 106
41 108
41 109
41 111
41 114
41 116
41 117
41 118
41 119
41 120
41 121
41 123
41 124
41 131
41 132
41 134
41 140
41 141
41 142
41 143
41 145
41 150
41 151
41 152
41 153
41 154
41 156
41 157
41 160
41 162
41 167
41 168
41 170
41 171
41 173
41 175
41 176
41 178
41 180
41 181
41 183
41 184
41 185
41 187
41 189
41 190
41 193
41 194
41 195
41 197
41 199
42 43
42 44
42 45
42 46
42 47
42 48
42 51
42 52
42 53
42 54
42 59
42 63
42 64
42 65
42 66
42 67
42 69
42 72
42 73
42 75
42 76
42 79
42 81
42 82
42 83
42 88
42 89
42 91
42 93
42 94
42 95
42 97
42 98
42 100
42 105
42 106
42 109
42 113
42 114
42 119
42 120
42 122
42 123
42 124
42 126
42 132
42 133
42 135
42 136
42 139
42 141
42 142
42 145
42 146
42 149
42 151
42 153
42 154
42 156
42 157
42 161
42 163
42 164
42 173
42 176
42 177
42 178
42 179
42 181
42 185
42 186
42 187
42 188
42 189
42 191
42 194
42 195
42 196
43 48
43 49
43 50
43 51
43 54
43 57
43 58
43 59
43 60
43 64
43 66
43 70
43 71
43 73
43 75
43 78
43 80
43 81
43 83
43 84
43 86
43 90
43 91
43 95
43 96
43 97
43 98
43 100
43 101
43 105
43 107
43 109
43 110
43 112
43 115
43 116
43 117
43 120
43 121
43 123
43 125
43 126
43 127
43 132
43 133
43 134
43 141
43 142
43 143
43 145
43 146
43 147
43 148
43 150
43 153
43 154
43 157
43 158
43 160
43 164
43 165
43 166
43 167
43 168
43 169
43 175
43 176
43 178
43 179
43 180
43 181
43 182
43 183
43 184
43 186
43 187
43 188
43 189
43 191
43 192
43 193
43 199
44 47
44 48
44 49
44 50
44 52
44 53
44 56
44 58
44 60
44 61
44 62
44 64
44 66
44 67
44 71
44 72
44 76
44 77
44 78
44 80
44 81
44 82
44 83
44 84
44 87
44 88
44 89
44 90
44 91
44 98
44 99
44 100
44 102
44 103
44 106
44 107
44 111
44 113
44 115
44 117
44 119
44 122
44 125
44 127
44 128
44 129
44 130
44 132
44 134
44 135
44 136
44 137
44 138
44 140
44 141
44 145
44 147
44 148
44 150
44 151
44 152
44 154
44 157
44 158
44 160
44 161
44 162
44 165
44 170
44 171
44 172
44 174
44 179
44 180
44 181
44 182
44 183
44 187
44 190
44 193
44 194
44 197
44 198
44 199
45 46
45 47
45 48
45 49
45 51
45 53
45 55
45 56
45 58
45 60
45 62
45 65
45 68
45 69
45 70
45 71
45 72
45 75
45 77
45 78
45 79
45 83
45 84
45 86
45 88
45 89
45 90
45 92
45 93
45 97
45 98
45 99
45 100
45 102
45 103
45 107
45 108
45 109
45 110
45 111
45 117
45 118
45 119
45 121
45 123
45 125
45 126
45 129
45 130
45 131
45 133
45 135
45 136
45 137
45 140
45 141
45 142
45 144
45 147
45 148
45 149
45 150
45 151
45 152
45 155
45 156
45 157
45 158
45 159
45 161
45 164
45 166
45 167
45 170
45 171
45 175
45 177
45 187
45 189
45 190
45 193
45 197
46 50
46 53
46 54
46 58
46 59
46 60
46 64
46 65
46 66
46 69
46 70
46 71
46 72
46 73
46 74
46 75
46 76
46 77
46 83
46 85
46 86
46 87
46 88
46 89
46 91
46 92
46 95
46 99
46 101
46 102
46 104
46 105
46 114
46 115
46 116
46 117
46 118
46 119
46 121
46 127
46 129
46 132
46 133
46 135
46 136
46 139
46 145
46 148
46 153
46 155
46 157
46 158
46 163
46 168
46 169
46 171
46 172
46 175
46 177
46 178
46 182
46 185
46 186
46 189
46 191
46 192
46 193
46 196
46 198
46 199
47 49
47 52
47 53
47 54
47 57
47 58
47 59
47 62
47 63
47 64
47 65
47 68
47 70
47 71
47 72
47 74
47 75
47 76
47 77
47 82
47 83
47 84
47 85
47 87
47 90
47 91
47 92
47 93
47 94
47 96
47 97
47 99
47 100
47 102
47 104
47 108
47 109
47 113
47 114
47 116
47 119
47 121
47 125
47 126
47 127
47 128
47 130
47 133
47 134
47 136
47 137
47 138
47 140
47 141
47 142
47 144
47 146
47 148
47 153
47 154
47 156
47 157
47 158
47 162
47 168
47 170
47 171
47 172
47 173
47 176
47 182
47 183
47 184
47 185
47 186
47 187
47 188
47 192
47 193
47 194
47 195
47 196
47 197
48 49
48 50
48 51
48 53
48 60
48 61
48 62
48 67
48 68
48 70
48 73
48 76
48 81
48 83
48 84
48 85
48 87
48 89
48 90
48 91
48 92
48 95
48 96
48 97
48 98
48 100
48 101
48 104
48 108
48 110
48 111
48 112
48 114
48 115
48 116
48 117
48 119
48 120
48 121
48 122
48 123
48 124
48 128
48 132
48 134
48 135
48 136
48 137
48 138
48 141
48 145
48 148
48 150
48 151
48 155
48 156
48 160
48 163
48 164
48 165
48 169
48 173
48 174
48 175
48 179
48 183
48 184
48 185
48 188
48 189
48 192
48 193
48 199
49 50
49 51
49 52
49 53
49 55
49 57
49 60
49 61
49 62
49 63
49 65
49 66
49 67
49 70
49 72
49 75
49 76
49 79
49 80
49 81
49 83
49 85
49 86
49 88
49 92
49 94
49 95
49 97
49 98
49 100
49 104
49 108
49 110
49 112
49 114
49 119
49 121
49 122
49 123
49 124
49 126
49 138
49 139
49 140
49 143
49 146
49 147
49 148
49 151
49 153
49 155
49 159
49 160
49 162
49 163
49 165
49 166
49 167
49 172
49 173
49 174
49 178
49 181
49 183
49 185
49 187
49 188
49 190
49 193
49 194
49 195
49 197
49 199
50 51
50 52
50 53
50 54
50 55
50 57
50 61
50 62
50 64
50 67
50 69
50 70
50 71
50 72
50 74
50 75
50 77
50 80
50 83
50 84
50 90
50 91
50 94
50 95
50 96
50 98
50 101
50 102
50 105
50 106
50 107
50 109
50 114
50 115
50 118
50 122
50 123
50 124
50 126
50 127
50 128
50 129
50 131
50 132
50 133
50 134
50 136
50 137
50 140
50 142
50 144
50 146
50 147
50 148
50 149
50 151
50 152
50 153
50 154
50 157
50 158
50 159
50 162
50 165
50 166
50 167
50 171
50 172
50 173
50 180
50 185
50 186
50 188
50 190
50 192
50 193
50 194
50 197
50 199
51 52
51 53
51 61
51 62
51 63
51 65
51 66
51 68
51 69
51 70
51 71
51 72
51 78
51 79
51 81
51 82
51 86
51 88
51 91
51 93
51 94
51 95
51 97
51 98
51 99
51 105
51 106
51 107
51 108
51 111
51 113
51 114
51 115
51 116
51 117
51 119
51 120
51 121
51 122
51 124
51 127
51 132
51 135
51 137
51 145
51 147
51 148
51 151
51 153
51 156
51 157
51 158
51 160
51 161
51 162
51 163
51 164
51 165
51 166
51 168
51 169
51 171
51 173
51 174
51 181
51 182
51 183
51 184
51 186
51 188
51 189
51 193
51 194
51 195
51 196
51 197
51 199
52 53
52 54
52 55
52 56
52 57
52 58
52 59
52 61
52 62
52 65
52 66
52 67
52 68
52 69
52 70
52 71
52 73
52 75
52 78
52 80
52 85
52 86
52 89
52 90
52 91
52 93
52 94
52 95
52 96
52 97
52 98
52 106
52 114
52 115
52 119
52 120
52 122
52 124
52 126
52 128
52 132
52 136
52 137
52 138
52 140
52 143
52 144
52 146
52 149
52 151
52 154
52 159
52 160
52 162
52 164
52 165
52 166
52 167
52 168
52 170
52 175
52 176
52 177
52 178
52 183
52 186
52 187
52 188
52 189
52 190
52 191
52 193
52 195
52 197
52 199
53 54
53 55
53 56
53 57
53 61
53 63
53 64
53 65
53 67
53 68
53 70
53 71
53 74
53 77
53 78
53 81
53 82
53 83
53 86
53 87
53 88
53 89
53 90
53 93
53 95
53 97
53 100
53 101
53 102
53 103
53 105
53 108
53 109
53 113
53 117
53 121
53 122
53 124
53 126
53 127
53 128
53 129
53 130
53 131
53 133
53 134
53 135
53 136
53 139
53 141
53 143
53 146
53 147
53 150
53 153
53 154
53 156
53 157
53 159
53 160
53 164
53 166
53 167
53 170
53 171
53 173
53 174
53 176
53 179
53 181
53 184
53 187
53 189
53 192
53 193
53 198
54 55
54 59
54 60
54 61
54 62
54 63
54 65
54 68
54 70
54 72
54 73
54 77
54 78
54 80
54 82
54 84
54 88
54 90
54 91
54 92
54 93
54 94
54 95
54 96
54 98
54 100
54 102
54 103
54 105
54 106
54 110
54 111
54 113
54 119
54 122
54 124
54 125
54 126
54 127
54 129
54 131
54 135
54 136
54 140
54 141
54 142
54 147
54 148
54 149
54 152
54 156
54 157
54 158
54 159
54 160
54 162
54 164
54 165
54 166
54 168
54 172
54 174
54 175
54 178
54 179
54 181
54 182
54 184
54 186
54 193
54 194
54 195
54 197
54 198
55 56
55 59
55 61
55 64
55 65
55 68
55 69
55 72
55 74
55 75
55 76
55 80
55 82
55 83
55 84
55 85
55 88
55 90
55 91
55 101
55 102
55 104
55 105
55 106
55 110
55 111
55 112
55 116
55 119
55 121
55 122
55 126
55 128
55 131
55 134
55 135
55 138
55 141
55 143
55 144
55 147
55 155
55 156
55 157
55 159
55 163
55 164
55 166
55 167
55 172
55 173
55 174
55 175
55 179
55 180
55 182
55 183
55 184
55 187
55 188
55 190
55 191
55 192
55 193
55 197
55 198
56 59
56 61
56 66
56 70
56 71
56 73
56 75
56 77
56 79
56 80
56 81
56 82
56 84
56 87
56 89
56 90
56 91
56 94
56 96
56 99
56 100
56 102
56 103
56 105
56 106
56 110
56 111
56 112
56 114
56 116
56 118
56 121
56 125
56 126
56 127
56 131
56 133
56 138
56 139
56 140
56 141
56 142
56 143
56 144
56 146
56 151
56 155
56 157
56 158
56 159
56 161
56 162
56 163
56 166
56 168
56 169
56 171
56 172
56 173
56 176
56 182
56 183
56 185
56 186
56 188
56 190
56 192
56 195
57 59
57 60
57 61
57 62
57 63
57 65
57 68
57 70
57 74
57 78
57 80
57 81
57 82
57 84
57 87
57 88
57 90
57 93
57 97
57 98
57 99
57 108
57 114
57 119
57 124
57 125
57 126
57 128
57 129
57 130
57 132
57 133
57 134
57 136
57 138
57 140
57 141
57 145
57 148
57 153
57 154
57 156
57 157
57 159
57 162
57 166
57 169
57 170
57 171
57 174
57 175
57 176
57 180
57 181
57 182
57 186
57 188
57 190
57 193
57 194
57 195
57 197
58 59
58 64
58 65
58 66
58 67
58 68
58 70
58 71
58 73
58 75
58 78
58 79
58 81
58 86
58 89
58 90
58 91
58 92
58 94
58 96
58 97
58 105
58 106
58 108
58 112
58 114
58 115
58 116
58 117
58 119
58 121
58 124
58 125
58 126
58 127
58 128
58 131
58 132
58 134
58 135
58 137
58 142
58 143
58 144
58 146
58 149
58 150
58 151
58 152
58 157
58 160
58 162
58 163
58 164
58 165
58 166
58 171
58 174
58 178
58 179
58 180
58 182
58 185
58 186
58 187
58 188
58 189
58 191
58 193
58 194
58 196
58 197
58 198
59 61
59 66
59 68
59 69
59 72
59 73
59 76
59 77
59 81
59 82
59 84
59 85
59 87
59 88
59 89
59 90
59 93
59 95
59 96
59 97
59 101
59 102
59 103
59 105
59 106
59 107
59 108
59 110
59 112
59 114
59 118
59 119
59 122
59 123
59 124
59 125
59 126
59 129
59 135
59 136
59 139
59 140
59 143
59 144
59 145
59 149
59 150
59 151
59 154
59 155
59 156
59 157
59 159
59 161
59 163
59 165
59 166
59 170
59 171
59 174
59 175
59 176
59 178
59 179
59 180
59 182
59 183
59 185
59 188
59 189
59 192
59 194
59 195
59 196
59 198
59 199
60 64
60 66
60 69
60 72
60 74
60 76
60 77
60 80
60 81
60 83
60 84
60 87
60 90
60 93
60 95
60 96
60 97
60 99
60 104
60 105
60 106
60 108
60 113
60 114
60 115
60 116
60 118
60 120
60 121
60 123
60 124
60 125
60 130
60 132
60 135
60 136
60 137
60 138
60 140
60 142
60 143
60 144
60 145
60 147
60 150
60 151
60 153
60 155
60 156
60 157
60 158
60 159
60 160
60 162
60 165
60 166
60 170
60 171
60 174
60 176
60 178
60 181
60 182
60 187
60 188
60 189
60 191
60 196
60 199
61 62
61 67
61 69
61 72
61 73
61 74
61 75
61 78
61 79
61 80
61 81
61 84
61 88
61 94
61 95
61 97
61 102
61 104
61 105
61 106
61 112
61 113
61 115
61 117
61 118
61 121
61 126
61 128
61 130
61 132
61 135
61 138
61 139
61 143
61 144
61 146
61 148
61 149
61 150
61 155
61 156
61 158
61 159
61 161
61 164
61 165
61 166
61 171
61 172
61 176
61 180
61 182
61 183
61 184
61 187
61 189
61 191
61 193
61 195
61 196
61 198
62 63
62 64
62 69
62 73
62 77
62 78
62 79
62 81
62 84
62 85
62 86
62 87
62 88
62 89
62 91
62 92
62 93
62 95
62 97
62 99
62 103
62 105
62 106
62 108
62 110
62 111
62 112
62 116
62 118
62 121
62 126
62 127
62 130
62 133
62 137
62 138
62 139
62 142
62 145
62 146
62 148
62 149
62 153
62 155
62 157
62 159
62 160
62 161
62 162
62 166
62 168
62 169
62 170
62 171
62 172
62 174
62 175
62 178
62 183
62 184
62 187
62 190
62 192
62 199
63 64
63 66
63 68
63 71
63 72
63 74
63 75
63 76
63 77
63 78
63 80
63 82
63 83
63 84
63 87
63 88
63 89
63 90
63 91
63 92
63 94
63 95
63 97
63 104
63 106
63 107
63 110
63 115
63 116
63 118
63 119
63 126
63 127
63 128
63 129
63 134
63 140
63 142
63 149
63 150
63 155
63 156
63 157
63 161
63 164
63 166
63 168
63 170
63 171
63 173
63 175
63 176
63 179
63 182
63 184
63 188
63 190
63 191
63 194
63 195
63 196
63 197
63 199
64 67
64 68
64 71
64 73
64 74
64 75
64 76
64 78
64 81
64 82
64 86
64 93
64 94
64 95
64 96
64 97
64 98
64 99
64 103
64 105
64 108
64 109
64 110
64 112
64 113
64 117
64 118
64 119
64 123
64 124
64 125
64 128
64 129
64 132
64 134
64 136
64 137
64 141
64 143
64 146
64 147
64 150
64 151
64 153
64 154
64 156
64 158
64 159
64 160
64 164
64 165
64 167
64 168
64 170
64 171
64 172
64 175
64 177
64 178
64 179
64 182
64 183
64 184
64 188
64 189
64 191
64 198
65 66
65 68
65 70
65 71
65 75
65 80
65 81
65 82
65 83
65 85
65 87
65 90
65 91
65 98
65 100
65 101
65 104
65 106
65 107
65 108
65 109
65 110
65 112
65 113
65 114
65 116
65 117
65 118
65 120
65 121
65 122
65 127
65 128
65 130
65 131
65 132
65 133
65 134
65 137
65 139
65 140
65 142
65 145
65 146
65 147
65 154
65 155
65 156
65 158
65 161
65 162
65 165
65 166
65 167
65 170
65 171
65 172
65 174
65 175
65 176
65 177
65 178
65 180
65 183
65 184
65 188
65 189
65 191
65 193
65 195
65 197
65 198
66 67
66 68
66 70
66 71
66 73
66 74
66 75
66 76
66 82
66 84
66 86
66 87
66 88
66 91
66 93
66 95
66 96
66 98
66 99
66 101
66 102
66 103
66 104
66 107
66 108
66 110
66 111
66 112
66 116
66 121
66 122
66 129
66 130
66 131
66 135
66 136
66 138
66 139
66 141
66 144
66 149
66 151
66 152
66 154
66 155
66 158
66 160
66 161
66 164
66 165
66 169
66 170
66 171
66 173
66 175
66 176
66 179
66 186
66 187
66 192
66 194
66 196
66 197
66 199
67 68
67 72
67 75
67 76
67 77
67 78
67 79
67 80
67 81
67 83
67 84
67 88
67 89
67 92
67 93
67 94
67 95
67 96
67 100
67 102
67 103
67 105
67 106
67 108
67 110
67 111
67 120
67 121
67 122
67 123
67 125
67 128
67 131
67 133
67 134
67 135
67 140
67 141
67 142
67 146
67 147
67 148
67 149
67 150
67 152
67 157
67 158
67 159
67 161
67 163
67 164
67 165
67 167
67 173
67 174
67 175
67 176
67 177
67 180
67 182
67 184
67 185
67 186
67 188
67 189
67 193
67 195
68 69
68 72
68 74
68 75
68 76
68 77
68 78
68 80
68 81
68 82
68 83
68 84
68 86
68 87
68 88
68 90
68 93
68 95
68 96
68 101
68 102
68 107
68 108
68 112
68 113
68 114
68 116
68 119
68 121
68 125
68 126
68 127
68 128
68 129
68 131
68 137
68 138
68 141
68 144
68 146
68 147
68 148
68 150
68 151
68 154
68 160
68 162
68 167
68 169
68 171
68 172
68 173
68 176
68 179
68 180
68 182
68 186
68 188
68 189
68 190
68 198
68 199
69 70
69 75
69 76
69 78
69 79
69 80
69 83
69 84
69 85
69 88
69 89
69 90
69 91
69 95
69 96
69 100
69 101
69 103
69 104
69 107
69 108
69 109
69 111
69 112
69 118
69 119
69 120
69 125
69 126
69 127
69 128
69 131
69 132
69 135
69 141
69 142
69 143
69 144
69 145
69 146
69 147
69 148
69 152
69 153
69 154
69 155
69 156
69 157
69 158
69 159
69 162
69 166
69 171
69 173
69 175
69 176
69 177
69 178
69 180
69 182
69 184
69 186
69 187
69 188
69 196
69 197
69 198
69 199
70 72
70 75
70 76
70 77
70 78
70 80
70 81
70 82
70 85
70 86
70 87
70 88
70 93
70 95
70 97
70 98
70 99
70 100
70 102
70 104
70 105
70 106
70 111
70 112
70 113
70 115
70 117
70 119
70 120
70 121
70 122
70 128
70 129
70 130
70 131
70 134
70 135
70 136
70 137
70 139
70 145
70 149
70 150
70 151
70 155
70 156
70 166
70 168
70 170
70 171
70 173
70 175
70 176
70 177
70 179
70 182
70 183
70 186
70 187
70 191
70 192
70 193
70 194
71 74
71 75
71 81
71 82
71 84
71 85
71 90
71 97
71 105
71 106
71 107
71 109
71 110
71 111
71 113
71 114
71 118
71 119
71 121
71 123
71 124
71 125
71 126
71 128
71 129
71 131
71 132
71 133
71 135
71 136
71 137
71 138
71 139
71 141
71 142
71 147
71 148
71 149
71 152
71 157
71 165
71 168
71 169
71 171
71 172
71 174
71 175
71 177
71 178
71 180
71 181
71 182
71 184
71 185
71 186
71 187
71 189
71 190
71 191
71 192
71 197
71 198
71 199
72 73
72 74
72 78
72 80
72 82
72 83
72 84
72 87
72 89
72 92
72 94
72 95
72 96
72 97
72 100
72 101
72 105
72 108
72 110
72 112
72 113
72 114
72 115
72 117
72 118
72 119
72 120
72 122
72 123
72 124
72 125
72 127
72 130
72 132
72 135
72 136
72 138
72 139
72 141
72 142
72 148
72 152
72 153
72 156
72 161
72 162
72 163
72 165
72 166
72 168
72 169
72 171
72 174
72 176
72 178
72 186
72 187
72 188
72 193
72 194
72 195
72 196
72 198
72 199
73 76
73 79
73 80
73 81
73 84
73 85
73 87
73 92
73 94
73 98
73 99
73 101
73 102
73 103
73 104
73 106
73 108
73 109
73 111
73 112
73 113
73 118
73 119
73 120
73 121
73 123
73 124
73 126
73 130
73 131
73 133
73 134
73 135
73 137
73 138
73 139
73 140
73 141
73 147
73 152
73 154
73 155
73 157
73 158
73 159
73 160
73 161
73 162
73 163
73 165
73 166
73 167
73 169
73 172
73 173
73 174
73 175
73 177
73 178
73 179
73 180
73 181
73 182
73 183
73 184
73 186
73 187
73 190
73 191
73 193
73 195
73 196
74 78
74 79
74 81
74 83
74 86
74 89
74 90
74 93
74 96
74 98
74 99
74 100
74 101
74 104
74 105
74 106
74 107
74 110
74 116
74 118
74 120
74 122
74 124
74 126
74 127
74 128
74 129
74 131
74 132
74 134
74 135
74 136
74 137
74 138
74 139
74 141
74 142
74 143
74 144
74 146
74 148
74 149
74 150
74 153
74 157
74 161
74 164
74 166
74 169
74 170
74 171
74 174
74 176
74 180
74 183
74 184
74 185
74 188
74 189
74 190
74 193
74 195
75 77
75 78
75 79
75 81
75 85
75 88
75 89
75 90
75 91
75 93
75 94
75 95
75 96
75 97
75 98
75 102
75 103
75 104
75 107
75 111
75 112
75 115
75 117
75 118
75 119
75 121
75 124
75 125
75 127
75 128
75 130
75 131
75 132
75 136
75 138
75 139
75 144
75 145
75 146
75 148
75 149
75 150
75 152
75 154
75 155
75 160
75 162
75 165
75 167
75 168
75 169
75 170
75 171
75 172
75 175
75 178
75 179
75 181
75 182
75 183
75 184
75 185
75 188
75 191
75 194
75 196
75 197
75 198
76 81
76 82
76 86
76 87
76 89
76 91
76 93
76 95
76 101
76 102
76 105
76 106
76 107
76 108
76 109
76 110
76 112
76 113
76 119
76 120
76 122
76 123
76 124
76 126
76 127
76 128
76 131
76 132
76 144
76 146
76 148
76 150
76 154
76 155
76 156
76 160
76 161
76 163
76 165
76 166
76 170
76 173
76 174
76 176
76 178
76 180
76 182
76 185
76 186
76 189
76 191
76 192
76 194
76 195
76 196
76 197
76 198
77 81
77 82
77 84
77 85
77 87
77 90
77 91
77 92
77 94
77 96
77 99
77 100
77 103
77 106
77 108
77 109
77 115
77 117
77 118
77 122
77 125
77 129
77 131
77 132
77 133
77 134
77 138
77 139
77 140
77 142
77 144
77 145
77 146
77 147
77 148
77 149
77 153
77 154
77 156
77 157
77 159
77 163
77 164
77 167
77 169
77 170
77 171
77 175
77 177
77 178
77 179
77 183
77 184
77 187
77 191
77 195
77 196
77 198
77 199
78 80
78 82
78 84
78 91
78 92
78 93
78 94
78 95
78 98
78 99
78 102
78 103
78 104
78 105
78 107
78 111
78 114
78 115
78 117
78 122
78 125
78 128
78 132
78 134
78 135
78 137
78 138
78 139
78 141
78 142
78 143
78 144
78 149
78 150
78 151
78 153
78 155
78 157
78 159
78 160
78 161
78 162
78 163
78 168
78 169
78 170
78 171
78 172
78 178
78 183
78 184
78 186
78 187
78 188
78 191
78 194
78 195
78 197
78 198
79 80
79 83
79 85
79 86
79 87
79 91
79 95
79 96
79 99
79 100
79 102
79 103
79 107
79 108
79 109
79 110
79 111
79 112
79 115
79 119
79 120
79 125
79 126
79 127
79 128
79 129
79 130
79 131
79 132
79 135
79 138
79 139
79 140
79 144
79 146
79 149
79 151
79 155
79 157
79 160
79 163
79 164
79 169
79 174
79 177
79 178
79 184
79 185
79 186
79 187
79 188
79 190
79 193
79 194
79 195
79 196
79 197
79 198
79 199
80 81
80 85
80 87
80 91
80 93
80 98
80 99
80 100
80 101
80 102
80 103
80 109
80 111
80 115
80 116
80 117
80 118
80 119
80 120
80 123
80 127
80 131
80 132
80 133
80 138
80 140
80 142
80 147
80 150
80 153
80 156
80 157
80 158
80 165
80 166
80 169
80 174
80 177
80 178
80 181
80 182
80 183
80 185
80 186
80 189
80 190
80 191
80 194
80 195
80 196
80 197
81 82
81 83
81 88
81 91
81 92
81 93
81 95
81 99
81 103
81 104
81 105
81 106
81 107
81 111
81 112
81 114
81 117
81 120
81 121
81 123
81 124
81 126
81 128
81 133
81 134
81 137
81 138
81 140
81 142
81 146
81 147
81 148
81 150
81 151
81 152
81 154
81 155
81 156
81 157
81 158
81 159
81 160
81 162
81 167
81 168
81 169
81 171
81 172
81 174
81 175
81 176
81 178
81 180
81 184
81 185
81 187
81 188
81 189
81 191
81 194
81 195
81 196
81 197
81 199
82 84
82 85
82 86
82 87
82 88
82 89
82 98
82 99
82 102
82 103
82 104
82 105
82 106
82 107
82 109
82 112
82 127
82 129
82 130
82 132
82 134
82 139
82 140
82 144
82 145
82 147
82 149
82 151
82 155
82 156
82 157
82 159
82 160
82 166
82 172
82 173
82 176
82 177
82 179
82 180
82 181
82 182
82 185
82 187
82 188
82 191
82 192
82 193
82 196
82 197
82 199
83 85
83 87
83 88
83 89
83 92
83 95
83 96
83 97
83 98
83 102
83 107
83 111
83 112
83 114
83 116
83 118
83 121
83 122
83 125
83 127
83 128
83 129
83 131
83 132
83 135
83 137
83 140
83 141
83 142
83 143
83 154
83 155
83 156
83 158
83 159
83 160
83 165
83 166
83 168
83 169
83 171
83 173
83 174
83 178
83 179
83 181
83 183
83 186
83 187
83 189
83 190
83 191
83 192
83 195
83 196
83 198
83 199
84 87
84 89
84 93
84 94
84 95
84 96
84 97
84 98
84 102
84 104
84 105
84 109
84 113
84 115
84 116
84 117
84 118
84 124
84 125
84 129
84 130
84 131
84 132
84 133
84 136
84 137
84 140
84 141
84 142
84 145
84 146
84 149
84 153
84 155
84 156
84 157
84 158
84 159
84 161
84 162
84 167
84 171
84 172
84 174
84 176
84 177
84 178
84 180
84 186
84 187
84 189
84 193
84 194
84 195
84 199
85 86
85 88
85 89
85 91
85 92
85 93
85 97
85 100
85 103
85 104
85 105
85 107
85 110
85 111
85 112
85 113
85 114
85 118
85 119
85 122
85 124
85 127
85 128
85 129
85 131
85 134
85 138
85 141
85 143
85 146
85 147
85 148
85 149
85 151
85 154
85 156
85 157
85 158
85 159
85 163
85 165
85 166
85 169
85 171
85 172
85 174
85 179
85 180
85 181
85 188
85 189
85 190
85 191
85 192
85 194
85 198
85 199
86 87
86 88
86 89
86 94
86 96
86 99
86 101
86 102
86 105
86 106
86 107
86 108
86 109
86 112
86 115
86 116
86 118
86 121
86 122
86 123
86 124
86 126
86 128
86 129
86 130
86 133
86 134
86 135
86 136
86 141
86 142
86 144
86 146
86 147
86 148
86 150
86 151
86 152
86 157
86 158
86 159
86 161
86 165
86 171
86 173
86 174
86 175
86 178
86 179
86 181
86 185
86 186
86 187
86 189
86 191
86 194
86 196
86 197
86 199
87 88
87 89
87 90
87 91
87 92
87 93
87 94
87 95
87 97
87 98
87 100
87 101
87 102
87 104
87 106
87 107
87 109
87 118
87 119
87 120
87 121
87 123
87 127
87 128
87 129
87 130
87 131
87 134
87 135
87 136
87 137
87 138
87 140
87 141
87 143
87 147
87 148
87 151
87 154
87 155
87 156
87 158
87 159
87 161
87 162
87 163
87 167
87 169
87 170
87 173
87 174
87 177
87 180
87 183
87 185
87 186
87 188
87 191
87 192
87 193
87 197
87 198
87 199
88 89
88 91
88 92
88 93
88 94
88 95
88 99
88 100
88 102
88 103
88 104
88 105
88 110
88 113
88 115
88 116
88 119
88 121
88 122
88 123
88 126
88 127
88 128
88 129
88 132
88 139
88 140
88 141
88 142
88 144
88 146
88 149
88 150
88 152
88 153
88 154
88 158
88 165
88 166
88 168
88 169
88 170
88 172
88 173
88 174
88 175
88 176
88 179
88 181
88 182
88 183
88 184
88 185
88 186
88 187
88 188
88 189
88 190
88 192
88 193
88 194
88 196
89 90
89 93
89 97
89 99
89 100
89 101
89 103
89 104
89 105
89 107
89 109
89 110
89 111
89 116
89 118
89 123
89 124
89 125
89 128
89 130
89 134
89 138
89 141
89 143
89 144
89 145
89 150
89 151
89 154
89 155
89 159
89 162
89 163
89 164
89 165
89 167
89 169
89 171
89 172
89 173
89 174
89 176
89 178
89 179
89 185
89 187
89 188
89 189
89 191
89 193
89 196
89 197
90 91
90 94
90 95
90 98
90 99
90 100
90 101
90 105
90 106
90 107
90 109
90 110
90 111
90 112
90 113
90 117
90 118
90 120
90 124
90 125
90 127
90 128
90 133
90 137
90 139
90 141
90 143
90 144
90 150
90 151
90 155
90 156
90 160
90 162
90 163
90 166
90 168
90 169
90 170
90 172
90 174
90 175
90 184
90 185
90 189
90 190
90 191
90 194
90 195
90 197
91 98
91 99
91 100
91 102
91 104
91 105
91 106
91 108
91 111
91 112
91 113
91 115
91 116
91 118
91 119
91 120
91 123
91 124
91 127
91 128
91 129
91 135
91 138
91 139
91 140
91 142
91 144
91 147
91 148
91 149
91 150
91 152
91 155
91 156
91 157
91 158
91 159
91 160
91 161
91 162
91 166
91 167
91 169
91 170
91 172
91 173
91 177
91 179
91 181
91 182
91 184
91 185
91 188
91 192
91 193
91 194
91 195
92 93
92 94
92 95
92 98
92 99
92 100
92 101
92 105
92 108
92 109
92 115
92 116
92 118
92 119
92 132
92 133
92 136
92 138
92 141
92 142
92 143
92 144
92 146
92 148
92 151
92 154
92 157
92 158
92 161
92 162
92 163
92 165
92 166
92 168
92 171
92 176
92 180
92 184
92 187
92 188
92 191
92 193
92 195
92 196
92 197
93 94
93 95
93 97
93 98
93 99
93 100
93 103
93 104
93 106
93 108
93 109
93 110
93 112
93 114
93 116
93 118
93 120
93 121
93 124
93 126
93 130
93 131
93 135
93 136
93 137
93 138
93 143
93 145
93 147
93 149
93 150
93 152
93 155
93 157
93 158
93 160
93 161
93 162
93 163
93 165
93 166
93 175
93 177
93 178
93 180
93 182
93 183
93 187
93 189
93 190
93 191
93 194
93 196
93 198
93 199
94 100
94 102
94 104
94 105
94 106
94 107
94 112
94 113
94 116
94 118
94 119
94 121
94 122
94 124
94 125
94 127
94 129
94 130
94 131
94 132
94 133
94 135
94 137
94 138
94 139
94 140
94 141
94 143
94 144
94 145
94 146
94 149
94 152
94 154
94 157
94 158
94 159
94 160
94 162
94 163
94 165
94 167
94 168
94 169
94 173
94 176
94 178
94 179
94 180
94 181
94 182
94 184
94 185
94 186
94 188
94 192
94 194
94 196
94 198
94 199
95 96
95 97
95 98
95 99
95 101
95 102
95 103
95 106
95 107
95 108
95 111
95 112
95 113
95 117
95 118
95 120
95 121
95 122
95 125
95 128
95 129
95 131
95 132
95 133
95 136
95 150
95 152
95 154
95 156
95 157
95 161
95 162
95 164
95 169
95 170
95 171
95 172
95 173
95 175
95 177
95 178
95 180
95 182
95 183
95 184
95 188
95 189
95 190
95 191
95 195
95 196
95 198
96 97
96 98
96 102
96 103
96 104
96 105
96 107
96 108
96 109
96 111
96 117
96 118
96 119
96 122
96 125
96 127
96 128
96 129
96 131
96 134
96 135
96 141
96 144
96 145
96 146
96 147
96 148
96 149
96 152
96 155
96 160
96 162
96 163
96 167
96 169
96 170
96 173
96 174
96 176
96 177
96 179
96 180
96 181
96 183
96 184
96 192
96 193
96 195
96 196
96 198
96 199
97 101
97 106
97 107
97 108
97 109
97 111
97 114
97 116
97 119
97 120
97 121
97 122
97 126
97 127
97 129
97 130
97 131
97 132
97 134
97 135
97 138
97 141
97 142
97 146
97 148
97 149
97 150
97 151
97 152
97 153
97 154
97 155
97 157
97 159
97 163
97 165
97 166
97 167
97 168
97 169
97 170
97 171
97 173
97 174
97 178
97 179
97 181
97 182
97 183
97 184
97 185
97 186
97 189
97 192
97 196
97 197
97 198
97 199
98 99
98 100
98 102
98 104
98 105
98 106
98 108
98 109
98 110
98 113
98 114
98 115
98 116
98 117
98 118
98 119
98 121
98 122
98 123
98 124
98 127
98 128
98 130
98 133
98 135
98 136
98 137
98 139
98 141
98 142
98 145
98 147
98 148
98 149
98 150
98 151
98 152
98 154
98 156
98 160
98 161
98 164
98 169
98 171
98 172
98 175
98 177
98 178
98 181
98 182
98 184
98 185
98 186
98 187
98 191
98 192
98 193
98 194
98 197
98 198
98 199
99 100
99 101
99 102
99 103
99 106
99 108
99 112
99 117
99 118
99 123
99 129
99 130
99 131
99 133
99 135
99 136
99 138
99 139
99 142
99 145
99 146
99 150
99 151
99 153
99 155
99 157
99 158
99 159
99 160
99 161
99 164
99 167
99 168
99 172
99 176
99 178
99 183
99 188
99 189
99 191
99 192
99 196
99 198
99 199
100 101
100 102
100 104
100 105
100 108
100 110
100 112
100 115
100 116
100 117
100 118
100 119
100 121
100 123
100 124
100 125
100 126
100 128
100 130
100 131
100 132
100 134
100 136
100 137
100 138
100 142
100 143
100 147
100 148
100 149
100 152
100 153
100 154
100 158
100 159
100 162
100 165
100 168
100 171
100 176
100 177
100 182
100 184
100 185
100 186
100 188
100 192
100 193
100 194
100 198
101 102
101 107
101 108
101 109
101 111
101 113
101 114
101 120
101 123
101 126
101 127
101 128
101 129
101 130
101 131
101 132
101 133
101 141
101 142
101 143
101 144
101 145
101 151
101 152
101 153
101 154
101 155
101 156
101 157
101 160
101 161
101 164
101 165
101 166
101 168
101 170
101 172
101 180
101 182
101 184
101 187
101 188
101 190
101 192
101 195
102 105
102 109
102 112
102 113
102 114
102 117
102 118
102 119
102 124
102 125
102 126
102 129
102 133
102 137
102 138
102 139
102 141
102 142
102 143
102 144
102 145
102 146
102 147
102 149
102 150
102 151
102 152
102 155
102 156
102 157
102 158
102 164
102 168
102 170
102 172
102 173
102 175
102 176
102 177
102 179
102 180
102 181
102 182
102 185
102 187
102 189
102 190
102 191
102 192
102 194
102 197
102 198
103 106
103 107
103 108
103 109
103 111
103 113
103 114
103 115
103 118
103 119
103 122
103 123
103 125
103 126
103 129
103 131
103 137
103 139
103 142
103 144
103 148
103 151
103 154
103 156
103 162
103 165
103 166
103 168
103 170
103 173
103 174
103 175
103 177
103 178
103 179
103 184
103 185
103 186
103 188
103 190
103 192
103 195
103 196
103 198
104 105
104 106
104 107
104 109
104 116
104 117
104 119
104 120
104 121
104 122
104 123
104 127
104 131
104 133
104 134
104 136
104 137
104 138
104 143
104 144
104 145
104 147
104 150
104 151
104 153
104 157
104 159
104 161
104 165
104 166
104 167
104 168
104 171
104 172
104 173
104 174
104 175
104 176
104 177
104 178
104 181
104 185
104 186
104 187
104 190
104 193
104 194
104 197
105 112
105 114
105 115
105 117
105 122
105 126
105 127
105 133
105 134
105 136
105 140
105 144
105 145
105 146
105 147
105 149
105 155
105 156
105 157
105 160
105 161
105 162
105 164
105 166
105 167
105 171
105 173
105 174
105 176
105 178
105 180
105 183
105 186
105 187
105 189
105 192
105 195
105 196
105 197
106 108
106 109
106 110
106 111
106 112
106 113
106 114
106 116
106 118
106 121
106 123
106 124
106 125
106 126
106 128
106 129
106 130
106 131
106 134
106 135
106 136
106 138
106 140
106 142
106 143
106 144
106 145
106 147
106 148
106 149
106 153
106 154
106 156
106 159
106 161
106 162
106 164
106 166
106 167
106 169
106 170
106 173
106 174
106 178
106 180
106 181
106 182
106 188
106 190
106 191
106 194
106 195
106 198
107 108
107 109
107 116
107 118
107 120
107 122
107 124
107 126
107 127
107 131
107 132
107 133
107 134
107 138
107 141
107 143
107 144
107 146
107 147
107 148
107 149
107 156
107 160
107 161
107 162
107 163
107 168
107 169
107 170
107 171
107 176
107 179
107 182
107 185
107 186
107 189
107 190
107 192
107 196
107 198
108 110
108 111
108 112
108 113
108 114
108 117
108 119
108 120
108 122
108 123
108 130
108 131
108 135
108 136
108 137
108 138
108 141
108 142
108 143
108 144
108 148
108 149
108 155
108 156
108 161
108 163
108 164
108 165
108 166
108 171
108 172
108 174
108 179
108 180
108 181
108 184
108 185
108 186
108 191
108 198
109 110
109 112
109 115
109 116
109 117
109 118
109 121
109 122
109 125
109 126
109 128
109 129
109 130
109 131
109 133
109 134
109 135
109 136
109 138
109 141
109 146
109 149
109 151
109 153
109 162
109 165
109 167
109 168
109 177
109 180
109 181
109 189
109 190
109 192
109 195
109 196
109 197
109 198
109 199
110 114
110 115
110 116
110 118
110 121
110 122
110 124
110 125
110 127
110 130
110 131
110 132
110 133
110 135
110 137
110 144
110 145
110 146
110 147
110 150
110 152
110 153
110 158
110 159
110 161
110 163
110 164
110 165
110 167
110 168
110 169
110 170
110 172
110 173
110 175
110 179
110 181
110 183
110 185
110 187
110 189
110 190
110 191
110 194
110 196
110 197
110 198
110 199
111 113
111 114
111 115
111 116
111 118
111 119
111 120
111 121
111 122
111 123
111 124
111 125
111 126
111 128
111 129
111 130
111 131
111 132
111 134
111 135
111 136
111 140
111 142
111 143
111 144
111 150
111 151
111 153
111 154
111 155
111 156
111 157
111 160
111 161
111 163
111 164
111 167
111 168
111 169
111 170
111 173
111 174
111 177
111 178
111 184
111 187
111 190
111 191
111 194
111 195
111 196
111 197
112 113
112 114
112 115
112 118
112 122
112 123
112 124
112 126
112 127
112 128
112 129
112 130
112 132
112 135
112 139
112 140
112 146
112 149
112 150
112 151
112 153
112 160
112 161
112 162
112 163
112 164
112 165
112 166
112 169
112 171
112 173
112 174
112 178
112 179
112 180
112 186
112 190
112 199
113 114
113 115
113 116
113 118
113 119
113 120
113 122
113 125
113 128
113 130
113 131
113 132
113 134
113 137
113 138
113 140
113 141
113 147
113 149
113 150
113 155
113 158
113 160
113 161
113 165
113 168
113 171
113 175
113 176
113 178
113 179
113 185
113 188
113 189
113 192
113 194
113 195
113 196
113 197
113 198
113 199
114 115
114 117
114 118
114 122
114 123
114 124
114 127
114 131
114 133
114 137
114 139
114 140
114 142
114 143
114 145
114 146
114 149
114 150
114 151
114 153
114 156
114 158
114 159
114 160
114 164
114 166
114 169
114 171
114 174
114 175
114 180
114 181
114 182
114 183
114 185
114 186
114 190
114 191
114 192
114 195
114 196
114 197
114 198
115 116
115 118
115 119
115 122
115 123
115 125
115 126
115 127
115 128
115 129
115 131
115 132
115 134
115 136
115 137
115 140
115 143
115 146
115 147
115 148
115 149
115 151
115 152
115 154
115 156
115 157
115 158
115 160
115 161
115 163
115 164
115 167
115 171
115 173
115 174
115 175
115 176
115 177
115 178
115 179
115 180
115 183
115 186
115 189
115 192
115 194
115 196
115 197
115 198
115 199
116 117
116 119
116 120
116 122
116 124
116 125
116 127
116 129
116 131
116 132
116 138
116 139
116 140
116 143
116 144
116 146
116 147
116 148
116 149
116 150
116 152
116 153
116 156
116 157
116 158
116 159
116 161
116 167
116 168
116 169
116 170
116 173
116 176
116 177
116 178
116 179
116 181
116 182
116 183
116 184
116 186
116 188
116 191
116 194
116 198
117 119
117 120
117 122
117 123
117 125
117 131
117 137
117 140
117 141
117 145
117 147
117 149
117 150
117 152
117 160
117 161
117 162
117 163
117 165
117 170
117 172
117 175
117 176
117 177
117 180
117 184
117 185
117 190
117 193
117 194
117 195
117 196
117 199
118 121
118 122
118 125
118 128
118 129
118 131
118 133
118 134
118 135
118 136
118 138
118 145
118 146
118 147
118 148
118 149
118 152
118 153
118 160
118 161
118 162
118 165
118 166
118 168
118 170
118 172
118 175
118 177
118 181
118 184
118 188
118 190
118 192
118 193
118 194
118 195
118 196
119 120
119 121
119 122
119 123
119 124
119 125
119 128
119 129
119 131
119 132
119 135
119 138
119 139
119 140
119 144
119 145
119 147
119 149
119 150
119 151
119 152
119 153
119 154
119 156
119 157
119 158
119 160
119 161
119 162
119 164
119 165
119 166
119 167
119 170
119 171
119 175
119 180
119 182
119 184
119 185
119 186
119 187
119 189
119 191
119 197
119 199
120 122
120 124
120 125
120 128
120 129
120 132
120 134
120 135
120 141
120 142
120 143
120 144
120 147
120 150
120 152
120 153
120 154
120 156
120 157
120 158
120 161
120 162
120 163
120 174
120 179
120 180
120 183
120 184
120 187
120 189
120 191
120 192
120 194
120 195
120 196
120 198
121 122
121 124
121 125
121 129
121 130
121 131
121 133
121 135
121 136
121 142
121 144
121 145
121 149
121 151
121 156
121 159
121 163
121 165
121 168
121 169
121 170
121 173
121 175
121 176
121 180
121 182
121 183
121 184
121 185
121 187
121 189
121 191
121 193
121 194
121 196
121 197
122 123
122 124
122 129
122 131
122 133
122 138
122 139
122 141
122 147
122 148
122 149
122 154
122 157
122 159
122 160
122 162
122 164
122 165
122 167
122 171
122 173
122 175
122 177
122 178
122 180
122 181
122 184
122 185
122 186
122 188
122 189
122 190
122 191
122 192
122 194
122 195
122 196
122 198
123 127
123 132
123 133
123 137
123 140
123 142
123 146
123 148
123 152
123 153
123 154
123 157
123 159
123 161
123 162
123 163
123 164
123 165
123 167
123 173
123 174
123 177
123 178
123 182
123 183
123 185
123 186
123 192
123 193
123 196
123 198
123 199
124 127
124 128
124 130
124 134
124 136
124 139
124 140
124 142
124 144
124 147
124 151
124 153
124 155
124 156
124 157
124 159
124 163
124 164
124 166
124 167
124 168
124 170
124 172
124 173
124 174
124 178
124 179
124 181
124 186
124 187
124 189
124 190
124 192
124 193
124 195
124 196
124 197
124 198
124 199
125 128
125 129
125 131
125 132
125 133
125 137
125 138
125 139
125 142
125 143
125 144
125 148
125 149
125 150
125 152
125 153
125 155
125 156
125 157
125 158
125 161
125 162
125 164
125 166
125 168
125 170
125 172
125 173
125 175
125 177
125 179
125 180
125 182
125 183
125 185
125 189
125 190
125 191
125 194
125 196
125 198
125 199
126 127
126 128
126 129
126 130
126 131
126 132
126 133
126 134
126 137
126 139
126 142
126 145
126 148
126 149
126 150
126 151
126 155
126 156
126 158
126 161
126 162
126 164
126 165
126 168
126 170
126 172
126 173
126 176
126 177
126 178
126 183
126 185
126 188
126 189
126 191
126 192
126 195
126 196
126 198
126 199
127 128
127 129
127 133
127 134
127 137
127 139
127 144
127 145
127 146
127 148
127 151
127 154
127 156
127 157
127 159
127 160
127 167
127 168
127 169
127 170
127 171
127 172
127 175
127 176
127 177
127 180
127 181
127 182
127 183
127 187
127 189
127 193
127 196
127 199
128 130
128 131
128 133
128 134
128 135
128 136
128 139
128 144
128 146
128 147
128 149
128 151
128 154
128 156
128 158
128 159
128 160
128 161
128 163
128 167
128 170
128 171
128 173
128 175
128 176
128 181
128 183
128 184
128 186
128 190
128 193
128 195
128 197
128 198
128 199
129 134
129 135
129 136
129 137
129 140
129 141
129 143
129 144
129 145
129 146
129 147
129 152
129 153
129 154
129 156
129 158
129 161
129 162
129 163
129 164
129 167
129 168
129 169
129 173
129 175
129 176
129 177
129 178
129 182
129 185
129 187
129 190
129 192
129 196
129 198
130 131
130 133
130 135
130 140
130 142
130 146
130 147
130 148
130 149
130 152
130 155
130 158
130 159
130 160
130 161
130 164
130 166
130 167
130 168
130 170
130 173
130 174
130 176
130 177
130 181
130 182
130 183
130 185
130 187
130 189
130 190
130 191
130 197
130 199
131 136
131 138
131 139
131 144
131 146
131 148
131 151
131 152
131 157
131 158
131 161
131 166
131 169
131 170
131 171
131 172
131 174
131 175
131 176
131 177
131 179
131 183
131 184
131 186
131 189
131 190
131 192
131 193
131 197
131 198
132 133
132 135
132 139
132 140
132 141
132 142
132 143
132 147
132 149
132 150
132 151
132 152
132 153
132 157
132 159
132 166
132 171
132 172
132 173
132 177
132 181
132 183
132 184
132 185
132 186
132 190
132 192
132 193
132 195
132 196
132 199
133 135
133 136
133 137
133 139
133 142
133 143
133 144
133 146
133 148
133 150
133 152
133 153
133 155
133 156
133 157
133 159
133 160
133 161
133 163
133 164
133 166
133 170
133 172
133 173
133 177
133 178
133 179
133 181
133 182
133 183
133 186
133 187
133 190
133 192
133 193
133 194
133 195
134 137
134 139
134 140
134 142
134 146
134 148
134 152
134 154
134 155
134 157
134 159
134 160
134 163
134 165
134 166
134 168
134 170
134 171
134 174
134 175
134 179
134 181
134 182
134 184
134 186
134 187
134 188
134 191
134 193
134 197
134 199
135 136
135 139
135 140
135 141
135 142
135 145
135 146
135 147
135 152
135 153
135 155
135 158
135 159
135 160
135 161
135 163
135 167
135 168
135 169
135 171
135 172
135 174
135 175
135 176
135 179
135 180
135 181
135 185
135 190
135 194
135 196
135 197
135 198
136 138
136 139
136 140
136 142
136 143
136 148
136 149
136 150
136 151
136 153
136 156
136 159
136 160
136 161
136 162
136 167
136 170
136 173
136 174
136 175
136 176
136 179
136 182
136 184
136 185
136 190
136 191
136 193
136 194
136 197
136 198
137 138
137 139
137 140
137 141
137 142
137 144
137 146
137 148
137 156
137 157
137 158
137 160
137 161
137 162
137 163
137 164
137 165
137 166
137 172
137 175
137 176
137 182
137 185
137 186
137 188
137 192
137 196
137 199
138 139
138 140
138 141
138 142
138 144
138 147
138 148
138 149
138 152
138 155
138 161
138 164
138 166
138 167
138 171
138 174
138 177
138 179
138 180
138 181
138 182
138 184
138 185
138 186
138 187
138 188
138 189
138 190
138 191
138 194
138 195
138 197
138 198
139 142
139 146
139 150
139 151
139 152
139 153
139 155
139 157
139 158
139 159
139 160
139 161
139 163
139 164
139 165
139 166
139 167
139 168
139 170
139 171
139 173
139 174
139 175
139 177
139 179
139 182
139 183
139 184
139 186
139 192
139 196
139 198
139 199
140 141
140 144
140 146
140 147
140 152
140 154
140 156
140 158
140 159
140 161
140 164
140 168
140 171
140 175
140 177
140 179
140 180
140 183
140 184
140 185
140 189
140 195
140 197
140 199
141 144
141 147
141 149
141 150
141 151
141 155
141 156
141 157
141 159
141 160
141 162
141 163
141 165
141 168
141 169
141 173
141 174
141 178
141 181
141 183
141 184
141 187
141 188
141 190
141 194
141 198
142 144
142 146
142 147
142 148
142 151
142 152
142 154
142 157
142 158
142 161
142 162
142 165
142 167
142 169
142 170
142 173
142 175
142 176
142 177
142 178
142 180
142 181
142 183
142 184
142 186
142 188
142 190
142 192
142 193
142 195
142 197
143 148
143 149
143 150
143 154
143 156
143 158
143 159
143 161
143 162
143 166
143 169
143 172
143 173
143 174
143 177
143 178
143 181
143 183
143 184
143 191
143 195
143 196
143 199
144 147
144 148
144 149
144 150
144 152
144 156
144 157
144 158
144 159
144 162
144 163
144 168
144 170
144 172
144 174
144 176
144 179
144 180
144 181
144 184
144 186
144 189
144 191
144 196
144 197
144 198
145 146
145 148
145 150
145 151
145 152
145 154
145 157
145 162
145 163
145 170
145 171
145 172
145 173
145 177
145 184
145 185
145 186
145 189
145 192
145 194
145 195
145 197
145 198
145 199
146 147
146 152
146 154
146 155
146 158
146 159
146 160
146 162
146 163
146 164
146 168
146 169
146 170
146 175
146 176
146 179
146 181
146 183
146 186
146 189
146 191
146 196
146 197
146 198
146 199
147 149
147 154
147 156
147 157
147 158
147 160
147 166
147 173
147 175
147 177
147 181
147 182
147 183
147 185
147 188
147 189
147 191
147 193
147 194
147 196
147 199
148 150
148 151
148 153
148 154
148 156
148 157
148 158
148 160
148 161
148 163
148 164
148 165
148 166
148 169
148 170
148 171
148 172
148 175
148 177
148 187
148 188
148 191
148 194
148 195
149 150
149 153
149 154
149 155
149 156
149 158
149 161
149 164
149 165
149 167
149 168
149 169
149 170
149 171
149 173
149 177
149 180
149 181
149 182
149 184
149 185
149 186
149 187
149 188
149 191
149 193
149 194
149 198
149 199
150 151
150 154
150 156
150 157
150 163
150 165
150 166
150 167
150 170
150 172
150 174
150 179
150 180
150 183
150 186
150 187
150 188
150 189
150 190
150 191
150 193
150 194
150 195
150 198
151 152
151 154
151 159
151 161
151 162
151 163
151 165
151 166
151 167
151 168
151 169
151 173
151 175
151 176
151 177
151 181
151 182
151 183
151 184
151 185
151 189
151 190
151 191
151 192
151 194
151 195
151 196
152 154
152 157
152 159
152 161
152 164
152 166
152 169
152 174
152 175
152 176
152 177
152 181
152 184
152 185
152 187
152 188
152 189
152 190
152 192
152 193
152 196
153 154
153 156
153 157
153 159
153 162
153 163
153 164
153 165
153 168
153 169
153 172
153 175
153 176
153 177
153 179
153 182
153 183
153 184
153 186
153 190
153 191
153 192
153 194
153 196
153 198
153 199
154 155
154 156
154 157
154 163
154 164
154 165
154 166
154 167
154 168
154 169
154 171
154 174
154 175
154 177
154 178
154 179
154 183
154 184
154 186
154 190
154 193
154 195
154 197
155 157
155 158
155 163
155 165
155 167
155 169
155 176
155 177
155 180
155 181
155 182
155 183
155 185
155 187
155 189
155 191
155 192
155 193
155 195
155 196
155 198
156 157
156 158
156 162
156 163
156 164
156 165
156 166
156 169
156 170
156 173
156 176
156 177
156 182
156 183
156 185
156 188
156 189
156 190
156 192
156 193
156 195
157 158
157 159
157 162
157 163
157 164
157 165
157 166
157 168
157 169
157 171
157 174
157 175
157 177
157 178
157 179
157 181
157 183
157 184
157 185
157 186
157 192
157 198
158 160
158 161
158 162
158 165
158 166
158 167
158 170
158 172
158 176
158 178
158 185
158 186
158 190
158 193
158 195
158 196
159 165
159 166
159 168
159 169
159 171
159 173
159 174
159 175
159 177
159 180
159 183
159 188
159 192
159 194
159 195
160 161
160 162
160 163
160 166
160 167
160 170
160 172
160 173
160 174
160 175
160 176
160 178
160 179
160 184
160 185
160 189
160 192
160 193
160 194
160 197
160 198
161 162
161 163
161 165
161 166
161 168
161 173
161 174
161 176
161 179
161 180
161 184
161 188
161 189
161 191
161 192
161 194
161 195
161 196
161 197
161 199
162 165
162 170
162 174
162 176
162 177
162 179
162 181
162 182
162 184
162 186
162 190
162 192
162 194
162 195
162 196
162 197
163 165
163 166
163 167
163 168
163 170
163 171
163 172
163 177
163 180
163 182
163 184
163 185
163 188
163 193
163 196
163 198
163 199
164 165
164 167
164 171
164 172
164 173
164 176
164 177
164 178
164 180
164 182
164 183
164 185
164 189
164 190
164 192
164 193
164 197
164 199
165 166
165 169
165 170
165 175
165 176
165 179
165 180
165 183
165 184
165 186
165 189
165 190
165 192
165 194
165 197
165 199
166 168
166 170
166 172
166 173
166 174
166 175
166 176
166 178
166 179
166 180
166 181
166 182
166 185
166 186
166 191
166 193
166 196
166 199
167 168
167 169
167 170
167 172
167 173
167 176
167 179
167 182
167 183
167 184
167 186
167 187
167 189
167 190
167 192
167 193
167 196
167 198
167 199
168 169
168 171
168 172
168 176
168 177
168 179
168 180
168 185
168 187
168 189
168 194
168 195
168 198
168 199
169 170
169 173
169 183
169 184
169 187
169 192
169 196
169 199
170 173
170 174
170 175
170 176
170 177
170 178
170 181
170 182
170 183
170 184
170 185
170 186
170 187
170 188
170 189
170 191
170 195
170 197
170 199
171 172
171 173
171 174
171 175
171 176
171 177
171 181
171 184
171 189
171 193
171 194
171 197
171 198
172 176
172 180
172 181
172 183
172 184
172 185
172 186
172 187
172 188
172 192
172 194
172 196
172 197
172 199
173 175
173 176
173 177
173 179
173 181
173 183
173 184
173 185
173 187
173 188
173 189
173 190
173 191
173 192
173 194
173 195
173 197
173 199
174 175
174 177
174 178
174 180
174 181
174 185
174 188
174 189
174 191
174 192
174 194
174 196
174 197
174 198
175 176
175 177
175 180
175 185
175 186
175 187
175 188
175 189
175 190
175 192
175 193
175 198
176 178
176 179
176 182
176 185
176 193
176 194
176 195
176 196
176 197
176 198
176 199
177 181
177 183
177 186
177 187
177 188
177 189
177 190
177 191
177 196
177 197
177 198
177 199
178 179
178 180
178 183
178 184
178 186
178 189
178 190
178 192
178 194
179 181
179 183
179 190
179 192
179 193
179 197
179 198
179 199
180 183
180 184
180 186
180 188
180 189
180 190
180 191
180 192
180 194
180 195
180 198
181 183
181 185
181 188
181 189
181 192
181 195
181 196
181 197
181 198
181 199
182 183
182 184
182 186
182 187
182 190
182 191
182 193
182 194
182 199
183 184
183 185
183 186
183 189
183 190
183 191
183 193
183 194
183 196
183 197
184 189
184 190
184 191
184 194
184 195
184 196
184 198
185 186
185 188
185 190
185 191
185 192
185 193
185 194
185 197
186 189
186 190
186 192
186 193
186 194
186 195
186 196
186 197
187 188
187 189
187 191
187 194
187 195
187 198
187 199
188 189
188 192
188 196
188 199
189 193
189 194
189 199
190 191
190 192
190 194
190 195
190 196
190 199
191 193
191 194
191 195
191 199
192 194
192 195
192 196
193 194
193 195
193 196
194 197
194 198
195 196
195 197
195 199
196 197
196 198
196 199
197 198
198 199

1 1 1 1 1 1 1 1 0 0 0 1 1 0 0 1 1 1 0 1 0 0 0 0 0 1 0 0 0 1 1 0 1 1 1 1 0 0 0 0 1 0 1 0 0 0 1 1 1 0 1 0 1 1 0 0 1 0 0 0 0 0 1 1 1 0 1 0 1 1 1 0 1 1 1 1 0 0 1 1 1 0 0 1 1 0 0 1 0 1 1 0 1 1 0 1 1 1 0 1 0 0 1 1 0 0 1 1 0 1 0 0 1 0 0 1 0 0 1 0 1 1 1 0 1 0 1 0 1 0 0 0 0 1 0 1 1 0 0 0 0 1 1 1 0 1 1 1 0 0 0 0 0 1 0 1 0 1 1 0 1 0 0 1 0 0 0 0 1 1 0 1 1 1 1 1 0 1 1 0 1 0 1 0 1 0 1 0 0 0 1 0 0 0 0 0 0 1 1 0