30 94
0 1 2 3 4 5 6 7 8 9 10 11 12 13 14 15 16 17 18 19 20 21 22 23 24 25 26 27 28 29
0 5
0 6
0 8
0 12
0 15
0 20
1 5
1 6
1 23
1 24
1 27
2 3
2 6
2 8
2 13
2 18
2 22
2 24
2 26
3 16
3 23
3 27
3 29
4 11
4 12
4 21
5 13
5 17
5 19
5 22
5 29
6 8
6 14
6 16
6 17
6 19
7 16
7 18
7 23
7 24
7 29
8 12
8 18
8 23
8 26
8 29
9 11
9 18
9 24
10 12
10 22
10 23
10 25
10 28
11 13
11 17
11 18
11 27
12 14
12 15
12 20
12 22
12 23
12 27
13 14
13 15
13 16
13 23
13 28
13 29
14 16
14 20
14 23
14 27
15 17
15 23
15 27
17 18
17 25
18 20
18 25
19 22
19 28
19 29
20 21
20 25
20 26
21 22
21 27
22 24
23 27
24 28
25 27
26 28

0 0 0 0 1 0 1 1 1 1 1 0 0 1 1 0 0 1 1 0 1 0 1 1 0 0 0 0 1 1