250 349
0 1 2 3 4 5 6 7 8 9 10 11 12 13 14 15 16 17 18 19 20 21 22 23 24 25 26 27 28 29 30 31 32 33 34 35 36 37 38 39 40 41 42 43 44 45 46 47 48 49 50 51 52 53 54 55 56 57 58 59 60 61 62 63 64 65 66 67 68 69 70 71 72 73 74 75 76 77 78 79 80 81 82 83 84 85 86 87 88 89 90 91 92 93 94 95 96 97 98 99 100 101 102 103 104 105 106 107 108 109 110 111 112 113 114 115 116 117 118 119 120 121 122 123 124 125 126 127 128 129 130 131 132 133 134 135 136 137 138 139 140 141 142 143 144 145 146 147 148 149 150 151 152 153 154 155 156 157 158 159 160 161 162 163 164 165 166 167 168 169 170 171 172 173 174 175 176 177 178 179 180 181 182 183 184 185 186 187 188 189 190 191 192 193 194 195 196 197 198 199 200 201 202 203 204 205 206 207 208 209 210 211 212 213 214 215 216 217 218 219 220 221 222 223 224 225 226 227 228 229 230 231 232 233 234 235 236 237 238 239 240 241 242 243 244 245 246 247 248 249
0 65
0 71
0 225
1 249
2 143
3 61
4 19
4 54
4 144
4 240
5 14
5 210
6 60
6 148
6 157
7 19
7 52
7 199
8 39
8 168
9 45
9 47
9 168
10 34
10 132
10 182
11 75
11 153
12 57
12 70
12 117
12 173
13 127
13 223
14 40
14 55
14 116
14 197
14 229
15 63
16 113
17 198
17 212
18 228
19 24
19 98
19 113
19 114
19 127
20 24
21 87
21 88
21 177
21 208
21 246
22 26
23 105
23 153
23 202
23 204
23 219
25 88
25 124
25 230
25 245
26 66
26 82
26 84
26 235
28 143
29 35
29 88
29 137
30 109
30 156
30 162
31 74
32 202
32 216
33 177
33 235
35 66
35 92
35 102
35 216
36 66
37 59
37 107
38 208
38 228
39 159
39 210
40 80
40 140
40 219
41 157
42 51
42 111
42 117
42 174
43 190
44 138
44 144
45 122
46 205
46 207
46 221
47 71
47 120
47 178
47 222
48 135
48 140
48 183
49 88
49 164
49 187
50 52
50 96
50 117
50 170
50 217
50 221
51 63
51 67
51 138
52 74
52 88
52 98
52 157
53 70
53 160
53 165
53 184
54 98
54 121
54 175
55 72
55 82
55 176
56 80
56 122
56 237
57 61
58 191
58 239
60 81
60 98
60 143
60 164
60 198
62 105
63 77
63 163
63 182
65 125
65 194
66 244
68 87
68 104
69 73
69 101
69 102
69 105
70 77
70 94
70 132
71 88
73 172
73 175
73 212
74 170
75 82
75 127
75 192
75 204
75 209
76 242
78 163
78 208
79 178
79 187
79 212
79 214
80 100
81 213
83 90
83 124
83 148
83 172
85 97
85 197
85 241
87 95
88 189
88 200
88 204
88 212
89 170
89 240
90 165
90 199
91 122
91 183
92 127
92 155
92 246
93 95
93 193
94 217
95 138
95 206
95 230
97 162
97 198
98 151
98 173
98 177
98 202
98 224
99 158
99 190
100 129
100 134
100 231
102 237
103 132
103 144
103 171
104 167
107 217
108 188
108 210
108 248
109 114
109 139
109 224
110 155
111 148
112 124
112 127
112 138
112 178
112 192
115 151
115 155
115 226
115 232
116 118
116 166
116 205
117 145
117 198
118 210
119 123
119 149
119 182
119 224
120 170
120 186
120 227
121 123
121 208
122 178
123 154
124 196
125 147
125 161
126 131
127 225
128 154
128 216
129 177
130 136
133 142
133 180
133 195
133 229
134 192
134 198
135 199
136 202
138 155
138 167
139 193
139 246
140 228
141 166
141 205
142 188
145 202
147 165
147 233
150 235
151 160
151 178
151 225
153 187
154 157
154 165
154 226
155 235
156 238
156 239
157 197
157 225
157 244
159 194
161 176
161 225
162 211
163 166
163 229
163 230
165 202
165 245
166 184
168 184
168 193
168 239
169 209
171 194
173 184
173 208
173 220
173 241
175 210
177 219
180 225
181 182
181 216
182 192
183 230
184 210
184 241
188 234
189 216
191 194
195 199
197 236
206 210
207 232
213 214
213 232
216 241
218 232
219 241
230 231
241 249

1 0 0 0 1 0 1 0 1 1 0 0 1 1 0 1 0 0 0 0 1 1 1 1 1 1 1 0 0 0 1 1 0 1 1 1 1 0 0 1 0 0 0 1 0 1 1 1 0 0 0 1 0 0 0 1 0 0 0 1 1 0 1 1 0 1 1 1 0 1 1 1 0 1 1 0 1 1 0 0 1 1 1 1 1 1 0 1 1 1 0 1 0 1 0 0 1 0 1 0 1 1 0 0 0 0 1 1 1 0 0 1 1 1 0 1 1 0 0 0 0 0 0 1 0 0 0 1 0 1 0 0 0 1 0 0 1 1 1 1 1 0 0 1 1 0 0 1 1 1 0 0 1 0 0 1 1 0 1 1 0 1 1 0 1 1 0 0 1 0 1 1 1 0 0 0 0 1 0 1 1 0 0 0 0 0 0 0 0 1 0 1 0 1 1 0 0 1 0 1 1 1 0 1 0 0 0 1 0 0 1 0 0 1 0 0 1 0 1 1 0 0 1 1 0 0 1 1 0 0 1 1 0 0 0 1 0 1 1 0 1 1 0 0 1 1 0 0 1 1