30 104
0 1 2 3 4 5 6 7 8 9 10 11 12 13 14 15 16 17 18 19 20 21 22 23 24 25 26 27 28 29
0 4
0 13
0 18
0 24
0 29
1 7
1 10
1 11
1 12
1 13
1 16
1 21
1 29
2 3
2 14
2 15
2 20
2 24
3 12
3 17
3 19
3 21
3 22
3 27
3 29
4 5
4 6
4 7
4 10
4 11
4 14
4 18
4 20
5 13
5 15
5 16
5 21
5 23
5 26
5 28
6 8
6 10
6 11
6 16
6 22
7 8
7 12
7 13
7 15
7 23
8 9
8 12
8 26
9 14
9 17
9 18
9 19
9 20
9 21
9 25
9 29
10 14
10 16
10 21
10 22
10 25
11 13
11 14
11 21
12 15
12 17
12 18
12 23
12 26
13 24
13 26
13 28
14 21
14 24
14 25
14 26
14 28
15 16
15 22
15 23
17 20
17 24
17 25
19 24
19 25
20 28
21 27
22 23
22 27
22 28
22 29
23 24
23 27
24 27
24 29
25 29
27 28
27 29
28 29

0 1 1 1 1 1 0 0 0 0 0 1 0 0 1 0 1 1 1 0 1 1 0 1 1 0 0 1 0 0