150 109
0 1 2 3 4 5 6 7 8 9 10 11 12 13 14 15 16 17 18 19 20 21 22 23 24 25 26 27 28 29 30 31 32 33 34 35 36 37 38 39 40 41 42 43 44 45 46 47 48 49 50 51 52 53 54 55 56 57 58 59 60 61 62 63 64 65 66 67 68 69 70 71 72 73 74 75 76 77 78 79 80 81 82 83 84 85 86 87 88 89 90 91 92 93 94 95 96 97 98 99 100 101 102 103 104 105 106 107 108 109 110 111 112 113 114 115 116 117 118 119 120 121 122 123 124 125 126 127 128 129 130 131 132 133 134 135 136 137 138 139 140 141 142 143 144 145 146 147 148 149
0 3
0 5
1 101
1 126
1 136
2 57
2 67
2 113
3 79
4 10
4 73
5 7
5 63
5 94
7 16
7 68
7 142
9 54
9 63
9 99
12 109
12 114
12 145
13 112
16 43
16 113
18 26
18 112
20 61
20 70
20 148
21 117
22 84
25 103
27 32
27 44
27 56
27 99
27 114
27 124
29 137
30 96
30 136
31 74
32 46
33 57
33 60
34 51
36 74
36 115
37 50
37 149
38 132
39 44
39 90
41 70
43 66
43 107
43 110
45 61
46 104
46 111
48 114
48 142
49 73
49 74
50 110
50 134
50 138
52 113
52 117
52 147
54 85
56 72
56 131
64 66
64 121
65 109
65 110
66 99
66 118
67 124
69 89
70 94
72 133
73 93
75 129
77 108
81 134
83 119
85 127
86 99
86 125
88 97
89 99
90 124
93 96
94 148
95 101
95 146
97 108
97 109
98 100
98 119
101 121
103 134
109 123
122 149
127 138

1 0 0 1 1 1 0 1 1 1 0 1 1 0 1 0 0 1 0 1 0 1 0 0 0 1 0 0 0 0 1 1 0 0 1 0 1 0 1 1 1 0 0 0 0 0 1 1 0 0 1 1 1 0 0 0 1 1 0 1 0 0 0 0 0 1 0 1 0 0 1 1 1 0 0 0 0 0 0 0 0 1 1 0 0 1 0 0 1 0 1 1 1 1 0 0 1 0 0 0 1 0 1 1 0 0 0 0 0 0 1 1 0 0 1 1 0 0 0 1 0 1 1 0 1 1 1 1 0 1 1 1 0 1 1 1 1 0 1 1 0 1 1 1 1 1 1 1 1 1