200 998
0 1 2 3 4 5 6 7 8 9 10 11 12 13 14 15 16 17 18 19 20 21 22 23 24 25 26 27 28 29 30 31 32 33 34 35 36 37 38 39 40 41 42 43 44 45 46 47 48 49 50 51 52 53 54 55 56 57 58 59 60 61 62 63 64 65 66 67 68 69 70 71 72 73 74 75 76 77 78 79 80 81 82 83 84 85 86 87 88 89 90 91 92 93 94 95 96 97 98 99 100 101 102 103 104 105 106 107 108 109 110 111 112 113 114 115 116 117 118 119 120 121 122 123 124 125 126 127 128 129 130 131 132 133 134 135 136 137 138 139 140 141 142 143 144 145 146 147 148 149 150 151 152 153 154 155 156 157 158 159 160 161 162 163 164 165 166 167 168 169 170 171 172 173 174 175 176 177 178 179 180 181 182 183 184 185 186 187 188 189 190 191 192 193 194 195 196 197 198 199
0 14
0 76
0 103
0 126
0 156
0 161
1 14
1 56
1 59
1 65
1 73
1 76
1 81
1 102
1 118
1 120
1 131
1 134
1 142
1 163
1 164
2 7
2 19
2 27
2 32
2 40
2 75
2 81
2 90
2 104
2 105
2 109
2 127
2 137
2 144
2 160
2 164
2 188
2 195
3 14
3 32
3 57
3 69
3 73
3 78
3 97
3 110
3 112
3 134
3 156
3 163
3 180
3 186
4 12
4 37
4 56
4 64
4 65
4 76
4 86
4 110
4 136
4 139
4 142
4 153
4 179
4 193
5 16
5 19
5 39
5 48
5 61
5 89
5 108
5 121
5 126
5 129
5 137
5 140
5 165
5 175
5 179
5 181
6 81
6 137
6 156
6 162
6 167
6 187
7 11
7 17
7 36
7 44
7 49
7 64
7 99
7 112
7 113
7 151
7 156
7 178
7 197
8 24
8 42
8 50
8 61
8 88
8 94
8 117
8 132
8 134
8 137
8 142
8 157
9 42
9 54
9 65
9 80
9 104
9 123
9 130
9 133
9 155
9 165
10 16
10 49
10 79
10 93
10 110
10 120
10 125
10 146
10 182
11 19
11 33
11 38
11 78
11 98
11 144
11 150
11 171
12 106
12 135
12 168
12 177
13 53
13 56
13 86
13 95
13 106
13 129
13 130
13 141
13 142
13 176
14 21
14 35
14 58
14 62
14 67
14 124
14 130
14 159
14 166
15 42
15 52
15 68
15 78
15 86
15 95
15 119
15 136
15 170
15 198
16 51
16 65
16 74
16 85
16 90
16 94
16 108
16 126
16 143
16 160
16 171
16 195
17 47
17 51
17 68
17 129
17 158
17 190
18 20
18 99
18 130
18 171
18 193
19 58
19 68
19 74
19 88
19 120
19 144
19 150
19 171
19 176
19 190
19 199
20 37
20 65
20 70
20 72
20 85
20 97
20 100
20 128
20 135
20 162
21 55
21 78
21 120
21 146
21 157
21 159
21 161
21 174
22 28
22 64
22 108
22 150
22 157
22 172
22 188
23 38
23 77
23 80
23 93
23 98
23 111
23 160
23 186
24 38
24 43
24 46
24 48
24 72
24 77
24 95
24 126
24 136
24 157
24 167
24 188
25 50
25 78
25 92
25 107
25 118
25 119
25 129
25 139
25 154
25 156
25 161
25 193
26 33
26 47
26 90
26 92
26 105
26 181
26 185
27 36
27 94
27 97
27 109
27 143
27 166
27 194
28 36
28 83
28 131
28 174
29 36
29 63
29 99
29 125
29 159
29 187
29 188
30 82
30 91
30 101
30 145
30 150
30 151
30 156
30 162
30 164
30 165
31 36
31 57
31 74
31 92
31 93
31 136
31 152
31 190
32 35
32 37
32 48
32 49
32 89
32 94
32 103
32 139
32 154
32 168
33 62
33 64
33 74
33 77
33 78
33 94
33 108
33 127
33 136
33 144
34 62
34 68
34 110
34 121
34 178
34 194
35 54
35 60
35 77
35 89
35 91
35 98
35 108
35 116
35 134
35 139
35 149
35 175
35 179
36 53
36 70
36 86
36 87
36 98
36 122
37 59
37 75
37 98
37 131
37 175
37 182
37 190
37 195
38 76
38 82
39 66
39 99
39 115
39 161
40 45
40 48
40 57
40 86
40 94
40 128
40 129
40 183
40 191
41 57
41 70
41 81
41 169
41 172
41 186
42 74
42 76
42 87
42 95
42 101
42 105
42 121
42 139
42 161
42 180
42 188
43 49
43 51
43 56
43 87
43 112
43 113
43 123
43 145
43 158
43 160
43 179
43 187
43 194
44 69
44 83
44 102
44 175
45 62
45 67
45 75
45 112
45 144
46 85
46 94
46 109
46 115
46 136
46 148
46 149
46 168
46 184
46 189
47 50
47 54
47 95
47 111
47 121
47 158
47 165
47 174
47 197
48 54
48 72
48 85
48 116
48 170
48 193
49 51
49 67
49 109
49 127
49 149
49 158
49 187
50 85
50 95
50 97
50 109
50 116
50 142
50 151
50 152
50 171
50 194
51 160
51 168
51 176
51 192
51 194
52 59
52 121
52 169
52 192
52 199
53 69
53 86
53 91
53 112
53 145
54 75
54 90
54 100
54 155
54 170
55 57
55 71
55 95
55 98
55 131
55 141
55 150
56 77
56 84
56 90
56 119
56 145
57 65
57 91
57 104
57 138
57 153
57 176
57 180
57 189
58 62
58 72
58 95
58 125
58 165
58 168
58 183
58 184
58 186
59 68
59 171
59 174
59 198
60 85
60 95
60 138
60 169
61 138
61 143
61 162
61 186
62 89
62 92
62 93
62 111
62 127
62 132
62 152
62 155
62 173
62 194
62 198
63 74
63 115
63 119
63 137
63 145
64 69
64 86
64 99
64 109
64 120
64 140
64 167
64 172
65 66
65 76
65 77
65 80
65 160
65 190
66 76
66 91
66 111
66 133
66 168
66 170
66 195
66 198
66 199
67 81
67 89
67 91
67 96
67 113
67 118
67 144
67 156
67 167
67 182
67 195
67 198
68 76
68 80
68 95
68 114
68 122
68 145
68 160
68 170
68 179
69 109
69 135
69 157
69 162
70 74
70 100
70 108
70 160
70 173
71 160
71 161
71 174
71 184
72 75
72 88
72 103
72 118
72 141
73 78
73 91
73 135
73 136
73 172
74 78
74 95
74 113
74 132
74 151
74 158
74 182
74 198
75 76
75 99
75 110
75 124
75 135
75 149
76 81
76 87
76 99
76 121
76 124
76 157
76 180
77 84
77 91
77 157
77 161
77 163
77 172
78 105
78 118
78 128
78 153
78 165
78 166
78 169
78 184
78 186
78 198
79 84
79 112
79 118
79 147
79 152
79 155
79 158
79 184
79 190
80 96
80 115
80 153
80 160
81 95
81 116
81 144
81 152
81 174
82 86
82 167
82 174
83 86
83 168
83 174
83 179
83 197
84 94
84 108
84 139
84 152
84 195
85 159
85 182
86 118
86 129
86 133
86 146
86 159
86 181
87 95
87 109
87 126
87 166
87 182
87 188
88 104
88 164
89 100
89 125
89 149
89 164
90 93
90 94
90 99
90 106
90 154
90 169
90 180
91 95
91 111
91 124
91 138
91 145
91 162
92 115
92 125
92 157
92 162
92 182
92 192
92 193
92 198
93 96
93 117
93 164
93 182
94 112
94 116
94 128
94 143
94 166
94 174
94 184
94 199
95 106
95 123
95 128
95 132
95 139
95 148
95 178
95 181
96 117
96 138
96 168
96 175
96 176
96 183
97 109
97 121
97 128
97 156
97 163
97 176
97 180
98 108
98 131
98 144
98 148
98 155
98 160
99 137
99 138
99 174
99 181
100 101
100 148
100 158
100 181
101 104
101 126
101 170
101 199
103 127
103 133
103 156
103 162
103 163
103 164
103 167
103 192
104 113
104 131
104 135
104 148
104 149
104 170
104 172
104 188
104 197
105 108
105 121
105 164
105 189
105 193
106 139
106 144
106 148
106 164
106 165
106 173
106 180
106 188
107 114
107 123
107 153
107 184
108 179
108 183
108 187
109 135
109 139
109 142
109 152
109 166
109 168
110 140
110 153
110 157
110 166
110 176
110 188
110 198
111 117
111 148
112 129
112 159
112 174
112 189
113 122
113 123
114 122
114 130
114 136
114 157
114 169
114 173
114 178
114 184
114 185
114 188
114 190
114 195
115 148
115 156
115 186
116 124
116 146
116 157
116 162
116 168
117 120
117 153
117 167
117 184
117 196
118 130
118 156
118 169
118 174
119 132
119 136
119 138
119 164
120 121
120 180
121 147
121 181
121 183
121 189
122 134
122 145
122 164
123 191
124 149
124 165
125 184
125 186
126 137
126 194
126 196
127 141
127 164
128 142
128 174
129 143
129 146
129 152
130 133
130 198
130 199
131 171
131 173
131 195
131 198
132 163
133 137
133 178
133 195
134 159
134 184
134 185
135 140
135 177
136 142
136 154
136 157
136 175
136 195
137 163
137 177
137 186
138 156
138 171
138 190
139 146
139 147
139 188
140 152
140 171
140 181
140 182
140 191
141 155
141 165
141 196
142 147
142 149
143 144
143 151
143 160
143 170
144 145
144 159
144 162
144 195
145 155
145 163
145 167
145 192
146 180
147 170
147 195
147 199
148 161
149 180
150 164
150 175
150 183
151 164
151 172
151 177
151 191
152 179
152 180
152 183
152 194
153 177
154 158
154 160
155 158
156 163
157 175
157 181
157 182
158 161
158 167
158 178
158 180
159 170
159 179
159 186
159 195
159 198
160 180
160 184
162 168
162 193
163 188
163 189
164 174
164 186
165 184
167 168
167 169
167 170
167 181
168 199
169 182
169 193
171 176
171 189
173 199
174 199
177 193
179 192
179 196
180 195
182 184
182 188
182 196
183 184
183 185
183 197
184 196
185 188
185 198
187 194
187 195
190 195

1 1 0 1 1 1 0 1 0 1 0 0 0 0 1 0 0 1 1 1 0 1 0 0 1 1 0 0 1 0 0 1 1 0 0 1 0 1 0 0 1 1 1 0 0 0 1 1 1 0 0 1 1 1 0 0 0 1 0 0 1 0 0 1 0 1 0 0 1 1 0 1 1 1 0 0 1 1 1 0 1 0 1 0 0 1 0 0 0 1 1 0 0 0 0 1 1 0 1 1 0 1 1 0 1 1 1 1 0 1 0 0 0 1 1 1 1 0 0 1 0 1 1 1 1 0 0 0 0 0 0 0 1 1 1 1 1 0 0 1 1 1 0 0 0 0 1 0 1 0 1 0 0 0 1 1 0 0 1 1 1 1 1 0 0 1 0 0 1 1 1 1 0 1 0 0 0 0 1 0 0 0 0 1 1 1 0 1 1 0 0 0 1 1 0 1 1 0 0 1