50 633
0 1 2 3 4 5 6 7 8 9 10 11 12 13 14 15 16 17 18 19 20 21 22 23 24 25 26 27 28 29 30 31 32 33 34 35 36 37 38 39 40 41 42 43 44 45 46 47 48 49
0 4
0 6
0 9
0 12
0 13
0 14
0 15
0 18
0 20
0 21
0 22
0 23
0 24
0 26
0 33
0 34
0 38
0 39
0 41
0 42
0 43
0 44
0 46
0 47
0 48
0 49
1 3
1 7
1 8
1 9
1 10
1 11
1 12
1 14
1 16
1 17
1 19
1 20
1 24
1 27
1 28
1 29
1 31
1 37
1 41
1 45
1 46
1 48
1 49
2 6
2 9
2 10
2 12
2 15
2 16
2 18
2 19
2 20
2 22
2 25
2 26
2 28
2 29
2 30
2 31
2 33
2 34
2 35
2 36
2 41
2 46
2 47
2 49
3 4
3 8
3 11
3 16
3 17
3 19
3 22
3 24
3 25
3 26
3 28
3 29
3 31
3 38
3 39
3 43
3 45
3 46
3 47
3 48
3 49
4 6
4 8
4 9
4 13
4 14
4 17
4 18
4 19
4 21
4 22
4 26
4 29
4 31
4 33
4 36
4 39
4 41
4 43
4 44
4 46
5 7
5 8
5 9
5 10
5 13
5 22
5 24
5 26
5 27
5 28
5 29
5 31
5 32
5 35
5 36
5 38
5 41
5 43
5 44
5 45
5 46
5 47
5 48
6 8
6 9
6 10
6 13
6 15
6 16
6 19
6 23
6 26
6 28
6 30
6 31
6 33
6 34
6 35
6 37
6 39
6 41
6 43
6 44
6 45
7 9
7 11
7 12
7 13
7 14
7 16
7 17
7 18
7 20
7 21
7 22
7 25
7 27
7 28
7 30
7 37
7 38
7 39
7 41
7 42
7 44
7 45
7 47
7 48
7 49
8 11
8 15
8 16
8 19
8 25
8 27
8 28
8 29
8 30
8 35
8 37
8 39
8 42
8 43
8 47
8 48
8 49
9 10
9 15
9 21
9 23
9 27
9 28
9 29
9 32
9 33
9 36
9 37
9 38
9 39
9 46
9 47
9 48
10 13
10 14
10 16
10 17
10 18
10 21
10 23
10 25
10 26
10 28
10 29
10 30
10 32
10 33
10 39
10 40
10 41
10 42
10 43
10 44
10 46
10 47
10 48
11 13
11 14
11 16
11 18
11 19
11 20
11 21
11 22
11 23
11 25
11 28
11 30
11 31
11 32
11 34
11 36
11 37
11 38
11 39
11 42
11 45
11 46
11 48
12 13
12 14
12 15
12 17
12 19
12 20
12 21
12 26
12 27
12 28
12 30
12 32
12 33
12 35
12 36
12 37
12 38
12 39
12 40
12 41
12 42
12 43
12 46
12 47
12 48
12 49
13 14
13 17
13 20
13 21
13 22
13 24
13 25
13 27
13 28
13 29
13 30
13 33
13 34
13 35
13 36
13 37
13 41
13 42
13 43
13 44
13 45
13 46
13 48
14 18
14 19
14 21
14 25
14 26
14 32
14 35
14 40
14 42
14 44
14 49
15 16
15 18
15 19
15 22
15 23
15 24
15 25
15 27
15 30
15 31
15 32
15 33
15 35
15 39
15 40
15 41
15 46
15 47
15 49
16 19
16 20
16 22
16 24
16 25
16 26
16 27
16 31
16 32
16 34
16 38
16 40
16 42
16 47
16 48
16 49
17 19
17 22
17 23
17 24
17 25
17 28
17 29
17 30
17 31
17 32
17 34
17 35
17 37
17 38
17 40
17 41
17 45
17 47
17 48
18 20
18 22
18 23
18 25
18 26
18 30
18 31
18 33
18 34
18 37
18 39
18 42
18 44
18 45
18 49
19 20
19 21
19 22
19 23
19 24
19 26
19 28
19 29
19 31
19 35
19 36
19 41
19 42
19 46
19 47
19 49
20 21
20 22
20 24
20 29
20 30
20 31
20 32
20 34
20 35
20 38
20 39
20 40
20 41
20 43
20 46
20 47
20 48
20 49
21 23
21 24
21 28
21 29
21 33
21 34
21 35
21 37
21 40
21 41
21 42
21 43
22 23
22 26
22 27
22 29
22 34
22 38
22 39
22 40
22 43
22 45
23 26
23 27
23 33
23 39
23 40
23 44
23 48
24 27
24 29
24 32
24 33
24 35
24 38
24 39
24 40
24 41
24 43
24 45
24 46
24 47
24 48
25 26
25 27
25 28
25 32
25 33
25 34
25 35
25 37
25 38
25 40
25 44
25 45
25 46
25 47
25 48
25 49
26 30
26 32
26 33
26 36
26 37
26 38
26 39
26 41
26 44
26 45
26 47
26 48
26 49
27 28
27 29
27 32
27 34
27 35
27 38
27 39
27 40
27 41
27 42
27 43
27 44
27 45
27 46
27 47
27 48
28 29
28 30
28 32
28 35
28 37
28 38
28 39
28 40
28 43
29 31
29 33
29 36
29 39
29 40
29 41
29 42
29 45
29 47
29 48
29 49
30 31
30 32
30 33
30 35
30 36
30 37
30 39
30 40
30 41
30 42
30 43
30 44
30 46
30 49
31 35
31 37
31 38
31 41
31 43
31 46
31 47
31 48
31 49
32 34
32 38
32 42
32 44
32 45
32 47
32 49
33 35
33 37
33 39
33 41
33 42
33 43
33 47
33 48
33 49
34 38
34 39
34 41
34 43
34 45
34 46
34 48
35 37
35 39
35 40
35 42
35 44
35 47
36 37
36 38
36 46
36 47
36 48
37 38
37 42
37 43
37 46
37 48
38 40
38 41
38 45
38 47
38 48
38 49
39 42
39 43
39 45
39 46
39 47
39 48
40 41
40 44
40 47
40 49
41 43
41 44
41 47
41 48
41 49
42 44
42 46
42 47
42 48
42 49
43 46
43 48
44 46
44 47
44 48
44 49
45 47
45 48
45 49
46 48
47 48
48 49

0 1 1 1 0 0 1 1 1 0 1 1 1 0 1 0 0 0 1 1 1 0 0 1 0 1 0 0 0 1 1 1 1 0 0 0 1 0 1 0 0 1 0 1 0 0 0 1 1 0