200 190
0 1 2 3 4 5 6 7 8 9 10 11 12 13 14 15 16 17 18 19 20 21 22 23 24 25 26 27 28 29 30 31 32 33 34 35 36 37 38 39 40 41 42 43 44 45 46 47 48 49 50 51 52 53 54 55 56 57 58 59 60 61 62 63 64 65 66 67 68 69 70 71 72 73 74 75 76 77 78 79 80 81 82 83 84 85 86 87 88 89 90 91 92 93 94 95 96 97 98 99 100 101 102 103 104 105 106 107 108 109 110 111 112 113 114 115 116 117 118 119 120 121 122 123 124 125 126 127 128 129 130 131 132 133 134 135 136 137 138 139 140 141 142 143 144 145 146 147 148 149 150 151 152 153 154 155 156 157 158 159 160 161 162 163 164 165 166 167 168 169 170 171 172 173 174 175 176 177 178 179 180 181 182 183 184 185 186 187 188 189 190 191 192 193 194 195 196 197 198 199
0 133
0 185
1 78
1 138
2 166
3 153
4 67
4 71
4 180
6 85
7 158
8 66
8 80
9 54
10 34
10 53
10 79
11 19
11 79
11 145
13 149
14 32
14 129
14 154
15 192
16 52
16 95
16 102
17 40
18 42
18 107
18 171
19 103
20 116
20 130
20 162
21 126
21 186
23 55
23 61
23 136
24 35
25 37
25 43
25 129
26 27
26 44
26 86
27 140
27 181
28 155
29 169
29 173
30 107
30 114
30 193
31 198
32 68
32 75
32 127
33 140
34 37
35 127
36 53
36 114
37 119
38 112
39 163
39 186
39 197
40 151
40 170
40 180
41 182
43 84
46 79
47 91
47 135
48 133
48 157
49 72
49 87
49 140
49 141
49 189
50 69
50 93
50 156
52 129
53 121
53 132
53 176
54 149
55 154
56 121
56 162
58 189
59 79
59 185
59 191
60 197
62 172
63 77
63 109
63 131
63 138
63 191
64 178
65 113
65 186
66 82
69 140
71 110
71 116
71 178
73 189
74 181
76 77
76 88
76 188
77 103
77 117
78 127
79 124
81 99
81 121
81 160
83 139
84 86
84 151
84 156
85 113
87 115
87 174
90 183
91 144
93 165
94 101
95 186
96 142
97 133
97 178
97 182
98 149
98 188
98 194
99 187
102 188
104 139
105 122
107 165
108 163
109 172
110 151
110 194
111 134
114 179
114 184
118 121
118 198
123 188
125 139
128 154
132 149
134 164
135 144
137 155
137 163
139 194
141 152
143 160
145 190
147 178
152 158
152 188
155 157
155 178
156 165
158 180
161 170
162 164
162 184
164 175
169 177
171 186
177 190
182 189
183 198
186 195
193 197

1 1 1 1 0 0 1 1 0 0 1 0 0 0 0 0 1 0 1 1 0 0 1 0 1 1 0 0 1 1 0 0 0 1 0 1 1 0 0 0 0 0 0 1 0 1 1 1 0 1 1 1 1 1 0 0 0 0 0 1 0 0 1 1 1 0 1 0 1 1 0 0 0 1 0 1 0 1 0 0 1 0 1 0 1 1 0 0 1 1 0 1 0 1 0 1 1 0 0 1 0 1 0 0 1 1 0 0 0 0 1 1 1 0 1 1 1 0 0 0 0 1 0 0 0 1 1 1 0 0 1 1 1 1 1 0 0 0 0 0 1 0 0 0 0 1 0 0 1 0 1 1 1 1 1 1 1 0 0 0 1 0 0 1 0 1 0 0 1 1 1 0 0 0 1 1 1 1 1 0 0 0 1 1 0 1 1 0 1 1 0 1 1 1 1 1 1 0 1 0