250 6270
0 1 2 3 4 5 6 7 8 9 10 11 12 13 14 15 16 17 18 19 20 21 22 23 24 25 26 27 28 29 30 31 32 33 34 35 36 37 38 39 40 41 42 43 44 45 46 47 48 49 50 51 52 53 54 55 56 57 58 59 60 61 62 63 64 65 66 67 68 69 70 71 72 73 74 75 76 77 78 79 80 81 82 83 84 85 86 87 88 89 90 91 92 93 94 95 96 97 98 99 100 101 102 103 104 105 106 107 108 109 110 111 112 113 114 115 116 117 118 119 120 121 122 123 124 125 126 127 128 129 130 131 132 133 134 135 136 137 138 139 140 141 142 143 144 145 146 147 148 149 150 151 152 153 154 155 156 157 158 159 160 161 162 163 164 165 166 167 168 169 170 171 172 173 174 175 176 177 178 179 180 181 182 183 184 185 186 187 188 189 190 191 192 193 194 195 196 197 198 199 200 201 202 203 204 205 206 207 208 209 210 211 212 213 214 215 216 217 218 219 220 221 222 223 224 225 226 227 228 229 230 231 232 233 234 235 236 237 238 239 240 241 242 243 244 245 246 247 248 249
0 19
0 22
0 25
0 29
0 35
0 38
0 39
0 44
0 49
0 51
0 52
0 58
0 59
0 67
0 70
0 71
0 77
0 83
0 84
0 87
0 93
0 107
0 128
0 142
0 144
0 146
0 150
0 153
0 154
0 157
0 158
0 165
0 166
0 168
0 175
0 177
0 182
0 185
0 193
0 198
0 200
0 202
0 213
0 219
0 225
0 230
0 232
0 240
0 241
0 242
0 243
0 247
1 17
1 24
1 33
1 34
1 35
1 41
1 43
1 44
1 54
1 59
1 62
1 64
1 66
1 82
1 85
1 89
1 92
1 94
1 97
1 98
1 108
1 115
1 131
1 140
1 141
1 144
1 145
1 151
1 162
1 165
1 166
1 167
1 175
1 177
1 190
1 198
1 208
1 220
1 224
1 245
2 4
2 5
2 7
2 9
2 17
2 28
2 29
2 39
2 40
2 45
2 53
2 67
2 71
2 76
2 81
2 82
2 84
2 89
2 97
2 106
2 107
2 111
2 115
2 128
2 130
2 135
2 142
2 147
2 150
2 153
2 157
2 159
2 166
2 167
2 174
2 184
2 186
2 195
2 200
2 211
2 212
2 213
2 219
2 220
2 223
2 232
2 239
2 247
2 249
3 6
3 7
3 14
3 21
3 23
3 39
3 41
3 44
3 48
3 53
3 54
3 61
3 63
3 69
3 70
3 72
3 76
3 81
3 83
3 84
3 87
3 97
3 98
3 105
3 108
3 114
3 119
3 137
3 139
3 140
3 152
3 159
3 161
3 162
3 172
3 175
3 176
3 181
3 195
3 198
3 200
3 206
3 212
3 216
3 224
3 226
3 227
3 235
3 238
3 241
3 245
4 5
4 7
4 10
4 12
4 17
4 23
4 29
4 31
4 37
4 45
4 49
4 50
4 54
4 70
4 76
4 82
4 90
4 94
4 97
4 101
4 102
4 104
4 105
4 120
4 122
4 126
4 128
4 132
4 134
4 136
4 139
4 143
4 150
4 155
4 160
4 164
4 165
4 169
4 171
4 174
4 175
4 177
4 178
4 185
4 187
4 189
4 191
4 211
4 215
4 220
4 222
4 226
4 230
4 242
4 243
4 244
4 247
5 9
5 11
5 16
5 21
5 23
5 25
5 32
5 36
5 44
5 45
5 50
5 63
5 77
5 79
5 83
5 91
5 94
5 100
5 106
5 107
5 110
5 113
5 114
5 115
5 122
5 128
5 136
5 142
5 148
5 154
5 156
5 158
5 160
5 162
5 166
5 178
5 179
5 183
5 186
5 188
5 189
5 191
5 196
5 202
5 204
5 206
5 208
5 211
5 213
5 219
5 225
5 229
5 240
5 241
5 244
6 11
6 21
6 22
6 25
6 29
6 30
6 33
6 34
6 39
6 49
6 51
6 52
6 64
6 66
6 69
6 76
6 89
6 101
6 102
6 112
6 113
6 115
6 116
6 117
6 129
6 131
6 135
6 136
6 139
6 140
6 143
6 144
6 146
6 147
6 151
6 157
6 158
6 160
6 161
6 162
6 171
6 173
6 175
6 177
6 187
6 189
6 194
6 195
6 202
6 208
6 209
6 217
6 223
6 224
6 227
6 230
6 234
6 239
6 240
6 241
6 246
6 248
7 8
7 10
7 11
7 12
7 14
7 18
7 26
7 29
7 31
7 44
7 49
7 53
7 60
7 73
7 75
7 79
7 83
7 84
7 92
7 97
7 105
7 109
7 110
7 115
7 118
7 120
7 128
7 130
7 143
7 144
7 147
7 167
7 169
7 177
7 179
7 183
7 185
7 197
7 199
7 209
7 214
7 220
7 228
7 242
7 246
8 9
8 10
8 13
8 16
8 18
8 20
8 24
8 26
8 28
8 39
8 43
8 45
8 48
8 52
8 53
8 63
8 68
8 70
8 72
8 91
8 93
8 94
8 103
8 107
8 108
8 114
8 116
8 120
8 126
8 132
8 138
8 143
8 144
8 145
8 158
8 159
8 165
8 179
8 182
8 185
8 188
8 189
8 190
8 191
8 200
8 204
8 210
8 217
8 218
8 225
8 229
8 230
8 235
8 239
8 245
9 10
9 12
9 13
9 19
9 30
9 33
9 43
9 45
9 48
9 52
9 53
9 54
9 55
9 59
9 61
9 63
9 64
9 74
9 80
9 86
9 96
9 99
9 108
9 110
9 116
9 118
9 119
9 120
9 126
9 127
9 132
9 142
9 143
9 152
9 157
9 172
9 182
9 187
9 189
9 193
9 195
9 201
9 203
9 212
9 214
9 220
9 227
9 229
9 231
9 235
9 241
9 244
10 11
10 13
10 16
10 17
10 22
10 24
10 26
10 40
10 42
10 47
10 50
10 52
10 59
10 60
10 61
10 65
10 73
10 83
10 85
10 88
10 95
10 106
10 116
10 118
10 123
10 124
10 129
10 131
10 141
10 147
10 155
10 168
10 170
10 181
10 184
10 186
10 192
10 195
10 200
10 206
10 212
10 217
10 226
10 228
10 233
11 14
11 22
11 28
11 30
11 35
11 38
11 39
11 41
11 43
11 51
11 65
11 66
11 78
11 79
11 81
11 92
11 94
11 95
11 96
11 108
11 110
11 123
11 124
11 133
11 136
11 137
11 141
11 146
11 158
11 161
11 171
11 172
11 175
11 193
11 194
11 195
11 198
11 201
11 203
11 207
11 209
11 212
11 213
11 215
11 216
11 217
11 218
11 226
11 234
11 240
12 14
12 17
12 23
12 27
12 29
12 34
12 40
12 41
12 42
12 43
12 44
12 46
12 48
12 59
12 63
12 64
12 69
12 70
12 77
12 82
12 84
12 87
12 91
12 93
12 96
12 111
12 114
12 116
12 117
12 118
12 123
12 125
12 129
12 144
12 148
12 156
12 158
12 159
12 160
12 162
12 164
12 172
12 173
12 176
12 179
12 180
12 181
12 187
12 193
12 198
12 204
12 205
12 208
12 215
12 217
12 222
12 227
12 231
12 237
12 239
12 242
12 245
12 248
12 249
13 18
13 22
13 23
13 31
13 49
13 62
13 67
13 77
13 78
13 81
13 88
13 91
13 105
13 109
13 111
13 120
13 123
13 124
13 126
13 134
13 136
13 146
13 148
13 155
13 156
13 157
13 175
13 179
13 182
13 185
13 188
13 191
13 193
13 194
13 196
13 205
13 206
13 209
13 217
13 218
13 223
13 230
13 241
13 249
14 17
14 18
14 21
14 25
14 30
14 38
14 44
14 48
14 49
14 51
14 59
14 64
14 67
14 74
14 76
14 84
14 86
14 87
14 91
14 93
14 97
14 103
14 106
14 111
14 124
14 125
14 134
14 143
14 154
14 155
14 165
14 173
14 174
14 176
14 178
14 182
14 184
14 187
14 188
14 215
14 222
14 225
14 237
14 240
14 247
15 18
15 20
15 23
15 24
15 25
15 29
15 31
15 40
15 45
15 49
15 51
15 55
15 57
15 63
15 67
15 69
15 71
15 73
15 78
15 81
15 86
15 90
15 97
15 100
15 101
15 103
15 106
15 107
15 111
15 119
15 121
15 130
15 135
15 136
15 142
15 146
15 148
15 149
15 157
15 158
15 160
15 161
15 163
15 166
15 169
15 173
15 174
15 179
15 181
15 197
15 201
15 214
15 218
15 221
15 223
15 227
15 235
15 240
15 243
15 247
15 248
16 19
16 21
16 25
16 37
16 39
16 40
16 48
16 50
16 52
16 53
16 57
16 63
16 71
16 73
16 81
16 86
16 92
16 106
16 107
16 109
16 110
16 114
16 120
16 123
16 126
16 127
16 138
16 158
16 160
16 169
16 175
16 178
16 180
16 183
16 188
16 191
16 192
16 203
16 207
16 209
16 210
16 231
16 233
16 238
16 239
16 243
16 246
17 27
17 32
17 34
17 36
17 41
17 43
17 48
17 50
17 61
17 62
17 73
17 75
17 85
17 90
17 97
17 101
17 108
17 110
17 117
17 135
17 146
17 151
17 155
17 161
17 163
17 164
17 169
17 176
17 180
17 189
17 199
17 203
17 204
17 224
17 226
17 231
17 239
17 248
18 20
18 21
18 29
18 34
18 45
18 52
18 56
18 66
18 68
18 76
18 96
18 110
18 112
18 113
18 122
18 130
18 145
18 146
18 150
18 151
18 156
18 160
18 170
18 175
18 190
18 193
18 197
18 202
18 212
18 229
18 236
18 247
19 20
19 30
19 44
19 45
19 47
19 54
19 58
19 59
19 61
19 69
19 70
19 72
19 79
19 102
19 105
19 116
19 117
19 119
19 120
19 121
19 128
19 129
19 135
19 143
19 151
19 156
19 161
19 177
19 179
19 184
19 190
19 194
19 197
19 198
19 204
19 209
19 210
19 228
20 25
20 30
20 33
20 36
20 37
20 41
20 42
20 44
20 52
20 53
20 55
20 62
20 63
20 66
20 69
20 74
20 75
20 83
20 89
20 91
20 95
20 99
20 108
20 115
20 119
20 122
20 129
20 132
20 134
20 140
20 142
20 145
20 168
20 173
20 176
20 182
20 183
20 190
20 196
20 197
20 204
20 212
20 214
20 219
20 229
20 241
21 22
21 34
21 35
21 36
21 38
21 41
21 49
21 50
21 51
21 67
21 69
21 70
21 77
21 82
21 86
21 99
21 101
21 102
21 103
21 104
21 116
21 126
21 127
21 135
21 141
21 150
21 157
21 158
21 163
21 164
21 168
21 169
21 170
21 178
21 179
21 184
21 185
21 187
21 188
21 189
21 194
21 195
21 197
21 201
21 203
21 210
21 213
21 221
21 227
21 228
21 229
21 230
21 237
21 238
21 245
21 246
22 29
22 32
22 38
22 39
22 42
22 44
22 48
22 53
22 54
22 56
22 64
22 66
22 71
22 80
22 82
22 86
22 96
22 99
22 103
22 111
22 115
22 119
22 121
22 123
22 135
22 148
22 178
22 190
22 195
22 206
22 211
22 213
22 226
22 245
22 246
23 25
23 31
23 39
23 42
23 62
23 65
23 69
23 71
23 88
23 89
23 92
23 95
23 112
23 116
23 117
23 120
23 132
23 144
23 148
23 150
23 154
23 159
23 160
23 164
23 165
23 171
23 177
23 194
23 204
23 206
23 209
23 229
23 233
23 236
23 240
23 242
23 248
24 25
24 27
24 28
24 33
24 36
24 42
24 45
24 54
24 56
24 57
24 58
24 65
24 72
24 78
24 81
24 87
24 95
24 99
24 104
24 108
24 112
24 120
24 126
24 128
24 129
24 136
24 140
24 141
24 146
24 150
24 155
24 163
24 171
24 172
24 174
24 175
24 176
24 177
24 179
24 209
24 212
24 213
24 214
24 220
24 224
24 225
24 227
24 235
24 238
24 240
24 246
25 27
25 38
25 42
25 48
25 51
25 52
25 54
25 58
25 70
25 72
25 85
25 88
25 92
25 94
25 96
25 107
25 110
25 118
25 120
25 130
25 131
25 132
25 145
25 150
25 160
25 161
25 183
25 197
25 200
25 205
25 213
25 225
25 226
25 230
25 232
25 234
25 235
25 237
25 242
25 249
26 27
26 36
26 38
26 41
26 47
26 56
26 60
26 65
26 67
26 69
26 74
26 83
26 100
26 103
26 110
26 111
26 112
26 113
26 122
26 126
26 127
26 128
26 131
26 132
26 135
26 137
26 142
26 145
26 147
26 150
26 154
26 158
26 165
26 177
26 182
26 188
26 191
26 199
26 201
26 202
26 215
26 228
26 230
27 29
27 32
27 46
27 49
27 60
27 61
27 64
27 65
27 73
27 75
27 76
27 79
27 82
27 87
27 90
27 91
27 96
27 100
27 102
27 105
27 111
27 114
27 128
27 137
27 138
27 139
27 147
27 150
27 153
27 154
27 160
27 174
27 177
27 181
27 183
27 187
27 189
27 190
27 197
27 200
27 203
27 209
27 213
27 230
27 240
28 29
28 30
28 32
28 33
28 36
28 44
28 53
28 59
28 66
28 68
28 69
28 75
28 86
28 89
28 98
28 100
28 103
28 113
28 114
28 115
28 121
28 122
28 134
28 136
28 137
28 138
28 139
28 149
28 153
28 181
28 185
28 190
28 198
28 204
28 205
28 210
28 216
28 218
28 220
28 230
28 235
28 239
28 240
28 243
28 244
29 36
29 37
29 38
29 40
29 43
29 54
29 68
29 70
29 73
29 78
29 91
29 94
29 97
29 101
29 102
29 111
29 113
29 115
29 116
29 117
29 121
29 142
29 146
29 153
29 156
29 161
29 171
29 173
29 174
29 175
29 184
29 185
29 188
29 191
29 204
29 210
29 213
29 215
29 217
29 219
29 220
29 226
29 231
29 235
29 240
30 32
30 34
30 35
30 36
30 37
30 38
30 42
30 44
30 49
30 56
30 58
30 59
30 73
30 82
30 84
30 85
30 101
30 106
30 110
30 114
30 120
30 124
30 130
30 132
30 136
30 144
30 148
30 153
30 160
30 166
30 170
30 173
30 182
30 183
30 186
30 189
30 192
30 194
30 204
30 206
30 211
30 224
30 226
30 228
30 232
30 239
30 244
30 249
31 34
31 35
31 38
31 39
31 43
31 44
31 46
31 49
31 54
31 59
31 61
31 71
31 88
31 90
31 93
31 95
31 105
31 118
31 122
31 138
31 140
31 141
31 154
31 155
31 157
31 161
31 164
31 173
31 175
31 176
31 177
31 186
31 192
31 193
31 194
31 207
31 214
31 217
31 218
31 235
31 238
31 239
31 241
32 37
32 39
32 44
32 50
32 57
32 71
32 72
32 73
32 75
32 78
32 79
32 87
32 89
32 97
32 106
32 128
32 137
32 139
32 145
32 150
32 151
32 157
32 161
32 162
32 165
32 173
32 183
32 192
32 198
32 206
32 212
32 217
32 221
32 223
32 227
33 37
33 45
33 49
33 50
33 62
33 63
33 71
33 77
33 83
33 87
33 91
33 92
33 97
33 98
33 102
33 104
33 114
33 117
33 119
33 125
33 140
33 152
33 155
33 156
33 159
33 167
33 168
33 171
33 172
33 177
33 179
33 187
33 190
33 195
33 197
33 200
33 201
33 203
33 208
33 215
33 219
33 222
33 223
33 228
33 234
33 240
33 242
33 247
34 39
34 52
34 57
34 58
34 61
34 69
34 84
34 85
34 87
34 94
34 95
34 101
34 103
34 108
34 110
34 119
34 122
34 129
34 143
34 144
34 154
34 169
34 170
34 184
34 197
34 198
34 201
34 210
34 214
34 218
34 220
34 221
34 224
34 235
35 39
35 44
35 53
35 58
35 72
35 75
35 76
35 80
35 84
35 89
35 90
35 93
35 95
35 104
35 106
35 109
35 116
35 118
35 121
35 122
35 125
35 127
35 132
35 137
35 138
35 139
35 143
35 147
35 154
35 157
35 160
35 161
35 165
35 176
35 180
35 188
35 204
35 210
35 213
35 220
35 222
35 234
36 37
36 46
36 48
36 51
36 60
36 61
36 73
36 74
36 81
36 87
36 97
36 110
36 112
36 114
36 115
36 120
36 135
36 139
36 143
36 150
36 156
36 161
36 164
36 168
36 172
36 177
36 178
36 192
36 193
36 194
36 197
36 199
36 200
36 203
36 206
36 209
36 226
36 233
36 234
36 236
36 241
36 242
36 243
37 51
37 55
37 60
37 62
37 71
37 72
37 73
37 75
37 83
37 85
37 91
37 94
37 95
37 98
37 99
37 101
37 106
37 110
37 113
37 117
37 119
37 120
37 129
37 135
37 136
37 145
37 149
37 151
37 161
37 180
37 189
37 197
37 199
37 201
37 204
37 205
37 212
37 214
37 216
37 218
37 235
38 40
38 46
38 56
38 57
38 58
38 66
38 77
38 79
38 80
38 86
38 87
38 89
38 100
38 102
38 104
38 110
38 112
38 114
38 125
38 126
38 131
38 133
38 134
38 137
38 150
38 151
38 153
38 155
38 163
38 164
38 166
38 167
38 178
38 182
38 197
38 199
38 209
38 214
38 216
38 220
38 222
38 232
38 234
38 241
38 243
38 246
38 247
39 56
39 57
39 58
39 60
39 69
39 72
39 75
39 76
39 87
39 88
39 92
39 95
39 104
39 106
39 121
39 122
39 123
39 134
39 138
39 140
39 153
39 154
39 168
39 169
39 174
39 176
39 185
39 189
39 196
39 197
39 210
39 212
39 214
39 219
39 230
39 232
39 233
39 236
39 245
40 45
40 51
40 56
40 61
40 64
40 70
40 73
40 74
40 76
40 82
40 87
40 90
40 98
40 104
40 114
40 126
40 127
40 129
40 133
40 134
40 149
40 151
40 155
40 157
40 163
40 165
40 166
40 168
40 172
40 174
40 176
40 177
40 187
40 189
40 191
40 196
40 198
40 206
40 207
40 216
40 217
40 221
40 233
40 240
40 249
41 45
41 46
41 50
41 52
41 54
41 60
41 67
41 68
41 69
41 74
41 77
41 79
41 80
41 85
41 87
41 94
41 97
41 98
41 102
41 105
41 108
41 111
41 136
41 142
41 143
41 146
41 151
41 157
41 159
41 163
41 170
41 174
41 175
41 176
41 179
41 182
41 198
41 203
41 207
41 210
41 214
41 217
41 231
41 233
41 236
41 237
41 241
41 245
41 246
42 43
42 44
42 45
42 46
42 48
42 57
42 58
42 65
42 66
42 70
42 73
42 84
42 87
42 90
42 100
42 101
42 104
42 111
42 114
42 116
42 117
42 121
42 122
42 129
42 144
42 155
42 157
42 162
42 173
42 182
42 187
42 189
42 208
42 210
42 213
42 225
42 226
42 234
42 236
42 237
42 238
43 44
43 48
43 55
43 59
43 60
43 61
43 64
43 65
43 76
43 77
43 80
43 93
43 98
43 110
43 122
43 124
43 141
43 142
43 172
43 175
43 178
43 182
43 191
43 192
43 194
43 197
43 198
43 204
43 208
43 210
43 212
43 213
43 214
43 215
43 216
43 217
43 233
43 234
43 236
43 241
43 243
43 244
44 45
44 58
44 60
44 66
44 70
44 83
44 87
44 102
44 103
44 107
44 114
44 118
44 121
44 126
44 127
44 130
44 137
44 147
44 154
44 164
44 183
44 189
44 193
44 199
44 203
44 205
44 208
44 212
44 216
44 221
44 222
44 226
44 227
44 229
44 233
44 235
44 238
44 244
44 248
45 49
45 50
45 51
45 57
45 62
45 63
45 73
45 74
45 77
45 99
45 103
45 105
45 108
45 112
45 113
45 115
45 124
45 133
45 146
45 149
45 151
45 152
45 164
45 171
45 174
45 184
45 190
45 195
45 212
45 215
45 216
45 230
45 235
46 56
46 57
46 74
46 75
46 76
46 85
46 89
46 90
46 93
46 96
46 98
46 103
46 104
46 116
46 117
46 118
46 120
46 125
46 128
46 137
46 145
46 153
46 158
46 167
46 168
46 189
46 196
46 208
46 209
46 212
46 218
46 228
46 238
46 240
46 242
46 243
46 244
46 247
46 248
47 50
47 51
47 55
47 56
47 63
47 66
47 71
47 73
47 76
47 80
47 92
47 97
47 105
47 116
47 123
47 125
47 126
47 127
47 141
47 150
47 153
47 155
47 159
47 166
47 180
47 182
47 184
47 186
47 190
47 191
47 192
47 194
47 198
47 208
47 210
47 211
47 213
47 215
47 216
47 219
47 232
48 66
48 69
48 78
48 84
48 93
48 97
48 98
48 100
48 102
48 107
48 115
48 118
48 123
48 126
48 128
48 130
48 134
48 149
48 154
48 155
48 157
48 158
48 160
48 162
48 174
48 176
48 183
48 186
48 196
48 209
48 217
48 219
48 239
48 246
49 53
49 56
49 63
49 64
49 66
49 67
49 89
49 91
49 92
49 93
49 95
49 97
49 99
49 103
49 105
49 107
49 113
49 119
49 122
49 128
49 130
49 133
49 138
49 140
49 149
49 154
49 157
49 164
49 167
49 172
49 176
49 177
49 180
49 181
49 182
49 191
49 194
49 196
49 200
49 202
49 205
49 210
49 213
49 217
49 219
49 227
49 230
49 232
49 239
49 246
50 53
50 63
50 66
50 72
50 73
50 83
50 91
50 95
50 96
50 99
50 100
50 103
50 112
50 113
50 115
50 121
50 128
50 142
50 144
50 146
50 150
50 155
50 157
50 160
50 161
50 169
50 174
50 179
50 185
50 195
50 197
50 199
50 203
50 204
50 219
50 227
50 230
50 237
50 245
50 247
51 53
51 56
51 57
51 63
51 65
51 66
51 69
51 71
51 72
51 78
51 79
51 87
51 91
51 96
51 97
51 101
51 106
51 107
51 111
51 124
51 127
51 139
51 152
51 154
51 155
51 160
51 163
51 166
51 169
51 170
51 191
51 197
51 202
51 215
51 216
51 217
51 229
51 237
51 239
51 243
51 244
52 53
52 55
52 58
52 62
52 65
52 68
52 69
52 70
52 77
52 78
52 84
52 91
52 100
52 104
52 115
52 121
52 129
52 137
52 139
52 140
52 156
52 159
52 160
52 161
52 164
52 175
52 176
52 178
52 181
52 182
52 187
52 188
52 195
52 197
52 201
52 203
52 204
52 208
52 211
52 228
52 234
53 56
53 69
53 71
53 74
53 75
53 90
53 91
53 97
53 102
53 110
53 112
53 119
53 126
53 133
53 134
53 144
53 151
53 153
53 156
53 158
53 161
53 169
53 171
53 184
53 185
53 197
53 198
53 201
53 208
53 217
53 224
53 226
53 230
53 232
53 233
53 239
53 247
54 56
54 60
54 63
54 71
54 72
54 74
54 76
54 77
54 80
54 95
54 100
54 105
54 106
54 117
54 120
54 132
54 133
54 138
54 142
54 144
54 145
54 152
54 154
54 155
54 156
54 157
54 171
54 174
54 179
54 191
54 197
54 201
54 211
54 218
54 225
54 228
54 232
54 234
54 249
55 60
55 67
55 70
55 74
55 79
55 90
55 91
55 93
55 105
55 112
55 113
55 114
55 115
55 119
55 133
55 141
55 143
55 146
55 149
55 161
55 164
55 165
55 169
55 170
55 190
55 191
55 199
55 206
55 214
55 216
55 218
55 221
55 227
55 229
55 246
56 62
56 66
56 67
56 68
56 72
56 73
56 75
56 79
56 84
56 91
56 93
56 96
56 107
56 108
56 112
56 113
56 120
56 121
56 126
56 136
56 138
56 140
56 141
56 142
56 143
56 149
56 150
56 167
56 171
56 179
56 180
56 183
56 184
56 191
56 197
56 206
56 210
56 211
56 213
56 214
56 215
56 217
56 227
56 229
56 233
56 240
57 62
57 63
57 72
57 75
57 84
57 85
57 90
57 102
57 126
57 128
57 129
57 141
57 142
57 146
57 156
57 158
57 160
57 162
57 164
57 165
57 170
57 176
57 178
57 179
57 185
57 188
57 192
57 196
57 197
57 203
57 209
57 211
57 213
57 217
57 228
57 232
57 238
57 243
57 244
58 59
58 64
58 67
58 69
58 71
58 73
58 80
58 81
58 84
58 87
58 89
58 97
58 100
58 103
58 105
58 113
58 123
58 134
58 143
58 145
58 151
58 161
58 162
58 163
58 166
58 173
58 181
58 191
58 202
58 204
58 215
58 216
58 223
58 225
58 231
58 236
58 238
58 243
58 246
58 247
58 248
58 249
59 64
59 68
59 73
59 83
59 84
59 87
59 90
59 94
59 103
59 115
59 119
59 124
59 134
59 138
59 146
59 147
59 157
59 158
59 159
59 161
59 164
59 165
59 172
59 174
59 175
59 185
59 187
59 189
59 192
59 218
59 219
59 221
59 230
59 236
60 71
60 72
60 80
60 89
60 95
60 96
60 102
60 104
60 106
60 113
60 114
60 115
60 121
60 122
60 125
60 128
60 134
60 137
60 144
60 156
60 161
60 170
60 174
60 177
60 178
60 180
60 182
60 183
60 184
60 186
60 195
60 206
60 212
60 217
60 218
60 226
60 227
60 229
60 240
60 242
60 243
60 246
61 66
61 68
61 69
61 71
61 75
61 77
61 85
61 94
61 96
61 97
61 108
61 111
61 117
61 120
61 129
61 132
61 133
61 138
61 139
61 143
61 145
61 147
61 152
61 157
61 166
61 170
61 173
61 177
61 178
61 181
61 183
61 186
61 199
61 201
61 206
61 208
61 211
61 214
61 219
61 223
61 229
61 232
61 234
61 243
62 67
62 69
62 73
62 76
62 84
62 85
62 87
62 95
62 107
62 108
62 109
62 111
62 117
62 119
62 121
62 123
62 125
62 129
62 134
62 137
62 139
62 145
62 147
62 170
62 176
62 179
62 183
62 185
62 186
62 188
62 195
62 203
62 207
62 210
62 214
62 220
62 222
62 229
62 231
62 235
62 238
62 239
62 247
63 64
63 67
63 68
63 75
63 77
63 81
63 96
63 102
63 105
63 107
63 108
63 116
63 117
63 119
63 123
63 133
63 135
63 138
63 142
63 156
63 159
63 161
63 167
63 169
63 170
63 175
63 182
63 183
63 195
63 201
63 214
63 219
63 228
63 236
63 246
64 65
64 66
64 67
64 68
64 77
64 80
64 81
64 89
64 94
64 98
64 101
64 106
64 112
64 114
64 117
64 118
64 131
64 132
64 134
64 139
64 147
64 149
64 158
64 162
64 163
64 165
64 168
64 169
64 202
64 205
64 206
64 216
64 218
64 234
64 237
64 241
64 247
65 74
65 81
65 83
65 93
65 99
65 105
65 107
65 119
65 123
65 128
65 131
65 135
65 136
65 139
65 143
65 155
65 165
65 169
65 170
65 172
65 182
65 195
65 201
65 203
65 206
65 209
65 212
65 213
65 220
65 228
65 233
65 234
65 235
65 238
65 240
65 243
66 72
66 84
66 92
66 101
66 105
66 106
66 108
66 109
66 110
66 111
66 112
66 117
66 118
66 121
66 124
66 129
66 131
66 133
66 135
66 137
66 145
66 151
66 154
66 161
66 173
66 176
66 199
66 202
66 205
66 206
66 208
66 211
66 215
66 221
66 223
66 227
66 231
66 233
66 236
66 239
66 240
66 248
67 71
67 72
67 73
67 77
67 90
67 91
67 93
67 95
67 102
67 104
67 105
67 108
67 112
67 115
67 117
67 118
67 130
67 132
67 137
67 140
67 144
67 146
67 150
67 154
67 161
67 163
67 171
67 184
67 186
67 189
67 195
67 208
67 217
67 219
67 220
67 237
67 245
68 88
68 89
68 90
68 103
68 108
68 110
68 114
68 117
68 119
68 121
68 123
68 138
68 141
68 146
68 151
68 163
68 164
68 170
68 193
68 195
68 201
68 208
68 209
68 213
68 214
68 220
68 225
68 232
68 244
68 249
69 70
69 71
69 82
69 83
69 86
69 89
69 90
69 91
69 102
69 106
69 107
69 109
69 113
69 116
69 117
69 118
69 124
69 133
69 139
69 141
69 145
69 150
69 156
69 162
69 164
69 166
69 169
69 172
69 197
69 202
69 208
69 223
69 224
69 228
69 229
69 234
70 76
70 77
70 78
70 86
70 87
70 95
70 96
70 99
70 103
70 106
70 109
70 110
70 111
70 115
70 117
70 128
70 135
70 148
70 153
70 164
70 166
70 170
70 171
70 177
70 180
70 184
70 185
70 199
70 200
70 203
70 204
70 209
70 220
70 226
70 227
70 238
70 241
70 242
71 74
71 79
71 84
71 93
71 95
71 101
71 102
71 108
71 111
71 123
71 130
71 131
71 133
71 134
71 140
71 153
71 158
71 163
71 168
71 170
71 171
71 172
71 174
71 178
71 189
71 191
71 198
71 203
71 205
71 211
71 215
71 216
71 217
71 218
71 219
71 220
71 231
71 237
71 246
72 80
72 83
72 84
72 89
72 92
72 99
72 100
72 101
72 103
72 106
72 110
72 111
72 127
72 130
72 137
72 148
72 152
72 154
72 161
72 178
72 180
72 189
72 196
72 203
72 206
72 219
72 223
72 225
72 226
72 227
72 229
72 248
73 74
73 75
73 76
73 81
73 84
73 93
73 99
73 104
73 108
73 110
73 112
73 116
73 121
73 123
73 125
73 126
73 134
73 140
73 143
73 148
73 149
73 153
73 154
73 167
73 169
73 171
73 172
73 178
73 180
73 189
73 203
73 204
73 207
73 208
73 212
73 217
73 226
73 227
73 232
73 240
73 244
73 246
74 84
74 89
74 104
74 109
74 121
74 122
74 125
74 127
74 128
74 129
74 130
74 132
74 142
74 153
74 166
74 170
74 179
74 183
74 186
74 187
74 188
74 191
74 192
74 193
74 195
74 199
74 203
74 205
74 217
74 218
74 223
74 233
74 238
74 239
74 249
75 77
75 83
75 85
75 97
75 100
75 101
75 102
75 103
75 116
75 118
75 120
75 125
75 131
75 132
75 136
75 138
75 141
75 159
75 164
75 168
75 177
75 188
75 192
75 193
75 197
75 198
75 206
75 220
75 228
75 233
75 236
75 238
75 240
75 241
75 248
75 249
76 77
76 83
76 87
76 94
76 105
76 116
76 129
76 137
76 144
76 146
76 154
76 155
76 157
76 158
76 163
76 164
76 167
76 175
76 182
76 193
76 197
76 198
76 199
76 201
76 211
76 212
76 217
76 219
76 225
76 229
76 231
76 237
76 243
76 245
77 80
77 86
77 87
77 89
77 91
77 96
77 107
77 109
77 111
77 122
77 123
77 134
77 135
77 139
77 145
77 148
77 156
77 157
77 167
77 172
77 177
77 180
77 181
77 183
77 186
77 190
77 212
77 213
77 224
77 226
77 233
77 234
77 241
77 243
78 80
78 82
78 85
78 86
78 91
78 93
78 99
78 103
78 113
78 116
78 118
78 119
78 128
78 130
78 131
78 132
78 165
78 169
78 177
78 183
78 184
78 187
78 188
78 196
78 203
78 207
78 209
78 210
78 217
78 224
78 237
78 239
78 243
78 244
78 246
78 247
79 81
79 83
79 85
79 86
79 89
79 94
79 97
79 107
79 110
79 112
79 118
79 119
79 127
79 129
79 149
79 151
79 155
79 164
79 169
79 170
79 177
79 186
79 192
79 201
79 203
79 207
79 211
79 216
79 223
79 224
79 225
79 249
80 84
80 89
80 92
80 95
80 96
80 109
80 112
80 119
80 127
80 130
80 131
80 135
80 141
80 144
80 145
80 148
80 150
80 154
80 155
80 158
80 160
80 175
80 202
80 209
80 213
80 218
80 223
80 226
80 230
80 236
80 237
80 239
80 243
80 244
81 89
81 91
81 96
81 104
81 105
81 124
81 132
81 134
81 135
81 141
81 143
81 149
81 156
81 162
81 173
81 175
81 180
81 181
81 184
81 186
81 191
81 193
81 195
81 202
81 203
81 204
81 206
81 211
81 221
81 225
81 231
81 236
81 237
82 83
82 85
82 91
82 94
82 98
82 99
82 106
82 110
82 116
82 122
82 129
82 130
82 142
82 143
82 151
82 155
82 157
82 160
82 162
82 165
82 166
82 172
82 174
82 180
82 182
82 196
82 198
82 209
82 217
82 229
82 239
82 240
82 245
83 90
83 98
83 106
83 109
83 116
83 120
83 121
83 124
83 127
83 128
83 135
83 139
83 147
83 152
83 162
83 165
83 171
83 175
83 178
83 179
83 189
83 190
83 194
83 198
83 204
83 207
83 209
83 210
83 211
83 213
83 228
83 230
83 237
83 249
84 91
84 93
84 98
84 99
84 103
84 109
84 114
84 126
84 128
84 135
84 140
84 141
84 142
84 149
84 151
84 153
84 156
84 167
84 169
84 171
84 173
84 182
84 186
84 187
84 189
84 191
84 193
84 194
84 198
84 201
84 210
84 213
84 225
84 238
84 240
85 91
85 93
85 98
85 101
85 103
85 117
85 121
85 128
85 135
85 137
85 141
85 143
85 145
85 148
85 157
85 161
85 162
85 170
85 178
85 197
85 198
85 204
85 206
85 207
85 208
85 216
85 220
85 225
85 231
85 233
85 234
85 238
85 239
86 91
86 94
86 95
86 101
86 109
86 116
86 122
86 129
86 133
86 142
86 156
86 171
86 174
86 175
86 188
86 189
86 199
86 202
86 204
86 218
86 243
87 103
87 106
87 111
87 113
87 115
87 120
87 124
87 125
87 129
87 132
87 141
87 151
87 160
87 161
87 171
87 172
87 181
87 184
87 185
87 186
87 188
87 190
87 193
87 199
87 205
87 218
87 223
87 230
87 237
87 238
87 239
87 241
87 247
87 248
88 95
88 96
88 105
88 107
88 108
88 116
88 122
88 130
88 132
88 139
88 142
88 144
88 145
88 152
88 157
88 159
88 160
88 161
88 167
88 171
88 174
88 178
88 180
88 184
88 188
88 193
88 198
88 205
88 211
88 214
88 218
88 224
88 227
88 229
88 231
88 232
88 235
88 236
88 245
89 92
89 98
89 102
89 110
89 115
89 130
89 132
89 139
89 144
89 146
89 147
89 149
89 154
89 157
89 170
89 173
89 183
89 187
89 192
89 195
89 199
89 200
89 207
89 208
89 214
89 219
89 228
89 236
89 237
89 238
89 247
89 249
90 95
90 96
90 98
90 113
90 117
90 119
90 124
90 126
90 127
90 134
90 140
90 147
90 151
90 155
90 157
90 163
90 168
90 180
90 182
90 184
90 185
90 195
90 198
90 199
90 201
90 203
90 208
90 209
90 212
90 215
90 216
90 222
90 230
90 236
90 237
90 238
90 247
91 93
91 103
91 105
91 106
91 114
91 118
91 128
91 135
91 138
91 140
91 141
91 145
91 148
91 149
91 153
91 157
91 167
91 178
91 179
91 181
91 183
91 184
91 185
91 186
91 193
91 209
91 210
91 216
91 221
91 222
91 224
91 231
91 232
91 235
91 236
91 237
92 100
92 101
92 102
92 107
92 108
92 110
92 112
92 114
92 116
92 122
92 124
92 129
92 143
92 149
92 154
92 157
92 159
92 160
92 166
92 168
92 175
92 176
92 177
92 180
92 181
92 182
92 183
92 189
92 194
92 203
92 206
92 215
92 219
92 222
92 223
92 224
92 225
92 227
92 231
92 232
92 235
92 246
93 95
93 96
93 98
93 107
93 118
93 120
93 121
93 135
93 142
93 158
93 159
93 167
93 168
93 202
93 203
93 210
93 212
93 215
93 219
93 220
93 221
93 229
93 230
93 233
93 239
93 242
94 97
94 106
94 107
94 115
94 117
94 130
94 132
94 141
94 146
94 147
94 156
94 157
94 159
94 161
94 164
94 168
94 174
94 177
94 183
94 186
94 188
94 196
94 199
94 209
94 221
94 222
94 237
94 241
94 243
94 247
94 248
95 104
95 109
95 111
95 112
95 113
95 116
95 118
95 119
95 127
95 134
95 137
95 139
95 143
95 144
95 146
95 149
95 155
95 158
95 159
95 160
95 163
95 165
95 180
95 183
95 184
95 211
95 215
95 218
95 231
95 241
95 243
96 97
96 98
96 101
96 111
96 121
96 129
96 141
96 143
96 145
96 148
96 154
96 171
96 172
96 182
96 194
96 197
96 198
96 201
96 209
96 214
96 219
96 221
96 222
96 223
96 231
96 241
96 245
96 247
97 99
97 101
97 105
97 122
97 128
97 131
97 132
97 134
97 139
97 146
97 147
97 149
97 159
97 165
97 167
97 181
97 200
97 204
97 206
97 207
97 213
97 218
97 221
97 222
97 223
97 226
97 230
97 236
97 242
97 247
97 249
98 99
98 106
98 113
98 117
98 126
98 131
98 138
98 147
98 148
98 149
98 150
98 164
98 168
98 174
98 183
98 187
98 193
98 194
98 195
98 201
98 212
98 216
98 222
98 230
98 234
98 247
98 249
99 107
99 112
99 115
99 120
99 127
99 135
99 141
99 148
99 149
99 158
99 159
99 162
99 172
99 187
99 190
99 194
99 197
99 199
99 202
99 207
99 213
99 219
99 240
100 102
100 106
100 116
100 118
100 127
100 132
100 148
100 149
100 151
100 153
100 155
100 158
100 166
100 179
100 184
100 186
100 188
100 193
100 196
100 205
100 207
100 209
100 213
100 218
100 220
100 223
100 224
100 236
100 241
100 243
100 244
100 245
100 246
101 113
101 118
101 120
101 122
101 125
101 128
101 140
101 145
101 153
101 155
101 156
101 163
101 166
101 175
101 181
101 189
101 190
101 191
101 195
101 200
101 209
101 228
101 231
101 249
102 105
102 107
102 108
102 123
102 134
102 136
102 144
102 151
102 154
102 168
102 175
102 177
102 181
102 189
102 193
102 197
102 198
102 200
102 201
102 202
102 216
102 218
102 219
102 224
102 225
102 237
102 249
103 108
103 110
103 124
103 131
103 136
103 144
103 149
103 154
103 161
103 162
103 166
103 167
103 174
103 180
103 184
103 194
103 204
103 205
103 207
103 211
103 220
103 221
103 226
103 232
103 233
103 243
104 109
104 113
104 132
104 136
104 138
104 143
104 144
104 158
104 180
104 183
104 187
104 198
104 199
104 204
104 207
104 212
104 215
104 228
104 235
104 237
104 239
104 242
104 244
105 106
105 108
105 117
105 121
105 123
105 128
105 130
105 131
105 134
105 135
105 137
105 139
105 142
105 146
105 148
105 154
105 158
105 160
105 165
105 167
105 174
105 176
105 177
105 179
105 191
105 192
105 198
105 207
105 217
105 218
105 227
105 232
105 245
105 246
105 248
106 108
106 119
106 120
106 126
106 129
106 136
106 142
106 149
106 156
106 169
106 178
106 181
106 186
106 188
106 202
106 204
106 207
106 208
106 222
106 228
106 237
106 247
107 108
107 113
107 114
107 117
107 121
107 122
107 129
107 132
107 136
107 137
107 140
107 155
107 161
107 166
107 176
107 185
107 186
107 189
107 194
107 196
107 202
107 204
107 216
107 217
107 221
107 222
107 230
107 233
107 239
107 249
108 109
108 111
108 114
108 116
108 121
108 122
108 124
108 125
108 132
108 133
108 146
108 149
108 153
108 156
108 177
108 180
108 184
108 186
108 189
108 194
108 217
108 224
108 225
108 227
108 229
108 230
108 233
108 235
108 239
108 246
108 248
109 113
109 114
109 115
109 116
109 125
109 130
109 131
109 139
109 148
109 151
109 156
109 166
109 169
109 177
109 180
109 181
109 182
109 183
109 185
109 193
109 194
109 204
109 205
109 209
109 212
109 220
109 221
109 229
109 235
109 236
110 114
110 126
110 129
110 134
110 138
110 147
110 150
110 151
110 161
110 165
110 168
110 172
110 178
110 179
110 180
110 182
110 193
110 194
110 200
110 201
110 202
110 207
110 213
110 222
110 229
110 230
110 236
110 242
110 246
111 122
111 124
111 127
111 130
111 133
111 135
111 141
111 148
111 149
111 152
111 154
111 155
111 177
111 178
111 183
111 184
111 189
111 191
111 194
111 206
111 207
111 213
111 218
111 226
111 230
111 239
112 125
112 132
112 133
112 134
112 136
112 137
112 139
112 144
112 145
112 148
112 156
112 162
112 174
112 175
112 176
112 180
112 191
112 193
112 198
112 200
112 201
112 205
112 206
112 208
112 223
112 227
112 228
112 230
112 231
112 232
112 234
112 236
112 237
112 238
112 244
112 246
112 247
112 249
113 115
113 120
113 128
113 130
113 133
113 138
113 140
113 148
113 158
113 171
113 188
113 191
113 192
113 198
113 205
113 217
113 226
113 227
113 229
113 230
113 233
113 234
113 238
113 246
114 118
114 121
114 126
114 130
114 132
114 138
114 141
114 144
114 145
114 151
114 153
114 162
114 171
114 182
114 186
114 187
114 188
114 195
114 204
114 206
114 208
114 214
114 226
114 227
114 234
114 235
114 239
114 244
115 121
115 133
115 134
115 138
115 139
115 143
115 154
115 156
115 165
115 166
115 168
115 171
115 180
115 181
115 188
115 195
115 199
115 208
115 211
115 212
115 216
115 220
115 223
115 240
115 242
115 249
116 117
116 118
116 128
116 134
116 136
116 171
116 172
116 175
116 180
116 196
116 203
116 209
116 212
116 215
116 220
116 222
116 242
117 119
117 129
117 136
117 137
117 139
117 148
117 153
117 156
117 157
117 158
117 162
117 167
117 173
117 174
117 177
117 182
117 204
117 205
117 222
117 231
117 247
118 124
118 133
118 139
118 142
118 148
118 150
118 151
118 152
118 153
118 160
118 161
118 164
118 165
118 166
118 167
118 170
118 171
118 172
118 177
118 180
118 182
118 183
118 185
118 191
118 195
118 197
118 199
118 208
118 211
118 215
118 219
118 220
118 234
118 235
118 237
118 239
118 248
119 125
119 131
119 134
119 135
119 140
119 141
119 150
119 152
119 158
119 163
119 168
119 171
119 173
119 176
119 178
119 183
119 192
119 197
119 204
119 205
119 207
119 213
119 218
119 219
119 221
119 225
119 231
119 232
119 235
119 239
119 246
119 247
119 248
119 249
120 121
120 131
120 133
120 137
120 143
120 144
120 145
120 148
120 157
120 159
120 165
120 179
120 185
120 195
120 208
120 222
120 226
120 229
120 245
120 249
121 122
121 126
121 129
121 133
121 136
121 138
121 143
121 146
121 148
121 156
121 159
121 163
121 164
121 165
121 169
121 171
121 177
121 195
121 206
121 207
121 208
121 211
121 221
121 230
121 239
121 242
121 244
121 245
122 124
122 127
122 128
122 139
122 140
122 147
122 149
122 161
122 163
122 167
122 170
122 172
122 184
122 189
122 203
122 206
122 217
122 223
122 229
122 230
122 233
122 235
122 242
122 248
123 125
123 126
123 128
123 135
123 138
123 144
123 145
123 147
123 152
123 158
123 180
123 185
123 187
123 189
123 190
123 194
123 199
123 203
123 204
123 211
123 213
123 219
123 234
123 236
123 237
123 238
123 239
123 242
123 246
123 247
123 249
124 127
124 132
124 139
124 140
124 143
124 146
124 147
124 151
124 155
124 158
124 161
124 167
124 170
124 172
124 174
124 176
124 182
124 183
124 185
124 187
124 190
124 197
124 198
124 200
124 202
124 208
124 211
124 213
124 214
124 219
124 230
124 236
124 237
124 240
124 241
124 246
124 249
125 130
125 134
125 139
125 141
125 144
125 145
125 150
125 166
125 169
125 177
125 185
125 207
125 214
125 220
125 222
125 226
125 228
125 230
125 231
125 234
125 235
125 242
125 245
125 247
126 129
126 132
126 136
126 141
126 142
126 145
126 147
126 149
126 150
126 154
126 161
126 163
126 168
126 173
126 174
126 175
126 176
126 179
126 183
126 186
126 188
126 194
126 216
126 222
126 227
126 231
126 233
126 234
126 239
126 240
126 243
127 129
127 131
127 134
127 139
127 157
127 163
127 165
127 166
127 170
127 189
127 194
127 200
127 203
127 208
127 214
127 223
127 225
127 226
127 227
127 230
127 237
127 249
128 143
128 151
128 156
128 157
128 161
128 167
128 187
128 190
128 195
128 201
128 206
128 208
128 212
128 214
128 219
128 220
128 221
128 222
128 225
128 230
128 238
128 239
128 240
128 246
128 247
129 131
129 135
129 141
129 143
129 146
129 147
129 152
129 153
129 166
129 168
129 175
129 183
129 186
129 212
129 218
129 226
129 235
129 238
129 247
129 248
130 137
130 143
130 148
130 156
130 157
130 167
130 183
130 185
130 191
130 194
130 199
130 205
130 210
130 218
130 225
130 226
130 229
130 233
130 234
130 246
131 132
131 138
131 141
131 153
131 156
131 160
131 163
131 166
131 168
131 169
131 179
131 181
131 186
131 188
131 200
131 201
131 204
131 208
131 223
131 229
131 239
132 133
132 139
132 147
132 148
132 152
132 162
132 171
132 179
132 189
132 190
132 201
132 203
132 205
132 208
132 211
132 219
132 225
132 229
132 235
132 239
132 244
133 134
133 137
133 144
133 164
133 170
133 172
133 173
133 185
133 186
133 195
133 196
133 197
133 198
133 215
133 216
133 220
133 223
133 224
133 225
133 231
133 233
133 235
133 236
133 243
133 247
134 141
134 146
134 152
134 159
134 161
134 163
134 166
134 167
134 168
134 175
134 180
134 182
134 194
134 195
134 222
134 231
134 232
134 244
134 246
135 140
135 147
135 160
135 164
135 174
135 183
135 191
135 195
135 196
135 202
135 206
135 210
135 211
135 215
135 223
135 227
135 230
135 231
135 234
135 237
135 240
136 137
136 151
136 159
136 164
136 169
136 175
136 178
136 182
136 188
136 189
136 192
136 193
136 194
136 196
136 198
136 199
136 201
136 210
136 212
136 219
136 226
136 230
136 239
136 247
136 248
137 159
137 163
137 166
137 173
137 179
137 184
137 202
137 205
137 209
137 215
137 224
137 234
137 239
137 240
137 243
137 245
137 247
137 248
138 140
138 143
138 166
138 168
138 169
138 171
138 180
138 184
138 185
138 197
138 206
138 212
138 214
138 216
138 217
138 218
138 222
138 224
138 240
138 241
138 249
139 142
139 146
139 153
139 154
139 159
139 160
139 161
139 162
139 167
139 192
139 213
139 221
139 222
139 223
139 237
139 238
140 150
140 153
140 167
140 170
140 173
140 177
140 178
140 186
140 201
140 210
140 212
140 218
140 221
140 226
140 230
140 232
140 236
140 237
140 241
140 244
141 157
141 163
141 164
141 175
141 177
141 180
141 188
141 189
141 193
141 194
141 197
141 207
141 213
141 218
141 227
141 231
141 237
141 240
141 246
141 247
141 248
142 144
142 147
142 151
142 158
142 163
142 164
142 172
142 173
142 174
142 176
142 179
142 180
142 181
142 184
142 187
142 194
142 207
142 209
142 220
142 222
142 225
142 227
142 237
142 243
142 244
142 245
142 248
143 146
143 150
143 164
143 166
143 173
143 174
143 177
143 178
143 184
143 186
143 188
143 190
143 193
143 195
143 199
143 212
143 214
143 227
143 229
143 230
143 235
143 236
143 239
143 240
144 145
144 147
144 148
144 151
144 152
144 165
144 168
144 174
144 175
144 176
144 179
144 182
144 184
144 185
144 189
144 196
144 201
144 203
144 204
144 209
144 212
144 224
144 227
144 234
144 237
144 242
144 247
144 248
144 249
145 147
145 148
145 152
145 156
145 158
145 159
145 160
145 169
145 170
145 174
145 194
145 195
145 204
145 208
145 215
145 219
145 222
145 223
145 232
145 236
145 242
145 249
146 157
146 158
146 160
146 162
146 173
146 177
146 182
146 183
146 187
146 189
146 193
146 195
146 199
146 210
146 211
146 215
146 219
146 231
146 241
146 242
146 246
146 248
146 249
147 148
147 149
147 150
147 154
147 160
147 161
147 162
147 172
147 176
147 177
147 188
147 191
147 193
147 199
147 215
147 221
147 230
147 238
147 239
147 241
147 242
147 245
148 153
148 154
148 159
148 162
148 166
148 173
148 179
148 181
148 182
148 187
148 196
148 201
148 202
148 207
148 212
148 215
148 219
148 225
148 227
148 242
148 244
148 249
149 151
149 154
149 165
149 168
149 177
149 179
149 185
149 187
149 199
149 202
149 215
149 219
149 220
149 238
149 241
149 244
149 247
150 154
150 157
150 160
150 163
150 188
150 189
150 193
150 195
150 198
150 200
150 214
150 219
150 220
150 222
150 227
150 229
150 232
150 244
150 249
151 155
151 157
151 159
151 174
151 182
151 185
151 186
151 195
151 198
151 201
151 206
151 212
151 213
151 217
151 228
151 230
151 231
151 232
151 234
151 240
151 248
152 157
152 160
152 169
152 175
152 178
152 179
152 182
152 184
152 188
152 194
152 200
152 204
152 206
152 207
152 210
152 214
152 218
152 223
152 227
152 231
152 233
152 238
152 240
152 242
152 244
153 158
153 161
153 163
153 164
153 168
153 170
153 171
153 172
153 180
153 188
153 189
153 192
153 195
153 199
153 202
153 214
153 219
153 225
153 227
153 229
153 237
153 240
153 245
153 247
154 161
154 162
154 163
154 166
154 174
154 178
154 181
154 182
154 186
154 191
154 192
154 194
154 210
154 211
154 215
154 222
154 223
154 230
154 234
154 236
154 239
154 243
155 165
155 169
155 172
155 173
155 174
155 180
155 189
155 192
155 195
155 198
155 200
155 210
155 213
155 220
155 237
155 240
155 249
156 163
156 165
156 166
156 170
156 172
156 175
156 196
156 203
156 204
156 208
156 210
156 214
156 217
156 232
156 236
156 241
156 243
157 166
157 170
157 172
157 177
157 178
157 179
157 183
157 185
157 188
157 192
157 207
157 208
157 222
157 226
157 229
157 235
158 161
158 171
158 176
158 179
158 180
158 182
158 187
158 195
158 206
158 208
158 214
158 219
158 232
158 233
158 238
159 170
159 177
159 181
159 186
159 190
159 197
159 198
159 210
159 215
159 217
159 224
159 225
159 243
160 163
160 168
160 170
160 171
160 172
160 174
160 180
160 184
160 185
160 186
160 187
160 199
160 207
160 212
160 226
160 227
160 248
161 163
161 168
161 169
161 171
161 177
161 179
161 183
161 188
161 190
161 194
161 196
161 203
161 206
161 210
161 211
161 213
161 216
161 231
161 238
161 248
161 249
162 165
162 166
162 174
162 177
162 182
162 183
162 186
162 189
162 191
162 200
162 202
162 209
162 210
162 219
162 224
162 230
162 238
162 241
162 243
163 171
163 181
163 182
163 183
163 202
163 203
163 208
163 220
163 222
163 224
163 228
163 249
164 168
164 170
164 182
164 188
164 216
164 221
164 224
164 230
164 236
164 239
164 246
165 166
165 169
165 170
165 172
165 173
165 177
165 185
165 188
165 189
165 192
165 201
165 210
165 221
165 222
165 241
166 168
166 170
166 172
166 180
166 182
166 186
166 202
166 212
166 215
166 219
166 232
166 236
166 240
166 249
167 174
167 175
167 182
167 189
167 195
167 196
167 202
167 203
167 206
167 228
167 230
167 232
168 170
168 175
168 180
168 181
168 187
168 192
168 197
168 199
168 224
168 229
168 234
168 239
168 240
168 243
168 244
168 245
169 170
169 172
169 176
169 177
169 180
169 183
169 185
169 194
169 199
169 206
169 211
169 218
169 221
169 227
169 228
169 230
169 238
169 243
170 171
170 172
170 173
170 177
170 179
170 183
170 189
170 194
170 201
170 236
170 237
171 174
171 175
171 179
171 181
171 185
171 188
171 191
171 193
171 199
171 202
171 208
171 209
171 211
171 218
171 220
171 230
172 173
172 185
172 193
172 195
172 203
172 204
172 205
172 207
172 209
172 212
172 219
172 223
172 232
172 246
173 176
173 178
173 181
173 187
173 189
173 191
173 194
173 195
173 197
173 200
173 203
173 208
173 218
173 223
173 231
173 232
173 237
173 247
173 249
174 178
174 190
174 193
174 195
174 196
174 198
174 200
174 204
174 205
174 206
174 210
174 214
174 216
174 217
174 218
174 219
174 221
174 227
174 230
174 231
174 237
174 246
174 248
174 249
175 179
175 180
175 190
175 197
175 202
175 205
175 207
175 209
175 234
175 240
175 241
176 189
176 199
176 200
176 208
176 212
176 214
176 215
176 216
176 217
176 221
176 223
176 225
176 233
176 234
176 242
176 244
176 245
176 249
177 180
177 186
177 188
177 192
177 194
177 195
177 200
177 201
177 204
177 205
177 220
177 221
177 225
177 229
177 237
177 238
177 239
177 246
178 185
178 189
178 190
178 191
178 193
178 200
178 208
178 212
178 215
178 219
178 220
178 223
178 224
178 226
178 228
178 229
178 248
178 249
179 182
179 186
179 192
179 195
179 196
179 203
179 217
179 218
179 232
179 240
180 186
180 189
180 191
180 198
180 211
180 214
180 216
180 219
180 223
180 226
180 228
180 235
180 236
180 240
180 248
181 182
181 184
181 186
181 189
181 193
181 197
181 212
181 224
181 236
181 242
181 245
182 189
182 193
182 199
182 228
182 231
182 234
182 236
182 244
183 188
183 190
183 195
183 196
183 200
183 202
183 205
183 217
183 219
183 232
183 243
183 246
184 189
184 202
184 203
184 211
184 213
184 223
184 224
184 230
184 231
184 239
184 247
185 187
185 207
185 217
185 219
185 227
185 228
185 229
185 235
185 247
186 192
186 194
186 196
186 202
186 205
186 216
186 223
186 230
186 236
186 240
186 241
186 243
186 244
186 247
187 190
187 193
187 197
187 198
187 206
187 207
187 208
187 209
187 212
187 220
187 222
187 224
187 230
188 191
188 192
188 194
188 196
188 207
188 211
188 213
188 215
188 229
188 233
188 234
188 235
188 244
188 248
189 191
189 192
189 194
189 207
189 208
189 213
189 236
189 246
190 192
190 194
190 197
190 199
190 202
190 205
190 213
190 231
190 233
190 234
190 235
190 242
190 246
190 247
191 195
191 198
191 201
191 202
191 209
191 221
191 224
191 228
191 233
191 237
191 245
191 247
191 249
192 208
192 212
192 218
192 219
192 229
192 232
192 234
192 240
192 244
192 245
193 194
193 200
193 206
193 211
193 214
193 215
193 219
193 223
193 225
193 226
193 238
193 239
193 241
193 242
193 245
193 246
193 247
193 249
194 198
194 199
194 202
194 204
194 207
194 209
194 218
194 220
194 228
194 237
194 246
194 247
195 197
195 200
195 206
195 207
195 211
195 216
195 224
195 225
195 228
195 233
195 237
195 239
195 241
196 199
196 209
196 230
196 232
196 236
196 238
196 242
196 245
197 212
197 213
197 216
197 222
197 228
197 231
197 238
197 245
198 200
198 203
198 208
198 211
198 212
198 214
198 223
198 224
198 226
198 234
198 237
198 242
198 243
199 203
199 208
199 210
199 211
199 218
199 221
199 233
199 236
199 246
199 248
200 215
200 223
200 231
200 241
201 203
201 211
201 213
201 226
201 231
201 232
201 236
201 244
201 246
202 203
202 209
202 211
202 212
202 213
202 214
202 216
202 222
202 234
202 241
203 209
203 214
203 218
203 219
203 222
203 229
203 232
203 234
203 237
203 241
203 243
203 245
203 247
203 248
204 205
204 206
204 210
204 212
204 222
204 223
204 229
204 230
204 231
204 238
204 241
204 242
204 246
204 247
205 209
205 217
205 220
205 223
205 227
205 228
205 233
205 234
205 244
205 249
206 208
206 213
206 217
206 224
206 229
206 237
206 240
206 242
206 245
206 249
207 210
207 211
207 225
207 234
208 218
208 225
208 226
208 236
208 238
208 246
209 215
209 220
209 221
209 222
209 225
209 228
209 229
209 230
209 236
209 242
209 245
210 214
210 230
210 231
210 232
210 234
210 235
210 242
210 246
211 219
211 222
211 225
211 227
211 228
211 232
211 238
212 218
212 225
212 226
212 228
212 234
212 235
212 239
212 240
212 247
213 219
213 225
213 227
213 229
213 234
213 239
213 240
213 245
214 218
214 221
214 229
214 240
215 221
215 228
215 236
215 239
215 242
215 245
216 236
216 237
216 242
216 244
217 221
217 225
217 227
217 234
217 236
218 225
218 227
218 235
219 229
219 232
219 234
219 239
220 224
220 230
220 239
220 242
220 243
220 245
220 249
221 222
221 223
221 224
221 225
221 226
221 243
221 247
221 248
222 227
222 228
222 233
222 234
222 247
222 249
223 224
223 231
224 225
224 230
224 237
224 242
224 243
224 246
225 231
225 232
225 233
225 234
226 228
226 239
226 240
226 241
227 233
227 235
227 238
227 244
227 249
228 229
228 231
228 232
228 237
228 238
228 244
229 230
229 237
229 240
229 241
229 244
229 246
230 232
230 241
230 245
231 243
231 246
232 239
232 243
232 249
233 239
233 241
233 247
233 248
234 236
234 243
234 244
234 249
235 236
236 240
236 245
236 246
236 247
236 248
236 249
237 246
237 248
238 239
238 244
239 240
239 246
240 247
240 248
241 248
242 245
242 246
243 245
243 248
244 246
245 246
247 248
247 249

1 1 1 0 0 0 0 1 0 1 1 0 1 0 0 1 1 0 0 1 1 0 0 1 0 0 1 1 0 1 0 1 0 0 0 1 0 1 1 0 0 1 1 1 0 0 1 1 0 1 0 1 1 1 1 1 1 1 1 1 0 1 0 1 0 0 1 0 0 1 1 1 1 0 0 1 0 1 1 1 0 1 0 1 0 1 1 1 1 0 1 1 0 1 0 1 0 1 0 0 1 0 0 1 0 1 0 0 0 0 1 1 0 0 1 0 1 1 1 0 0 1 0 0 1 0 1 1 0 1 1 0 0 0 0 0 1 1 0 0 0 1 1 1 0 1 1 0 0 1 0 0 1 0 0 0 1 0 1 1 0 1 0 0 1 1 1 0 0 0 1 0 1 1 1 0 0 1 1 1 1 1 1 0 0 0 0 0 0 0 0 0 1 0 0 0 1 1 1 1 0 0 1 0 0 0 0 0 0 1 0 0 0 1 0 0 1 1 1 0 1 0 1 1 1 1 1 1 1 1 0 0 0 0 0 0 1 0 0 1 1 1 0 0 1 0 1 1 0 1