150 118
0 1 2 3 4 5 6 7 8 9 10 11 12 13 14 15 16 17 18 19 20 21 22 23 24 25 26 27 28 29 30 31 32 33 34 35 36 37 38 39 40 41 42 43 44 45 46 47 48 49 50 51 52 53 54 55 56 57 58 59 60 61 62 63 64 65 66 67 68 69 70 71 72 73 74 75 76 77 78 79 80 81 82 83 84 85 86 87 88 89 90 91 92 93 94 95 96 97 98 99 100 101 102 103 104 105 106 107 108 109 110 111 112 113 114 115 116 117 118 119 120 121 122 123 124 125 126 127 128 129 130 131 132 133 134 135 136 137 138 139 140 141 142 143 144 145 146 147 148 149
0 20
1 20
1 33
1 69
1 141
5 45
5 58
5 121
7 19
8 40
8 74
9 82
10 102
10 108
11 36
11 39
11 51
13 67
14 80
14 141
15 127
16 18
16 48
18 90
20 55
21 89
22 128
23 86
23 132
25 86
25 87
25 126
26 127
27 34
27 72
28 34
30 59
31 50
31 87
31 146
32 43
32 46
32 72
32 87
33 71
33 114
34 135
35 41
38 40
38 107
39 137
40 42
42 149
43 72
43 133
44 55
44 133
45 88
45 118
46 49
46 96
46 115
47 71
50 125
52 61
52 121
54 69
54 116
54 138
55 65
55 106
56 78
56 93
56 119
56 125
57 89
58 122
58 140
59 103
62 102
62 148
65 76
66 136
70 140
70 144
71 148
73 135
74 126
76 111
77 92
77 95
77 144
79 86
80 104
80 113
81 146
82 146
86 125
87 88
88 112
88 124
91 99
91 136
92 133
93 114
93 115
94 115
99 100
101 140
102 147
117 123
122 146
131 138
131 140
136 139
137 146
140 141
142 145

1 0 0 1 1 1 0 1 1 1 1 0 0 1 0 1 1 0 1 0 1 1 0 0 0 1 0 0 1 1 1 1 0 0 0 0 0 0 0 0 0 0 0 0 0 0 1 0 0 1 1 1 1 0 0 1 1 0 0 1 0 1 1 0 0 0 1 0 0 0 1 1 1 0 0 0 0 1 1 1 1 1 1 0 1 1 0 1 1 1 0 1 1 0 1 0 0 1 1 1 1 1 1 0 0 0 0 1 1 0 0 0 0 1 1 0 1 1 0 0 0 0 0 1 1 0 1 0 0 0 0 0 1 1 1 0 1 1 1 1 1 1 1 0 0 0 0 1 1 1