50 116
0 1 2 3 4 5 6 7 8 9 10 11 12 13 14 15 16 17 18 19 20 21 22 23 24 25 26 27 28 29 30 31 32 33 34 35 36 37 38 39 40 41 42 43 44 45 46 47 48 49
0 26
1 12
1 16
1 17
1 18
1 28
2 9
2 12
2 15
2 19
2 22
2 28
2 31
2 40
3 31
3 36
3 38
3 47
4 13
4 25
4 27
4 30
5 6
5 20
5 27
5 30
5 44
6 10
6 38
7 14
7 31
7 40
7 43
8 39
8 48
9 19
9 46
10 14
10 30
10 34
10 43
10 44
11 14
11 27
11 34
12 17
12 20
12 23
12 49
13 14
13 15
13 36
13 39
13 48
14 18
14 29
14 30
15 27
15 29
15 33
15 42
16 20
16 27
16 31
16 44
17 27
17 30
18 21
18 30
18 39
18 45
19 42
19 47
20 41
20 45
20 47
21 22
21 28
21 33
21 43
21 47
22 23
22 25
22 26
22 48
23 34
23 40
23 48
25 27
25 48
26 46
27 33
27 39
28 32
28 36
29 31
30 34
30 40
30 47
31 38
31 39
32 38
32 39
32 46
33 47
35 49
37 39
38 44
39 49
40 43
40 45
41 45
42 45
42 48
47 48
48 49

1 0 0 1 0 0 0 1 0 0 1 1 0 1 0 1 0 1 0 0 1 0 1 1 1 0 0 1 1 1 1 1 1 0 1 0 0 0 0 1 1 0 1 1 1 0 1 0 0 0