150 5531
0 1 2 3 4 5 6 7 8 9 10 11 12 13 14 15 16 17 18 19 20 21 22 23 24 25 26 27 28 29 30 31 32 33 34 35 36 37 38 39 40 41 42 43 44 45 46 47 48 49 50 51 52 53 54 55 56 57 58 59 60 61 62 63 64 65 66 67 68 69 70 71 72 73 74 75 76 77 78 79 80 81 82 83 84 85 86 87 88 89 90 91 92 93 94 95 96 97 98 99 100 101 102 103 104 105 106 107 108 109 110 111 112 113 114 115 116 117 118 119 120 121 122 123 124 125 126 127 128 129 130 131 132 133 134 135 136 137 138 139 140 141 142 143 144 145 146 147 148 149
0 5
0 10
0 12
0 14
0 16
0 19
0 22
0 23
0 24
0 27
0 28
0 30
0 34
0 35
0 36
0 38
0 45
0 47
0 52
0 54
0 55
0 56
0 57
0 60
0 62
0 63
0 64
0 68
0 69
0 71
0 72
0 73
0 74
0 76
0 77
0 80
0 81
0 82
0 83
0 84
0 86
0 87
0 89
0 90
0 91
0 92
0 95
0 96
0 98
0 100
0 101
0 102
0 106
0 107
0 109
0 111
0 112
0 113
0 116
0 119
0 120
0 121
0 124
0 125
0 129
0 133
0 134
0 137
0 138
0 139
0 142
0 143
0 145
0 146
0 148
0 149
1 3
1 5
1 6
1 7
1 8
1 9
1 10
1 11
1 14
1 16
1 17
1 18
1 19
1 20
1 21
1 22
1 24
1 27
1 28
1 29
1 30
1 31
1 34
1 37
1 38
1 39
1 40
1 41
1 45
1 47
1 49
1 50
1 52
1 54
1 59
1 62
1 65
1 66
1 68
1 70
1 72
1 73
1 77
1 78
1 79
1 82
1 86
1 88
1 90
1 91
1 92
1 93
1 95
1 97
1 98
1 101
1 107
1 111
1 112
1 113
1 114
1 117
1 120
1 121
1 122
1 124
1 125
1 126
1 129
1 130
1 131
1 132
1 135
1 137
1 139
1 141
1 143
1 146
2 3
2 4
2 5
2 7
2 10
2 12
2 14
2 15
2 19
2 22
2 24
2 26
2 27
2 29
2 33
2 34
2 35
2 39
2 40
2 42
2 44
2 45
2 46
2 47
2 48
2 49
2 50
2 51
2 52
2 53
2 57
2 59
2 60
2 61
2 63
2 69
2 70
2 74
2 75
2 78
2 80
2 81
2 82
2 83
2 85
2 89
2 91
2 92
2 93
2 94
2 95
2 97
2 99
2 101
2 102
2 104
2 105
2 109
2 113
2 114
2 115
2 117
2 120
2 122
2 123
2 124
2 125
2 128
2 129
2 130
2 134
2 137
2 139
2 141
2 142
2 143
2 144
2 145
2 147
2 148
2 149
3 6
3 7
3 8
3 11
3 13
3 19
3 27
3 28
3 29
3 35
3 36
3 38
3 44
3 46
3 47
3 48
3 49
3 50
3 54
3 55
3 57
3 58
3 65
3 67
3 68
3 69
3 71
3 72
3 73
3 74
3 76
3 77
3 78
3 79
3 80
3 81
3 82
3 83
3 86
3 87
3 92
3 95
3 96
3 97
3 98
3 99
3 100
3 102
3 103
3 104
3 105
3 109
3 114
3 115
3 116
3 118
3 122
3 123
3 127
3 128
3 129
3 130
3 132
3 133
3 134
3 135
3 137
3 138
3 139
3 144
3 145
3 147
3 149
4 5
4 6
4 13
4 15
4 17
4 19
4 21
4 22
4 24
4 25
4 30
4 33
4 34
4 35
4 36
4 37
4 38
4 40
4 42
4 43
4 47
4 48
4 49
4 50
4 52
4 56
4 59
4 62
4 63
4 66
4 67
4 68
4 69
4 74
4 79
4 80
4 82
4 84
4 85
4 87
4 91
4 92
4 93
4 94
4 95
4 97
4 98
4 99
4 100
4 101
4 103
4 107
4 108
4 112
4 116
4 118
4 119
4 121
4 124
4 126
4 129
4 135
4 137
4 140
4 143
4 144
4 147
5 6
5 8
5 11
5 13
5 14
5 15
5 16
5 17
5 20
5 21
5 24
5 27
5 29
5 30
5 31
5 33
5 34
5 38
5 39
5 41
5 42
5 44
5 45
5 46
5 49
5 50
5 53
5 54
5 57
5 60
5 61
5 62
5 63
5 64
5 65
5 66
5 72
5 75
5 78
5 79
5 80
5 81
5 83
5 86
5 88
5 94
5 101
5 102
5 104
5 106
5 109
5 113
5 117
5 119
5 120
5 128
5 129
5 133
5 135
5 138
5 141
6 7
6 9
6 10
6 14
6 15
6 16
6 17
6 20
6 22
6 30
6 31
6 33
6 34
6 35
6 39
6 40
6 42
6 44
6 46
6 48
6 50
6 51
6 52
6 53
6 54
6 57
6 58
6 60
6 62
6 64
6 65
6 66
6 68
6 70
6 75
6 78
6 83
6 85
6 87
6 88
6 93
6 94
6 95
6 97
6 98
6 99
6 101
6 102
6 106
6 107
6 108
6 110
6 112
6 113
6 119
6 121
6 122
6 124
6 128
6 129
6 130
6 134
6 135
6 137
6 142
6 145
6 147
6 149
7 9
7 10
7 12
7 14
7 16
7 22
7 23
7 26
7 27
7 31
7 33
7 34
7 39
7 41
7 42
7 44
7 47
7 48
7 56
7 57
7 58
7 59
7 62
7 64
7 68
7 70
7 72
7 73
7 76
7 77
7 78
7 79
7 84
7 89
7 90
7 92
7 93
7 94
7 101
7 104
7 105
7 106
7 107
7 108
7 109
7 111
7 113
7 114
7 115
7 117
7 118
7 122
7 126
7 127
7 129
7 130
7 131
7 133
7 137
7 139
7 140
7 141
7 142
7 145
7 147
7 149
8 9
8 10
8 11
8 12
8 13
8 16
8 17
8 18
8 21
8 23
8 24
8 26
8 27
8 31
8 34
8 37
8 38
8 39
8 42
8 43
8 44
8 46
8 48
8 50
8 52
8 54
8 55
8 58
8 59
8 60
8 62
8 63
8 64
8 66
8 67
8 68
8 69
8 70
8 71
8 72
8 75
8 76
8 84
8 85
8 86
8 88
8 89
8 92
8 93
8 99
8 100
8 105
8 106
8 109
8 110
8 111
8 115
8 117
8 118
8 120
8 121
8 125
8 128
8 131
8 134
8 135
8 137
8 141
8 143
8 146
8 147
8 149
9 12
9 15
9 18
9 19
9 20
9 21
9 22
9 26
9 29
9 30
9 31
9 32
9 33
9 34
9 36
9 39
9 41
9 43
9 44
9 46
9 51
9 54
9 56
9 59
9 60
9 61
9 62
9 65
9 66
9 71
9 74
9 75
9 76
9 77
9 78
9 79
9 84
9 86
9 88
9 89
9 90
9 91
9 92
9 93
9 95
9 96
9 97
9 99
9 100
9 103
9 104
9 105
9 109
9 110
9 112
9 114
9 115
9 117
9 118
9 119
9 121
9 126
9 130
9 131
9 136
9 137
9 139
9 141
9 144
9 149
10 11
10 12
10 13
10 14
10 19
10 20
10 21
10 30
10 32
10 34
10 36
10 37
10 38
10 39
10 41
10 43
10 45
10 47
10 52
10 53
10 54
10 56
10 58
10 60
10 62
10 64
10 65
10 67
10 70
10 72
10 74
10 78
10 79
10 82
10 83
10 84
10 85
10 87
10 89
10 90
10 92
10 100
10 101
10 103
10 105
10 106
10 107
10 109
10 111
10 113
10 115
10 116
10 117
10 121
10 123
10 124
10 126
10 129
10 130
10 131
10 132
10 133
10 135
10 136
10 138
10 139
10 141
10 142
10 144
10 145
10 147
10 149
11 12
11 17
11 22
11 24
11 25
11 26
11 28
11 31
11 36
11 37
11 41
11 42
11 43
11 45
11 46
11 48
11 50
11 51
11 53
11 55
11 56
11 57
11 58
11 60
11 61
11 62
11 64
11 65
11 68
11 72
11 74
11 76
11 79
11 80
11 81
11 82
11 83
11 85
11 86
11 90
11 96
11 98
11 99
11 101
11 102
11 103
11 104
11 105
11 106
11 107
11 109
11 112
11 113
11 115
11 116
11 117
11 118
11 119
11 120
11 122
11 123
11 124
11 129
11 130
11 131
11 134
11 135
11 136
11 140
11 141
11 144
11 145
11 147
11 149
12 13
12 18
12 19
12 26
12 28
12 29
12 30
12 33
12 34
12 40
12 41
12 42
12 43
12 44
12 47
12 54
12 55
12 57
12 59
12 60
12 62
12 65
12 67
12 69
12 70
12 72
12 75
12 77
12 78
12 81
12 82
12 86
12 88
12 91
12 92
12 96
12 100
12 102
12 105
12 106
12 109
12 110
12 113
12 114
12 115
12 116
12 119
12 124
12 127
12 131
12 133
12 134
12 136
12 137
12 138
12 139
12 140
12 141
12 143
12 144
12 145
12 146
12 148
13 15
13 16
13 20
13 21
13 22
13 23
13 27
13 28
13 29
13 30
13 34
13 36
13 41
13 42
13 43
13 45
13 48
13 52
13 54
13 55
13 56
13 57
13 58
13 60
13 61
13 63
13 66
13 67
13 68
13 70
13 71
13 72
13 74
13 76
13 81
13 83
13 84
13 85
13 86
13 87
13 88
13 89
13 97
13 99
13 101
13 104
13 106
13 110
13 111
13 113
13 118
13 119
13 122
13 125
13 129
13 130
13 131
13 133
13 137
13 140
13 144
13 145
13 147
13 148
14 16
14 18
14 22
14 23
14 25
14 26
14 27
14 29
14 30
14 40
14 42
14 43
14 44
14 46
14 48
14 49
14 51
14 52
14 54
14 56
14 57
14 61
14 63
14 64
14 66
14 68
14 69
14 70
14 72
14 74
14 76
14 77
14 78
14 79
14 80
14 81
14 84
14 85
14 86
14 89
14 92
14 93
14 95
14 97
14 101
14 103
14 104
14 108
14 109
14 112
14 114
14 117
14 118
14 120
14 122
14 123
14 127
14 128
14 131
14 135
14 136
14 137
14 138
15 16
15 19
15 21
15 22
15 23
15 25
15 27
15 29
15 30
15 31
15 33
15 34
15 35
15 37
15 39
15 42
15 46
15 49
15 50
15 51
15 54
15 55
15 56
15 58
15 59
15 61
15 62
15 67
15 68
15 70
15 78
15 80
15 83
15 84
15 88
15 89
15 90
15 91
15 94
15 97
15 99
15 100
15 101
15 104
15 105
15 107
15 108
15 109
15 110
15 111
15 112
15 114
15 116
15 117
15 118
15 124
15 127
15 129
15 130
15 131
15 133
15 134
15 135
15 136
15 138
15 147
15 148
16 18
16 19
16 20
16 21
16 24
16 25
16 27
16 28
16 30
16 31
16 33
16 34
16 35
16 37
16 38
16 41
16 42
16 43
16 45
16 48
16 49
16 50
16 52
16 53
16 54
16 55
16 57
16 60
16 63
16 64
16 66
16 69
16 71
16 73
16 78
16 79
16 80
16 82
16 84
16 85
16 86
16 91
16 93
16 94
16 95
16 96
16 97
16 102
16 103
16 105
16 106
16 108
16 109
16 111
16 112
16 114
16 115
16 116
16 117
16 122
16 125
16 126
16 129
16 130
16 131
16 133
16 136
16 138
16 139
16 140
16 141
16 142
16 143
16 145
16 146
16 147
16 149
17 22
17 23
17 24
17 29
17 32
17 35
17 39
17 41
17 43
17 45
17 46
17 48
17 49
17 50
17 53
17 54
17 56
17 57
17 58
17 59
17 60
17 65
17 66
17 67
17 70
17 71
17 75
17 76
17 77
17 78
17 80
17 81
17 82
17 84
17 86
17 88
17 89
17 91
17 92
17 93
17 94
17 96
17 97
17 100
17 101
17 104
17 105
17 108
17 110
17 113
17 114
17 115
17 116
17 117
17 118
17 119
17 123
17 127
17 128
17 129
17 131
17 132
17 133
17 137
17 140
17 141
17 145
17 149
18 19
18 20
18 21
18 22
18 23
18 25
18 26
18 27
18 30
18 32
18 33
18 34
18 35
18 36
18 37
18 39
18 40
18 41
18 44
18 46
18 48
18 51
18 52
18 55
18 57
18 59
18 62
18 63
18 71
18 72
18 76
18 84
18 85
18 87
18 98
18 99
18 102
18 103
18 107
18 109
18 111
18 113
18 116
18 120
18 121
18 122
18 124
18 126
18 127
18 128
18 130
18 133
18 136
18 137
18 140
18 142
18 143
18 145
18 149
19 25
19 30
19 32
19 33
19 34
19 35
19 36
19 38
19 39
19 40
19 42
19 44
19 45
19 46
19 47
19 48
19 49
19 51
19 53
19 55
19 57
19 59
19 61
19 62
19 64
19 65
19 69
19 70
19 71
19 73
19 77
19 78
19 79
19 81
19 82
19 84
19 86
19 90
19 94
19 98
19 99
19 101
19 105
19 106
19 108
19 110
19 111
19 113
19 114
19 117
19 118
19 119
19 120
19 121
19 124
19 133
19 135
19 139
19 140
19 143
19 145
20 22
20 23
20 24
20 26
20 29
20 31
20 33
20 34
20 38
20 39
20 41
20 42
20 44
20 51
20 53
20 54
20 55
20 57
20 60
20 62
20 63
20 68
20 70
20 71
20 72
20 76
20 79
20 81
20 82
20 85
20 86
20 87
20 89
20 93
20 96
20 97
20 98
20 99
20 102
20 104
20 105
20 106
20 107
20 116
20 117
20 121
20 122
20 124
20 126
20 129
20 130
20 132
20 134
20 135
20 136
20 137
20 139
20 141
20 146
20 149
21 23
21 27
21 28
21 30
21 31
21 34
21 35
21 39
21 40
21 43
21 46
21 48
21 50
21 51
21 53
21 54
21 59
21 60
21 61
21 62
21 64
21 67
21 70
21 73
21 75
21 76
21 78
21 79
21 88
21 89
21 90
21 92
21 95
21 96
21 97
21 98
21 99
21 102
21 103
21 104
21 105
21 106
21 108
21 110
21 113
21 114
21 115
21 117
21 123
21 124
21 125
21 127
21 128
21 129
21 130
21 133
21 135
21 138
21 141
21 144
21 145
21 146
21 148
22 23
22 27
22 29
22 30
22 33
22 38
22 44
22 45
22 46
22 49
22 51
22 52
22 54
22 57
22 62
22 63
22 65
22 66
22 68
22 71
22 77
22 78
22 79
22 80
22 81
22 89
22 95
22 96
22 101
22 102
22 104
22 105
22 108
22 110
22 112
22 117
22 118
22 122
22 123
22 125
22 126
22 127
22 128
22 130
22 132
22 133
22 134
22 135
22 136
22 141
22 145
22 146
22 147
22 149
23 25
23 27
23 29
23 30
23 34
23 36
23 37
23 43
23 46
23 47
23 48
23 51
23 52
23 53
23 54
23 55
23 58
23 60
23 62
23 63
23 64
23 65
23 68
23 69
23 72
23 74
23 75
23 81
23 82
23 83
23 84
23 85
23 86
23 88
23 90
23 91
23 93
23 94
23 95
23 96
23 99
23 102
23 103
23 105
23 107
23 110
23 111
23 116
23 118
23 119
23 120
23 124
23 128
23 131
23 133
23 134
23 136
23 139
23 140
23 145
23 147
23 148
24 25
24 29
24 31
24 34
24 35
24 37
24 38
24 40
24 45
24 46
24 49
24 51
24 52
24 53
24 55
24 56
24 59
24 60
24 64
24 65
24 68
24 69
24 74
24 76
24 80
24 82
24 83
24 84
24 88
24 90
24 92
24 94
24 96
24 97
24 99
24 100
24 102
24 106
24 107
24 108
24 109
24 111
24 112
24 114
24 118
24 121
24 122
24 127
24 128
24 130
24 132
24 134
24 135
24 137
24 138
24 139
24 141
24 143
24 144
24 147
25 27
25 29
25 30
25 32
25 33
25 35
25 41
25 43
25 44
25 48
25 54
25 57
25 59
25 60
25 62
25 63
25 66
25 67
25 68
25 69
25 71
25 72
25 74
25 75
25 76
25 77
25 82
25 83
25 84
25 85
25 87
25 90
25 91
25 92
25 94
25 95
25 97
25 99
25 100
25 101
25 105
25 108
25 112
25 114
25 115
25 116
25 117
25 118
25 121
25 124
25 125
25 126
25 127
25 128
25 132
25 133
25 134
25 136
25 137
25 138
25 139
25 143
25 147
25 149
26 29
26 30
26 31
26 35
26 37
26 39
26 40
26 43
26 44
26 45
26 47
26 50
26 51
26 52
26 54
26 55
26 56
26 57
26 58
26 59
26 61
26 63
26 66
26 71
26 72
26 73
26 77
26 79
26 80
26 82
26 84
26 85
26 88
26 90
26 91
26 95
26 97
26 101
26 106
26 107
26 108
26 109
26 110
26 111
26 114
26 115
26 117
26 119
26 121
26 122
26 123
26 126
26 128
26 130
26 131
26 134
26 137
26 140
26 144
26 146
26 147
27 29
27 30
27 31
27 32
27 34
27 38
27 40
27 42
27 44
27 47
27 50
27 57
27 58
27 60
27 62
27 64
27 65
27 68
27 74
27 76
27 78
27 79
27 83
27 84
27 85
27 88
27 90
27 92
27 93
27 97
27 98
27 102
27 104
27 105
27 109
27 112
27 115
27 116
27 119
27 120
27 121
27 123
27 124
27 126
27 129
27 133
27 134
27 135
27 137
27 138
27 141
27 142
27 143
27 144
27 148
27 149
28 29
28 30
28 33
28 34
28 35
28 36
28 41
28 42
28 43
28 45
28 46
28 48
28 50
28 52
28 53
28 54
28 55
28 57
28 59
28 60
28 66
28 68
28 72
28 73
28 74
28 77
28 78
28 79
28 80
28 82
28 83
28 85
28 86
28 88
28 89
28 90
28 95
28 96
28 97
28 98
28 101
28 102
28 103
28 105
28 106
28 107
28 108
28 115
28 118
28 119
28 120
28 122
28 123
28 127
28 128
28 129
28 131
28 134
28 135
28 136
28 142
28 143
28 146
28 147
28 149
29 32
29 33
29 37
29 38
29 39
29 45
29 46
29 47
29 48
29 50
29 52
29 53
29 54
29 55
29 57
29 58
29 61
29 63
29 64
29 65
29 66
29 71
29 72
29 74
29 77
29 78
29 80
29 81
29 84
29 85
29 88
29 89
29 91
29 92
29 97
29 99
29 103
29 104
29 105
29 106
29 108
29 112
29 113
29 115
29 120
29 122
29 123
29 124
29 126
29 130
29 133
29 134
29 135
29 136
29 138
29 139
29 142
29 145
29 146
29 148
30 31
30 32
30 34
30 37
30 38
30 40
30 41
30 42
30 43
30 44
30 45
30 52
30 53
30 54
30 56
30 59
30 60
30 62
30 64
30 65
30 67
30 69
30 73
30 74
30 76
30 79
30 80
30 81
30 83
30 84
30 85
30 86
30 87
30 88
30 90
30 91
30 93
30 94
30 97
30 100
30 102
30 109
30 110
30 114
30 115
30 118
30 121
30 127
30 128
30 131
30 132
30 135
30 139
30 140
30 141
30 142
30 143
30 145
30 147
30 149
31 32
31 34
31 37
31 41
31 44
31 45
31 47
31 48
31 49
31 50
31 51
31 52
31 53
31 54
31 55
31 56
31 57
31 62
31 63
31 64
31 67
31 68
31 69
31 70
31 71
31 72
31 73
31 74
31 75
31 76
31 77
31 79
31 80
31 81
31 84
31 85
31 87
31 90
31 91
31 93
31 95
31 97
31 98
31 99
31 102
31 106
31 107
31 109
31 111
31 112
31 115
31 118
31 119
31 122
31 123
31 124
31 125
31 126
31 127
31 128
31 130
31 131
31 132
31 133
31 134
31 135
31 137
31 138
31 140
31 145
31 147
31 148
31 149
32 34
32 36
32 38
32 39
32 45
32 48
32 52
32 55
32 56
32 57
32 58
32 60
32 62
32 64
32 65
32 66
32 70
32 73
32 74
32 76
32 77
32 78
32 79
32 80
32 86
32 87
32 89
32 90
32 92
32 93
32 95
32 99
32 102
32 103
32 104
32 105
32 107
32 112
32 115
32 116
32 118
32 119
32 121
32 124
32 126
32 127
32 128
32 130
32 131
32 134
32 138
32 140
32 141
32 144
32 145
32 146
32 149
33 34
33 38
33 41
33 42
33 44
33 47
33 49
33 51
33 52
33 53
33 55
33 57
33 58
33 60
33 62
33 64
33 65
33 66
33 68
33 71
33 73
33 74
33 75
33 76
33 77
33 78
33 79
33 80
33 82
33 86
33 87
33 88
33 90
33 93
33 95
33 98
33 99
33 103
33 104
33 111
33 113
33 114
33 115
33 122
33 123
33 124
33 125
33 126
33 127
33 128
33 129
33 131
33 134
33 137
33 139
33 140
33 141
33 143
33 145
34 36
34 37
34 39
34 41
34 43
34 44
34 45
34 47
34 48
34 49
34 51
34 52
34 54
34 57
34 58
34 59
34 62
34 66
34 68
34 72
34 74
34 75
34 81
34 83
34 85
34 87
34 89
34 90
34 91
34 93
34 94
34 95
34 96
34 98
34 100
34 104
34 107
34 108
34 111
34 115
34 117
34 118
34 119
34 121
34 124
34 127
34 129
34 131
34 133
34 134
34 136
34 138
34 141
34 143
34 147
34 148
35 37
35 41
35 42
35 45
35 47
35 48
35 51
35 52
35 53
35 54
35 56
35 58
35 59
35 61
35 62
35 64
35 65
35 66
35 67
35 69
35 70
35 75
35 78
35 79
35 86
35 87
35 88
35 90
35 93
35 95
35 96
35 97
35 98
35 100
35 102
35 103
35 105
35 106
35 107
35 109
35 111
35 113
35 116
35 117
35 119
35 120
35 122
35 124
35 125
35 126
35 130
35 132
35 135
35 136
35 139
35 141
35 142
35 143
35 146
35 149
36 39
36 40
36 43
36 45
36 48
36 49
36 50
36 54
36 55
36 56
36 57
36 59
36 60
36 61
36 66
36 67
36 68
36 69
36 70
36 71
36 75
36 79
36 81
36 82
36 84
36 85
36 86
36 87
36 90
36 91
36 93
36 94
36 95
36 100
36 102
36 103
36 104
36 106
36 107
36 113
36 114
36 118
36 119
36 123
36 126
36 127
36 128
36 129
36 130
36 135
36 136
36 140
36 141
36 142
36 145
36 147
36 148
37 39
37 40
37 45
37 46
37 47
37 50
37 52
37 53
37 55
37 57
37 58
37 61
37 67
37 68
37 69
37 70
37 73
37 76
37 81
37 83
37 84
37 87
37 88
37 90
37 92
37 93
37 94
37 97
37 101
37 102
37 104
37 105
37 106
37 110
37 111
37 113
37 114
37 115
37 116
37 117
37 119
37 121
37 126
37 133
37 134
37 136
37 137
37 138
37 139
37 141
37 142
37 143
37 144
37 147
37 148
38 39
38 41
38 42
38 43
38 45
38 46
38 49
38 50
38 51
38 53
38 54
38 56
38 58
38 59
38 60
38 63
38 65
38 66
38 67
38 69
38 72
38 75
38 78
38 79
38 81
38 83
38 88
38 89
38 94
38 97
38 98
38 99
38 101
38 105
38 108
38 109
38 110
38 111
38 112
38 113
38 114
38 115
38 117
38 119
38 120
38 125
38 127
38 128
38 132
38 133
38 134
38 137
38 140
38 142
38 143
38 145
38 146
39 40
39 41
39 43
39 44
39 48
39 49
39 50
39 51
39 53
39 56
39 58
39 60
39 70
39 71
39 72
39 73
39 74
39 76
39 78
39 79
39 80
39 84
39 85
39 87
39 88
39 89
39 94
39 97
39 99
39 100
39 101
39 102
39 104
39 105
39 108
39 110
39 111
39 112
39 113
39 114
39 117
39 118
39 119
39 122
39 125
39 127
39 128
39 132
39 138
39 140
39 141
39 142
39 143
39 144
39 145
39 146
39 147
39 148
39 149
40 43
40 44
40 45
40 51
40 52
40 55
40 58
40 62
40 65
40 66
40 71
40 72
40 75
40 76
40 77
40 78
40 79
40 80
40 81
40 82
40 85
40 86
40 90
40 91
40 92
40 94
40 97
40 98
40 103
40 104
40 106
40 108
40 110
40 111
40 112
40 114
40 116
40 117
40 122
40 123
40 124
40 127
40 132
40 133
40 136
40 141
40 142
40 145
40 148
41 43
41 45
41 49
41 50
41 53
41 54
41 58
41 59
41 64
41 67
41 68
41 72
41 73
41 74
41 78
41 79
41 81
41 83
41 85
41 88
41 91
41 93
41 94
41 97
41 99
41 100
41 101
41 103
41 106
41 107
41 108
41 111
41 113
41 114
41 117
41 119
41 120
41 122
41 125
41 126
41 129
41 130
41 131
41 132
41 133
41 134
41 135
41 141
41 143
41 146
41 148
42 43
42 45
42 50
42 51
42 57
42 60
42 61
42 64
42 66
42 68
42 69
42 71
42 73
42 74
42 75
42 77
42 78
42 83
42 84
42 85
42 87
42 91
42 92
42 94
42 95
42 96
42 97
42 98
42 100
42 102
42 105
42 110
42 111
42 113
42 114
42 116
42 117
42 120
42 121
42 123
42 127
42 129
42 131
42 136
42 137
42 139
42 140
42 141
42 142
42 143
42 146
42 149
43 44
43 45
43 46
43 47
43 51
43 58
43 61
43 63
43 64
43 69
43 70
43 75
43 78
43 79
43 82
43 83
43 84
43 85
43 86
43 88
43 89
43 90
43 91
43 92
43 95
43 96
43 97
43 100
43 101
43 103
43 104
43 105
43 106
43 107
43 109
43 111
43 114
43 115
43 117
43 118
43 122
43 123
43 126
43 128
43 131
43 132
43 135
43 140
43 143
43 146
43 147
43 148
43 149
44 45
44 49
44 51
44 52
44 53
44 54
44 55
44 56
44 57
44 59
44 62
44 63
44 67
44 70
44 73
44 75
44 76
44 78
44 79
44 81
44 83
44 84
44 86
44 87
44 90
44 92
44 93
44 94
44 95
44 97
44 100
44 102
44 104
44 107
44 110
44 112
44 113
44 114
44 115
44 119
44 120
44 121
44 122
44 124
44 125
44 128
44 133
44 135
44 141
44 142
44 143
44 145
45 46
45 47
45 48
45 50
45 52
45 53
45 54
45 57
45 58
45 59
45 60
45 66
45 69
45 72
45 75
45 76
45 77
45 78
45 79
45 81
45 82
45 84
45 86
45 87
45 89
45 92
45 93
45 94
45 95
45 99
45 102
45 103
45 104
45 105
45 106
45 108
45 111
45 113
45 114
45 115
45 116
45 117
45 119
45 120
45 121
45 124
45 125
45 126
45 127
45 128
45 130
45 134
45 136
45 137
45 138
45 141
45 142
45 143
45 144
45 145
45 146
46 48
46 49
46 52
46 53
46 54
46 55
46 59
46 60
46 61
46 63
46 64
46 65
46 70
46 74
46 75
46 76
46 77
46 81
46 82
46 83
46 84
46 87
46 93
46 96
46 98
46 100
46 103
46 104
46 107
46 108
46 109
46 115
46 117
46 119
46 121
46 122
46 123
46 125
46 127
46 130
46 131
46 133
46 134
46 135
46 136
46 140
46 141
46 142
46 143
46 145
47 48
47 52
47 56
47 57
47 58
47 59
47 64
47 65
47 69
47 71
47 72
47 73
47 75
47 76
47 77
47 83
47 87
47 89
47 90
47 91
47 92
47 95
47 96
47 97
47 98
47 99
47 100
47 101
47 103
47 106
47 107
47 108
47 109
47 112
47 113
47 115
47 118
47 121
47 124
47 127
47 130
47 131
47 134
47 136
47 140
47 141
47 142
47 143
47 146
47 148
47 149
48 49
48 50
48 53
48 55
48 57
48 58
48 59
48 60
48 61
48 63
48 64
48 66
48 69
48 70
48 72
48 76
48 77
48 78
48 79
48 80
48 83
48 84
48 86
48 90
48 91
48 94
48 99
48 104
48 105
48 106
48 107
48 111
48 112
48 113
48 115
48 116
48 117
48 118
48 120
48 121
48 122
48 128
48 129
48 130
48 136
48 137
48 139
48 142
48 146
48 148
49 50
49 51
49 53
49 57
49 59
49 63
49 64
49 65
49 70
49 71
49 72
49 77
49 78
49 80
49 82
49 83
49 87
49 90
49 93
49 95
49 97
49 99
49 100
49 102
49 103
49 108
49 110
49 111
49 112
49 113
49 115
49 116
49 117
49 119
49 120
49 121
49 122
49 123
49 124
49 125
49 126
49 127
49 131
49 138
49 140
49 141
49 145
49 147
49 149
50 55
50 56
50 58
50 60
50 63
50 64
50 65
50 66
50 68
50 71
50 72
50 74
50 75
50 77
50 78
50 79
50 84
50 87
50 88
50 89
50 91
50 94
50 95
50 96
50 98
50 99
50 100
50 102
50 105
50 106
50 107
50 108
50 111
50 112
50 117
50 119
50 120
50 121
50 122
50 123
50 124
50 127
50 129
50 130
50 135
50 136
50 140
50 144
50 145
50 148
50 149
51 53
51 55
51 61
51 62
51 64
51 65
51 66
51 70
51 72
51 73
51 75
51 76
51 77
51 79
51 80
51 81
51 83
51 85
51 86
51 88
51 89
51 90
51 91
51 92
51 95
51 96
51 98
51 99
51 101
51 103
51 107
51 108
51 110
51 111
51 115
51 116
51 119
51 121
51 123
51 124
51 125
51 127
51 128
51 132
51 133
51 135
51 141
51 142
51 143
51 144
51 145
51 147
52 53
52 55
52 58
52 60
52 61
52 64
52 67
52 68
52 69
52 71
52 72
52 75
52 77
52 80
52 82
52 84
52 88
52 91
52 92
52 93
52 95
52 96
52 99
52 104
52 106
52 111
52 112
52 114
52 115
52 116
52 117
52 118
52 119
52 124
52 125
52 127
52 129
52 130
52 131
52 132
52 133
52 143
52 144
52 146
52 148
52 149
53 54
53 55
53 59
53 60
53 62
53 63
53 66
53 67
53 68
53 77
53 78
53 79
53 80
53 82
53 83
53 84
53 89
53 90
53 91
53 93
53 94
53 99
53 100
53 101
53 103
53 104
53 106
53 107
53 108
53 112
53 113
53 115
53 118
53 119
53 120
53 124
53 126
53 127
53 129
53 132
53 134
53 135
53 140
53 148
54 57
54 58
54 59
54 63
54 65
54 68
54 69
54 75
54 76
54 77
54 78
54 80
54 81
54 82
54 83
54 85
54 86
54 87
54 88
54 90
54 91
54 95
54 96
54 97
54 98
54 100
54 101
54 103
54 104
54 107
54 110
54 113
54 114
54 115
54 118
54 119
54 123
54 125
54 127
54 128
54 132
54 133
54 134
54 136
54 137
54 138
54 139
54 140
54 142
54 143
54 144
54 145
54 147
55 58
55 59
55 60
55 61
55 63
55 66
55 67
55 71
55 72
55 74
55 76
55 80
55 81
55 82
55 84
55 87
55 91
55 95
55 96
55 98
55 99
55 100
55 101
55 102
55 105
55 106
55 107
55 108
55 109
55 110
55 111
55 112
55 114
55 115
55 116
55 117
55 120
55 121
55 122
55 125
55 126
55 127
55 132
55 136
55 138
55 139
55 141
55 146
55 148
56 57
56 61
56 62
56 63
56 66
56 68
56 69
56 70
56 72
56 75
56 77
56 78
56 85
56 89
56 90
56 92
56 94
56 98
56 99
56 100
56 101
56 102
56 103
56 106
56 107
56 109
56 110
56 117
56 118
56 120
56 122
56 123
56 127
56 129
56 130
56 131
56 132
56 133
56 137
56 138
56 140
56 141
56 142
56 144
56 146
57 60
57 61
57 63
57 65
57 72
57 75
57 76
57 77
57 78
57 82
57 84
57 86
57 87
57 89
57 93
57 94
57 97
57 98
57 99
57 100
57 102
57 103
57 104
57 108
57 109
57 111
57 113
57 114
57 116
57 117
57 119
57 120
57 122
57 127
57 128
57 129
57 132
57 136
57 137
57 138
57 140
57 144
57 145
57 146
57 148
58 62
58 64
58 67
58 69
58 70
58 74
58 78
58 79
58 82
58 87
58 89
58 92
58 94
58 95
58 96
58 100
58 101
58 103
58 104
58 106
58 110
58 111
58 114
58 116
58 119
58 121
58 123
58 124
58 128
58 133
58 136
58 138
58 139
58 142
58 144
58 145
58 149
59 60
59 62
59 66
59 68
59 69
59 70
59 71
59 73
59 77
59 78
59 81
59 82
59 84
59 86
59 89
59 92
59 95
59 96
59 97
59 102
59 105
59 110
59 113
59 115
59 117
59 118
59 121
59 122
59 129
59 132
59 136
59 137
59 139
59 141
59 142
59 143
59 145
59 146
59 147
59 148
59 149
60 64
60 68
60 71
60 74
60 75
60 80
60 83
60 84
60 85
60 91
60 93
60 94
60 96
60 97
60 98
60 99
60 100
60 101
60 106
60 107
60 109
60 111
60 112
60 114
60 118
60 120
60 121
60 123
60 124
60 125
60 126
60 127
60 131
60 140
60 143
60 144
60 145
60 147
60 148
61 64
61 66
61 67
61 69
61 70
61 71
61 73
61 77
61 81
61 82
61 84
61 85
61 86
61 87
61 88
61 89
61 90
61 93
61 97
61 100
61 101
61 102
61 104
61 106
61 107
61 110
61 111
61 112
61 115
61 117
61 118
61 122
61 125
61 126
61 129
61 130
61 131
61 134
61 135
61 139
61 142
61 144
61 146
61 148
62 64
62 66
62 68
62 69
62 70
62 72
62 73
62 75
62 76
62 79
62 80
62 82
62 83
62 84
62 88
62 90
62 92
62 94
62 98
62 101
62 102
62 105
62 106
62 107
62 108
62 113
62 116
62 117
62 119
62 124
62 125
62 126
62 127
62 131
62 133
62 135
62 136
62 141
62 142
62 144
62 148
62 149
63 67
63 68
63 70
63 73
63 74
63 76
63 82
63 85
63 87
63 92
63 96
63 97
63 98
63 99
63 101
63 103
63 106
63 107
63 108
63 111
63 113
63 115
63 116
63 118
63 120
63 122
63 126
63 127
63 129
63 131
63 137
63 138
63 143
63 145
63 147
63 148
63 149
64 65
64 67
64 70
64 71
64 78
64 79
64 83
64 87
64 89
64 91
64 92
64 93
64 94
64 95
64 96
64 98
64 100
64 101
64 102
64 104
64 105
64 107
64 108
64 109
64 112
64 113
64 114
64 116
64 118
64 119
64 121
64 123
64 124
64 131
64 132
64 133
64 135
64 136
64 137
64 140
64 141
64 142
64 143
64 144
64 147
65 70
65 71
65 72
65 74
65 75
65 80
65 81
65 82
65 86
65 90
65 91
65 98
65 99
65 100
65 102
65 104
65 105
65 106
65 108
65 110
65 111
65 112
65 115
65 117
65 123
65 129
65 130
65 131
65 132
65 133
65 134
65 135
65 136
65 137
65 138
65 139
65 141
65 142
65 143
66 70
66 73
66 74
66 75
66 81
66 85
66 86
66 87
66 89
66 91
66 94
66 96
66 97
66 100
66 101
66 105
66 109
66 110
66 111
66 117
66 118
66 120
66 121
66 126
66 128
66 129
66 132
66 134
66 136
66 137
66 140
66 141
66 142
66 143
66 145
66 146
67 68
67 70
67 71
67 72
67 73
67 77
67 78
67 80
67 82
67 83
67 90
67 91
67 92
67 94
67 95
67 102
67 103
67 104
67 105
67 106
67 107
67 110
67 112
67 118
67 119
67 120
67 121
67 122
67 123
67 125
67 132
67 133
67 137
67 138
67 140
67 143
67 144
67 146
67 148
68 71
68 78
68 80
68 81
68 85
68 86
68 87
68 88
68 89
68 90
68 92
68 93
68 94
68 98
68 100
68 104
68 107
68 108
68 112
68 113
68 115
68 117
68 119
68 122
68 123
68 124
68 126
68 131
68 132
68 133
68 134
68 136
68 137
68 138
68 139
68 141
68 144
68 147
69 70
69 71
69 76
69 78
69 79
69 82
69 86
69 88
69 89
69 91
69 92
69 93
69 96
69 97
69 103
69 104
69 105
69 106
69 109
69 114
69 116
69 117
69 119
69 121
69 122
69 125
69 129
69 130
69 131
69 132
69 134
69 137
69 139
69 140
69 142
69 143
69 147
69 148
70 71
70 73
70 75
70 76
70 77
70 79
70 82
70 83
70 85
70 86
70 91
70 92
70 93
70 96
70 97
70 99
70 100
70 102
70 103
70 105
70 109
70 111
70 112
70 115
70 116
70 120
70 123
70 124
70 125
70 126
70 127
70 131
70 134
70 136
70 137
70 138
70 140
70 145
70 149
71 72
71 73
71 76
71 79
71 82
71 85
71 86
71 90
71 91
71 92
71 94
71 95
71 97
71 99
71 103
71 105
71 107
71 108
71 109
71 111
71 113
71 115
71 116
71 118
71 119
71 122
71 124
71 127
71 129
71 132
71 133
71 134
71 137
71 141
71 142
71 145
71 146
71 148
72 76
72 77
72 82
72 83
72 85
72 87
72 88
72 91
72 92
72 95
72 98
72 100
72 101
72 103
72 112
72 115
72 117
72 119
72 120
72 121
72 126
72 127
72 128
72 130
72 133
72 134
72 136
72 137
72 140
72 141
72 149
73 74
73 76
73 78
73 79
73 80
73 82
73 85
73 86
73 87
73 92
73 93
73 95
73 96
73 98
73 99
73 100
73 104
73 105
73 107
73 108
73 110
73 111
73 112
73 115
73 116
73 117
73 119
73 120
73 124
73 125
73 130
73 135
73 136
73 138
73 140
73 141
73 142
73 144
73 146
73 148
74 75
74 79
74 85
74 86
74 87
74 90
74 94
74 96
74 100
74 101
74 102
74 103
74 104
74 107
74 109
74 110
74 119
74 120
74 121
74 123
74 124
74 128
74 129
74 130
74 132
74 133
74 134
74 140
74 142
74 143
74 146
74 147
75 76
75 82
75 83
75 84
75 86
75 87
75 89
75 90
75 93
75 95
75 96
75 97
75 98
75 99
75 100
75 103
75 104
75 105
75 111
75 113
75 114
75 115
75 119
75 120
75 123
75 131
75 132
75 134
75 136
75 137
75 138
75 139
75 140
75 141
75 143
76 77
76 78
76 81
76 82
76 83
76 84
76 85
76 86
76 87
76 90
76 94
76 97
76 104
76 105
76 106
76 107
76 108
76 109
76 110
76 111
76 112
76 115
76 116
76 117
76 119
76 120
76 124
76 125
76 129
76 131
76 133
76 134
76 135
76 136
76 137
76 138
76 140
76 145
76 147
76 148
77 81
77 83
77 85
77 86
77 87
77 89
77 90
77 91
77 92
77 96
77 97
77 100
77 101
77 103
77 104
77 107
77 109
77 112
77 114
77 117
77 118
77 119
77 120
77 121
77 123
77 125
77 126
77 127
77 128
77 129
77 130
77 131
77 132
77 133
77 135
77 137
77 138
77 139
77 140
77 145
77 146
77 147
78 79
78 82
78 85
78 88
78 89
78 92
78 94
78 95
78 97
78 98
78 101
78 102
78 104
78 105
78 107
78 112
78 116
78 119
78 121
78 122
78 131
78 133
78 135
78 142
78 143
78 144
78 145
78 146
78 149
79 82
79 83
79 86
79 87
79 88
79 89
79 92
79 93
79 95
79 96
79 99
79 100
79 101
79 104
79 106
79 109
79 110
79 112
79 113
79 114
79 115
79 119
79 120
79 122
79 123
79 125
79 126
79 127
79 128
79 129
79 130
79 132
79 133
79 136
79 137
79 140
79 142
79 144
79 145
79 146
79 147
79 148
80 81
80 83
80 85
80 87
80 89
80 94
80 95
80 97
80 100
80 101
80 104
80 107
80 108
80 109
80 110
80 112
80 113
80 117
80 119
80 120
80 123
80 124
80 128
80 135
80 138
80 139
80 141
80 142
80 144
80 149
81 82
81 84
81 89
81 92
81 95
81 96
81 97
81 99
81 101
81 103
81 104
81 105
81 106
81 111
81 113
81 114
81 118
81 119
81 123
81 126
81 127
81 129
81 130
81 131
81 136
81 138
81 139
81 143
81 146
82 85
82 86
82 88
82 89
82 90
82 91
82 92
82 93
82 94
82 95
82 96
82 99
82 103
82 104
82 105
82 106
82 107
82 111
82 112
82 113
82 114
82 118
82 122
82 123
82 124
82 125
82 128
82 129
82 130
82 131
82 133
82 134
82 136
82 142
82 144
82 147
82 149
83 84
83 85
83 87
83 92
83 93
83 98
83 102
83 105
83 111
83 112
83 113
83 114
83 118
83 120
83 121
83 122
83 123
83 124
83 126
83 128
83 129
83 130
83 132
83 134
83 136
83 139
83 143
83 144
83 145
83 147
83 148
83 149
84 85
84 86
84 87
84 88
84 89
84 90
84 92
84 94
84 99
84 103
84 104
84 105
84 107
84 108
84 112
84 114
84 115
84 119
84 122
84 123
84 126
84 131
84 133
84 134
84 135
84 138
84 139
84 140
84 142
84 143
84 144
84 145
84 146
84 147
84 148
85 87
85 88
85 91
85 92
85 93
85 96
85 98
85 99
85 103
85 107
85 114
85 115
85 121
85 126
85 128
85 129
85 131
85 134
85 135
85 136
85 140
85 143
85 144
85 146
85 148
86 87
86 88
86 91
86 92
86 94
86 96
86 97
86 98
86 100
86 101
86 102
86 103
86 105
86 107
86 108
86 110
86 111
86 112
86 113
86 115
86 116
86 118
86 122
86 123
86 124
86 126
86 130
86 132
86 136
86 141
86 144
86 145
86 147
86 148
86 149
87 88
87 90
87 91
87 93
87 96
87 97
87 98
87 102
87 108
87 109
87 110
87 111
87 112
87 114
87 116
87 117
87 118
87 120
87 121
87 122
87 123
87 125
87 127
87 129
87 130
87 133
87 136
87 139
87 141
87 142
87 143
87 144
87 145
87 147
87 149
88 94
88 99
88 101
88 102
88 103
88 104
88 106
88 107
88 108
88 111
88 114
88 117
88 118
88 119
88 121
88 124
88 125
88 127
88 128
88 131
88 132
88 133
88 135
88 137
88 139
88 140
88 141
88 146
88 147
88 149
89 90
89 92
89 96
89 97
89 98
89 101
89 102
89 108
89 110
89 113
89 114
89 116
89 117
89 122
89 124
89 125
89 126
89 128
89 129
89 131
89 132
89 134
89 136
89 138
89 140
89 141
89 145
89 147
89 148
90 91
90 92
90 93
90 94
90 97
90 98
90 99
90 100
90 102
90 105
90 107
90 111
90 112
90 113
90 114
90 116
90 118
90 121
90 126
90 128
90 134
90 135
90 136
90 138
90 142
90 143
90 144
90 145
90 147
90 149
91 93
91 94
91 97
91 99
91 101
91 102
91 103
91 106
91 110
91 112
91 113
91 115
91 116
91 117
91 122
91 123
91 124
91 125
91 127
91 131
91 134
91 136
91 138
91 140
91 142
91 144
91 146
91 149
92 93
92 94
92 95
92 97
92 101
92 103
92 104
92 106
92 107
92 108
92 111
92 113
92 115
92 116
92 117
92 120
92 121
92 124
92 131
92 132
92 134
92 135
92 136
92 139
92 140
92 141
92 143
92 146
92 148
93 94
93 100
93 103
93 105
93 107
93 108
93 109
93 110
93 111
93 114
93 116
93 118
93 120
93 121
93 128
93 129
93 130
93 131
93 132
93 133
93 134
93 135
93 136
93 137
93 138
93 139
93 142
93 143
93 145
93 148
94 96
94 98
94 99
94 100
94 102
94 103
94 111
94 114
94 115
94 117
94 118
94 119
94 120
94 121
94 122
94 123
94 124
94 125
94 128
94 129
94 130
94 133
94 134
94 135
94 136
94 137
94 139
94 141
94 142
94 144
94 146
94 147
94 148
95 97
95 98
95 105
95 109
95 111
95 112
95 117
95 119
95 123
95 124
95 125
95 126
95 127
95 130
95 131
95 133
95 136
95 141
95 143
95 144
95 148
96 97
96 99
96 102
96 103
96 106
96 107
96 109
96 111
96 116
96 117
96 119
96 121
96 122
96 124
96 127
96 129
96 135
96 139
96 140
96 146
96 149
97 98
97 101
97 102
97 104
97 105
97 108
97 109
97 110
97 112
97 113
97 114
97 115
97 116
97 117
97 120
97 121
97 122
97 123
97 125
97 131
97 134
97 137
97 141
97 143
97 147
97 149
98 99
98 101
98 103
98 107
98 108
98 109
98 112
98 113
98 114
98 118
98 119
98 120
98 121
98 122
98 124
98 126
98 129
98 130
98 132
98 133
98 135
98 138
98 141
98 143
98 145
98 148
99 102
99 103
99 106
99 107
99 110
99 117
99 118
99 119
99 120
99 121
99 122
99 123
99 124
99 125
99 127
99 129
99 132
99 136
99 138
99 139
99 140
99 141
99 142
99 143
99 145
99 147
100 101
100 106
100 108
100 109
100 114
100 117
100 119
100 120
100 121
100 124
100 125
100 128
100 133
100 134
100 136
100 137
100 141
100 142
100 143
100 144
100 145
100 146
100 148
100 149
101 103
101 107
101 108
101 109
101 111
101 113
101 115
101 117
101 118
101 119
101 121
101 123
101 125
101 127
101 128
101 130
101 132
101 134
101 135
101 136
101 137
101 138
101 140
101 143
101 147
101 148
102 103
102 105
102 108
102 110
102 115
102 117
102 118
102 124
102 127
102 128
102 129
102 130
102 134
102 136
102 137
102 139
102 143
102 144
102 145
102 146
103 104
103 105
103 107
103 110
103 111
103 112
103 113
103 118
103 120
103 122
103 124
103 126
103 129
103 130
103 132
103 133
103 134
103 136
103 137
103 139
103 140
103 141
103 142
103 144
103 145
103 146
103 148
104 105
104 116
104 120
104 122
104 126
104 127
104 128
104 132
104 133
104 136
104 140
104 142
104 145
104 148
104 149
105 106
105 107
105 109
105 110
105 111
105 112
105 113
105 114
105 119
105 124
105 127
105 128
105 129
105 131
105 133
105 135
105 138
105 143
105 144
105 145
105 146
105 147
105 148
105 149
106 112
106 115
106 119
106 120
106 124
106 128
106 129
106 131
106 132
106 133
106 135
106 136
106 138
106 140
106 142
106 143
106 145
106 146
106 149
107 108
107 110
107 112
107 113
107 116
107 117
107 119
107 120
107 121
107 129
107 132
107 133
107 136
107 137
107 138
107 143
107 148
108 109
108 111
108 115
108 117
108 119
108 120
108 121
108 122
108 125
108 128
108 129
108 130
108 134
108 135
108 136
108 137
108 138
108 139
108 143
108 145
109 115
109 116
109 118
109 119
109 121
109 123
109 124
109 126
109 129
109 131
109 132
109 136
109 138
109 139
109 141
109 142
109 143
109 146
109 147
110 111
110 112
110 113
110 118
110 119
110 120
110 121
110 129
110 133
110 137
110 140
110 143
110 144
110 145
110 147
110 149
111 112
111 115
111 117
111 118
111 119
111 120
111 121
111 124
111 126
111 130
111 131
111 132
111 137
111 138
111 141
111 143
111 144
111 145
111 147
111 149
112 116
112 117
112 118
112 125
112 126
112 128
112 130
112 131
112 134
112 136
112 138
112 142
112 143
112 144
112 147
112 148
113 114
113 115
113 117
113 118
113 119
113 120
113 124
113 131
113 133
113 135
113 138
113 139
113 142
113 144
113 145
113 149
114 115
114 118
114 121
114 124
114 126
114 127
114 130
114 131
114 137
114 140
114 141
114 142
114 143
114 144
114 145
114 149
115 118
115 119
115 120
115 121
115 124
115 127
115 128
115 129
115 130
115 134
115 136
115 138
115 139
115 140
115 146
115 147
116 117
116 118
116 119
116 127
116 128
116 129
116 130
116 131
116 132
116 133
116 135
116 136
116 139
116 141
116 142
116 144
116 145
116 146
116 147
117 120
117 121
117 123
117 124
117 126
117 129
117 130
117 131
117 132
117 133
117 137
117 139
117 140
117 141
117 142
117 143
117 144
117 148
117 149
118 119
118 121
118 122
118 124
118 128
118 129
118 130
118 131
118 132
118 136
118 139
118 141
118 144
118 148
118 149
119 120
119 121
119 122
119 123
119 125
119 127
119 128
119 129
119 133
119 134
119 137
119 140
119 141
119 142
119 143
119 145
119 147
119 148
119 149
120 121
120 123
120 124
120 125
120 129
120 130
120 131
120 133
120 135
120 136
120 137
120 139
120 140
120 143
120 147
120 148
120 149
121 122
121 123
121 124
121 128
121 129
121 131
121 132
121 133
121 134
121 138
121 140
121 142
121 143
121 144
121 146
121 149
122 124
122 127
122 129
122 131
122 134
122 135
122 141
122 142
122 146
123 124
123 125
123 129
123 131
123 132
123 134
123 135
123 137
123 138
123 140
123 141
123 142
123 145
123 146
124 125
124 128
124 131
124 136
124 137
124 138
124 139
124 141
124 143
124 146
124 148
125 126
125 127
125 131
125 132
125 133
125 134
125 135
125 136
125 141
125 143
125 144
125 147
125 149
126 128
126 130
126 131
126 133
126 135
126 136
126 138
126 139
126 140
126 141
126 142
126 143
126 145
126 146
126 147
126 148
127 129
127 131
127 132
127 133
127 135
127 136
127 137
127 138
127 139
127 140
127 141
127 144
127 145
127 146
127 147
127 148
128 131
128 134
128 135
128 139
128 140
128 141
128 143
128 146
128 147
128 148
128 149
129 133
129 134
129 135
129 138
129 143
129 145
129 147
129 148
130 131
130 132
130 134
130 135
130 139
130 144
130 145
130 146
130 147
130 148
131 133
131 134
131 140
131 141
131 144
131 146
131 149
132 133
132 135
132 136
132 138
132 140
132 143
132 144
132 147
132 148
132 149
133 134
133 136
133 137
133 138
133 142
133 143
133 144
133 145
133 146
133 147
133 148
134 135
134 139
134 140
134 141
134 142
134 145
134 148
134 149
135 138
135 139
135 140
135 141
135 142
135 145
135 146
135 147
135 149
136 137
136 140
136 141
136 142
136 145
136 146
136 147
136 148
136 149
137 138
137 140
137 141
137 145
137 149
138 140
138 141
138 142
138 143
138 145
138 147
138 148
139 141
139 144
139 146
139 147
140 141
140 142
140 144
140 146
140 149
141 143
141 145
141 147
141 148
141 149
142 143
142 145
142 149
143 144
143 146
143 148
143 149
144 145
144 146
145 146
145 148
145 149
146 147
146 148
147 149
148 149

0 1 0 1 1 1 1 0 1 1 1 0 1 0 0 1 1 0 1 0 0 0 0 1 1 1 1 1 0 1 0 1 0 1 1 1 1 1 0 1 1 1 1 0 0 1 1 1 1 0 1 0 1 0 0 0 1 1 1 0 1 0 0 0 1 0 0 0 0 0 0 1 1 1 0 0 1 1 1 0 1 0 0 1 0 0 0 0 1 0 1 0 0 0 1 0 0 1 0 1 1 0 0 0 0 1 1 0 0 0 0 0 0 1 0 1 0 1 0 1 1 1 1 1 0 0 1 0 1 0 1 0 1 1 0 0 0 1 1 1 0 0 1 0 1 1 1 0 0 0