150 111
0 1 2 3 4 5 6 7 8 9 10 11 12 13 14 15 16 17 18 19 20 21 22 23 24 25 26 27 28 29 30 31 32 33 34 35 36 37 38 39 40 41 42 43 44 45 46 47 48 49 50 51 52 53 54 55 56 57 58 59 60 61 62 63 64 65 66 67 68 69 70 71 72 73 74 75 76 77 78 79 80 81 82 83 84 85 86 87 88 89 90 91 92 93 94 95 96 97 98 99 100 101 102 103 104 105 106 107 108 109 110 111 112 113 114 115 116 117 118 119 120 121 122 123 124 125 126 127 128 129 130 131 132 133 134 135 136 137 138 139 140 141 142 143 144 145 146 147 148 149
2 111
2 116
3 25
4 53
4 81
5 7
5 46
5 59
7 117
7 129
8 46
9 41
10 20
10 31
10 98
12 26
12 41
12 98
12 136
13 129
14 15
14 114
16 26
16 62
16 128
16 132
17 57
17 122
18 129
19 132
20 37
20 82
20 93
20 125
21 45
21 110
22 141
24 134
25 36
28 118
29 146
30 70
31 45
35 47
35 52
36 50
36 86
38 40
38 105
39 98
40 95
42 129
44 141
45 50
45 132
47 119
48 86
48 137
49 83
50 78
50 109
51 53
51 149
55 64
55 83
58 136
59 68
59 94
64 77
64 143
65 101
65 105
65 138
66 69
67 119
67 143
72 78
74 83
74 96
75 83
76 146
78 112
79 119
80 97
83 93
83 127
85 116
88 96
89 133
90 122
93 120
93 125
95 100
97 144
98 100
99 133
102 127
106 109
107 119
108 146
109 132
113 123
113 148
116 148
124 126
124 128
125 129
129 141
129 147
142 146
143 149

0 0 1 0 1 1 1 1 1 1 0 0 1 1 0 0 1 1 0 0 0 1 1 0 1 0 1 0 0 1 1 0 1 1 1 0 1 1 0 0 0 1 1 0 1 0 1 1 0 1 0 0 0 1 0 0 0 1 0 0 0 1 0 0 0 1 1 0 0 0 1 1 1 0 0 1 0 1 0 1 0 1 1 1 1 0 1 1 0 1 0 0 1 0 1 0 1 1 0 1 0 1 0 0 1 1 0 1 0 0 0 0 1 0 0 1 0 1 1 1 0 1 1 1 0 1 1 0 0 0 0 0 1 0 1 1 1 1 1 0 0 1 0 0 0 0 0 1 1 1