200 207
0 1 2 3 4 5 6 7 8 9 10 11 12 13 14 15 16 17 18 19 20 21 22 23 24 25 26 27 28 29 30 31 32 33 34 35 36 37 38 39 40 41 42 43 44 45 46 47 48 49 50 51 52 53 54 55 56 57 58 59 60 61 62 63 64 65 66 67 68 69 70 71 72 73 74 75 76 77 78 79 80 81 82 83 84 85 86 87 88 89 90 91 92 93 94 95 96 97 98 99 100 101 102 103 104 105 106 107 108 109 110 111 112 113 114 115 116 117 118 119 120 121 122 123 124 125 126 127 128 129 130 131 132 133 134 135 136 137 138 139 140 141 142 143 144 145 146 147 148 149 150 151 152 153 154 155 156 157 158 159 160 161 162 163 164 165 166 167 168 169 170 171 172 173 174 175 176 177 178 179 180 181 182 183 184 185 186 187 188 189 190 191 192 193 194 195 196 197 198 199
0 110
0 143
1 134
2 19
2 119
3 100
3 125
3 135
3 140
3 154
4 98
5 104
5 159
6 166
6 169
7 10
7 88
7 105
8 80
9 140
10 25
10 90
10 122
10 175
12 51
13 158
14 69
14 92
14 150
14 196
15 77
16 45
16 91
16 129
17 72
17 110
17 176
18 32
18 64
18 98
19 24
19 78
20 68
21 30
21 86
21 107
22 50
22 117
23 55
23 119
23 123
23 183
24 140
25 34
26 28
27 104
27 125
28 37
30 35
30 191
31 159
32 34
33 37
33 154
34 160
34 161
35 37
36 44
36 137
36 151
38 41
38 177
40 143
40 185
41 64
41 151
41 154
41 199
42 50
43 116
44 188
46 99
48 158
48 177
48 194
49 156
50 112
51 55
51 89
53 178
54 77
55 181
56 105
56 124
57 108
57 135
58 120
58 121
58 141
59 66
59 72
59 141
61 109
62 88
62 109
64 95
64 123
65 102
66 80
67 117
67 135
67 136
67 166
68 134
68 168
70 72
70 106
70 190
72 167
72 180
72 195
73 152
74 99
74 184
75 184
76 140
76 165
81 111
81 166
82 104
82 136
82 154
82 192
84 143
84 192
85 104
85 165
88 96
88 166
89 135
89 190
92 155
93 108
94 181
94 186
95 193
96 130
96 138
97 127
97 195
98 104
100 135
101 168
101 173
102 154
103 130
104 138
104 148
105 118
105 154
106 118
106 149
106 186
107 185
108 169
108 187
109 149
110 116
110 156
112 144
116 124
121 153
125 131
126 190
128 131
128 191
129 168
129 178
132 145
133 159
134 175
135 142
135 174
138 157
138 173
139 184
140 190
141 194
142 172
143 168
143 183
144 157
144 170
149 165
151 189
152 197
153 155
157 193
160 194
161 163
166 196
167 171
168 178
174 194
180 196
183 196
185 187

1 1 1 0 0 0 1 1 0 0 0 1 1 1 0 1 0 1 0 1 0 1 0 1 0 1 0 1 0 1 1 0 0 0 1 1 0 1 0 1 1 1 1 1 1 1 1 0 1 1 0 0 0 0 0 1 1 0 0 1 1 0 1 1 1 0 0 0 0 1 0 1 1 0 1 0 1 0 0 0 0 1 0 1 1 0 1 1 1 0 0 1 1 0 0 0 0 0 1 0 1 0 0 0 1 0 1 1 0 0 0 0 1 1 0 1 0 0 0 1 0 0 1 0 1 1 1 1 1 1 1 0 1 0 1 1 0 0 1 0 1 1 0 0 0 0 0 0 0 1 1 1 1 0 1 0 0 1 1 1 0 0 0 1 1 1 0 1 1 0 1 0 1 0 0 1 0 1 1 0 1 1 1 0 1 0 1 0 0 1 1 0 0 0 0 1 0 0 0 1