150 552
0 1 2 3 4 5 6 7 8 9 10 11 12 13 14 15 16 17 18 19 20 21 22 23 24 25 26 27 28 29 30 31 32 33 34 35 36 37 38 39 40 41 42 43 44 45 46 47 48 49 50 51 52 53 54 55 56 57 58 59 60 61 62 63 64 65 66 67 68 69 70 71 72 73 74 75 76 77 78 79 80 81 82 83 84 85 86 87 88 89 90 91 92 93 94 95 96 97 98 99 100 101 102 103 104 105 106 107 108 109 110 111 112 113 114 115 116 117 118 119 120 121 122 123 124 125 126 127 128 129 130 131 132 133 134 135 136 137 138 139 140 141 142 143 144 145 146 147 148 149
0 22
0 33
0 44
0 45
0 100
0 125
1 38
1 42
1 51
1 89
1 95
1 132
1 141
2 14
2 23
2 125
2 130
2 147
3 24
3 25
3 49
3 53
3 88
3 92
3 103
4 9
4 13
4 28
4 46
4 69
4 71
4 85
4 86
4 92
4 101
4 104
4 119
4 121
4 124
4 126
4 135
5 63
5 101
6 8
6 14
6 40
6 82
6 86
6 124
7 36
7 82
7 104
7 113
7 126
7 136
7 139
7 142
8 9
8 24
8 105
8 114
9 39
9 52
9 66
9 98
9 118
9 149
10 19
10 23
10 75
10 85
10 105
10 111
10 115
10 122
10 132
10 148
11 25
11 37
11 57
11 84
11 118
11 130
12 17
12 19
12 20
12 27
12 37
12 110
12 139
13 19
13 49
13 52
13 65
13 100
13 105
13 119
13 130
14 18
14 70
14 108
14 111
15 25
15 32
15 44
15 53
15 58
15 63
15 66
15 67
15 77
15 105
15 140
16 37
16 76
16 139
16 148
17 40
17 53
17 61
17 64
17 98
17 126
17 140
18 26
18 41
18 108
18 120
18 129
18 145
19 22
19 46
19 68
19 117
19 120
19 124
19 136
19 148
19 149
20 29
20 30
20 51
20 65
20 87
20 103
20 110
20 113
21 32
21 80
21 83
21 102
21 116
21 132
22 24
22 38
22 78
22 96
22 116
22 130
23 32
23 40
23 73
23 77
23 107
23 108
23 114
23 136
24 38
24 55
24 117
24 136
25 35
25 44
25 53
25 61
25 74
25 94
25 96
25 121
25 138
25 148
26 71
26 75
26 76
26 88
26 107
26 117
27 57
27 58
27 63
27 75
27 92
27 116
27 120
28 57
28 62
28 130
29 67
29 84
29 116
29 126
29 127
29 128
30 32
30 43
30 83
30 130
31 39
31 66
31 67
31 81
31 90
31 97
31 98
31 109
31 116
31 126
31 147
32 50
32 64
32 77
32 114
32 149
33 71
33 73
33 84
33 92
33 95
33 143
34 71
34 81
34 111
34 120
34 125
34 129
35 52
35 66
35 79
35 81
35 85
35 93
35 132
35 133
35 145
35 146
36 43
36 93
36 103
37 42
37 81
37 98
37 138
38 44
38 74
38 87
38 110
38 118
38 127
38 140
39 65
39 91
39 106
39 119
39 121
39 125
39 127
39 148
40 53
40 75
40 84
40 113
40 127
40 134
40 141
41 44
41 67
41 106
41 118
41 124
42 64
42 117
42 123
42 136
43 50
43 57
43 89
43 111
43 122
43 123
43 138
44 46
44 94
44 99
44 115
44 130
44 136
45 54
45 120
45 137
46 97
46 111
46 113
46 120
46 138
46 141
47 117
47 122
48 67
48 76
48 79
48 93
48 128
48 131
48 146
49 51
49 90
49 112
49 114
49 126
50 55
50 59
50 79
50 102
50 133
50 141
51 55
51 71
51 112
51 148
52 68
52 101
52 105
53 67
53 70
53 80
53 115
53 129
53 142
54 57
54 83
54 85
54 131
54 143
56 77
56 91
56 97
56 125
56 133
56 145
57 89
57 93
57 130
58 65
58 78
58 92
58 94
58 96
58 99
58 102
58 104
58 125
58 131
58 142
58 145
58 147
59 62
59 67
59 77
59 85
59 108
60 65
60 70
60 77
60 81
60 87
60 90
60 109
60 118
60 133
61 63
61 82
61 90
61 91
61 104
61 136
62 78
62 97
62 108
62 137
63 71
63 104
63 115
64 65
64 74
64 97
64 98
64 107
66 85
66 135
67 79
67 104
67 146
68 73
68 110
68 111
68 115
69 99
69 126
69 135
69 146
70 101
70 133
70 148
71 72
71 75
71 81
71 96
71 132
71 147
72 80
72 101
72 112
73 94
73 131
73 143
74 94
74 111
74 123
74 138
75 82
75 94
75 99
75 105
75 109
76 79
76 116
76 119
77 118
77 126
77 136
78 81
78 110
78 127
78 135
78 148
79 95
80 97
80 122
80 144
81 96
81 131
82 132
84 97
84 131
85 95
85 132
86 92
86 115
86 142
87 100
88 91
88 143
89 94
90 107
90 110
90 120
90 141
91 117
92 94
92 98
93 104
93 114
93 126
93 146
94 98
94 122
94 125
94 130
94 137
94 142
94 144
95 131
95 137
95 149
96 134
96 137
96 149
97 100
97 102
97 128
97 139
98 125
98 131
98 149
99 142
100 105
100 120
100 137
100 147
101 103
101 104
101 111
102 141
103 115
103 149
104 117
104 136
105 122
106 131
106 149
107 111
107 112
107 127
107 139
110 121
110 131
110 148
111 135
112 133
113 125
113 137
114 120
116 121
116 131
116 142
117 136
117 137
117 146
118 139
120 133
122 130
122 139
122 140
122 141
122 142
122 146
124 137
126 135
126 141
128 133
128 137
128 148
130 132
130 146
134 143
135 143
136 137
141 143
142 146
144 148
146 148
147 148

0 0 0 1 1 0 1 1 0 0 0 0 0 1 1 1 1 1 1 0 0 1 1 0 0 1 1 0 0 1 0 0 0 0 1 1 1 1 1 1 1 0 1 0 0 1 1 0 1 0 0 1 1 1 0 0 1 0 0 1 0 1 1 0 0 0 1 0 0 1 1 0 1 1 0 1 0 1 1 1 1 0 0 1 0 1 0 0 0 1 0 1 1 1 1 0 1 1 0 0 1 0 1 1 0 0 0 1 1 1 1 1 1 0 0 1 0 0 0 0 1 1 0 0 0 1 1 0 0 0 1 0 0 1 1 0 1 1 1 0 1 0 0 0 0 0 0 0 1 1