50 53
0 1 2 3 4 5 6 7 8 9 10 11 12 13 14 15 16 17 18 19 20 21 22 23 24 25 26 27 28 29 30 31 32 33 34 35 36 37 38 39 40 41 42 43 44 45 46 47 48 49
0 9
0 12
0 39
1 40
2 29
3 7
3 17
3 35
4 5
5 27
5 35
5 41
5 49
6 16
6 37
7 21
8 21
8 26
9 22
9 47
11 24
12 17
12 27
12 43
14 15
14 21
14 22
14 31
15 30
18 25
19 43
19 48
20 43
21 24
21 33
21 34
21 46
23 28
24 25
24 43
25 39
25 44
26 38
26 46
31 39
31 45
32 37
33 38
33 43
33 47
37 38
38 44
42 48

1 1 1 0 1 0 0 1 1 0 0 0 0 1 1 0 1 1 0 0 0 1 1 0 0 0 0 0 1 1 1 0 0 0 1 0 1 1 1 0 1 1 1 1 1 0 0 0 0 1