100 62
0 1 2 3 4 5 6 7 8 9 10 11 12 13 14 15 16 17 18 19 20 21 22 23 24 25 26 27 28 29 30 31 32 33 34 35 36 37 38 39 40 41 42 43 44 45 46 47 48 49 50 51 52 53 54 55 56 57 58 59 60 61 62 63 64 65 66 67 68 69 70 71 72 73 74 75 76 77 78 79 80 81 82 83 84 85 86 87 88 89 90 91 92 93 94 95 96 97 98 99
0 78
0 88
1 4
1 38
1 75
1 93
3 31
4 30
4 40
6 19
6 82
7 15
8 95
9 15
9 83
10 33
11 26
14 32
14 72
15 23
15 78
16 52
20 22
20 28
22 90
23 86
23 98
24 55
24 59
24 98
27 29
28 35
34 56
35 38
35 64
37 97
38 40
38 84
38 89
38 93
39 78
39 94
40 48
43 58
43 75
46 85
47 68
48 72
52 61
52 73
52 75
59 69
59 87
64 68
65 75
65 95
68 77
71 97
72 82
76 87
77 97
80 96

1 1 0 0 0 1 1 1 0 0 0 0 0 1 1 0 0 1 0 1 1 0 1 1 0 0 0 0 1 1 1 0 0 1 0 1 0 0 1 0 1 1 0 1 0 1 0 0 1 0 1 0 0 0 1 1 1 0 0 0 0 0 1 0 1 1 1 1 0 1 0 1 1 0 1 1 0 0 1 0 0 1 1 0 1 0 1 1 1 1 0 1 1 0 1 0 0 1 1 0