250 293
0 1 2 3 4 5 6 7 8 9 10 11 12 13 14 15 16 17 18 19 20 21 22 23 24 25 26 27 28 29 30 31 32 33 34 35 36 37 38 39 40 41 42 43 44 45 46 47 48 49 50 51 52 53 54 55 56 57 58 59 60 61 62 63 64 65 66 67 68 69 70 71 72 73 74 75 76 77 78 79 80 81 82 83 84 85 86 87 88 89 90 91 92 93 94 95 96 97 98 99 100 101 102 103 104 105 106 107 108 109 110 111 112 113 114 115 116 117 118 119 120 121 122 123 124 125 126 127 128 129 130 131 132 133 134 135 136 137 138 139 140 141 142 143 144 145 146 147 148 149 150 151 152 153 154 155 156 157 158 159 160 161 162 163 164 165 166 167 168 169 170 171 172 173 174 175 176 177 178 179 180 181 182 183 184 185 186 187 188 189 190 191 192 193 194 195 196 197 198 199 200 201 202 203 204 205 206 207 208 209 210 211 212 213 214 215 216 217 218 219 220 221 222 223 224 225 226 227 228 229 230 231 232 233 234 235 236 237 238 239 240 241 242 243 244 245 246 247 248 249
0 48
0 94
1 33
2 233
3 180
3 203
3 212
3 230
4 156
4 229
5 51
5 65
6 52
6 243
7 50
8 14
10 135
11 245
13 164
14 114
15 206
16 27
16 137
17 137
19 105
19 232
20 96
20 129
20 163
20 182
20 211
20 228
21 187
21 205
22 97
23 95
23 195
24 80
24 82
24 120
24 216
25 202
26 33
26 202
27 37
27 83
27 226
28 29
28 57
28 143
28 232
29 34
29 40
29 93
29 118
29 232
30 142
30 187
31 101
31 242
32 197
33 79
33 147
34 97
34 148
34 183
35 53
35 122
35 149
35 167
36 85
36 128
36 195
37 152
38 111
38 132
39 83
39 86
39 142
39 214
40 105
40 232
42 170
42 202
42 247
43 143
44 101
44 146
44 171
44 245
45 132
45 244
46 78
46 125
46 149
47 68
47 108
47 125
47 170
47 193
48 139
49 78
49 170
49 219
49 229
50 194
50 220
52 182
53 223
54 144
54 205
54 231
56 79
56 125
56 158
57 91
57 172
57 201
58 60
58 110
58 196
58 234
59 67
60 238
62 198
62 243
63 75
63 218
64 138
65 86
65 113
65 124
66 145
66 231
67 161
68 78
69 156
69 236
70 142
70 175
72 227
73 100
73 115
74 139
75 175
76 205
77 83
79 177
79 210
80 85
80 108
80 143
80 175
81 150
81 151
81 234
82 216
82 229
83 177
84 120
84 226
85 230
85 248
86 95
86 236
87 99
87 128
87 243
88 107
88 198
89 134
90 122
90 172
91 105
91 183
91 224
92 174
92 183
93 167
93 184
93 228
95 226
96 226
98 164
98 199
98 236
100 120
100 199
100 214
102 140
102 148
103 147
104 153
104 201
104 210
104 228
105 224
105 225
106 177
106 189
106 223
107 146
107 187
107 192
108 233
109 124
109 182
110 114
110 121
111 134
111 208
112 129
112 138
113 116
115 174
115 179
116 213
116 218
117 133
119 129
123 145
123 210
128 138
128 185
130 200
130 243
132 205
133 214
134 184
134 237
135 148
137 166
137 223
140 228
140 239
141 191
141 220
141 244
142 192
142 224
143 215
144 148
144 186
144 201
144 212
145 157
146 232
148 228
149 206
150 213
151 220
152 155
152 232
153 190
154 230
157 158
157 175
158 184
162 226
164 179
164 228
165 176
169 208
172 241
173 181
177 194
177 234
178 198
179 183
180 222
180 223
181 219
186 217
187 239
188 235
188 243
190 239
190 240
191 212
192 211
193 230
196 230
204 239
205 224
207 239
214 233
218 236
218 247
219 245
222 234
222 242
230 248
236 246

0 1 0 1 0 0 0 1 1 1 0 0 0 1 1 1 1 1 0 0 0 0 1 0 1 0 1 1 0 1 1 0 0 1 1 1 0 1 1 0 1 0 1 1 1 0 1 1 0 0 0 1 0 1 0 0 1 0 0 0 0 1 1 1 0 1 1 1 1 1 1 1 1 0 1 1 1 0 1 0 1 1 0 0 0 1 1 0 1 1 1 1 1 0 1 0 0 1 0 0 1 1 0 0 0 1 1 0 0 0 0 0 0 0 0 0 0 1 1 0 1 1 1 0 0 1 0 1 0 0 1 0 0 0 1 1 0 1 0 0 0 1 1 1 0 0 0 1 0 0 0 0 1 0 1 0 1 1 1 0 0 0 0 0 0 0 1 0 0 1 1 0 0 1 0 1 0 1 0 0 1 0 1 1 0 0 1 1 1 1 1 1 1 0 1 1 1 1 1 1 0 0 0 0 0 1 0 1 0 0 0 1 0 1 0 1 0 1 0 0 1 1 1 1 0 1 1 1 0 1 0 0 1 0 0 1 1 1 0 1 1 0 0 0 0 1 0 0 1 1