50 218
0 1 2 3 4 5 6 7 8 9 10 11 12 13 14 15 16 17 18 19 20 21 22 23 24 25 26 27 28 29 30 31 32 33 34 35 36 37 38 39 40 41 42 43 44 45 46 47 48 49
0 1
0 7
0 12
0 17
0 36
0 47
1 17
1 19
1 26
1 27
1 35
1 39
1 46
1 48
2 13
2 14
2 25
2 28
2 36
2 40
2 44
3 5
3 16
3 17
3 21
3 22
3 23
3 24
3 32
3 39
4 10
4 11
4 28
4 32
4 36
4 40
4 41
4 44
4 45
5 7
5 16
5 17
5 21
5 28
5 34
5 42
5 43
5 44
5 47
6 8
6 9
6 22
6 25
6 27
6 33
6 36
6 49
7 10
7 11
7 39
7 45
7 47
8 22
8 24
8 27
8 30
8 31
8 32
8 40
8 41
9 12
9 23
9 27
10 19
10 20
10 23
10 29
10 34
10 35
10 37
10 40
10 49
11 30
11 37
11 38
11 39
12 14
12 20
12 21
12 26
12 33
12 38
13 24
13 27
13 32
13 35
13 39
13 43
14 20
14 31
14 38
14 41
14 47
15 17
15 20
15 24
15 27
15 36
15 42
16 18
16 24
16 28
16 29
16 30
16 31
16 32
16 33
16 34
16 37
16 45
16 48
17 25
17 47
18 23
18 25
18 26
18 37
18 38
18 40
18 41
18 46
19 33
19 37
19 44
19 45
19 48
20 21
20 23
20 26
20 28
20 29
20 34
20 35
20 36
20 47
21 24
21 27
21 32
21 33
21 46
21 47
22 26
22 27
22 30
22 34
22 36
22 38
22 40
22 47
22 48
22 49
23 27
23 36
23 38
23 43
23 44
23 46
24 29
24 42
24 46
25 26
25 32
25 37
26 31
26 35
26 47
27 34
27 49
28 29
28 38
28 40
29 45
29 48
29 49
30 33
30 41
31 36
31 38
31 44
31 45
32 42
32 44
32 48
33 40
33 42
33 43
33 45
33 47
33 49
34 35
34 38
34 45
35 37
35 39
36 37
36 41
36 46
37 41
37 45
38 44
39 42
40 47
41 42
42 43
42 47
44 45
44 47
46 47

0 1 1 0 1 0 0 1 0 1 1 0 1 1 1 0 0 0 0 0 0 1 1 0 0 0 1 1 1 0 0 1 1 0 1 0 1 1 0 0 1 0 0 1 1 1 0 0 1 1