30 95
0 1 2 3 4 5 6 7 8 9 10 11 12 13 14 15 16 17 18 19 20 21 22 23 24 25 26 27 28 29
0 9
0 11
0 17
0 19
0 24
1 6
1 12
1 17
2 10
2 15
2 17
2 21
2 26
3 4
3 7
3 10
3 12
3 17
3 23
4 18
4 27
5 6
5 8
5 10
5 11
5 14
5 18
5 19
5 24
6 10
6 13
6 15
6 16
6 17
6 18
6 22
6 23
6 24
6 28
7 14
7 22
7 29
8 10
8 15
8 25
8 28
9 10
9 19
9 25
9 29
10 22
10 25
10 29
11 12
11 15
11 16
11 17
11 18
11 19
11 25
11 26
11 27
12 25
12 26
12 28
13 24
14 16
14 18
14 27
14 28
14 29
15 18
15 27
15 28
16 24
16 26
17 23
17 25
17 29
18 23
18 29
19 25
20 26
20 28
21 22
21 25
22 25
23 27
23 28
23 29
24 25
24 26
24 28
25 28
28 29

0 0 1 1 0 1 0 0 1 0 1 1 0 0 1 1 1 0 0 0 0 1 0 1 0 1 1 1 1 0