100 486
0 1 2 3 4 5 6 7 8 9 10 11 12 13 14 15 16 17 18 19 20 21 22 23 24 25 26 27 28 29 30 31 32 33 34 35 36 37 38 39 40 41 42 43 44 45 46 47 48 49 50 51 52 53 54 55 56 57 58 59 60 61 62 63 64 65 66 67 68 69 70 71 72 73 74 75 76 77 78 79 80 81 82 83 84 85 86 87 88 89 90 91 92 93 94 95 96 97 98 99
0 4
0 5
0 6
0 19
0 26
0 28
0 29
0 39
0 40
0 42
0 64
0 73
0 76
0 80
0 92
0 96
1 4
1 36
1 50
1 53
1 60
1 79
1 90
1 92
1 98
2 10
2 21
2 27
2 37
2 40
2 42
2 58
2 59
2 66
2 83
2 98
3 29
3 48
3 51
3 61
3 63
3 90
3 91
3 99
4 7
4 9
4 19
4 26
4 28
4 34
4 35
4 38
4 51
4 58
4 78
5 11
5 40
5 47
5 48
5 59
5 71
5 79
5 81
5 91
5 94
6 7
6 20
6 25
6 29
6 64
6 72
6 76
6 80
6 92
6 95
6 99
7 25
7 35
7 40
7 44
7 62
7 71
7 76
7 78
7 79
8 24
8 25
8 32
8 37
8 78
8 98
9 15
9 16
9 28
9 49
9 55
9 57
9 58
9 66
9 70
9 71
9 83
9 88
10 21
10 23
10 31
10 36
10 45
10 49
10 52
10 64
10 86
10 88
10 98
11 13
11 27
11 53
11 63
11 68
12 23
12 25
12 30
12 34
12 50
12 51
12 76
12 77
12 79
12 81
12 97
13 22
13 24
13 40
13 41
13 49
13 56
13 60
13 75
13 90
13 91
13 93
13 94
14 21
14 28
14 34
14 36
14 51
14 54
14 58
14 61
14 66
14 74
14 82
15 18
15 68
15 92
15 98
16 20
16 22
16 37
16 58
16 62
16 66
16 69
16 86
17 22
17 32
17 38
17 41
17 50
17 57
17 72
17 73
17 81
17 95
18 77
18 81
18 84
19 36
19 41
19 53
19 58
19 76
19 78
19 80
19 84
19 97
20 23
20 29
20 36
20 43
20 75
20 76
20 82
21 24
21 63
21 76
21 83
21 93
22 27
22 40
22 43
22 88
23 26
23 32
23 39
23 54
23 83
23 92
24 39
24 64
24 69
24 72
24 73
24 76
24 79
24 85
24 86
25 31
25 42
25 57
25 63
25 71
25 84
25 87
26 35
26 43
26 62
26 64
26 87
26 94
27 55
27 76
27 85
27 87
28 35
28 44
28 86
29 30
29 39
29 42
29 57
29 92
29 94
30 34
30 35
30 38
30 40
30 42
30 54
30 55
30 66
30 93
30 94
30 95
30 96
31 44
31 45
31 55
31 59
31 67
31 82
31 98
31 99
32 38
32 39
32 42
32 59
32 66
32 67
32 75
32 78
32 83
32 87
32 95
33 44
33 54
33 77
33 88
34 35
34 36
34 42
34 46
34 59
34 79
34 84
34 90
34 92
34 97
35 44
35 46
35 51
35 61
35 72
35 75
35 81
35 85
35 87
35 94
35 97
36 42
36 44
36 55
36 58
36 94
37 68
37 97
38 39
38 45
38 49
38 52
38 69
38 75
38 91
38 99
39 53
39 59
39 61
39 76
39 84
40 44
40 61
40 70
40 72
40 91
40 97
41 43
41 61
41 74
41 91
42 52
42 61
42 66
42 77
42 92
43 46
43 50
43 63
43 83
43 85
43 95
44 54
44 59
44 60
44 63
44 98
45 55
45 64
45 80
45 90
46 53
46 63
46 66
46 75
47 49
47 56
47 71
47 76
47 77
47 92
48 63
48 69
48 90
48 93
48 96
49 50
49 73
49 84
49 85
50 53
50 69
50 70
50 73
50 76
50 79
50 89
51 72
51 93
52 53
52 59
52 77
52 78
52 80
52 82
52 85
52 89
52 95
52 99
53 66
53 81
53 82
53 83
53 95
54 56
54 59
54 75
55 57
55 75
55 85
56 67
56 72
56 75
56 89
56 92
57 81
57 96
57 98
58 65
58 71
58 72
59 64
59 83
59 94
60 67
60 69
60 87
60 88
61 73
62 65
62 75
62 78
62 89
63 66
63 68
63 72
63 73
63 98
63 99
64 75
64 83
64 84
65 76
65 79
65 80
65 87
65 94
65 98
66 75
66 76
66 78
66 85
66 92
66 99
67 74
67 88
67 98
68 83
69 75
70 76
70 96
70 97
71 72
71 87
72 74
72 80
72 88
72 91
72 92
72 96
73 83
73 93
74 87
74 95
74 96
75 82
76 80
76 96
77 94
77 99
78 81
79 92
79 96
82 94
83 86
84 97
84 99
85 97
86 89
86 97
88 94
88 95
90 91
91 96
94 98
95 97
95 99

0 0 0 1 1 0 0 0 1 0 0 1 0 1 0 0 1 0 0 1 1 0 0 0 1 1 0 0 0 1 1 1 1 0 1 1 0 1 1 1 1 0 1 0 0 0 1 0 0 0 0 0 1 1 0 0 1 1 1 1 0 1 1 0 1 1 1 1 1 0 1 1 0 0 0 1 1 0 0 0 1 1 0 0 0 1 0 1 1 1 0 1 0 1 0 1 1 0 1 0