50 120
0 1 2 3 4 5 6 7 8 9 10 11 12 13 14 15 16 17 18 19 20 21 22 23 24 25 26 27 28 29 30 31 32 33 34 35 36 37 38 39 40 41 42 43 44 45 46 47 48 49
0 3
0 5
0 7
0 17
0 20
0 23
0 24
0 25
0 33
0 38
1 9
1 15
1 18
1 36
2 3
2 17
2 30
2 38
2 40
2 43
3 8
3 9
3 12
3 20
3 37
3 43
3 44
3 48
4 9
4 26
4 43
4 44
5 19
5 30
5 41
6 11
6 24
6 27
6 38
6 44
7 11
7 21
7 22
7 38
7 42
7 49
8 48
9 28
9 35
9 43
9 49
10 15
10 20
10 30
10 44
11 35
11 39
12 22
13 27
13 34
14 24
14 31
14 47
15 31
15 32
15 48
16 24
16 32
16 44
17 18
17 31
17 40
18 19
20 23
20 29
21 30
21 33
21 34
22 24
22 47
23 38
23 46
24 26
24 35
24 37
24 46
25 36
26 40
26 43
26 47
27 46
29 32
30 41
30 42
31 42
31 43
31 47
32 33
32 42
32 48
33 34
33 35
33 37
33 39
33 40
33 42
35 40
36 40
36 49
37 38
37 43
37 45
39 43
39 44
40 47
41 47
44 45
44 46
45 47
45 49

1 0 0 1 0 1 1 0 0 1 1 0 0 1 0 1 1 0 0 0 0 1 0 1 1 1 1 0 0 1 0 0 0 0 1 1 0 1 0 0 1 1 0 1 1 0 1 1 0 1