200 978
0 1 2 3 4 5 6 7 8 9 10 11 12 13 14 15 16 17 18 19 20 21 22 23 24 25 26 27 28 29 30 31 32 33 34 35 36 37 38 39 40 41 42 43 44 45 46 47 48 49 50 51 52 53 54 55 56 57 58 59 60 61 62 63 64 65 66 67 68 69 70 71 72 73 74 75 76 77 78 79 80 81 82 83 84 85 86 87 88 89 90 91 92 93 94 95 96 97 98 99 100 101 102 103 104 105 106 107 108 109 110 111 112 113 114 115 116 117 118 119 120 121 122 123 124 125 126 127 128 129 130 131 132 133 134 135 136 137 138 139 140 141 142 143 144 145 146 147 148 149 150 151 152 153 154 155 156 157 158 159 160 161 162 163 164 165 166 167 168 169 170 171 172 173 174 175 176 177 178 179 180 181 182 183 184 185 186 187 188 189 190 191 192 193 194 195 196 197 198 199
0 24
0 38
0 56
0 76
0 85
0 92
0 97
0 126
0 148
0 186
0 191
1 42
1 52
1 54
1 81
1 89
1 109
1 127
1 129
1 165
1 171
1 172
1 180
1 186
1 190
2 44
2 47
2 111
2 137
3 35
3 51
3 81
3 102
3 105
3 113
3 130
3 133
3 143
3 175
3 181
3 188
3 198
4 43
4 75
4 122
4 134
4 152
4 193
4 198
5 40
5 73
5 81
5 83
5 94
5 144
5 156
5 179
5 196
6 48
6 49
6 82
6 129
6 133
6 138
6 150
6 151
6 156
6 162
6 172
6 175
7 16
7 84
7 86
7 95
7 97
7 102
7 148
7 161
7 183
7 185
7 189
8 52
8 53
8 79
8 93
8 99
8 112
8 133
8 140
8 172
9 10
9 17
9 61
9 108
9 119
9 143
9 166
9 184
10 20
10 21
10 29
10 40
10 46
10 68
10 97
10 130
10 134
10 135
10 170
10 197
11 18
11 41
11 88
11 125
11 178
11 199
12 31
12 49
12 64
12 96
12 100
12 103
12 142
12 161
12 177
12 185
12 188
13 79
13 81
13 85
13 87
13 92
13 100
13 119
13 179
14 23
14 55
14 57
14 83
14 100
14 134
14 140
14 164
14 169
14 195
15 35
15 44
15 59
15 62
15 64
15 79
15 124
15 160
15 197
16 74
16 121
16 122
16 128
16 142
16 143
16 169
16 177
17 22
17 30
17 33
17 78
17 92
17 120
17 144
17 146
17 168
17 176
17 186
17 197
18 34
18 38
18 56
18 61
18 69
18 71
18 77
18 99
18 108
18 120
18 134
19 33
19 38
19 40
19 127
19 130
19 137
19 140
19 152
20 22
20 23
20 28
20 34
20 56
20 87
20 103
20 182
20 192
21 31
21 36
21 48
21 80
21 93
21 94
21 184
21 188
21 197
22 58
22 92
22 118
23 29
23 143
23 173
23 195
24 52
24 54
24 69
24 82
24 169
24 192
24 193
25 39
25 41
25 57
25 80
25 170
25 173
26 79
26 101
26 110
26 166
26 176
27 32
27 138
27 173
28 75
28 87
28 112
28 178
29 35
29 44
29 60
29 67
29 70
29 71
29 73
29 87
29 98
29 101
29 138
29 157
29 180
30 43
30 51
30 58
30 61
30 70
30 78
30 84
30 100
30 105
30 107
30 192
31 52
31 78
31 96
31 104
31 122
31 178
31 192
32 52
32 58
32 61
32 68
32 109
32 139
32 146
32 162
32 169
32 172
32 192
33 46
33 64
33 79
33 88
33 108
33 120
33 126
33 130
34 91
34 95
34 119
34 180
34 186
34 192
35 88
35 110
35 125
35 134
35 166
35 194
36 51
36 67
36 108
36 115
36 119
36 167
36 176
37 86
37 92
37 97
37 107
37 108
37 136
37 145
37 177
38 45
38 49
38 75
38 102
38 112
38 125
38 130
38 148
38 175
38 181
38 189
39 71
39 76
39 78
39 86
39 91
39 111
39 131
39 145
39 149
39 154
39 157
39 160
39 166
39 182
40 47
40 62
40 103
40 110
40 117
40 137
40 149
40 159
40 180
40 191
41 42
41 56
41 84
41 90
41 105
41 129
41 144
41 160
42 48
42 53
42 66
42 104
42 108
42 114
42 149
42 165
42 181
43 59
43 67
43 68
43 71
43 84
43 102
43 158
43 191
44 53
44 67
44 81
44 93
44 94
44 154
44 177
44 179
45 94
45 137
46 64
46 129
46 157
46 158
46 159
46 184
46 196
47 68
47 72
47 77
47 86
47 87
47 91
47 147
47 148
47 150
47 156
47 160
47 179
48 73
48 79
48 91
48 109
48 139
48 141
49 50
49 60
49 81
49 96
49 135
49 150
49 185
50 63
50 66
50 72
50 85
50 144
50 152
50 161
50 191
51 65
51 67
51 81
51 93
51 130
51 133
51 166
51 188
52 82
52 108
52 126
52 146
52 158
53 70
53 83
53 144
54 57
54 75
54 76
54 84
54 92
54 147
54 170
54 173
54 192
55 56
55 57
55 130
55 133
55 152
55 192
56 113
56 144
56 145
56 161
56 165
56 177
56 193
56 195
57 59
57 82
57 84
57 87
57 100
57 118
57 136
57 140
57 141
57 181
58 72
58 73
58 101
58 115
58 163
59 69
59 93
59 104
59 131
59 133
59 167
59 173
60 71
60 103
60 118
60 146
60 196
60 199
61 78
61 88
61 98
61 99
61 135
61 144
61 153
61 176
61 193
62 80
62 90
62 91
62 119
62 120
62 127
62 133
62 142
63 65
63 83
63 93
63 107
63 113
63 128
63 143
63 152
63 162
63 194
64 81
64 85
64 88
64 97
64 104
64 107
64 120
64 122
64 131
64 169
65 146
66 70
66 105
66 111
66 123
66 128
66 138
66 159
66 177
67 84
67 101
67 128
67 179
67 197
68 75
68 100
68 115
68 141
68 196
69 129
69 141
69 142
69 151
69 173
70 101
70 119
70 170
71 85
71 166
71 184
72 96
72 114
72 119
72 145
73 85
73 94
73 109
73 127
73 165
73 191
73 196
73 199
74 139
74 142
74 146
74 147
74 190
74 194
75 97
75 110
75 139
75 170
75 199
76 113
76 131
76 165
76 175
76 180
77 89
77 100
77 134
77 142
77 152
77 159
77 183
77 187
78 119
78 139
78 151
78 157
78 165
78 167
78 178
79 91
79 113
79 121
79 144
79 170
79 173
79 181
79 188
79 196
80 93
80 95
80 127
80 134
80 138
80 143
80 169
80 170
81 106
81 186
81 195
81 198
82 94
82 176
83 93
83 124
83 141
83 152
83 165
83 166
83 179
84 111
84 122
84 141
84 143
84 151
84 163
84 166
85 88
85 100
85 122
85 134
85 158
85 194
86 90
86 105
86 108
86 133
86 137
87 111
87 124
87 126
87 145
88 130
88 138
88 148
88 185
89 97
89 126
89 142
89 144
89 159
89 197
90 91
90 105
90 109
90 123
90 162
90 163
90 174
90 176
91 120
91 129
91 132
91 183
91 191
92 100
92 113
92 116
92 126
92 130
92 144
92 181
93 125
93 127
93 137
93 138
93 139
93 153
93 157
93 180
93 195
94 113
94 116
94 129
94 150
94 159
95 108
95 116
95 154
95 170
95 178
95 179
95 195
96 158
97 114
97 123
97 136
97 162
97 175
98 147
98 173
99 107
99 137
99 179
100 123
100 125
100 147
100 199
101 124
101 135
101 150
101 159
101 179
101 189
101 199
102 106
102 123
102 148
102 163
102 183
103 106
103 112
103 132
103 138
103 144
103 149
103 187
104 123
104 127
104 144
104 184
105 133
105 140
105 145
105 192
105 195
107 151
107 155
107 171
107 174
107 176
107 190
107 196
108 128
108 168
109 117
109 118
109 120
109 130
109 159
109 167
109 168
109 175
109 190
110 138
110 139
110 176
110 194
110 196
111 129
111 171
111 184
112 140
112 152
112 189
112 191
113 114
113 116
113 143
113 151
114 120
114 122
114 131
114 164
114 176
115 130
115 139
115 163
115 173
115 189
115 196
116 117
116 119
116 130
116 135
116 143
116 155
116 182
116 186
117 137
117 150
117 151
118 181
118 185
119 122
119 147
119 156
119 163
119 166
119 173
119 186
120 121
120 128
120 145
120 150
120 154
120 183
121 125
121 142
121 147
121 150
121 174
121 185
122 142
122 149
122 174
122 184
122 185
123 136
123 167
123 178
123 179
123 191
124 158
124 186
124 199
125 137
125 150
125 160
125 182
126 166
126 179
127 157
127 158
127 166
128 135
128 155
128 187
129 135
129 193
129 195
130 140
130 143
130 152
131 135
131 164
131 170
131 192
131 196
132 139
132 156
132 157
132 159
132 194
132 199
133 147
133 166
133 169
133 173
136 193
138 162
138 167
139 179
140 163
140 170
140 173
140 179
141 143
141 151
141 171
141 189
142 164
142 184
142 186
143 159
143 165
143 181
143 184
144 191
144 192
145 159
145 168
145 185
145 198
146 147
146 167
146 169
146 171
146 172
146 173
147 159
148 170
148 191
148 192
148 195
148 197
149 152
149 164
149 177
149 182
150 180
150 181
150 184
151 181
152 155
153 188
154 155
154 196
155 167
155 187
155 192
156 174
156 199
157 176
157 184
158 165
158 197
158 198
159 160
159 163
160 169
160 192
161 163
162 173
163 164
163 181
163 182
163 186
163 189
165 180
165 181
166 176
167 170
167 180
167 183
167 184
168 197
169 175
171 180
171 186
172 176
172 185
172 189
174 183
174 186
174 187
174 194
176 183
176 193
176 194
179 194
180 194
184 186
186 190
187 192
187 195
187 199
189 190
191 193
193 194
194 199

0 0 1 0 1 1 0 1 0 0 1 0 1 1 1 0 1 1 1 1 1 1 1 0 1 0 0 0 1 0 0 1 0 0 0 0 0 1 1 0 0 0 0 1 1 1 0 1 0 1 1 1 1 0 0 1 1 0 1 1 1 0 1 0 1 1 0 0 1 1 0 0 1 0 0 1 0 1 1 1 0 1 1 0 0 1 1 1 0 1 0 1 0 1 1 0 0 0 0 1 0 0 0 1 1 0 0 1 1 0 0 1 0 1 0 0 0 1 0 0 0 1 0 1 0 0 0 0 1 1 1 0 0 0 1 0 0 1 1 1 1 1 1 1 1 0 0 1 1 0 0 1 0 1 0 0 0 0 1 0 1 1 1 1 0 0 1 1 1 0 1 1 0 0 1 1 0 0 1 0 0 1 0 0 0 0 0 1 1 1 1 1 0 1 0 0 0 0 1 1