100 241
0 1 2 3 4 5 6 7 8 9 10 11 12 13 14 15 16 17 18 19 20 21 22 23 24 25 26 27 28 29 30 31 32 33 34 35 36 37 38 39 40 41 42 43 44 45 46 47 48 49 50 51 52 53 54 55 56 57 58 59 60 61 62 63 64 65 66 67 68 69 70 71 72 73 74 75 76 77 78 79 80 81 82 83 84 85 86 87 88 89 90 91 92 93 94 95 96 97 98 99
0 27
0 60
0 76
1 6
1 20
1 27
1 34
1 43
1 69
1 86
2 6
2 12
2 28
2 75
2 82
3 72
3 96
4 17
4 29
4 44
4 45
4 51
4 77
4 78
5 10
5 28
5 37
5 55
5 58
5 60
5 81
5 82
6 22
6 26
6 27
6 53
6 72
6 92
6 93
7 12
7 18
7 38
7 67
7 79
7 90
7 94
8 51
8 53
8 64
8 73
8 75
8 76
8 88
9 18
9 37
9 69
9 80
10 23
10 51
10 52
10 64
10 66
11 32
11 56
12 21
12 25
12 31
12 35
13 35
13 63
13 75
13 78
13 96
14 39
14 76
14 93
15 31
15 96
16 47
16 54
17 26
17 33
17 34
17 37
17 38
17 70
17 93
17 96
18 19
18 54
18 70
19 59
19 85
19 96
20 48
20 60
21 58
21 59
21 64
21 70
21 77
21 85
21 92
22 29
22 84
22 89
23 61
23 84
24 36
24 39
25 49
25 85
25 90
26 77
26 80
26 84
26 97
27 30
27 90
28 44
28 87
28 96
29 59
29 64
29 69
29 75
29 89
30 62
31 60
31 74
32 42
32 79
32 80
32 96
32 98
33 35
33 80
34 45
34 82
34 93
35 77
35 82
35 94
36 49
36 69
36 73
36 77
36 99
37 61
37 81
38 67
38 85
39 42
39 48
39 92
40 43
40 45
40 56
41 67
42 51
42 68
42 86
42 90
43 79
43 91
43 95
44 46
44 63
44 88
45 49
45 57
45 60
45 66
45 75
46 65
46 69
46 79
46 96
48 54
49 53
49 70
49 77
50 77
50 81
51 70
52 63
52 70
53 58
53 62
53 95
53 99
54 70
54 90
55 67
55 89
56 86
58 59
58 73
58 79
59 67
59 68
59 77
59 86
62 94
63 68
63 81
64 68
64 82
64 87
66 67
67 68
67 75
67 82
67 98
68 72
69 76
69 85
72 73
72 90
72 94
72 95
73 84
74 91
75 76
75 81
75 97
76 97
78 83
80 86
80 99
82 93
82 97
83 86
83 89
83 98
84 91
86 94
87 99
89 91
92 97
94 98

0 0 1 1 1 0 0 1 1 0 1 1 0 0 0 0 0 1 1 0 1 0 1 1 1 0 0 0 1 0 1 0 0 1 1 0 0 0 0 1 1 1 1 0 1 0 1 0 0 1 1 1 0 0 0 0 0 0 0 1 0 0 0 1 1 1 1 1 0 1 0 1 1 1 1 1 0 1 1 0 1 1 0 0 1 0 0 1 1 1 1 0 0 0 0 1 0 1 0 1